0	30
731	99
52	27
477	80
163	13
1171	138
195	124
661	110
194	97
147	21
439	4
345	88
876	50
364	68
390	325
224	144
117	53
203	19
245	100
232	10
713	6
324	385
245	20
1077	135
125	23
129	72
1741	23
262	91
1067	156
356	379
203	227
747	92
316	132
8441	8
139	159
11396	57
1140	260
298	20
273	127
520	22
138	110
380	61
104	43
358	8
1187	127
358	131
712	91
1030	132
162	320
274	121
337	15
254	47
484	57
484	157
681	68
411	79
1781	98
543	86
724	285
319	27
376	83
266	185
269	358
319	27
319	277
787	43
264	12
279	180
325	87
96	135
72	86
503	24
254	59
1131	54
722	35
253	3
960	13
240	360
411	207
402	72
165	219
270	6
715	31
305	109
714	8
1219	19
1276	2
293	132
1002	8
160	68
253	58
201	179
1354	190
253	29
709	43
93	628
480	125
243	110
422	278
392	125
132	66
73	114
114	16
107	80
149	258
292	35
189	132
520	60
828	60
704	69
275	5
426	7
108	189
140	51
157	22
188	9
264	254
251	35
140	145
171	35
383	3
295	28
449	36
172	97
76	17
252	83
134	177
142	57
202	6
301	147
194	34
98	18
53	110
60	98
64	35
65	16
79	148
76	57
61	102
43	2
61	111
65	35
67	279
183	3
59	120
48	124
83	333
235	40
59	94
105	313
226	31
56	402
301	7
61	102
56	152
74	33
47	98
53	118
85	131
82	14
53	22
43	164
109	340
254	49
57	260
116	231
161	139
74	91
49	20
61	122
124	5
114	168
109	10
121	191
129	254
179	111
80	324
236	186
109	103
77	55
56	166
131	155
98	147
93	57
47	196
132	15
48	14
35	1
32	68
32	277
200	12
49	89
85	179
87	33
49	6
35	170
103	54
52	33
67	78
50	34
45	1
43	473
346	241
167	93
86	43
40	91
36	87
36	632
488	43
80	67
41	88
71	19
45	12
36	99
37	8
52	40
56	68
36	6
47	12
48	47
40	39
37	39
56	150
105	30
46	298
214	142
90	5
52	24
37	69
33	26
33	130
83	56
36	86
60	69
53	193
126	81
45	83
47	22
70	31
46	420
346	90
51	163
104	7
59	320
288	100
50	5
39	116
102	55
46	67
51	126
77	39
41	37
75	187
142	50
69	14
63	196
175	59
45	122
119	128
119	75
120	443
262	149
120	98
115	33
120	56
52	30
33	55
86	10
40	93
117	82
48	79
193	340
236	112
170	53
597	60
159	308
217	217
306	325
1609	24
602	29
622	14
356	49
109	114
399	74
312	357
201	79
256	130
216	393
261	24
435	28
609	113
253	241
458	31
234	18
149	125
183	226
107	31
376	17
91	175
227	69
391	220
594	59
363	74
465	20
677	45
199	54
119	56
71	125
88	44
92	4
34	5
37	3
90	17
184	51
171	173
291	211
990	263
528	26
206	19
77	66
161	151
307	190
107	24
77	172
80	36
42	24
100	39
40	20
3081	245
78	115
31	22
78	41
108	112
52	99
49	93
63	187
163	204
69	40
30	48
99	137
79	76
80	379
237	6
38	52
100	21
118	26
50	10
45	268
197	56
55	204
128	15
34	89
52	36
29	93
67	28
44	9
34	107
65	26
46	59
37	46
55	11
47	69
66	110
64	90
56	324
236	69
35	116
67	142
107	98
87	154
78	201
147	656
500	39
47	162
111	112
73	115
67	20
39	44
41	523
409	94
37	29
42	113
72	13
388	19
350	319
37	115
111	32
82	28
578	15
275	44
58	35
174	93
83	118
345	29
475	119
40	278
194	48
61	162
66	4
27	36
45	39
24	151
109	91
52	108
91	113
51	17
27	55
47	299
220	77
85	43
92	277
157	24
106	86
65	65
28	63
90	96
94	13
76	200
134	33
42	58
98	92
108	84
89	333
179	43
266	159
317	344
177	24
336	11
90	36
100	48
59	330
221	74
165	101
97	88
785	23
231	112
210	30
85	10
169	376
200	105
83	44
227	164
229	18
236	59
143	97
73	11
121	101
79	49
32	185
112	29
81	164
111	265
197	12
28	84
38	41
25	267
181	123
65	21
87	1
83	134
82	46
25	56
71	18
41	52
76	37
82	73
37	63
40	153
96	127
106	76
92	154
101	153
87	16
85	34
86	49
83	83
81	29
32	170
113	86
74	73
41	18
45	16
140	209
157	64
35	69
21	52
46	98
75	7
31	703
549	82
34	30
34	118
79	67
37	594
455	56
32	38
25	96
71	24
28	200
155	357
273	114
57	22
27	55
35	21
32	115
66	3
28	66
39	10
27	50
35	67
37	94
60	85
115	99
72	73
27	56
42	86
54	3
26	30
43	243
185	219
159	24
81	9
24	12
42	20
26	60
41	181
130	39
30	158
105	192
136	381
291	9
31	16
36	108
100	209
135	123
72	523
410	123
62	66
44	22
86	35
34	10
52	178
124	244
168	65
28	22
41	41
25	140
92	151
101	69
41	49
33	43
49	43
31	40
77	77
29	10
42	23
23	49
41	103
70	98
61	44
34	50
306	57
132	62
125	29
246	15
147	6
140	153
135	63
135	1
573	168
121	30
156	242
208	11
260	4
477	36
132	245
199	22
194	62
65	151
96	78
56	185
132	92
64	21
25	74
73	183
126	298
233	19
26	35
65	329
252	177
108	40
95	18
86	11
177	171
222	451
326	17
37	16
248	123
152	27
150	2
255	13
238	4
214	122
119	16
226	45
258	22
374	31
133	46
128	2
188	51
173	169
289	49
172	102
206	31
353	51
345	68
118	130
182	107
195	432
329	263
142	8
366	121
154	123
205	6
256	282
498	126
348	34
136	75
142	20
300	69
344	150
136	1
141	63
165	63
115	60
190	266
201	18
287	158
362	202
248	36
352	29
430	14
99	139
121	196
459	114
1416	47
44	4
35	7
47	291
214	37
25	76
48	6
73	77
23	16
264	13
37	10
55	100
88	14
376	389
290	10
43	174
124	195
129	106
63	181
133	88
53	39
25	268
199	18
30	134
105	95
42	19
37	12
28	125
84	60
38	1
177	177
166	122
71	98
108	90
53	71
45	29
288	80
47	206
484	158
99	2
40	2
489	58
101	16
94	102
138	235
161	265
186	151
102	34
25	133
98	78
42	20
118	132
103	20
242	181
140	23
47	34
55	80
99	62
95	6
162	80
54	525
397	66
27	155
114	50
43	10
180	223
151	47
42	335
247	20
28	44
139	45
151	141
190	4
165	7
142	82
193	135
265	146
121	124
181	17
198	86
183	84
556	128
65	17
80	32
211	507
347	351
256	148
69	99
80	170
72	191
159	38
128	31
80	170
331	119
222	30
75	123
118	222
153	33
180	35
118	10
228	101
78	15
74	109
69	6
124	30
66	7
80	55
25	273
195	41
31	6
59	222
156	45
36	90
46	35
242	24
264	102
80	68
135	428
726	8
505	61
178	147
207	49
209	18
172	90
210	24
153	29
157	103
179	310
229	67
99	10
189	161
176	212
242	130
172	125
79	29
27	35
61	141
102	4
183	64
329	54
90	161
78	45
77	15
222	60
153	109
259	91
80	21
350	37
83	118
82	41
142	92
136	57
27	29
39	79
65	24
25	25
78	5
347	71
145	65
179	249
226	223
204	136
224	11
204	61
349	17
257	29
166	291
203	14
96	21
152	85
226	232
176	17
213	15
146	31
222	5
206	148
504	30
142	108
129	185
332	314
236	70
61	39
277	83
136	29
116	75
135	683
463	31
64	170
189	19
123	26
63	11
70	146
115	66
63	21
253	54
167	297
336	23
68	33
117	156
123	37
26	239
164	58
27	102
59	202
160	159
107	73
69	53
131	27
26	206
147	26
153	157
125	156
93	245
294	266
197	159
131	138
95	95
61	38
35	10
38	27
212	84
307	6
137	197
136	96
134	187
87	20
79	20
28	134
93	74
41	56
117	63
123	57
322	51
72	2
174	16
359	277
177	13
42	42
95	137
78	95
54	191
131	71
29	260
270	82
28	239
169	88
78	60
34	65
39	12
85	35
35	144
87	263
190	107
72	40
43	19
106	288
215	60
27	19
32	19
34	65
65	3
129	467
355	234
169	83
37	44
43	124
94	101
76	54
57	275
196	65
73	24
26	56
94	11
77	110
81	108
106	48
150	322
237	244
180	95
53	112
77	111
63	48
103	7
80	218
157	22
93	112
91	55
80	38
50	328
355	13
43	5
51	23
202	226
213	98
61	23
112	15
181	84
84	9
32	143
89	17
121	64
72	64
108	129
80	10
31	290
206	35
48	131
140	59
134	102
381	194
81	239
169	30
146	176
119	55
45	47
51	50
158	312
230	14
158	138
71	117
66	291
258	95
121	148
136	46
167	118
100	2
42	286
170	186
125	5
27	65
46	23
33	122
92	217
153	188
126	48
21	315
232	160
118	74
38	188
137	64
132	13
172	19
98	28
28	134
86	229
166	46
136	256
186	40
152	32
60	90
54	48
39	99
95	155
96	2
255	57
38	13
149	13
73	194
172	39
117	13
109	51
83	45
38	53
156	158
101	22
333	122
109	63
183	231
242	14
146	85
118	91
61	7
269	23
488	12
196	40
183	85
399	102
82	52
182	97
156	22
134	203
327	21
332	103
230	86
245	27
126	41
314	29
140	37
172	65
180	235
418	229
174	144
181	12
191	25
126	107
282	88
395	94
387	45
59	35
47	254
194	272
202	98
45	60
36	23
32	434
324	38
40	138
91	191
213	1
58	123
158	35
248	104
160	194
210	6
225	42
47	314
228	18
39	21
94	243
176	128
77	14
23	268
204	90
146	157
119	113
60	30
34	8
42	23
23	134
84	444
338	111
70	85
48	6
34	25
27	149
126	51
44	224
163	293
212	211
156	62
250	39
272	136
64	101
400	91
113	132
238	20
155	27
187	397
265	393
266	19
71	26
27	88
45	24
20	7
67	86
41	325
251	80
38	125
78	92
95	209
150	108
59	8
49	91
56	158
110	39
26	21
59	56
41	119
55	61
25	37
37	4
37	39
23	16
29	46
36	127
76	167
115	182
132	56
38	128
79	119
78	179
121	15
36	4
35	91
50	71
180	130
114	191
138	39
36	49
123	7
91	347
263	80
36	114
80	512
393	62
36	75
41	115
168	78
92	48
250	142
67	36
90	113
89	34
47	155
105	39
173	23
47	142
114	207
191	12
81	58
48	152
95	24
46	76
49	339
177	57
1726	6
36	377
256	20
72	3
27	32
35	5
121	222
169	37
37	81
79	55
51	66
33	51
28	4
86	24
26	48
20	55
48	116
84	275
165	46
28	17
72	17
23	79
55	138
91	66
41	165
123	19
28	365
284	50
36	150
105	90
39	186
93	12
69	49
24	130
91	53
24	95
73	197
99	151
101	101
73	105
61	137
104	76
54	22
28	130
91	15
25	94
58	227
165	49
78	38
26	25
19	64
47	242
182	37
38	134
76	5
71	99
57	98
60	177
126	116
83	152
82	22
28	246
141	213
152	7
34	67
46	298
208	86
62	48
24	1
19	4
66	29
41	113
173	162
65	354
302	127
29	310
226	53
27	34
32	163
107	58
273	107
75	56
71	29
95	187
124	46
27	6
52	157
288	103
145	21
323	135
122	122
94	77
126	98
61	60
130	39
76	97
128	73
42	51
102	42
45	98
532	25
169	244
319	75
69	88
219	12
117	74
48	34
77	50
26	76
126	205
335	139
255	97
147	226
159	19
191	31
208	51
288	41
134	341
259	114
82	135
2353	16
169	81
234	142
147	18
146	137
91	110
63	32
26	56
127	95
130	14
79	345
217	45
27	131
87	54
34	105
115	19
78	364
278	8
82	184
236	3
116	83
48	61
31	105
94	296
161	128
90	252
168	10
25	51
56	5
130	45
205	188
115	79
64	271
156	87
56	44
27	2
74	52
99	243
178	203
178	125
78	59
30	127
79	52
74	104
67	184
123	154
106	24
462	168
177	8
201	59
102	144
214	31
94	28
325	50
325	35
77	37
24	71
91	459
345	40
28	150
109	101
59	19
508	1
80	143
97	52
24	73
74	26
76	11
42	399
312	103
50	266
127	33
26	157
270	394
368	75
49	101
135	160
89	124
69	45
37	23
29	128
140	79
149	81
475	56
152	147
96	7
29	258
186	437
276	145
83	23
27	17
31	237
166	5
68	17
27	69
42	92
67	17
63	106
79	252
369	2
2606	152
130	80
49	116
78	17
37	16
140	4
24	18
18	225
161	1
33	247
167	39
70	1
65	49
57	127
193	87
118	16
124	4
34	50
31	84
33	192
142	12
34	13
20	269
185	18
36	112
68	90
85	73
388	41
124	80
45	44
25	23
68	15
67	156
113	65
234	425
643	73
196	202
140	7
26	5
48	5
120	322
265	129
79	32
29	9
18	107
60	76
45	32
69	103
75	8
60	31
75	11
27	56
44	23
73	27
26	82
81	187
128	69
28	38
18	74
56	161
104	21
409	16
114	49
62	72
177	229
168	579
389	108
61	259
192	94
225	246
158	15
83	44
55	171
123	40
39	237
165	59
25	41
20	209
274	14
81	116
69	41
25	26
37	16
196	180
76	128
102	129
304	41
198	34
80	459
351	37
23	2
42	175
244	7
79	75
36	45
25	55
29	159
116	39
26	18
71	69
246	112
117	72
77	14
25	60
143	64
26	121
290	116
162	159
308	133
69	343
261	24
56	112
159	27
68	11
103	64
42	50
207	47
27	21
67	245
185	51
197	168
106	12
79	1
28	159
141	175
158	36
99	119
245	84
67	37
219	4
48	73
143	325
230	14
77	85
42	24
111	5
144	177
72	59
98	36
268	128
82	292
213	17
26	45
46	328
249	31
36	162
107	185
134	16
49	12
35	54
42	31
550	183
115	57
35	37
26	74
174	90
133	420
314	55
70	211
112	12
28	108
201	256
227	245
133	367
269	59
145	20
278	287
194	117
104	225
564	45
299	211
240	52
277	194
170	32
224	46
180	71
149	29
255	64
312	6
190	15
32	117
68	72
522	6
108	12
64	100
129	65
4701	26
108	9
46	23
360	63
44	1
117	242
175	9
48	133
296	198
138	3
81	92
109	34
224	3
365	15
364	41
44	182
129	114
111	190
123	26
167	33
43	87
126	76
51	577
437	154
110	207
150	151
103	162
115	139
105	11
26	175
132	267
189	5
26	160
111	18
57	15
60	15
66	86
170	19
74	79
214	81
92	7
111	77
55	44
67	100
65	250
215	6
22	61
49	37
66	200
152	53
23	137
152	189
78	41
75	233
177	14
171	22
235	32
456	22
172	223
104	116
69	40
96	199
204	76
337	37
62	55
136	31
152	196
151	18
133	21
88	65
27	38
44	78
57	14
28	72
42	4
23	51
266	211
162	112
150	332
203	136
75	97
43	240
174	67
26	57
41	86
66	147
75	151
93	614
565	45
36	231
176	72
27	25
39	57
81	39
74	417
520	298
434	33
162	99
193	61
83	369
207	13
38	112
80	65
25	82
46	120
221	62
96	53
68	13
100	56
36	92
57	239
185	24
61	127
77	77
31	36
116	37
39	193
148	121
99	155
106	68
58	50
166	121
76	318
229	47
24	13
70	1
115	11
39	52
37	47
102	10
127	3
46	56
48	245
179	46
77	86
73	268
187	49
23	82
241	327
238	23
69	111
120	173
75	243
176	73
140	4
56	1
32	20
330	119
93	285
215	112
60	141
97	17
25	14
28	38
232	168
294	33
115	57
36	15
43	37
94	167
75	114
93	349
263	216
150	278
212	116
68	74
43	47
27	335
316	4
98	4
73	29
101	2
99	37
53	115
435	64
167	254
174	32
271	83
38	68
181	141
227	349
204	35
228	164
87	16
26	10
21	82
47	29
45	25
33	18
39	188
141	17
62	56
81	32
96	152
104	166
101	89
56	52
28	42
32	290
223	201
147	97
52	77
37	36
34	34
171	121
224	102
86	17
52	126
138	528
337	4
27	166
119	11
45	26
122	42
71	64
208	252
356	182
172	94
102	268
146	28
140	8
392	105
99	26
45	37
158	274
340	22
143	1
28	12
193	41
135	45
64	162
106	34
186	6
138	28
110	100
120	56
325	101
127	77
166	353
265	21
30	123
85	56
26	292
213	122
87	212
158	72
37	3
28	258
189	337
191	66
25	221
151	6
23	57
32	214
166	113
73	27
70	84
50	83
50	151
115	21
85	28
28	189
126	187
138	165
123	120
70	261
188	65
73	123
89	6
28	155
110	1
67	127
78	209
165	92
59	247
129	201
109	38
24	14
28	19
21	25
37	105
78	64
28	109
82	57
27	33
63	122
231	46
80	12
182	96
132	20
49	12
503	99
532	99
43	71
269	283
206	87
56	56
35	111
66	160
104	9
89	365
268	31
37	47
33	37
24	79
46	76
103	129
118	49
28	19
19	168
127	170
108	37
49	22
88	234
293	3
305	195
131	32
142	22
320	196
85	99
113	113
65	183
119	59
117	95
292	131
265	24
104	97
206	199
150	57
37	204
131	77
37	333
274	46
25	23
16	26
43	9
24	223
172	12
66	28
25	107
67	28
33	168
109	151
74	95
53	98
71	26
256	50
230	72
25	11
317	61
113	170
127	148
81	4
205	42
89	315
237	70
25	168
94	247
208	107
128	117
118	200
135	4
131	39
179	227
116	128
99	81
42	34
40	10
107	13
24	20
32	455
346	268
190	35
22	95
181	99
116	188
130	1
26	156
199	136
112	36
52	455
325	19
46	65
46	21
89	33
101	23
122	26
107	11
89	46
45	31
50	93
79	106
59	25
277	179
131	54
99	352
267	62
40	20
27	2
22	88
52	102
70	90
55	252
142	51
86	6
87	65
46	104
46	483
353	369
278	87
46	41
85	38
44	38
122	71
46	145
87	65
50	49
79	135
65	325
224	97
255	7
177	110
89	50
47	1
42	1
43	31
116	34
88	4
87	54
45	77
47	94
99	6
236	174
499	306
185	61
48	28
44	71
43	27
44	208
1023	46
204	94
110	203
127	76
28	2
194	69
368	452
333	9
27	15
18	326
247	17
142	139
98	144
90	40
55	75
87	63
291	77
56	106
56	8
33	24
113	18
246	672
524	33
26	75
48	16
25	194
151	207
144	23
25	20
21	165
128	105
62	68
102	152
308	9
111	146
98	126
91	64
127	52
43	13
273	2
150	196
247	48
96	13
266	89
54	11
61	84
69	66
69	15
138	2
69	5
145	101
126	34
133	50
104	60
69	17
55	45
100	123
88	10
61	1
209	38
190	32
111	67
122	2
58	160
265	139
100	42
23	1
119	107
189	17
210	89
134	107
88	56
79	136
94	63
37	191
147	113
69	51
34	51
73	235
159	125
88	64
35	37
81	42
58	91
62	93
59	154
109	36
21	6
30	233
167	27
24	46
224	11
72	50
53	58
66	138
98	65
37	32
173	11
137	54
79	76
100	166
115	2
27	19
10	106
61	82
76	60
264	286
202	16
59	269
196	341
222	40
22	3
14	57
36	70
57	11
62	163
264	5
1517	52
38	312
227	60
34	141
93	4
24	40
27	446
338	146
104	64
38	131
95	227
176	289
217	77
40	46
29	36
17	134
100	54
37	308
218	48
25	220
161	95
72	37
80	207
140	142
263	83
66	88
175	282
207	55
26	2
65	244
153	2
47	130
149	132
125	21
93	19
91	102
141	352
264	84
45	386
306	92
56	17
23	138
99	177
133	18
71	86
228	2
91	38
216	18
119	79
223	141
98	35
232	24
54	138
102	78
47	7
21	74
71	105
63	4
158	125
77	105
112	36
99	193
140	11
59	37
23	399
271	71
26	322
247	46
25	37
104	63
29	107
20	273
565	87
24	123
16	43
16	122
18	20
17	23
17	327
193	170
168	95
51	275
180	219
141	18
173	14
119	357
254	201
155	59
45	9
44	65
44	247
193	181
112	245
5487	217
20	38
10	7
8	25
9	47
9	222
10	217
9	165
19	91
9	2
15	105
9	22
9	308
825	134
54	124
73	55
37	124
71	78
42	16
23	176
120	143
99	210
149	37
36	66
41	26
71	158
110	104
66	18
28	34
54	95
47	26
32	3
40	252
137	63
35	18
38	155
107	126
76	51
24	2
44	51
23	33
42	291
216	64
40	199
208	38
152	112
102	71
118	289
186	134
75	213
287	184
101	28
26	96
57	15
37	258
177	142
103	115
59	3
29	58
38	64
35	136
99	87
37	4
38	94
55	130
111	24
166	94
51	61
79	150
77	15
43	12
134	162
147	64
90	685
559	22
116	336
228	116
49	22
49	45
174	89
117	98
86	63
44	9
179	51
46	223
162	210
138	13
47	58
43	2
50	5
45	123
60	45
91	98
45	35
43	26
88	50
47	276
185	129
84	32
67	25
19	1
22	48
10	177
86	13
23	24
20	6
30	33
18	131
95	176
124	34
21	23
18	28
20	31
25	11
19	77
52	7
20	37
18	34
18	21
27	68
39	32
22	20
21	260
199	61
38	114
89	191
126	28
24	5
19	534
422	102
51	306
233	257
183	58
31	108
77	22
21	107
74	22
22	85
49	67
57	316
235	238
181	506
379	109
73	152
123	319
234	4
23	479
368	3
39	3
21	137
98	182
136	10
25	13
19	81
56	24
21	159
109	29
21	42
21	38
24	214
166	213
154	5
26	37
18	263
194	128
91	6
21	6
18	213
165	60
27	136
97	31
24	345
266	116
83	10
23	6
18	54
28	187
140	76
57	50
24	147
119	163
111	55
28	41
34	82
59	95
37	29
38	1
27	86
47	22
25	44
17	19
19	16
21	22
25	92
69	81
43	44
24	356
268	7
25	50
23	165
130	217
160	40
22	113
62	10
26	150
99	96
70	192
136	1
29	150
108	118
76	97
61	55
36	83
68	69
36	27
22	439
352	1
27	37
19	117
76	230
183	42
24	32
21	105
73	67
42	5
24	143
117	3
24	21
17	29
9	80
44	7
21	29
18	78
48	2
24	9
19	68
48	85
56	16
21	11
18	70
49	59
31	71
46	36
20	93
63	30
21	274
207	25
23	36
37	46
20	72
47	72
35	21
37	27
26	44
33	5
31	49
23	15
20	140
96	14
37	142
96	377
274	28
25	66
36	139
98	47
30	61
42	88
61	63
39	273
212	95
66	123
84	110
71	49
41	158
111	190
126	58
105	202
82	98
45	63
38	70
48	95
76	89
47	36
17	53
35	41
30	65
49	37
24	27
32	101
60	26
24	134
95	29
23	27
16	685
547	16
25	8
35	116
82	194
136	50
38	2
20	150
112	23
25	6
18	39
64	151
109	92
60	113
101	130
125	17
147	23
66	402
305	199
141	65
40	33
135	18
80	72
87	109
99	33
324	22
162	10
104	58
148	783
557	104
76	24
27	108
56	23
24	8
16	224
168	43
27	101
67	17
22	62
63	22
88	17
80	177
118	357
277	19
31	67
30	34
53	74
67	72
84	68
110	29
86	222
141	35
100	175
118	131
93	162
114	21
31	91
58	36
72	279
206	45
139	9
286	65
62	216
165	212
148	114
78	13
22	44
260	458
782	207
70	40
49	115
76	10
33	46
42	224
157	1
29	118
75	22
53	19
71	167
126	65
98	6
46	49
99	70
60	20
71	50
64	311
232	13
19	12
261	238
157	27
23	307
234	62
41	36
85	285
199	6
32	129
91	29
50	19
24	302
240	8
26	35
21	191
139	52
25	49
43	34
22	43
34	1
183	66
46	249
180	239
167	78
55	188
137	36
26	160
115	65
37	67
33	178
132	49
23	185
135	15
17	247
190	12
25	159
112	102
70	200
153	146
93	61
33	67
46	273
193	126
94	131
86	46
22	199
152	31
24	16
20	173
129	142
102	37
143	10
189	14
80	34
71	82
53	127
175	5
241	106
66	20
43	12
94	223
165	21
485	4
63	70
18	39
345	36
42	62
70	36
40	17
49	214
217	155
186	59
256	4
236	2
87	40
222	140
89	24
166	216
149	224
170	22
29	19
86	15
84	39
469	119
63	12
51	129
85	186
135	236
164	57
98	5
46	4
193	215
158	60
35	50
130	302
226	20
25	120
71	148
100	114
56	181
196	485
370	45
50	22
75	21
22	43
62	28
84	90
67	349
278	27
28	120
72	335
263	32
23	10
16	76
61	136
87	14
21	75
51	272
211	141
91	248
183	25
23	73
39	77
57	168
122	18
24	317
243	201
145	66
43	49
33	37
22	13
20	101
73	243
186	268
195	84
69	99
66	214
155	3
25	53
27	320
254	108
57	237
182	17
21	535
415	323
259	62
27	167
128	52
25	7
21	59
36	83
58	19
42	185
139	58
31	220
165	103
69	10
22	89
170	7
79	134
75	42
94	107
2283	56
157	123
286	150
235	146
154	378
381	231
224	124
159	7
176	17
171	74
176	49
339	154
144	89
246	18
155	3
190	40
270	73
238	2
160	30
300	8
270	1
197	37
192	164
398	192
231	25
202	194
225	157
359	543
426	335
271	2
181	98
117	97
339	35
266	75
709	8
241	104
204	21
275	8
230	341
239	60
84	82
159	303
217	87
130	12
161	1
161	32
128	158
272	28
195	29
267	70
531	28
1470	23
425	211
312	7
127	85
480	45
135	300
220	98
174	68
377	150
153	85
311	51
115	35
169	42
314	22
146	59
202	6
440	24
237	358
265	56
144	52
181	40
187	14
162	40
125	61
161	154
380	179
128	19
176	200
183	61
287	162
248	97
377	3
167	98
235	116
178	2
176	61
619	20
3092	3
119	72
199	168
285	301
170	99
120	30
589	269
202	120
222	88
142	144
208	159
120	189
117	287
167	107
57	357
269	52
123	62
213	83
171	57
197	203
195	67
119	73
168	52
196	17
143	171
237	67
236	167
188	183
410	148
128	176
207	72
150	8
129	96
144	101
197	79
143	3
127	399
305	46
26	326
193	166
1262	57
49	217
101	52
22	80
54	20
21	57
35	304
230	63
26	5
27	40
29	274
212	723
557	41
2026	70
28	90
18	271
15	69
15	87
16	189
16	73
15	160
15	44
14	32
14	47
15	128
65	66
38	174
77	123
78	49
21	10
52	33
66	94
36	87
16	60
40	37
32	79
52	13
30	44
21	164
119	73
43	22
28	123
86	16
28	44
23	21
27	137
96	53
20	179
134	308
225	199
132	181
117	27
22	9
32	148
92	1
22	10
23	198
148	83
55	206
158	10
23	11
22	106
70	56
38	90
76	147
105	3
50	156
109	253
193	9
76	130
275	12
169	18
95	129
106	51
462	42
66	197
143	49
36	52
25	131
93	192
126	37
18	35
62	34
23	68
108	3
444	105
127	45
38	19
41	26
119	4
84	295
219	318
240	60
33	6
35	3
25	66
36	30
38	1
204	205
141	98
76	38
158	172
120	52
35	239
175	377
289	159
118	100
66	63
37	15
198	237
168	44
29	122
87	10
150	151
203	236
237	92
227	254
242	158
124	127
149	206
138	199
186	116
117	224
158	5
65	54
71	492
383	28
25	108
73	46
21	117
83	132
95	272
216	443
332	428
335	190
144	264
203	9
50	95
59	181
129	49
21	48
33	96
60	29
23	2
17	30
21	35
19	244
196	2
28	271
194	142
98	118
68	121
83	46
27	6
20	110
73	340
266	49
26	108
72	41
47	16
26	234
164	510
401	174
104	3
21	88
56	134
102	14
113	80
41	145
101	78
48	12
19	32
21	131
106	68
40	122
83	53
29	174
133	168
119	91
62	63
43	58
39	384
306	51
22	71
55	233
170	37
59	105
68	83
49	155
107	303
230	44
29	163
125	162
102	113
75	58
55	83
44	8
23	30
23	134
97	482
382	89
47	23
16	419
325	294
221	28
18	156
106	44
52	17
22	19
19	257
196	8
47	65
46	100
62	107
76	15
18	26
249	59
82	54
162	37
63	14
389	225
163	11
53	4
19	90
50	86
79	21
78	56
61	23
116	209
142	17
57	37
64	10
244	58
70	1
89	237
172	33
22	171
120	1
124	3
328	101
130	13
63	294
223	61
31	33
26	112
79	47
86	12
42	8
197	44
122	173
117	104
77	302
227	41
131	34
47	159
110	52
75	62
57	115
169	20
47	60
51	259
183	210
153	45
29	62
39	272
197	60
34	14
254	22
74	43
99	41
38	181
130	107
98	183
122	15
221	182
137	199
151	22
33	1
22	9
23	25
31	244
183	77
47	33
21	9
142	33
68	30
56	26
69	214
142	24
542	28
78	27
49	22
56	163
116	61
71	46
97	52
92	154
280	76
49	137
94	60
28	76
53	27
87	59
53	58
119	13
107	25
91	12
126	56
143	34
93	29
165	32
95	195
128	8
19	222
164	23
48	440
314	55
50	48
21	146
87	39
21	248
184	48
18	20
13	48
34	96
68	28
16	4
19	28
111	214
168	140
91	82
49	37
30	163
114	343
258	261
194	150
103	39
65	271
186	13
24	12
16	40
21	57
34	89
75	147
103	112
71	3
49	5
52	243
176	30
63	202
130	3
22	23
24	197
152	27
22	43
17	213
164	287
219	63
35	20
18	26
18	11
25	155
110	77
48	31
52	334
259	89
67	66
25	148
107	71
74	117
78	93
179	49
127	20
247	38
53	131
94	317
302	22
49	32
149	254
185	490
379	29
30	18
21	98
102	15
88	162
124	235
158	113
72	136
97	8
27	109
65	103
62	24
33	170
298	180
254	243
149	265
181	15
32	4
37	1
97	3
63	558
434	182
130	185
132	153
105	113
64	250
190	234
168	20
20	237
181	99
61	125
81	74
58	61
42	12
32	29
22	118
83	8
21	19
30	160
123	130
80	57
23	132
95	113
76	125
86	194
150	54
31	72
43	87
59	3
29	49
22	398
312	268
192	15
31	151
103	22
19	76
52	2
18	15
25	329
252	12
23	16
54	51
23	11
9	137
92	413
319	238
169	85
53	74
38	87
60	80
33	15
39	126
82	53
33	103
63	210
154	44
22	108
78	344
264	92
55	22
21	208
161	20
20	72
47	17
30	103
61	95
63	94
52	9
20	68
57	13
160	398
281	37
25	217
160	197
158	69
31	151
117	192
135	41
36	170
125	65
26	105
71	122
222	111
93	194
140	382
298	14
22	89
59	215
161	49
23	70
69	77
117	76
224	19
304	33
86	6
93	126
60	56
126	34
83	45
61	23
89	9
129	45
342	81
104	83
162	76
85	9
178	35
125	165
103	259
192	26
61	41
75	11
182	44
372	159
121	202
139	39
44	19
244	74
109	193
124	151
113	188
142	461
327	158
104	115
74	35
21	107
72	187
152	258
182	106
74	227
171	68
46	5
61	132
100	112
66	348
267	119
94	130
77	38
22	149
103	105
161	223
164	3
55	105
62	2
199	3
120	163
262	20
402	168
100	141
76	63
36	48
50	60
40	41
99	22
399	158
102	12
153	20
58	87
63	515
368	56
30	67
40	11
55	78
47	87
298	38
193	43
165	54
88	54
57	375
291	697
548	337
242	34
23	12
20	42
26	206
153	183
137	149
97	44
38	7
26	38
21	119
70	35
18	97
59	25
16	129
92	25
29	131
98	84
41	15
20	127
91	35
22	9
32	63
38	199
132	21
24	56
33	121
85	51
40	111
68	58
29	52
49	172
128	80
63	48
23	302
223	142
101	236
144	45
50	23
20	115
58	77
48	92
60	253
182	66
64	19
167	144
101	9
180	19
68	253
187	32
21	89
61	72
45	98
59	19
145	119
202	21
77	72
191	124
76	5
58	73
68	130
95	23
21	80
77	120
72	6
87	78
90	211
145	169
149	57
48	74
85	37
164	100
58	264
197	151
104	61
38	167
112	3
92	39
23	32
18	55
39	383
299	23
23	185
138	268
199	49
48	16
25	121
85	20
47	55
47	46
24	79
110	296
217	6
24	12
65	215
158	265
190	82
278	31
110	37
158	2
103	31
138	260
188	84
126	113
50	28
44	320
232	115
68	220
146	11
18	63
27	45
23	388
305	72
42	32
43	101
68	108
75	35
66	24
116	152
324	128
98	30
86	11
167	8
65	40
418	99
121	19
74	66
86	90
155	19
86	168
107	21
109	21
158	60
60	90
142	48
99	499
383	56
19	33
24	55
54	175
108	251
174	55
55	68
38	56
169	160
198	372
279	140
96	199
149	172
157	183
1196	262
179	4
24	134
94	171
118	190
137	322
253	7
27	310
228	100
68	63
46	22
22	102
67	223
168	293
217	88
61	97
89	28
23	2
15	193
130	87
57	136
98	135
85	37
18	74
48	28
23	21
18	126
92	95
54	140
95	28
23	511
400	172
120	85
44	133
79	62
44	2
19	122
87	11
22	66
47	96
289	243
17	208
86	10
28	154
108	99
59	126
90	42
208	127
87	38
79	284
208	4
22	44
24	145
193	9
97	272
209	257
329	26
91	124
97	89
61	244
171	71
157	155
100	47
132	183
103	71
41	213
157	27
110	65
80	7
124	3
74	220
171	70
75	167
357	4
59	162
113	80
99	86
198	73
126	178
120	10
21	55
79	37
99	391
295	27
20	18
18	95
68	141
132	35
76	257
185	21
99	604
472	105
60	33
16	2
73	408
308	157
112	277
214	151
103	67
44	5
22	101
72	4
51	10
62	165
119	162
117	55
33	97
74	124
80	77
46	206
170	8
81	1
119	251
731	71
150	44
69	235
261	81
55	57
166	43
193	15
171	24
119	200
130	31
69	40
141	22
117	8
158	79
63	7
81	32
166	45
151	27
92	46
106	68
132	44
96	147
210	167
102	65
110	83
140	40
81	68
56	152
249	255
190	81
49	157
123	171
113	200
160	112
66	34
119	90
52	24
49	2
90	4
124	164
107	38
115	29
217	42
133	179
127	29
66	43
50	52
62	50
175	14
94	37
100	143
164	16
115	172
111	196
146	119
143	177
111	308
196	24
23	1
52	95
69	144
97	191
142	18
22	184
137	110
71	109
72	306
234	127
92	135
92	261
204	120
78	21
22	121
94	57
26	142
114	20
31	113
56	161
113	232
178	162
116	261
185	48
28	233
191	36
21	3
11	378
280	42
31	87
59	143
102	93
44	21
18	47
30	65
39	14
18	64
50	24
19	53
56	34
54	366
285	272
198	55
97	160
280	179
116	76
107	47
96	41
314	40
99	98
65	48
63	5
55	179
134	103
69	64
38	98
64	53
255	107
91	171
122	4
52	54
161	49
61	164
114	58
52	34
91	38
78	5
153	109
104	17
405	57
71	234
167	29
46	185
132	449
351	107
77	98
157	137
98	1
383	191
137	288
196	75
56	282
199	24
21	339
261	29
22	36
19	3
22	54
26	1
21	24
20	111
82	89
57	61
37	166
122	14
22	131
98	152
102	30
21	30
21	113
81	50
23	202
163	5
54	167
290	1
165	17
159	83
57	167
123	181
156	10
73	44
53	39
134	42
44	45
51	91
51	34
84	90
50	40
98	318
244	7
170	476
374	116
66	111
60	104
70	259
197	58
24	21
24	4
20	153
112	55
34	7
65	17
69	221
186	32
72	234
175	186
133	192
108	292
201	98
45	272
181	59
51	110
59	134
79	150
106	98
69	42
26	42
26	149
118	26
43	44
43	45
20	512
403	43
21	83
57	62
33	27
47	5
281	3
95	56
64	234
166	12
67	9
76	33
214	13
214	68
95	205
140	108
62	87
57	60
89	70
96	14
92	58
51	45
61	144
203	8
75	254
211	248
175	179
133	79
48	84
63	233
174	260
195	68
34	36
24	13
23	179
162	26
21	75
110	81
14	132
73	25
38	67
457	40
68	7
59	88
248	142
102	158
117	124
83	36
41	34
66	163
113	16
22	124
372	52
342	68
72	108
272	315
240	269
200	151
111	60
24	176
134	61
80	424
329	166
1169	229
23	158
15	78
13	43
104	106
57	163
118	17
30	187
120	66
35	90
67	9
29	161
92	20
28	44
18	10
20	105
75	47
24	81
63	174
309	142
87	38
21	93
67	53
52	382
293	66
38	17
23	79
51	185
138	32
23	399
309	17
20	51
32	15
21	34
27	19
21	339
261	128
90	118
84	178
129	32
23	2
16	83
56	128
99	43
27	111
68	21
47	131
94	139
99	419
345	56
31	144
112	6
59	54
165	336
254	234
165	289
214	78
71	549
360	64
66	85
56	200
132	2
29	264
193	5
33	42
20	62
32	103
71	171
131	27
56	8
54	9
23	165
122	5
39	107
65	34
200	37
73	222
151	12
20	7
63	168
542	34
184	17
156	42
76	25
215	23
57	48
193	98
84	70
103	171
123	22
38	573
453	64
33	8
20	151
107	31
18	50
31	49
34	55
295	125
141	46
171	4
95	25
172	107
57	90
152	206
304	2
43	22
231	142
84	121
87	30
47	4
31	2
128	176
177	188
121	157
253	150
142	6
64	27
106	350
243	106
65	224
162	341
270	13
19	334
266	132
102	2
62	76
49	103
60	56
38	168
111	58
25	190
150	119
79	106
74	104
65	39
21	18
36	89
92	14
47	185
123	8
48	327
250	104
56	27
16	19
26	100
85	362
265	10
35	8
24	38
47	85
74	32
60	15
147	30
45	232
170	11
23	28
16	5
29	15
78	202
151	171
119	81
51	7
41	355
264	114
88	295
216	1
46	242
156	35
115	136
88	109
271	83
47	4
150	103
76	242
171	123
68	66
36	5
29	97
135	88
122	48
128	95
303	26
93	24
63	7
55	4
104	55
53	80
175	144
287	43
63	147
84	28
64	40
143	81
181	90
61	92
67	119
69	73
39	106
72	38
69	9
41	54
72	57
96	141
99	114
82	225
243	143
105	78
44	157
115	45
53	109
69	4
23	159
177	62
155	39
97	20
58	83
52	4
169	88
241	56
103	35
82	113
68	246
177	71
33	45
23	51
29	46
43	132
96	13
61	293
221	169
116	95
147	60
87	194
136	49
61	166
106	142
92	296
233	202
120	172
118	10
25	96
74	199
144	69
47	56
27	30
31	422
316	112
71	35
21	36
128	11
140	134
78	189
132	4
19	35
240	206
162	60
63	1
45	19
80	16
52	22
44	92
186	59
110	210
140	159
123	86
89	4
83	128
85	123
84	133
95	36
46	35
24	18
40	74
68	202
143	148
95	149
105	11
22	3
130	110
157	36
62	29
132	16
40	298
219	100
63	20
134	85
58	19
79	17
364	50
54	73
86	235
296	114
73	3
37	303
228	27
90	7
76	5
56	22
83	42
488	2
169	49
88	179
108	7
38	17
29	184
133	67
63	38
53	124
73	83
169	52
74	128
89	4
63	110
73	9
38	5
49	19
266	7
33	24
59	42
148	38
64	113
81	37
67	94
53	322
239	21
57	278
198	84
47	243
181	28
42	47
17	8
48	93
60	74
47	58
56	157
103	22
22	323
248	27
34	33
35	36
53	274
195	13
21	26
29	93
106	44
403	82
50	58
83	81
173	207
141	101
65	46
51	183
234	237
178	88
55	17
204	7
215	780
600	27
23	71
45	39
21	195
147	211
153	2
31	222
157	116
79	26
58	19
61	3
23	204
137	49
38	24
37	154
104	39
148	28
158	84
49	6
62	254
185	78
46	19
23	29
38	58
31	191
137	371
275	176
110	464
350	131
82	97
74	69
43	577
463	44
54	24
96	192
25	9
50	157
115	127
82	30
67	215
146	106
61	140
105	27
118	75
36	164
121	67
79	188
114	47
89	79
85	11
90	144
147	17
36	110
70	308
222	4
26	148
92	56
30	227
171	174
128	259
173	27
73	61
45	194
145	21
30	243
169	229
160	65
23	4
28	33
53	197
142	58
70	30
46	3
22	72
48	11
170	93
64	94
60	26
54	51
150	96
132	8
64	144
71	92
121	29
80	5
96	110
72	62
35	32
183	27
304	38
67	165
137	164
106	32
102	95
63	7
99	125
357	19
137	32
69	7
458	7
176	76
93	216
135	25
77	32
71	37
65	99
67	95
182	46
141	81
155	78
112	29
287	166
41	287
207	7
26	372
321	204
131	7
28	78
125	254
1175	251
150	649
489	57
30	129
90	57
31	110
73	38
24	244
188	24
25	35
16	50
34	175
130	112
52	51
28	99
63	1
29	148
116	144
172	259
424	19
115	12
123	85
535	33
119	313
231	85
48	146
157	189
132	32
190	185
129	89
247	9
107	82
100	139
93	74
65	86
192	170
131	35
76	9
152	69
91	107
53	32
255	144
444	3
157	152
97	95
49	132
144	98
62	87
91	160
100	318
241	2
23	17
171	102
549	18
82	283
208	33
38	58
26	3
19	212
168	221
2450	27
19	22
12	3
14	96
85	39
41	69
56	45
23	88
49	10
33	1
66	68
158	36
136	137
190	169
123	163
111	215
152	42
25	218
161	30
57	53
23	69
38	35
32	19
42	303
223	40
22	291
226	184
124	126
82	197
155	96
59	18
111	38
60	32
55	239
310	21
233	104
124	8
63	228
165	92
47	39
44	228
137	227
156	81
78	215
159	3
39	100
82	4
24	13
70	63
78	150
158	82
72	156
116	322
239	3
45	326
234	68
40	187
184	33
89	1
68	78
54	66
49	30
42	8
49	82
48	53
75	25
96	157
94	26
39	336
265	115
98	39
70	27
154	18
86	37
79	55
229	73
97	8
79	98
107	14
72	24
88	236
115	130
103	48
367	38
77	52
137	11
69	11
157	18
119	167
95	98
137	36
67	62
29	23
60	160
288	146
141	18
110	106
62	23
34	33
252	22
52	25
57	26
242	155
110	311
231	157
110	189
145	75
24	52
63	186
101	405
295	153
103	271
194	53
35	42
39	35
36	54
15	20
37	6
20	40
43	5
22	33
242	49
69	12
76	65
70	25
287	214
102	35
262	88
376	91
42	71
67	43
59	34
31	43
114	84
383	334
238	138
92	7
139	14
56	5
60	65
68	118
149	4
38	13
68	22
28	256
188	22
34	212
147	131
93	20
53	83
38	319
251	22
23	144
101	333
235	12
24	5
16	11
20	142
110	74
47	15
31	74
44	97
210	2
63	158
110	73
91	106
149	2
179	106
74	15
195	79
51	133
81	36
112	4
46	84
76	242
169	114
72	31
54	139
202	258
199	216
146	37
42	44
21	22
194	18
88	21
43	21
150	107
63	66
85	43
54	15
89	5
55	24
339	123
184	63
135	72
105	250
178	164
233	11
332	59
150	219
250	121
83	59
46	19
47	3
613	409
269	11
116	96
31	80
62	197
116	28
41	33
38	11
30	104
1035	95
97	24
61	181
131	200
142	48
65	58
37	23
24	78
34	76
52	56
43	73
62	21
32	34
52	51
36	11
51	75
42	204
157	34
37	41
30	88
62	320
234	88
58	190
134	332
248	6
35	143
88	85
61	181
132	89
58	41
20	59
39	2
21	135
81	13
23	38
16	47
61	512
373	18
49	53
31	23
85	38
59	41
44	145
82	91
54	58
95	13
104	111
65	19
453	49
64	77
81	10
122	50
41	76
63	150
99	450
357	510
368	142
55	726
559	42
74	175
123	365
210	59
55	17
48	1
53	43
46	11
50	109
67	106
63	7
69	28
47	59
92	72
51	94
126	209
140	128
125	130
215	153
115	294
226	25
20	436
348	85
51	64
64	41
23	143
100	107
69	167
110	192
139	155
107	5
47	187
139	26
30	87
55	31
47	99
48	143
103	30
42	4
53	60
79	35
60	33
59	55
48	28
51	6
28	283
204	50
74	47
58	259
185	177
122	58
63	215
166	9
57	100
58	73
150	26
157	95
1812	121
66	8
83	439
210	20
23	106
73	107
47	63
71	37
78	49
67	48
70	223
125	87
175	59
54	6
55	104
116	62
58	134
98	47
43	32
42	59
32	100
59	52
57	46
55	56
31	93
67	23
92	198
132	126
101	66
146	102
75	384
293	22
34	5
44	8
66	26
87	59
24	1
104	1
119	68
50	9
159	186
127	422
323	81
72	284
216	130
72	49
37	3
26	13
23	310
232	84
51	12
51	141
64	92
50	32
26	50
24	155
127	42
47	49
198	169
174	1
155	120
120	45
107	43
93	74
96	105
162	344
267	80
43	38
41	34
40	61
88	206
145	112
66	9
23	17
108	266
201	125
135	144
117	195
127	149
72	22
61	229
138	30
41	311
179	73
40	38
70	39
23	102
65	452
339	77
39	120
91	49
49	142
93	276
204	117
76	343
186	138
179	171
119	2
279	68
129	83
157	15
188	81
136	124
133	473
352	9
132	253
175	110
337	77
207	43
70	76
64	54
45	57
90	44
52	369
248	127
85	49
70	138
85	112
87	139
84	153
253	182
206	123
153	194
137	58
35	127
90	391
282	50
190	333
234	319
236	67
36	175
114	120
68	145
91	309
247	8
24	211
139	26
22	132
87	213
164	183
129	291
208	52
41	54
23	353
254	4
19	6
13	12
25	29
46	103
48	165
121	137
90	33
41	360
271	9
33	5
36	39
29	59
46	39
46	206
156	15
20	84
51	94
60	97
172	152
108	16
79	125
83	72
34	58
80	129
81	154
108	162
94	70
78	121
230	17
48	40
84	35
392	91
168	380
199	74
75	19
143	60
82	53
93	169
75	39
46	47
102	121
104	47
115	138
103	156
143	18
84	162
112	114
57	106
68	116
69	87
57	120
80	34
190	174
111	22
146	670
524	71
73	140
118	105
69	59
38	115
60	16
19	83
49	21
18	6
27	42
44	285
206	82
54	339
254	116
68	47
20	46
32	16
19	32
119	174
123	100
62	22
45	63
151	49
201	28
151	69
147	86
65	61
112	165
198	51
142	135
793	79
63	23
88	3
25	164
89	56
113	25
26	68
32	86
42	20
108	208
268	150
189	105
86	49
70	166
119	24
21	26
282	11
57	88
80	167
121	68
77	29
63	122
90	45
25	124
81	102
63	6
36	117
95	61
36	33
96	26
91	527
285	63
51	47
16	31
487	85
124	20
20125	100
360	130
133	70
62	41
573	21
135	68
70	466
2086	284
113	94
53	111
93	59
123	37
67	27
60	21
54	5
58	125
60	18
57	38
51	70
67	171
94	41
106	95
48	36
20	149
79	104
48	217
358	40
103	230
97	99
62	27
43	58
64	40
24	2
17	82
51	10
30	7
21	216
164	123
82	7
22	149
108	35
21	253
220	248
107	14
43	227
160	6
67	13
21	5
33	1
18	96
59	69
61	11
67	10
74	125
78	38
73	87
69	128
67	111
67	53
31	180
86	81
60	15
64	45
52	17
64	120
80	57
33	6
30	22
56	124
66	105
50	158
103	269
194	36
31	54
70	401
302	14
26	7
17	226
168	332
254	60
22	15
28	108
61	45
45	21
34	245
178	20
37	27
19	48
30	110
79	140
97	134
96	31
22	127
88	60
23	117
89	140
89	35
59	2
26	62
42	417
326	79
114	273
197	115
74	15
72	174
104	22
147	130
79	76
101	108
75	42
23	239
131	38
27	109
95	90
40	21
32	109
69	341
249	149
79	6
37	29
33	22
32	32
64	17
36	191
97	36
26	4
36	46
19	45
16	9
21	52
26	138
119	21
249	105
66	254
176	53
39	46
23	3
16	93
59	1
25	21
25	48
23	31
18	22
18	20
20	154
127	229
183	12
26	25
9	184
158	53
30	20
10	1
15	298
247	336
256	63
24	38
109	125
28	5
16	11
16	96
123	146
32	17
19	229
408	436
115	14
77	221
226	121
19	208
150	38
22	38
10	155
208	148
19	361
335	110
22	75
256	39
25	324
142	101
60	50
21	152
79	126
81	4
56	89
49	6
42	163
93	78
39	60
35	55
80	234
99	140
105	59
25	3
31	74
44	32
676	141
27	87
15	100
14	96
14	46
12	9
13	23
13	3
14	10
14	116
14	285
15	311
81	42
62	62
65	97
59	2
61	20
32	79
72	131
117	357
268	146
100	89
59	41
21	61
71	120
70	77
229	5
68	25
250	54
46	224
120	188
101	108
131	8
231	43
34	61
26	57
39	3
30	126
85	41
20	16
52	46
41	10
28	202
146	22
35	150
98	143
103	21
53	47
55	22
47	67
32	268
204	107
67	121
94	234
160	89
55	317
247	336
259	348
201	29
70	220
151	498
376	7
68	73
39	128
62	41
22	74
48	102
62	93
56	175
130	6
51	2
26	11
19	53
35	21
21	11
15	53
41	100
65	87
60	244
176	2
74	276
211	20
21	41
68	55
67	20
29	235
176	63
63	30
19	31
27	362
272	39
78	233
94	34
21	387
274	5
31	61
65	57
62	141
170	37
69	430
295	194
114	125
70	46
74	35
68	78
79	66
61	58
61	30
187	119
70	107
71	6
178	187
71	214
136	67
91	13
69	14
58	206
142	105
72	106
395	30
83	86
69	28
69	215
128	183
79	24
70	436
416	45
150	51
166	14
204	124
54	23
48	31
53	60
108	251
185	19
20	24
39	49
58	205
147	23
20	61
53	78
29	47
63	29
58	90
52	195
261	57
63	33
66	131
62	40
61	163
83	35
61	53
61	161
79	66
62	164
83	135
60	24
59	7
56	60
79	22
57	42
58	14
58	67
57	28
56	4
66	61
58	12
59	170
86	102
57	52
57	86
55	3
61	140
65	242
150	104
67	50
21	33
62	111
62	15
71	30
130	60
66	45
101	380
204	57
89	123
58	161
109	68
42	265
133	158
71	26
69	318
413	34
983	12
109	270
127	31
79	8
130	121
1485	19
10735	462
232	63
4567	287
98	160
1774	267
261	153
258	80
198	154
61	15
118	63
54	2
52	64
115	190
146	71
32	18
66	13
179	44
331	432
181	17
72	212
205	48
59	213
140	40
147	56
63	11
60	7
143	189
96	34
56	273
163	15
29	17
35	298
231	59
113	13
16	52
37	308
241	54
70	192
128	25
268	115
312	5
138	226
292	159
474	258
230	17
2036	32
281	89
168	149
65	47
57	22
135	50
217	45
57	26
129	16
108	46
152	41
127	66
342	23
81	77
64	42
58	47
68	317
125	20
58	37
171	61
115	99
184	87
313	113
211	55
67	11
120	97
124	54
102	195
131	6
327	85
125	113
345	399
2071	27
379	59
285	4
128	27
130	439
288	83
41	148
106	203
145	113
86	30
19	120
241	58
106	145
86	27
114	20
60	96
254	36
87	301
272	18
242	65
64	15
83	48
108	238
176	91
63	45
78	48
368	47
119	17
43	36
109	69
187	48
61	79
50	8
111	5
85	29
41	248
303	284
222	155
99	42
99	123
75	286
217	10
64	78
15	40
37	18
18	179
94	101
51	156
101	225
164	242
186	8
154	9
23	26
37	27
23	36
15	293
229	326
243	93
70	33
17	20
152	76
24	179
512	23
196	32
50	76
249	44
24	24
57	29
40	35
21	55
407	46
312	56
323	167
246	67
336	107
50	123
87	152
117	58
102	30
19	106
75	14
19	372
277	64
33	17
117	62
334	335
248	34
43	478
375	916
721	139
71	87
296	181
290	101
202	19
134	23
357	71
2357	28
302	253
592	35
341	9
192	237
160	308
230	229
157	14
32	123
246	5
185	88
125	93
152	61
132	206
148	246
98	303
168	223
159	171
116	217
156	69
42	58
41	217
153	95
49	390
299	77
48	194
149	60
112	173
160	487
376	139
99	184
165	50
24	34
31	37
51	79
74	30
189	37
58	27
231	104
106	74
46	22
157	176
110	146
101	4
38	1
32	23
51	23
82	12
187	10
180	119
289	98
79	18
38	22
36	80
37	280
217	19
35	82
43	67
38	59
45	46
20	54
46	11
18	16
14	209
138	24
21	161
116	2
30	33
140	81
290	73
374	300
216	234
300	17
119	100
293	59
392	127
113	77
173	14
41	20
72	165
103	26
48	100
99	88
38	27
77	203
125	61
244	191
154	27
38	32
75	193
118	66
84	117
123	69
38	37
39	68
37	97
68	21
28	15
9	287
203	27
34	239
177	85
47	129
99	55
239	35
242	1
143	130
107	77
141	127
448	82
229	81
156	28
347	87
227	191
156	52
125	111
205	46
151	182
124	274
200	66
23	62
50	42
119	235
166	62
33	21
85	236
174	233
167	192
146	139
97	32
20	93
64	30
189	21
110	126
72	11
177	32
94	35
106	29
85	46
31	11
112	195
136	21
21	357
275	75
39	18
20	132
99	1
32	21
20	16
96	24
204	23
131	3
64	274
206	18
63	35
20	211
152	38
113	364
276	10
63	80
55	132
69	389
291	203
152	113
76	75
52	143
90	326
252	1
35	45
22	14
348	80
292	1
25	258
187	142
99	147
106	14
25	2
21	70
40	314
1211	20
182	217
159	168
123	104
69	26
205	222
827	104
131	30
63	164
77	15
84	204
116	2
107	24
56	12
57	226
131	76
71	2
68	235
192	279
194	148
64	164
154	50
93	360
182	40
22	34
33	78
49	298
224	112
66	23
19	42
39	1
20	79
43	291
230	248
172	226
112	42
21	19
59	74
52	105
60	41
19	55
45	65
60	100
81	125
63	1
44	395
294	40
72	38
9	101
31	193
150	90
45	173
125	101
63	13
15	241
186	46
20	354
246	149
89	84
66	34
72	81
26	175
121	19
30	163
117	215
156	89
40	198
141	18
28	195
681	14
61	53
87	44
60	124
90	119
66	170
107	20
78	34
83	39
38	359
263	139
58	124
81	20
130	84
79	39
110	209
200	7
59	37
77	134
136	43
80	217
166	35
63	89
51	399
304	87
46	43
30	109
85	78
54	32
68	173
227	344
257	101
56	3
41	212
580	79
60	167
123	74
42	232
179	17
27	44
18	124
91	27
23	8
22	46
57	153
119	31
45	54
62	223
160	18
75	64
52	63
61	144
99	56
45	93
56	56
30	18
111	293
243	60
18	135
110	161
106	58
214	105
60	65
127	16
83	32
38	139
142	2
76	129
106	75
40	46
58	36
36	52
39	4
177	2
130	7
55	149
111	152
128	110
137	9
144	133
82	143
181	180
125	8
83	54
57	181
130	91
57	59
387	4
22	52
66	50
40	3
97	67
41	26
42	87
73	118
79	22
39	117
79	24
18	11
173	35
115	74
218	41
186	2
79	75
57	104
66	34
23	21
167	138
93	72
93	26
1246	50
27	16
16	245
175	73
43	234
172	91
55	15
22	20
24	73
39	14
1285	455
33	2
389	227
139	205
76	93
63	53
33	108
69	262
195	13
20	230
159	21
20	161
101	94
67	32
21	5
25	50
41	128
75	105
83	20
21	43
28	89
64	416
316	67
50	87
52	35
27	96
54	155
104	25
19	50
31	86
62	131
88	30
20	100
67	44
20	103
84	17
31	20
46	86
105	36
167	51
167	344
266	7
21	129
96	216
162	20
22	160
105	81
44	72
45	126
87	1
238	91
51	35
70	7
95	89
102	28
73	173
115	49
21	33
96	49
355	144
141	63
114	124
77	33
62	90
56	184
223	117
149	32
203	206
156	361
276	130
77	50
24	86
64	9
19	387
307	107
85	35
37	196
137	548
467	28
113	15
157	38
189	33
73	20
20	32
63	20
30	233
145	231
165	156
96	6
19	125
80	19
26	126
74	236
177	20
58	109
54	34
28	39
30	136
141	1
86	2
60	22
34	48
92	39
189	102
133	212
119	45
49	15
71	282
153	1
21	36
17	165
122	19
19	29
250	57
78	132
92	33
204	32
124	111
97	122
134	32
230	59
109	188
198	23
119	174
123	75
60	506
457	33
83	4
46	10
65	23
240	482
201	35
228	430
205	112
111	64
199	129
69	63
111	49
61	467
329	153
91	61
174	73
68	72
113	297
158	13
24	175
115	10
59	13
62	70
45	157
63	10
45	67
178	46
144	52
33	51
29	152
103	12
22	161
119	51
20	34
22	438
339	26
20	82
57	152
118	206
227	64
64	82
47	144
99	52
68	15
120	61
140	30
315	48
66	36
91	44
70	11
78	393
259	28
52	2
34	166
84	10
64	319
239	18
33	70
41	35
66	183
133	82
65	58
126	92
71	81
129	73
123	12
156	125
83	18
55	84
67	87
59	17
103	57
67	128
170	69
154	112
63	26
65	20
189	60
167	78
51	350
247	218
139	124
74	65
31	351
277	96
90	179
130	155
110	137
103	164
110	24
78	216
157	12
21	160
114	173
128	108
72	60
108	225
153	183
130	3
64	36
100	138
113	233
201	95
77	10
64	179
123	57
167	97
82	45
90	58
71	185
114	40
32	73
63	189
88	66
42	151
100	11
80	3
476	25
82	48
79	85
108	128
82	17
156	7
40	119
128	302
219	146
103	180
129	113
82	39
54	174
62	11
22	108
296	12
157	28
151	75
142	56
111	40
128	16
114	11
1952	294
98	19
94	363
230	98
63	6
56	159
92	65
94	5
72	108
71	65
98	38
94	99
21	53
14	114
67	25
63	305
201	147
94	985
732	430
300	42
41	22
32	112
1365	72
17	25
8	170
8	14
66	224
164	68
38	18
18	28
16	34
19	69
46	85
62	109
72	72
47	70
45	111
77	230
190	24
68	526
343	180
517	161
22	66
21	23
14	104
13	126
13	47
12	22
14	366
174	1
29	218
161	21
19	119
88	261
217	8
21	216
148	127
87	63
48	271
196	125
82	58
36	92
69	34
31	37
21	110
76	76
44	13
83	22
189	87
241	9
37	120
78	26
65	87
50	84
56	22
62	9
245	32
216	139
86	9
43	81
60	196
142	82
57	118
93	5
21	17
58	195
221	36
117	16
215	118
75	64
32	93
125	161
116	1
17	17
105	75
52	71
47	63
238	49
37	45
102	135
98	359
271	2
161	56
362	45
71	38
155	12
177	52
106	245
176	8
72	106
86	260
179	53
44	1
30	50
34	15
39	109
81	16
39	22
249	25
76	203
121	7
128	214
189	14
20	60
39	350
242	81
50	37
19	195
164	111
110	39
314	154
103	9
66	199
266	171
113	53
87	172
211	2
45	144
352	4
47	125
120	119
75	6
179	3
72	48
72	2
49	78
57	20
21	75
56	76
82	115
105	250
170	110
276	312
102	133
71	34
151	92
62	44
78	183
119	43
62	146
72	126
63	3
75	54
64	10
25	12
202	94
90	89
213	269
565	40
24	133
13	579
221	2
24	54
62	32
40	67
85	88
89	49
61	101
131	32
80	302
153	68
42	6
86	4
116	30
39	50
48	172
119	131
89	327
244	60
37	73
157	428
323	157
107	142
98	89
48	136
84	67
44	90
59	143
97	68
40	249
184	5
20	48
27	50
26	59
41	23
40	77
56	119
73	343
257	54
34	34
34	74
85	106
84	29
86	96
83	24
263	18
140	101
289	119
226	146
192	49
121	47
148	145
82	13
286	12
81	66
68	127
76	2
20	18
52	33
32	10
64	128
91	54
80	228
167	19
30	50
117	454
345	22
41	150
85	141
99	54
30	152
100	198
134	30
23	6
35	64
83	13
71	18
42	90
76	39
51	40
55	122
102	88
140	10
39	61
74	25
44	25
95	17
55	238
161	64
31	110
105	331
257	249
176	187
126	114
78	67
39	5
29	364
273	63
32	35
21	109
171	170
112	39
20	104
59	70
48	66
36	39
260	229
244	100
256	27
144	3
178	18
167	102
109	126
101	9
66	97
62	62
289	126
83	130
86	33
40	213
162	77
38	188
140	98
63	114
82	30
22	199
143	296
222	28
19	19
14	5
75	1
37	137
159	19
195	264
195	267
191	11
20	32
16	161
121	19
297	154
265	30
248	9
36	17
36	59
49	75
59	231
164	1
97	75
92	44
67	4
77	98
134	32
105	32
39	1
142	99
173	218
151	101
100	35
47	23
89	67
118	29
36	20
55	67
53	4
293	55
105	1
195	218
169	240
190	12
70	63
312	64
159	152
92	78
84	1
72	95
62	111
256	55
415	115
319	137
90	80
46	140
91	70
41	1
33	5
65	51
391	210
140	49
18	2
69	42
39	5
41	26
51	20
85	86
114	79
70	31
48	174
212	171
124	161
128	55
39	111
57	142
181	86
66	71
52	320
252	13
20	25
35	91
65	59
37	29
88	73
116	59
94	107
74	293
143	29
42	24
85	168
111	240
174	77
41	60
28	52
99	9
95	12
20	19
45	243
183	55
39	25
71	90
49	475
365	60
70	244
140	29
77	47
115	32
39	77
52	16
83	101
96	126
99	129
73	49
84	33
501	245
477	31
143	92
80	8
49	122
96	6
180	16
51	47
63	3
197	18
103	54
68	188
144	191
117	103
62	79
65	8
61	143
123	206
148	227
159	261
194	127
74	180
143	61
19	24
42	50
35	99
83	99
253	11
108	14
143	50
224	80
153	33
67	55
68	123
73	33
39	635
501	208
150	39
20	120
81	50
30	78
62	114
51	99
47	29
42	128
71	138
90	65
32	8
31	43
18	321
247	21
45	40
41	382
273	351
272	44
166	64
41	41
386	2
48	11
59	329
237	24
33	71
87	27
196	70
125	88
136	63
55	62
52	3
79	216
167	85
33	95
67	29
19	77
56	21
20	20
68	14
60	94
84	160
93	46
18	40
90	228
177	57
45	99
38	217
156	91
54	12
15	56
83	85
56	146
107	36
42	149
109	339
258	105
69	171
118	68
46	9
21	30
32	85
56	196
114	348
274	29
13	21
72	87
57	7
54	167
127	201
140	82
55	23
68	287
479	251
179	151
101	13
57	67
68	40
175	66
218	101
152	18
37	284
263	108
66	41
201	34
44	84
58	163
109	1
65	74
52	11
64	67
210	5
106	68
116	37
110	2
169	115
90	3
520	403
306	201
127	12
64	109
227	98
52	122
68	219
165	175
128	41
45	179
261	15
87	1
30	62
230	19
191	41
72	41
114	174
118	42
74	31
88	42
48	1
136	73
67	15
117	10
80	147
88	124
91	29
22	21
15	13
52	184
105	127
86	123
93	79
49	152
162	27
174	159
124	32
93	34
43	71
46	150
107	86
162	11
159	129
90	260
191	34
128	40
175	45
92	132
166	45
101	20
150	115
97	551
418	7
21	21
16	24
22	260
188	16
21	260
197	58
69	59
50	23
128	157
344	200
298	405
308	97
58	77
57	83
62	49
81	465
356	60
69	10
64	185
116	301
221	160
104	65
35	133
98	7
19	70
49	111
63	6
53	124
89	248
177	96
56	42
28	52
31	66
34	42
87	25
40	84
50	14
19	107
75	130
90	142
103	57
38	5
47	21
51	80
287	484
365	31
21	2
29	71
49	8
359	233
145	20
167	150
121	70
132	70
88	199
271	163
110	34
128	285
374	63
83	35
38	26
40	72
48	76
63	62
116	58
517	112
69	224
165	4
21	55
96	77
98	138
109	4
144	220
169	2
44	320
236	19
20	5
205	20
60	2
102	146
96	67
65	190
129	155
300	147
111	347
262	52
37	119
76	44
36	96
55	125
84	95
251	102
88	83
102	376
256	35
50	121
85	15
77	134
259	18
123	68
134	2
37	107
467	3
43	103
66	49
33	185
138	109
81	108
64	5
57	163
429	59
116	30
102	15
162	7
127	42
204	384
291	102
49	57
157	187
131	441
334	78
50	68
33	192
147	227
175	137
92	131
94	230
171	182
127	15
73	227
96	29
27	82
58	138
86	211
166	19
22	24
17	146
120	65
22	75
52	87
55	352
264	85
50	12
17	21
12	24
26	54
40	4
76	314
237	34
18	90
152	112
87	16
36	23
52	180
133	129
95	5
21	67
108	82
108	106
88	63
208	46
60	56
62	14
53	51
79	254
177	28
85	240
158	10
85	134
93	22
19	41
36	230
160	12
203	39
78	16
278	64
172	15
80	39
77	204
154	168
105	230
172	77
43	31
20	12
40	112
79	124
82	356
271	73
40	16
14	6
15	39
22	239
201	79
36	183
119	61
67	126
149	20
238	17
128	15
42	41
124	284
218	214
160	10
18	72
220	10
72	20
40	76
106	181
119	83
56	83
54	71
102	96
72	51
44	333
243	188
127	10
16	40
31	81
122	89
61	67
44	182
290	25
128	444
339	4
27	4
19	190
152	129
85	82
44	10
42	16
119	4
115	161
121	170
115	81
229	49
125	15
131	107
60	2
77	44
45	4
80	14
73	28
92	111
190	100
58	2
140	479
362	29
20	88
61	21
18	40
109	208
150	401
306	54
27	233
210	50
85	81
128	275
200	171
118	60
41	203
151	81
46	434
333	3
21	38
24	11
26	246
182	49
62	58
11	48
33	7
66	87
94	83
46	92
65	151
93	193
154	66
32	273
200	38
20	41
26	10
77	68
52	166
107	8
21	170
121	81
55	57
40	369
281	114
78	214
163	99
67	90
174	38
37	75
94	177
132	109
99	25
44	79
48	85
59	18
54	41
57	36
65	212
222	55
199	42
101	43
52	138
131	116
225	175
97	151
141	94
64	114
105	7
83	159
117	267
198	96
70	44
29	163
115	31
32	72
98	38
85	32
46	196
139	57
72	139
91	8
22	84
46	131
94	11
124	272
211	127
194	6
41	168
118	13
21	65
262	58
44	223
166	102
64	38
20	58
304	10
50	476
371	410
296	51
17	24
34	45
16	73
54	39
31	197
156	150
110	206
143	48
29	9
22	37
15	3
42	59
17	18
55	85
63	36
45	8
40	75
246	138
283	65
134	101
73	114
72	9
18	14
143	109
183	4
44	91
54	39
46	64
221	20
41	188
139	48
16	117
219	188
127	99
64	111
76	30
31	78
46	15
30	41
178	20
49	184
390	68
59	64
93	53
29	14
95	58
45	57
238	262
198	37
18	305
230	123
85	6
17	47
36	29
19	393
299	215
157	27
19	98
70	7
19	40
39	197
162	27
45	36
63	31
43	44
59	9
106	154
164	50
86	36
82	124
90	43
218	236
202	73
50	5
118	51
44	221
161	12
103	10
49	159
105	218
165	173
119	90
54	8
25	37
19	313
245	116
76	12
33	30
55	157
109	58
36	106
67	204
157	146
86	82
132	22
190	10
47	4
88	105
144	21
306	6
36	111
174	39
125	80
46	169
120	25
30	259
183	24
22	111
77	157
195	21
59	100
68	99
208	213
160	47
116	78
139	357
261	297
227	31
18	48
39	303
226	21
20	18
65	38
65	51
44	16
46	142
198	44
133	28
391	159
153	85
68	96
100	121
101	15
79	76
120	73
35	41
37	2
38	45
73	106
188	55
160	161
666	17
42	129
62	71
39	181
138	55
19	85
60	23
35	9
36	176
117	11
23	386
297	32
46	21
20	49
47	171
118	28
30	103
54	372
276	13
33	13
69	12
58	69
67	150
111	382
292	100
55	29
39	414
314	334
250	227
172	15
20	42
28	5
22	110
77	169
118	104
64	9
33	13
33	33
23	313
226	167
117	105
74	58
39	2
30	85
273	107
139	92
53	39
43	220
160	1
61	11
61	291
595	9
90	38
168	50
51	34
71	163
121	35
72	38
291	220
555	22
90	7
86	84
56	161
113	50
134	60
47	74
55	58
139	15
101	278
195	65
60	2
63	108
57	115
82	8
19	223
177	229
176	42
22	122
76	15
32	164
109	50
24	12
19	21
19	4
20	19
19	92
64	85
61	121
92	99
60	191
148	19
21	61
52	165
461	160
96	28
296	16
125	26
151	44
44	24
51	145
288	67
114	196
138	53
117	24
45	25
102	164
90	6
41	553
438	200
126	221
163	182
128	19
44	94
51	4
15	104
81	99
54	48
37	103
73	338
256	6
36	422
318	172
116	9
32	12
32	16
27	39
28	215
151	81
45	72
47	18
21	75
42	226
167	27
21	66
44	48
29	100
64	33
47	39
21	61
75	21
187	67
63	169
122	53
72	21
78	104
77	114
92	23
69	119
120	51
51	31
60	299
258	329
253	52
90	154
111	56
42	128
82	2
21	177
134	8
31	8
20	378
316	116
59	34
55	95
57	183
136	2
29	34
9	45
115	41
116	118
132	353
223	170
111	10
198	45
82	123
211	44
59	185
132	31
47	25
154	26
212	29
73	45
50	55
139	118
209	70
78	23
152	3
78	49
43	7
39	24
44	78
140	24
77	35
97	215
164	303
229	68
42	346
273	37
18	41
34	163
121	155
105	86
58	16
18	42
31	139
135	9
127	239
181	319
242	81
58	173
127	97
66	28
15	103
96	13
133	12
41	17
230	66
195	150
119	87
105	214
164	157
106	145
103	62
38	49
19	94
384	185
240	67
153	53
63	182
130	36
18	18
38	46
131	51
236	333
245	6
21	135
98	197
159	52
35	10
366	88
54	127
85	43
54	5
34	20
278	108
64	54
97	58
58	107
63	45
121	251
324	198
129	361
267	116
72	67
39	157
133	12
32	18
36	182
127	31
18	35
12	43
29	89
192	64
121	64
111	73
231	287
212	27
33	90
54	383
260	72
34	447
484	162
16	209
113	22
20	85
60	36
20	83
57	62
38	13
24	404
329	313
221	115
72	161
116	102
62	17
43	18
29	60
39	14
31	5
64	182
130	24
107	64
48	504
391	65
30	8
63	112
141	93
80	69
46	38
58	13
83	228
169	51
42	55
70	188
132	140
96	1
17	35
35	137
93	142
112	58
33	321
242	69
34	175
128	260
197	390
295	206
159	15
30	53
48	87
43	126
85	49
35	34
42	10
41	118
102	77
48	7
106	151
80	160
84	240
175	49
35	156
100	99
56	25
14	29
25	147
108	105
74	7
17	34
25	103
73	55
43	322
237	61
36	23
34	106
62	223
166	22
19	61
39	46
28	18
19	21
20	57
38	6
23	73
43	54
49	29
54	200
134	167
117	75
49	90
62	35
48	231
166	20
19	28
122	25
103	8
270	72
49	43
253	147
113	100
66	71
46	178
123	2
19	39
84	374
276	4
20	49
40	290
223	22
46	153
108	14
21	42
25	13
21	51
39	73
83	176
104	17
54	84
61	43
252	78
92	304
230	91
87	22
71	88
66	26
57	66
45	66
38	41
41	138
102	69
282	184
123	161
110	231
180	123
89	1
19	7
25	28
47	293
195	86
64	56
80	20
58	128
83	410
316	17
24	8
62	6
88	111
102	21
32	98
60	77
31	12
32	290
226	32
22	117
84	97
63	82
105	250
186	106
80	148
91	3
41	32
108	3
188	182
122	73
221	16
88	254
168	106
74	61
35	15
20	82
47	98
67	47
113	149
99	131
91	44
20	217
176	109
48	167
316	92
71	57
81	138
83	255
183	155
143	15
69	27
92	218
233	52
53	142
77	46
145	51
88	18
114	157
87	113
67	47
27	6
116	23
117	78
77	4
59	208
148	20
27	110
61	89
182	6
157	15
258	163
107	131
85	52
29	68
28	164
125	96
63	73
62	142
99	102
102	79
53	51
39	186
134	158
111	32
16	71
48	73
40	104
62	11
233	18
219	39
92	29
47	208
148	51
185	1
81	8
220	68
22	114
69	200
143	451
340	92
68	14
18	25
41	206
153	26
20	91
51	9
19	111
72	260
203	123
65	47
32	107
76	27
30	30
59	188
109	94
63	157
107	7
15	30
25	201
155	99
62	55
34	226
169	65
33	126
91	131
92	189
137	414
321	147
118	9
20	39
40	7
21	16
16	418
332	48
22	39
20	139
105	58
75	32
41	383
281	29
28	38
41	85
49	138
94	80
53	225
166	127
98	127
69	18
18	90
60	55
31	63
35	207
138	98
55	131
102	261
199	44
63	138
39	20
79	102
56	40
34	10
35	130
83	119
75	28
19	18
46	125
75	115
83	16
21	144
100	10
16	52
37	36
29	130
87	409
308	31
37	182
117	50
86	18
52	95
110	113
118	24
44	109
74	92
58	320
241	27
287	38
71	214
176	91
48	114
65	113
76	24
81	3
59	10
60	548
421	77
47	46
76	278
189	21
20	29
31	43
51	112
80	16
45	33
29	57
18	6
39	15
44	48
63	306
227	15
21	34
69	66
45	81
54	62
43	13
44	217
154	28
42	31
45	7
37	152
107	88
63	34
20	153
111	5
19	124
118	14
38	70
105	180
134	223
158	39
18	89
60	80
54	58
40	16
250	188
193	40
36	49
133	120
79	91
57	4
33	93
64	74
21	88
72	2
146	430
300	43
35	515
402	161
107	171
111	142
693	50
24	83
43	10
22	78
45	267
191	43
29	248
180	43
44	51
32	58
34	99
63	37
20	172
129	9
28	96
66	260
189	101
57	146
108	48
21	131
101	357
275	7
32	88
52	33
128	49
77	19
107	258
167	125
73	4
145	22
78	135
89	144
83	133
103	95
61	40
30	152
96	127
63	202
161	183
119	171
134	226
158	128
93	146
100	65
46	182
121	22
21	107
74	163
123	38
18	58
38	80
57	205
286	21
44	191
159	40
43	555
419	54
35	103
68	111
63	36
16	118
92	149
110	259
204	1
16	92
61	264
207	33
16	57
40	104
82	155
112	16
20	120
83	23
30	43
58	17
31	495
385	85
48	38
19	38
13	89
74	355
269	90
58	120
85	46
40	222
159	114
80	111
67	26
45	97
63	53
21	24
34	12
18	59
39	9
17	22
13	56
121	55
44	64
91	46
110	188
137	8
20	5
108	30
34	36
52	142
75	31
88	94
99	2
38	17
248	71
95	51
51	250
149	82
57	128
81	248
191	146
95	124
69	185
144	78
54	44
20	53
31	27
19	115
83	152
104	19
21	67
44	51
224	43
40	14
100	112
77	36
42	133
85	301
318	72
82	10
91	26
33	171
146	16
106	16
126	205
146	172
469	157
96	31
31	9
61	38
38	216
161	125
81	35
21	37
65	122
284	11
41	28
98	97
242	86
145	283
209	74
49	3
20	94
51	58
169	61
73	226
171	43
20	29
17	104
236	10
46	97
46	17
60	227
166	103
64	64
100	2
44	32
144	28
207	117
156	148
95	45
30	114
77	6
31	188
136	15
175	337
251	4
20	41
32	183
123	64
44	74
463	33
159	51
44	36
140	39
45	40
128	35
110	7
112	42
43	126
119	51
303	65
43	54
100	62
39	55
81	38
315	12
83	28
64	11
49	44
66	38
132	67
83	43
46	154
108	30
28	38
96	154
175	259
342	159
122	147
100	56
89	29
114	8
38	5
295	145
101	87
56	9
28	67
92	183
137	57
47	105
58	129
94	146
98	314
242	31
28	73
64	76
21	16
17	10
18	1
19	446
355	1
21	5
22	101
86	214
150	15
45	9
18	8
84	45
122	280
200	44
19	46
213	40
107	291
214	192
145	260
196	23
21	71
46	216
170	15
28	8
19	81
39	149
106	171
123	15
34	115
73	153
128	233
172	49
29	63
30	54
45	136
105	56
32	28
33	12
90	20
28	51
57	54
41	42
288	95
89	52
54	126
249	4
160	30
38	76
75	54
67	61
37	3
86	60
63	41
50	116
78	32
141	15
135	181
120	25
46	26
102	37
85	40
102	52
113	258
170	35
65	513
623	37
14	7
155	27
15	19
58	212
14	221
14	133
14	107
63	20
158	57
32	218
144	306
225	13
101	166
127	73
63	79
68	109
57	6
31	93
62	21
33	3
31	9
58	173
62	9
297	4
142	88
104	97
139	138
78	62
70	10
170	32
39	64
72	14
171	86
53	29
30	40
37	183
122	134
91	101
320	114
186	87
75	117
68	93
62	185
131	6
32	291
211	266
201	123
88	135
101	195
136	46
20	61
42	353
281	178
114	351
234	96
62	184
139	93
59	94
56	41
19	36
41	137
134	63
28	133
104	21
78	29
59	38
52	281
217	56
31	43
88	170
123	69
65	25
70	143
111	103
64	355
282	7
47	178
116	2
126	454
342	56
32	67
31	14
14	11
25	43
379	51
40	2
139	360
279	188
124	138
103	9
29	134
120	26
82	86
41	36
49	15
185	1
37	74
164	46
72	248
145	280
207	28
27	15
32	34
405	111
95	106
55	59
102	137
153	43
57	18
119	277
172	102
51	97
135	117
99	18
73	10
73	1
239	57
91	82
50	33
78	21
23	293
225	173
107	33
307	10
71	69
43	95
253	20
223	334
260	70
52	44
59	76
112	79
229	113
60	9
85	49
307	292
188	128
112	30
20	183
104	44
91	42
266	55
194	92
367	78
117	34
303	427
315	202
150	467
358	192
144	205
145	84
51	154
117	101
68	106
63	89
65	145
96	98
66	69
32	13
14	2
26	134
100	90
60	103
150	15
57	97
75	190
184	21
103	97
138	71
220	165
180	90
73	29
133	101
528	183
376	92
78	35
86	162
115	31
73	98
69	398
316	12
22	50
109	124
111	104
157	55
43	77
271	27
105	201
133	1
35	118
69	62
32	33
30	38
308	122
88	18
97	44
250	21
86	37
80	27
310	38
134	27
61	237
172	67
135	102
61	59
40	43
52	57
84	55
60	36
88	2
135	38
38	46
45	137
84	84
44	67
53	29
129	125
87	119
78	89
63	165
117	114
78	32
34	41
87	90
590	45
140	127
84	40
109	7
31	136
64	50
19	17
166	103
373	76
20	29
89	53
31	5
68	366
233	2
41	411
327	13
35	62
39	12
59	96
54	59
14	2
26	78
66	61
40	95
61	112
24	24
218	40
49	54
65	96
105	9
32	41
55	10
96	92
233	105
60	158
106	146
103	9
45	198
123	56
138	54
66	56
171	21
62	360
276	11
26	82
110	339
257	91
120	127
70	115
76	34
41	79
55	1
26	63
15	149
135	208
117	109
62	24
20	40
264	50
143	232
165	42
130	113
92	250
179	43
56	95
44	96
183	192
141	26
238	16
80	88
70	31
86	7
65	65
66	214
277	42
48	38
50	17
58	158
153	42
114	485
361	24
23	113
76	18
17	35
13	131
97	42
30	20
166	58
37	48
39	324
248	15
19	21
63	82
69	132
55	39
110	247
139	57
225	68
219	64
76	24
61	83
117	133
265	97
52	64
42	148
110	12
22	13
75	130
298	91
104	140
103	27
59	32
49	29
61	6
224	35
41	290
223	236
166	40
33	124
73	189
125	279
229	130
84	19
30	66
32	125
87	7
36	47
33	54
21	2
43	10
34	28
32	356
263	102
66	82
58	74
110	65
43	197
238	35
64	27
43	4
114	216
154	921
725	4
57	50
22	44
19	159
119	76
57	40
36	57
37	18
43	224
149	128
74	87
68	91
43	277
214	191
146	6
17	112
72	138
97	152
129	82
21	120
68	29
20	203
152	40
21	105
78	112
71	243
182	60
29	55
65	128
87	51
32	78
51	224
171	418
314	118
80	44
29	78
67	322
237	7
34	21
26	66
75	154
97	24
115	28
104	32
40	26
103	52
710	138
105	36
204	68
107	180
109	181
116	107
64	168
118	38
23	213
160	108
60	138
97	17
19	189
141	3
20	15
25	94
60	15
19	206
169	95
45	143
120	136
82	161
115	18
33	6
42	88
44	39
19	14
56	167
104	236
152	97
62	169
105	15
424	256
26	220
15	44
59	55
36	11
58	23
30	24
50	6
51	86
41	3
86	28
98	262
155	13
71	38
21	21
14	84
194	8
106	312
192	285
194	37
139	103
169	87
121	17
108	11
67	35
382	98
108	28
144	80
215	45
183	142
101	117
55	16
198	23
59	96
60	47
55	45
49	62
51	14
53	68
79	126
78	49
21	64
46	37
97	68
117	34
66	110
180	1
34	174
145	128
89	232
165	50
40	25
36	20
55	49
36	14
28	78
40	7
65	289
209	131
85	84
51	224
163	69
43	471
360	235
168	65
39	89
57	165
127	114
66	43
33	153
92	128
87	6
17	22
14	45
27	48
25	23
33	51
21	17
41	106
60	9
16	366
287	3
21	48
34	6
17	5
42	105
63	52
31	21
14	86
200	18
438	86
80	56
73	30
230	89
63	8
135	429
337	54
18	26
25	565
445	49
20	3
27	12
17	13
31	147
103	69
42	257
189	57
22	36
18	11
17	37
42	391
307	219
189	135
48	119
69	218
170	9
18	139
104	27
18	26
26	90
71	114
65	95
100	365
265	19
40	13
136	76
70	71
48	256
182	79
107	157
73	66
275	110
80	71
67	13
127	352
226	44
69	47
21	77
55	184
114	9
20	31
76	211
119	17
46	80
38	3
32	35
39	6
25	148
103	151
108	136
86	17
19	214
160	68
45	60
44	15
89	60
40	75
42	189
139	91
180	49
67	12
179	88
49	450
348	69
33	98
60	2
30	298
223	350
298	144
79	89
53	30
18	105
75	4
66	27
21	28
224	70
81	830
584	56
68	38
61	77
41	98
62	57
46	443
292	47
37	48
34	116
67	67
65	2
57	39
21	8
114	71
84	143
91	4
20	18
28	68
37	9
19	105
72	131
100	22
21	8
27	158
106	208
152	150
117	164
101	40
19	58
35	1
23	116
82	9
68	71
67	19
102	134
136	53
188	202
282	126
138	75
55	45
124	169
105	82
46	42
120	279
203	106
65	10
22	46
25	98
70	26
20	38
45	160
109	1
17	258
199	111
75	12
33	110
60	14
21	17
16	72
115	160
95	31
29	124
111	112
57	15
22	50
46	15
52	37
63	203
144	112
73	212
168	163
124	64
58	306
213	80
74	25
602	68
160	218
143	27
46	56
51	212
138	278
201	82
43	40
22	294
235	72
24	312
241	43
64	61
69	44
37	122
85	87
50	73
48	173
370	44
42	14
42	16
225	82
38	8
37	7
115	9
181	72
45	83
87	18
44	90
66	83
261	63
50	97
55	58
106	52
38	299
223	7
41	97
55	120
172	6
38	8
60	29
75	168
113	122
69	438
356	78
29	262
448	123
68	196
107	172
81	54
25	19
40	20
21	210
149	59
57	61
36	12
96	14
189	77
209	48
165	48
76	105
55	61
482	27
39	77
44	37
33	155
118	199
130	282
211	54
34	24
14	48
218	227
461	111
79	230
172	26
188	271
202	218
157	39
50	8
38	35
287	69
69	184
115	125
312	262
22	56
19	190
91	194
92	13
20	16
67	59
28	109
78	111
95	12
38	51
264	128
62	89
59	19
84	87
75	237
185	121
95	114
72	65
60	182
138	146
94	258
239	105
31	91
38	33
21	17
34	2
16	17
141	18
55	152
73	38
551	77
41	69
141	83
128	179
128	409
310	39
33	41
22	22
18	27
18	14
50	50
177	43
237	8
104	204
167	101
146	32
223	60
62	16
56	43
52	83
55	209
155	2
44	35
21	3
48	97
49	7
110	26
116	18
111	159
108	135
81	129
98	95
90	205
154	64
42	206
149	246
1078	6
15	60
13	378
157	19
33	394
296	58
31	13
79	55
84	77
58	288
217	32
18	11
12	76
104	404
317	115
74	191
150	212
148	153
114	20
30	72
44	327
248	5
20	106
89	11
21	51
29	1
28	122
115	148
94	275
236	147
61	77
47	79
138	206
149	270
188	25
34	109
67	19
122	449
368	131
75	16
194	295
228	42
79	163
137	146
65	42
40	151
300	120
89	130
70	56
108	49
151	14
118	99
80	139
88	47
264	643
500	169
115	12
21	2
28	194
128	208
140	61
44	31
40	140
88	24
20	171
129	100
59	229
175	242
182	34
30	23
20	34
15	140
106	69
41	108
81	26
82	53
96	1
235	18
59	48
312	55
73	71
77	4
69	69
36	89
66	55
66	176
111	11
141	12
91	25
92	106
71	216
157	4
28	155
145	75
123	66
32	74
213	109
61	99
225	51
190	293
207	83
117	70
101	99
248	49
47	106
179	1
91	38
45	30
53	69
295	49
172	96
128	229
283	145
101	70
164	33
84	160
182	328
253	34
34	203
128	9
19	104
63	1
14	7
115	38
252	45
132	359
258	95
60	29
39	62
107	156
118	90
62	97
85	65
192	308
209	8
48	35
189	70
211	2
61	103
78	62
49	28
75	9
95	257
168	157
163	197
116	43
263	183
273	80
101	1
103	1
79	11
51	21
66	32
53	143
87	118
81	50
28	35
38	38
130	36
54	10
102	26
78	59
76	289
220	156
104	248
169	1
18	61
38	46
107	187
131	84
52	58
33	81
44	50
133	31
53	65
111	24
65	102
60	294
238	93
35	20
137	29
63	203
303	30
58	89
58	142
239	14
150	178
101	226
169	110
125	449
324	151
92	1
47	198
105	75
63	208
148	134
76	61
33	190
145	8
21	114
86	54
64	132
79	12
43	117
60	266
241	703
498	106
66	91
64	18
19	197
149	88
70	143
94	15
18	228
172	82
66	236
171	227
165	69
31	32
19	249
195	79
54	31
29	478
376	56
64	47
47	111
86	277
271	105
63	60
63	97
38	166
108	540
406	79
44	8
63	13
55	37
117	16
43	263
200	4
34	18
39	46
31	45
40	289
207	25
59	83
37	7
29	1
23	12
38	39
187	218
140	106
63	12
53	135
93	35
100	20
104	229
142	227
152	63
37	6
150	95
58	245
185	90
60	95
66	140
103	112
66	65
40	262
200	99
56	71
47	22
19	2
26	5
31	187
112	9
68	54
60	38
66	190
124	12
16	136
96	448
343	101
77	311
238	62
35	38
20	74
46	329
257	73
32	86
60	9
17	151
118	216
158	18
35	4
66	8
23	110
69	11
152	44
134	139
114	105
63	92
148	195
143	57
21	94
79	21
185	59
78	24
49	184
123	196
154	24
20	45
385	133
328	11
251	140
241	82
107	25
43	16
59	28
116	48
57	65
53	53
43	30
51	76
134	13
86	199
142	63
39	49
17	45
72	137
99	153
111	213
155	69
51	21
19	227
158	190
137	25
47	42
22	224
159	82
87	52
22	132
66	20
22	221
173	73
80	13
96	15
350	50
80	153
94	61
72	59
21	19
71	9
46	108
198	27
80	129
231	1
26	54
15	109
60	34
54	128
85	34
246	78
61	35
104	29
134	116
100	1
128	46
144	22
121	55
203	99
68	82
49	74
93	126
412	6
143	46
62	362
262	7
23	16
32	165
110	164
111	387
287	25
50	79
46	37
52	65
48	266
198	173
128	170
107	76
53	252
158	180
123	15
48	60
44	125
81	43
45	13
33	67
51	12
47	7
43	60
23	92
60	124
98	203
140	34
35	49
34	230
162	47
29	5
21	35
42	95
56	268
207	402
308	95
58	154
101	62
50	37
46	80
44	47
20	45
38	245
182	79
48	47
19	86
56	67
46	56
49	119
80	252
200	167
109	341
255	53
44	30
29	36
40	144
181	39
354	45
60	41
21	175
125	79
268	248
180	6
21	62
110	68
253	175
118	294
210	78
69	258
181	9
20	16
16	45
29	18
52	43
50	152
105	97
66	69
35	24
34	534
399	24
29	204
149	154
114	103
55	61
34	200
163	66
37	33
40	24
16	33
91	153
99	152
92	39
45	40
24	139
102	273
206	6
73	84
52	333
223	111
82	46
40	306
221	69
43	55
274	154
252	5
101	170
128	13
57	73
47	84
58	41
47	50
31	18
50	94
55	15
52	43
26	46
16	21
77	7
418	27
150	109
73	213
153	12
19	211
166	123
101	126
58	13
68	14
243	12
59	27
197	223
153	39
17	7
188	28
221	288
222	3
20	210
160	52
24	45
34	139
82	264
180	40
22	178
150	452
314	34
29	398
291	112
59	153
105	51
49	141
91	35
33	16
22	32
37	94
63	132
90	28
47	16
22	39
15	11
16	69
48	5
63	265
139	182
143	29
82	62
61	77
142	224
157	83
104	69
189	16
43	55
59	44
63	41
20	2
58	235
168	35
34	10
27	9
47	88
134	8
88	100
167	79
125	102
62	164
171	318
231	446
340	76
42	50
27	18
14	122
93	47
20	5
30	354
277	132
83	67
43	92
65	97
78	146
107	50
20	15
29	30
21	145
109	36
21	8
123	120
70	209
154	159
120	42
20	25
46	39
52	103
299	53
37	9
57	9
61	69
52	151
74	212
150	54
136	94
114	22
62	50
49	185
189	468
362	74
40	1
22	148
125	163
111	191
145	31
19	13
24	49
99	91
111	103
56	52
189	255
202	41
19	38
47	17
170	95
59	111
58	169
227	22
71	81
65	130
78	3
31	112
81	152
90	387
299	28
21	32
15	36
192	3
60	14
39	35
257	173
150	71
135	253
186	62
28	44
80	66
49	58
167	61
52	93
56	49
309	150
94	73
120	5
107	77
126	92
52	88
75	123
83	9
24	218
159	22
230	75
414	90
76	124
83	134
166	105
56	83
100	45
78	147
173	35
75	41
75	204
186	57
30	48
116	13
66	21
21	144
103	73
45	150
104	145
97	187
146	27
40	84
58	5
43	82
45	297
229	1
50	267
197	63
33	17
55	38
38	10
70	3
186	116
68	24
59	33
31	95
53	96
157	109
68	112
208	272
237	206
147	176
117	2
198	48
103	151
152	13
308	103
62	50
118	292
220	32
98	2
135	302
217	21
52	162
115	21
20	21
29	119
81	4
55	5
44	109
72	113
74	4
31	23
40	8
60	316
221	53
17	57
48	136
107	247
181	176
124	213
166	143
96	59
37	86
46	33
48	65
48	89
47	22
41	19
60	35
55	26
66	101
63	52
90	19
180	54
116	59
52	53
64	129
261	136
103	141
96	30
19	19
111	154
93	15
45	155
150	52
64	44
36	5
65	116
86	34
149	62
59	77
105	87
77	111
81	110
70	194
139	77
59	38
143	157
115	82
92	6
155	43
53	434
329	29
46	217
136	64
226	157
129	167
174	46
139	22
150	85
50	233
249	10
110	145
266	156
93	194
150	93
46	385
282	66
91	41
46	106
87	87
181	158
244	58
52	432
327	317
236	38
28	26
63	2
116	622
477	178
131	48
42	97
60	187
144	7
17	361
276	91
55	17
23	53
31	56
20	24
23	33
49	228
161	153
110	103
67	101
