0	30
4461	99
1609	27
1062	80
5262	13
3235	138
104	124
137	110
313	97
743	21
88	4
1009	88
168	50
1163	68
222	325
171	144
176	53
71	19
105	100
841	10
782	6
11434	385
467	20
1680	135
789	23
3508	72
1965	23
2529	91
4062	156
1574	379
1054	227
1199	92
117	132
590	8
186	159
600	57
148	260
127	20
1761	127
93	22
146	110
150	61
1301	43
297	8
1243	127
912	131
333	91
514	132
290	320
1584	121
3997	15
133	47
350	57
665	157
1643	68
105	79
312	98
42	86
1395	285
607	27
959	83
216	185
1679	358
834	27
814	277
136	43
1748	12
2114	180
4027	87
411	135
305	86
990	24
459	59
2199	54
107	35
99	3
491	13
271	360
358	207
407	72
269	219
369	6
2643	31
231	109
1487	8
2798	19
1750	2
1465	132
839	8
753	68
865	58
2272	179
133	190
131	29
1929	43
74	628
132	125
1877	110
466	278
1332	125
852	66
373	114
636	16
430	80
1125	258
281	35
645	132
395	60
167	60
2405	69
1567	5
2617	7
763	189
678	51
216	22
1247	9
1863	254
888	35
1443	145
87	35
1351	3
1392	28
436	36
196	97
1126	17
643	83
860	177
1747	57
1052	6
251	147
679	34
2267	18
600	110
264	98
1390	35
1378	16
1493	148
96	57
1179	102
522	2
125	111
2094	35
2645	279
3406	3
3694	120
336	124
526	333
249	40
245	94
513	313
935	31
686	402
336	7
101	102
303	152
570	33
885	98
1186	118
1038	131
265	14
1846	22
409	164
1199	340
198	49
1145	260
116	231
107	139
91	91
1353	20
1317	122
930	5
501	168
1036	10
1366	191
1055	254
215	111
879	324
1182	186
1122	103
144	55
720	166
858	155
628	147
1566	57
1144	196
561	15
524	14
209	1
119	68
371	277
321	12
931	89
147	179
58	33
2236	6
481	170
394	54
965	33
1635	78
1158	34
3062	1
76	473
3761	241
1293	93
41	43
1595	91
1210	87
248	632
469	43
534	67
161	88
118	19
154	12
63	99
1062	8
146	40
235	68
707	6
241	12
154	47
740	39
618	39
92	150
3450	30
1115	298
564	142
754	5
630	24
3014	69
954	26
567	130
2345	56
570	86
1205	69
754	193
1080	81
389	83
61	22
884	31
204	420
2779	90
3691	163
71	7
929	320
310	100
366	5
156	116
189	55
354	67
205	126
972	39
863	37
1526	187
107	50
722	14
1155	196
976	59
1288	122
165	128
518	75
684	443
3265	149
399	98
575	33
750	56
1209	30
48	55
81	10
809	93
1645	82
110	79
421	340
276	112
57	53
3508	60
201	308
826	217
1589	325
1463	24
2411	29
24	14
1453	49
159	114
628	74
60	357
1875	79
672	130
925	393
270	24
830	28
550	113
82	241
1421	31
59	18
198	125
124	226
1376	31
119	17
168	175
471	69
1816	220
904	59
25	74
605	20
317	45
814	54
227	56
1060	125
3121	44
308	4
1595	5
352	3
115	17
52	51
732	173
672	211
559	263
181	26
187	19
1447	66
688	151
1736	190
1190	24
170	172
1173	36
1097	24
585	39
913	20
703	245
159	115
326	22
1612	41
333	112
1064	99
236	93
542	187
647	204
1739	40
2449	48
919	137
580	76
742	379
1281	6
83	52
601	21
59	26
442	10
1176	268
682	56
284	204
821	15
1265	89
1322	36
771	93
536	28
1601	9
756	107
319	26
714	59
835	46
361	11
3420	69
580	110
160	90
1956	324
663	69
117	116
426	142
2096	98
620	154
101	201
140	656
652	39
770	162
1099	112
508	115
1269	20
3157	44
722	523
405	94
76	29
31	113
436	13
924	19
1041	319
409	115
1415	32
282	28
1282	15
936	44
200	35
811	93
856	118
692	29
298	119
673	278
214	48
1913	162
1639	4
983	36
94	39
131	151
206	91
994	108
956	113
521	17
1050	55
98	299
226	77
1041	43
306	277
2568	24
255	86
593	65
1274	63
1559	96
96	13
1043	200
481	33
1070	58
434	92
161	84
906	333
1102	43
486	159
807	344
651	24
1173	11
1997	36
1074	48
436	330
1455	74
275	101
1675	88
237	23
290	112
680	30
318	10
420	376
846	105
496	44
1585	164
661	18
939	59
2373	97
953	11
3283	101
3359	49
501	185
935	29
654	164
458	265
1841	12
1306	84
1278	41
1611	267
482	123
364	21
524	1
126	134
135	46
121	56
279	18
1705	52
596	37
411	73
334	63
515	153
1121	127
1173	76
131	154
756	153
809	16
259	34
154	49
1203	83
1824	29
776	170
1597	86
557	73
534	18
1962	16
858	209
158	64
129	69
2461	52
700	98
331	7
1254	703
842	82
2538	30
3381	118
960	67
758	594
442	56
496	38
911	96
497	24
119	200
1516	357
871	114
107	22
180	55
224	21
198	115
2089	3
636	66
198	10
1032	50
1824	67
53	94
443	85
508	99
771	73
1424	56
389	86
851	3
2595	30
1243	243
475	219
1918	24
1091	9
117	12
2221	20
512	60
1001	181
233	39
1043	158
97	192
1340	381
1080	9
777	16
163	108
1962	209
4611	123
85	523
393	123
648	66
1104	22
1460	35
1085	10
2757	178
138	244
161	65
200	22
347	41
517	140
224	151
622	69
89	49
820	43
701	43
341	40
1767	77
2214	10
1933	23
349	49
253	103
859	98
416	44
1619	50
127	57
198	62
279	29
1001	15
499	6
61	153
111	63
396	1
4279	168
119	30
169	242
729	11
1170	4
1850	36
976	245
1037	22
1603	62
273	151
170	78
60	185
227	92
605	21
173	74
148	183
341	298
215	19
1498	35
211	329
1007	177
368	40
1633	18
240	11
630	171
1424	451
272	17
214	16
1335	123
105	27
1412	2
833	13
936	4
774	122
74	16
333	45
1096	22
2314	31
374	46
191	2
478	51
126	169
1740	49
113	102
470	31
2246	51
3054	68
1284	130
350	107
497	432
463	263
476	8
3052	121
346	123
641	6
1075	282
3162	126
1774	34
136	75
131	20
3199	69
4152	150
135	1
854	63
613	63
47	60
467	266
1059	18
1478	158
1302	202
752	36
2266	29
2607	14
298	139
267	196
2932	114
2170	47
2900	4
635	7
1134	291
470	37
201	76
1798	6
2511	77
127	16
2869	13
134	10
173	100
199	14
3005	389
322	10
305	174
428	195
902	106
367	181
333	88
147	39
142	268
310	18
431	134
2194	95
922	19
307	12
745	125
367	60
273	1
1382	177
1439	122
197	98
579	90
199	71
377	29
2871	80
116	206
4433	158
574	2
357	2
4252	58
494	16
770	102
770	235
228	265
185	151
712	34
1257	133
416	78
1325	20
676	132
1016	20
1163	181
1207	23
232	34
159	80
202	62
165	6
1253	80
315	525
1902	66
1613	155
848	50
200	10
1527	223
506	47
455	335
247	20
1534	44
1432	45
284	141
691	4
868	7
357	82
476	135
1405	146
260	124
826	17
789	86
703	84
3790	128
76	17
805	32
486	507
403	351
372	148
1821	99
3385	170
139	191
1740	38
950	31
620	170
706	119
322	30
211	123
275	222
521	33
43	35
885	10
46	101
502	15
1138	109
1685	6
1051	30
255	7
661	55
977	273
187	41
44	6
1261	222
804	45
3008	90
643	35
2646	24
1440	102
431	68
388	428
5910	8
3517	61
459	147
700	49
817	18
208	90
789	24
300	29
247	103
894	310
468	67
341	10
542	161
372	212
146	130
92	125
1139	29
118	35
623	141
308	4
611	64
1043	54
602	161
121	45
346	15
2898	60
512	109
156	91
1409	21
653	37
1458	118
1993	41
91	92
196	57
216	29
279	79
2453	24
1348	25
1133	5
1806	71
525	65
396	249
739	223
118	136
1611	11
673	61
2070	17
1036	29
414	291
237	14
353	21
280	85
880	232
503	17
876	15
194	31
590	5
661	148
3436	30
269	108
21	185
1726	314
415	70
151	39
1400	83
83	29
1021	75
613	683
1512	31
512	170
2661	19
694	26
1547	11
388	146
634	66
189	21
636	54
1683	297
144	23
30	33
1061	156
627	37
1223	239
381	58
72	102
247	202
193	159
1090	73
1164	53
1019	27
533	206
412	26
315	157
2056	156
101	245
762	266
196	159
214	138
594	95
2184	38
733	10
1408	27
594	84
1554	6
229	197
581	96
318	187
393	20
490	20
376	134
70	74
1515	56
338	63
562	57
2138	51
304	2
2013	16
2789	277
588	13
1064	42
627	137
173	95
641	191
969	71
103	260
1337	82
88	239
622	88
449	60
245	65
1444	12
60	35
1243	144
133	263
924	107
271	40
193	19
885	288
186	60
29	19
578	19
182	65
1040	3
445	467
1153	234
350	83
1490	44
870	124
1740	101
226	54
72	275
1604	65
612	24
453	56
1164	11
165	110
816	108
1027	48
497	322
1347	244
737	95
727	112
350	111
1576	48
320	7
205	218
1126	22
1520	112
432	55
221	38
334	328
3120	13
213	5
964	23
816	226
1671	98
275	23
983	15
1367	84
34	9
665	143
132	17
745	64
191	64
675	129
255	10
792	290
200	35
822	131
1066	59
514	102
3742	194
145	239
624	30
2399	176
507	55
354	47
507	50
681	312
1778	14
1570	138
386	117
30	291
2688	95
597	148
1480	46
1340	118
556	2
424	286
338	186
119	5
84	65
784	23
213	122
120	217
149	188
439	48
1434	315
2126	160
170	74
701	188
997	64
1959	13
1296	19
132	28
704	134
170	229
566	46
54	256
725	40
2102	32
393	90
1174	48
888	99
203	155
663	2
1947	57
24	13
1319	13
104	194
1803	39
948	13
589	51
434	45
65	53
1276	158
496	22
3154	122
349	63
755	231
2070	14
1189	85
461	91
138	7
1636	23
3680	12
79	40
1220	85
656	102
312	52
748	97
176	22
126	203
2031	21
825	103
799	86
1032	27
87	41
1722	29
124	37
428	65
464	235
2620	229
250	144
527	12
583	25
123	107
1436	88
1972	94
2209	45
39	35
39	254
182	272
383	98
161	60
1397	23
83	434
1216	38
1300	138
589	191
3650	1
1138	123
223	35
1225	104
245	194
1014	6
1532	42
89	314
224	18
1361	21
258	243
164	128
414	14
546	268
2046	90
1503	157
154	113
102	30
264	8
132	23
84	134
601	444
917	111
279	85
638	6
334	25
133	149
2162	51
201	224
148	293
782	211
1420	62
1265	39
1943	136
73	101
4090	91
606	132
1920	20
111	27
536	397
282	393
618	19
740	26
327	88
955	24
1060	7
90	86
634	325
244	80
359	125
312	92
1474	209
1054	108
548	8
1584	91
151	158
537	39
97	21
271	56
1070	119
71	61
242	37
180	4
405	39
1250	16
145	46
498	127
78	167
535	182
462	56
2445	128
66	119
276	179
1185	15
671	4
68	91
627	71
2377	130
948	191
1035	39
120	49
1106	7
744	347
258	80
26	114
108	512
1943	62
3494	75
709	115
1434	78
66	48
790	142
566	36
454	113
94	34
38	155
364	39
186	23
1484	142
734	207
1278	12
347	58
251	152
185	24
416	76
1347	339
1327	57
218	6
445	377
1445	20
1185	3
147	32
444	5
182	222
467	37
336	81
155	55
49	66
357	51
1430	4
235	24
233	48
545	55
143	116
2146	275
855	46
1651	17
582	17
277	79
3408	138
310	66
876	165
85	19
945	365
257	50
665	150
575	90
1278	186
1148	12
324	49
1408	130
567	53
921	95
407	197
313	151
809	101
90	105
886	137
974	76
672	22
639	130
153	15
275	94
1365	227
1409	49
1604	38
263	25
130	64
1234	242
258	37
2102	134
452	5
95	99
358	98
368	177
438	116
224	152
3082	22
84	246
2205	213
820	7
387	67
102	298
257	86
72	48
1399	1
1535	4
38	29
315	113
1392	162
814	354
259	127
2330	310
413	53
1585	34
78	163
563	58
3635	107
58	56
196	29
799	187
124	46
535	6
1019	157
2747	103
950	21
2710	135
1001	122
25	77
798	98
228	60
1132	39
621	97
934	73
41	51
893	42
296	98
3497	25
1940	244
1598	75
237	88
1190	12
664	74
169	34
743	50
432	76
432	205
1908	139
1189	97
226	226
168	19
1108	31
770	51
1462	41
40	341
249	114
990	135
43	16
4059	81
38	142
17	18
18	137
973	110
50	32
18	56
3653	95
40	14
63	345
247	45
30	131
143	54
32	105
32	19
26	364
1103	8
1331	184
531	3
1130	83
115	61
627	105
733	296
204	128
130	252
303	10
1245	51
1644	5
1098	45
577	188
153	79
1371	271
1136	87
286	44
1022	2
515	52
363	243
295	203
200	125
42	59
136	127
779	52
563	104
2010	184
472	154
1373	24
3310	168
766	8
1487	59
757	144
561	31
729	28
2188	50
1976	35
340	37
50	71
519	459
568	40
489	150
1735	101
1616	19
2710	1
129	143
239	52
1470	73
297	26
277	11
420	399
612	103
711	266
198	33
846	157
2347	394
3254	75
388	101
761	160
126	124
297	45
182	23
201	128
794	79
568	81
2979	56
41	147
438	7
1237	258
765	437
1666	145
140	23
112	17
292	237
176	5
26	17
42	69
1936	92
1823	17
1101	106
1038	252
4016	2
969	152
352	80
848	116
1102	17
1772	16
201	4
972	18
1404	225
108	1
906	247
862	39
737	1
866	49
981	127
2053	87
4024	16
51	4
3571	50
51	84
22	192
19	12
939	13
1209	269
232	18
2046	112
46	90
1086	73
1476	41
261	80
27	44
2441	23
1918	15
43	156
16	65
2589	425
823	73
29	202
224	7
25	5
17	5
16	322
170	129
90	32
22	9
816	107
247	76
492	32
100	103
789	8
1794	31
46	11
724	56
1442	23
216	27
35	82
3713	187
303	69
365	38
1173	74
914	161
1260	21
2279	16
679	49
377	72
1719	229
489	579
435	108
281	259
1316	94
1847	246
794	15
346	44
556	171
837	40
697	237
780	59
392	41
706	209
896	14
513	116
220	41
379	26
1102	16
1115	180
370	128
1509	129
2200	41
1354	34
51	459
2350	37
358	2
66	175
121	7
70	75
112	45
2099	55
49	159
163	39
2108	18
387	69
678	112
286	72
1021	14
432	60
794	64
616	121
2785	116
691	159
2063	133
233	343
249	24
1865	112
1404	27
383	11
1373	64
507	50
1023	47
402	21
703	245
146	51
867	168
476	12
440	1
1109	159
1446	175
851	36
783	119
714	84
404	37
2122	4
293	73
1070	325
1726	14
342	85
631	24
960	5
1008	177
297	59
724	36
1517	128
580	292
202	17
344	45
209	328
218	31
540	162
513	185
3399	16
317	12
27	54
553	31
6192	183
537	57
119	37
585	74
1537	90
7999	420
200	55
80	211
101	12
70	108
69	256
152	245
134	367
260	59
70	20
69	287
168	117
61	225
4081	45
91	211
1043	52
1234	194
366	32
875	46
311	71
611	29
1059	64
1545	6
1367	15
74	117
131	72
3473	6
68	12
900	100
376	65
877	26
1381	9
55	23
2990	63
189	1
59	242
552	9
805	133
2528	198
1033	3
664	92
607	34
1855	3
3201	15
3157	41
84	182
201	114
916	190
825	26
1530	33
126	87
1074	76
115	577
747	154
1345	207
126	151
672	162
1188	139
953	11
904	175
975	267
169	5
3139	160
505	18
991	15
635	15
362	86
1636	19
557	79
1789	81
774	7
721	77
70	44
60	100
58	250
876	6
1336	61
873	37
520	200
640	53
778	137
576	189
175	41
1683	233
914	14
708	22
2082	32
3393	22
86	223
863	116
70	40
1980	199
1688	76
3048	37
460	55
1831	31
459	196
380	18
872	21
243	65
501	38
225	78
64	14
298	72
227	4
229	51
1117	211
432	112
1017	332
267	136
162	97
297	240
178	67
443	57
307	86
1528	147
1748	151
105	614
1790	45
218	231
1036	72
820	25
691	57
48	39
618	417
2186	298
1364	33
634	99
1083	61
131	369
1259	13
253	112
71	65
1107	82
429	120
2005	62
468	53
425	13
727	56
192	92
334	239
1121	24
573	127
378	77
643	36
1203	37
200	193
721	121
744	155
786	68
135	50
2035	121
222	318
1491	47
130	13
1083	1
1074	11
149	52
181	47
458	10
1253	3
230	56
40	245
844	46
532	86
254	268
450	49
108	82
3937	327
279	23
1927	111
1034	173
252	243
165	73
2726	4
203	1
298	20
2655	119
519	285
1199	112
119	141
569	17
504	14
145	38
2594	168
2640	33
919	57
79	15
312	37
673	167
646	114
839	349
1843	216
418	278
196	116
311	74
2068	47
45	335
3844	4
545	4
80	29
1094	2
661	37
201	115
3885	64
461	254
362	32
2730	83
140	68
1454	141
1999	349
257	35
105	164
104	16
404	10
35	82
242	29
625	25
703	18
69	188
1555	17
578	56
1371	32
251	152
358	166
108	89
459	52
259	42
1072	290
2478	201
270	97
231	77
918	36
109	34
2211	121
2006	102
490	17
530	126
524	528
385	4
915	166
717	11
2240	26
950	42
59	64
2063	252
1751	182
464	94
783	268
367	28
1729	8
3241	105
836	26
50	37
1507	274
2594	22
440	1
874	12
2080	41
421	45
142	162
185	34
2281	6
986	28
778	100
390	56
1519	101
138	77
726	353
1097	21
554	123
325	56
131	292
269	122
1827	212
127	72
248	3
347	258
1451	337
844	66
109	221
2377	6
38	57
444	214
844	113
624	27
957	84
2438	83
76	151
252	21
151	28
2121	189
159	187
171	165
194	120
354	261
1146	65
292	123
261	6
825	155
1011	1
81	127
188	209
891	92
199	247
328	201
197	38
1760	14
1260	19
90	25
298	105
564	64
331	109
1597	57
359	33
458	122
2141	46
470	12
1073	96
732	20
661	12
4218	99
4492	99
465	71
2339	283
320	87
118	56
876	111
1103	160
126	9
331	365
261	31
95	47
1009	37
357	79
613	76
1683	129
274	49
228	19
132	168
730	170
218	37
940	22
797	234
2263	3
2626	195
713	32
1557	22
2771	196
126	99
1215	113
212	183
121	59
2099	95
2507	131
2304	24
605	97
1701	199
200	57
656	204
290	77
158	333
237	46
976	23
440	26
590	9
1022	223
233	12
91	28
265	107
878	28
928	168
140	151
280	95
253	98
1005	26
2294	50
1818	72
48	11
2832	61
823	170
113	148
894	4
2327	42
1119	315
459	70
3213	168
1421	247
2961	107
1034	117
892	200
1165	4
1172	39
1601	227
264	128
1091	81
364	34
674	10
108	13
463	20
376	455
282	268
2598	35
1728	95
1914	99
1436	188
140	1
65	156
1348	136
128	36
409	455
325	19
448	65
117	21
1562	33
3236	23
535	26
47	11
931	46
216	31
498	93
1092	106
1331	25
2892	179
101	54
1384	352
203	62
714	20
125	2
230	88
626	102
258	90
372	252
348	51
1442	6
571	65
361	104
741	483
2342	369
222	87
71	41
606	38
759	38
1846	71
570	145
1060	65
1274	49
327	135
973	325
1007	97
3374	7
367	110
220	50
324	1
359	1
778	31
1378	34
1828	4
308	54
647	77
577	94
1803	6
2234	174
629	306
682	61
604	28
766	71
1895	27
42	208
124	46
45	94
266	203
137	76
75	2
2048	69
3264	452
228	9
83	15
907	326
233	17
4466	139
335	144
808	40
652	75
50	63
2724	77
93	106
152	8
62	24
757	18
2028	672
956	33
605	75
42	16
217	194
465	207
2499	23
1114	20
616	165
552	105
1979	68
817	152
2776	9
886	146
294	126
856	64
1329	52
109	13
2499	2
1162	196
2075	48
451	13
2063	89
332	11
884	84
378	66
850	15
1091	2
486	5
1198	101
1029	34
1117	50
865	60
335	17
303	45
1148	123
268	10
696	1
1883	38
1050	32
1049	67
936	2
467	160
2422	139
566	42
337	1
815	107
1468	17
1790	89
983	107
460	56
193	136
114	63
204	191
433	113
1400	51
128	51
1002	235
1244	125
74	64
882	37
153	42
645	91
330	93
282	154
449	36
593	6
387	233
730	27
776	46
2121	11
109	50
66	58
605	138
1156	65
107	32
1476	11
1228	54
216	76
492	166
205	2
431	19
25	106
622	82
984	60
1528	286
588	16
62	269
1071	341
379	40
29	3
1120	57
525	70
679	11
1588	163
2561	5
3181	52
1973	312
203	60
182	141
1178	4
282	40
293	446
4038	146
372	64
329	131
77	227
529	289
1030	77
1484	46
1515	36
914	134
448	54
1222	308
1185	48
284	220
573	95
2746	37
962	207
174	142
3326	83
138	88
1742	282
937	55
424	2
254	244
846	2
596	130
1414	132
914	21
741	19
296	102
1025	352
701	84
68	386
2169	92
484	17
420	138
88	177
919	18
2339	86
2177	2
292	38
1721	18
942	79
1825	141
357	35
1919	24
66	138
591	78
175	7
447	74
841	105
305	4
616	125
276	105
425	36
223	193
455	11
140	37
659	399
290	71
611	322
466	46
340	37
185	63
397	107
72	273
370	87
508	123
133	43
789	122
1061	20
250	23
919	327
491	170
693	95
1417	275
733	219
776	18
1702	14
148	357
1857	201
522	59
282	9
60	65
529	247
173	181
355	245
200	217
541	38
262	7
974	25
40	47
982	222
469	217
166	165
329	91
1804	2
1581	105
517	22
757	308
223	134
1395	124
1736	55
1031	124
165	78
140	16
253	176
543	143
534	210
603	37
351	66
228	26
2496	158
435	104
1095	18
150	34
1028	95
625	26
1181	3
127	252
170	63
451	18
389	155
257	126
448	51
74	2
123	51
950	33
1929	291
1575	64
38	199
202	38
1372	112
298	71
212	289
1200	134
611	213
1898	184
422	28
919	96
775	15
314	258
488	142
828	115
153	3
128	58
592	64
909	136
777	87
732	4
1384	94
1119	130
312	24
1902	94
780	61
929	150
120	15
1744	12
55	162
1499	64
747	685
585	22
525	336
1228	116
1017	22
1613	45
1185	89
253	98
48	63
1065	9
2549	51
1307	223
180	210
1269	13
219	58
549	2
1330	5
563	123
70	45
1041	98
217	35
430	26
131	50
866	276
197	129
83	32
804	25
618	1
454	48
2816	177
102	13
207	24
48	6
440	33
344	131
204	176
774	34
41	23
1091	28
449	31
269	11
663	77
399	7
572	37
444	34
329	21
954	68
327	32
90	20
181	260
289	61
1162	114
1965	191
127	28
666	5
89	534
553	102
652	306
482	257
616	58
554	108
1137	22
1328	107
96	22
283	85
449	67
150	316
1460	238
1950	506
369	109
171	152
251	319
539	4
47	479
844	3
1041	3
103	137
159	182
254	10
1983	13
1153	81
2714	24
1494	159
1211	29
171	42
1768	38
339	214
147	213
144	5
283	37
525	263
188	128
97	6
623	6
98	213
1790	60
1229	136
1445	31
1317	345
235	116
211	10
958	6
1317	54
117	187
296	76
169	50
414	147
453	163
1744	55
510	41
58	82
94	95
204	29
1034	1
73	86
546	22
1816	44
1227	19
1002	16
819	22
83	92
54	81
434	44
157	356
263	7
1544	50
1929	165
131	217
304	40
3320	113
701	10
114	150
130	96
2093	192
578	1
464	150
92	118
723	97
1191	55
440	83
819	69
784	27
3379	439
301	1
30	37
89	117
791	230
376	42
413	32
249	105
909	67
1076	5
1234	143
887	3
1096	21
415	29
81	80
1041	7
427	29
226	78
659	2
189	9
80	68
235	85
537	16
1415	11
595	70
188	59
1109	71
701	36
437	93
1407	30
27	274
1025	25
41	36
608	46
591	72
258	72
1751	21
821	27
2046	44
91	5
203	49
920	15
614	140
501	14
76	142
423	377
262	28
1551	66
1238	139
107	47
505	61
660	88
825	63
2367	273
1266	95
468	123
239	110
1452	49
725	158
817	190
128	58
1470	202
1560	98
1052	63
325	70
45	95
1015	89
262	36
1172	53
90	41
85	65
134	37
2001	27
107	101
1708	26
1730	134
617	29
90	27
306	685
986	16
2026	8
450	116
81	194
129	50
527	2
1550	150
194	23
1304	6
1269	39
80	151
122	92
1000	113
1184	130
1107	17
1172	23
28	402
1287	199
513	65
1767	33
1709	18
469	72
335	109
1012	33
2777	22
1242	10
741	58
344	783
584	104
65	24
107	108
2134	23
1172	8
750	224
212	43
1056	101
62	17
620	62
321	22
1099	17
372	177
731	357
866	19
900	67
350	34
180	74
237	72
1251	68
749	29
454	222
1104	35
918	175
584	131
527	162
964	21
270	91
921	36
594	279
364	45
2525	9
2381	65
117	216
1771	212
1072	114
472	13
46	44
2700	458
2040	207
327	40
516	115
839	10
1363	46
1256	224
156	1
351	118
2103	22
1551	19
167	167
314	65
160	6
1890	49
1057	70
133	20
457	50
85	311
1874	13
565	12
2080	238
604	27
682	307
1225	62
117	36
1757	285
665	6
91	129
131	29
173	19
454	302
196	8
404	35
563	191
129	52
2450	49
293	34
408	43
243	1
2551	66
22	249
698	239
247	78
531	188
111	36
900	160
104	65
155	67
1043	178
2065	49
27	185
1116	15
52	247
2459	12
354	159
428	102
58	200
214	146
86	61
2008	67
255	273
189	126
68	131
793	46
1538	199
664	31
464	16
2018	173
216	142
1506	37
1254	10
2554	14
563	34
497	82
399	127
1416	5
1940	106
361	20
199	12
788	223
1010	21
1208	4
1409	70
1622	39
962	36
105	62
825	36
672	17
113	214
1268	155
1378	59
2203	4
1307	2
592	40
1537	140
457	24
1583	216
210	224
836	22
1489	19
532	15
433	39
3993	119
581	12
343	129
60	186
133	236
1175	57
2313	5
193	4
1734	215
250	60
2113	50
275	302
491	20
5527	120
87	148
49	114
21	181
20	485
1381	45
32	22
14	21
3688	43
40	28
17	90
188	349
94	27
25	120
87	335
249	32
26	10
158	76
492	136
1650	14
311	75
952	272
414	141
786	248
271	25
254	73
144	77
738	168
1424	18
233	317
450	201
1838	66
21	49
200	37
817	13
291	101
10142	243
79	268
19	84
16	99
17	214
15	3
1561	53
48	320
18	108
1632	237
37	17
18	535
15	323
18356	62
109	167
67	52
76	7
66	59
60	83
59	19
60	185
121	58
213	220
22	103
55	10
57	89
55	7
632	134
129	42
85	107
661	56
214	123
1273	150
1253	146
256	378
2417	231
1142	124
651	7
455	17
401	74
496	49
1454	154
141	89
1025	18
299	3
703	40
1460	73
1280	2
142	30
2390	8
2091	1
902	37
544	164
2409	192
1306	25
618	194
922	157
1562	543
1470	335
1867	2
781	98
211	97
1730	35
1547	75
5565	8
825	104
1005	21
1089	8
902	341
730	60
424	82
897	303
224	87
944	12
306	1
738	32
65	158
1227	28
556	29
1219	70
1500	28
1292	23
308	211
1944	7
466	85
3091	45
47	300
529	98
1004	68
2086	150
230	85
1591	51
261	35
359	42
1698	22
218	59
763	6
2699	24
1321	358
251	56
1695	52
953	40
586	14
651	40
103	61
316	154
2354	179
109	19
871	200
591	61
1428	162
1130	97
2307	3
387	98
979	116
550	2
367	61
1201	20
247	3
111	72
641	168
1390	301
670	99
250	30
4252	269
683	120
925	88
498	144
802	159
75	189
329	287
242	107
85	357
1760	52
163	62
1116	83
500	57
802	203
594	67
89	73
259	52
706	17
218	171
587	67
911	167
617	183
2698	148
121	176
1084	72
313	8
119	96
241	101
1109	79
42	3
197	399
292	46
129	326
248	166
2120	57
982	217
1472	52
821	80
864	20
1182	57
2337	304
214	63
1416	5
1392	40
1001	274
204	723
561	41
461	70
196	90
1166	271
684	69
374	87
1862	189
324	73
290	160
372	44
518	32
346	47
433	128
1581	66
677	174
1876	123
1729	49
143	10
263	33
124	94
944	87
377	60
229	37
156	79
284	13
190	44
446	164
1225	73
1314	22
420	123
79	16
726	44
498	21
290	137
75	53
1752	179
252	308
801	199
326	181
4122	27
2863	9
967	148
113	1
1478	10
538	198
161	83
1092	206
313	10
2310	11
781	106
1755	56
417	90
1147	147
76	3
911	156
103	253
2242	9
754	130
2335	12
1304	18
646	129
764	51
3973	42
80	197
129	49
751	52
397	131
228	192
322	37
403	35
164	34
824	68
1067	3
3920	105
1093	45
54	19
104	26
1410	4
612	295
273	318
197	60
174	6
201	3
812	66
1955	30
512	1
2360	205
924	98
572	38
1362	172
129	52
314	239
1012	377
553	159
1961	100
92	63
1062	15
2554	237
408	44
418	122
920	10
331	151
1997	236
2081	92
1914	254
1980	158
842	127
1166	206
159	199
2391	116
909	224
421	5
649	54
161	492
375	28
54	108
52	46
875	117
439	132
470	272
1309	443
355	428
221	190
134	264
601	9
1293	95
542	181
510	49
3868	48
642	96
91	29
64	2
1637	30
57	35
647	244
410	2
827	271
176	142
403	118
1740	121
1240	46
66	6
493	110
66	340
250	49
83	108
383	41
23	16
589	234
696	510
759	174
269	3
71	88
329	134
818	14
508	80
827	145
607	78
388	12
1111	32
401	131
298	68
432	122
722	53
2305	174
121	168
1028	91
67	63
382	58
585	384
1318	51
419	71
210	233
1462	37
2508	105
1223	83
69	155
1057	303
875	44
52	163
1204	162
1387	113
987	58
1333	83
406	8
1506	30
293	134
573	482
362	89
419	23
462	419
312	294
770	28
189	156
307	44
1424	17
1556	19
427	257
3032	8
651	65
379	100
360	107
61	15
52	26
4113	59
600	54
1201	37
36	14
3690	225
181	11
345	4
307	90
254	86
1340	21
410	56
317	23
1219	209
917	17
326	37
416	10
2221	58
378	1
184	237
154	33
215	171
1274	1
2183	3
2819	101
973	13
301	294
206	61
183	33
404	112
623	47
285	12
521	8
1541	44
1056	173
894	104
661	302
1267	41
1842	34
234	159
941	52
690	62
372	115
1406	20
380	60
164	259
182	210
152	45
22	62
1639	272
404	60
322	14
4276	22
554	43
824	41
341	181
154	107
1761	183
319	15
2629	182
590	199
218	22
56	1
1011	9
358	25
183	244
333	77
1181	33
199	9
3201	33
47	30
63	26
76	214
620	24
5350	28
216	27
132	22
462	163
333	61
1677	46
210	52
482	154
2098	76
49	137
77	60
670	76
562	27
734	59
204	58
266	13
817	25
669	12
937	56
1121	34
321	29
1204	32
256	195
251	8
816	222
981	23
63	440
305	55
24	48
166	146
216	39
627	248
366	48
1183	20
205	48
163	96
494	28
187	4
652	28
3299	214
990	140
162	82
38	37
178	163
1622	343
259	261
159	150
65	39
427	271
248	13
46	12
265	40
1791	57
1214	89
60	147
974	112
737	3
576	5
692	243
467	30
1077	202
117	3
1825	23
143	197
364	27
455	43
228	213
289	287
276	63
60	20
1018	26
54	11
869	155
2566	77
950	31
819	334
231	89
480	66
1986	148
337	71
628	117
364	93
1691	49
1007	20
2221	38
50	131
1040	317
2690	22
907	32
646	254
1268	490
1269	29
932	18
1164	98
1085	15
491	162
435	235
564	113
200	136
99	8
68	109
68	103
125	24
920	170
3315	180
2253	243
450	265
1307	15
28	4
1520	1
794	3
324	558
1422	182
707	185
412	153
422	113
372	250
501	234
573	20
64	237
518	99
237	125
304	74
250	61
66	12
54	29
1870	118
421	8
288	19
1578	160
453	130
75	57
907	132
1634	113
288	125
701	194
514	54
900	72
403	87
430	3
828	49
967	398
596	268
1922	15
136	151
513	22
368	76
262	2
388	15
843	329
495	12
269	16
40	51
947	11
538	137
1126	413
1092	238
169	85
201	74
809	87
86	80
54	15
838	126
561	53
821	103
189	210
299	44
203	108
2410	344
231	92
119	22
442	208
142	20
1550	72
707	17
2241	103
327	95
2554	94
1006	9
1019	68
58	13
1876	398
286	37
831	217
223	197
777	69
1524	151
613	192
285	41
146	170
884	65
98	105
2226	122
2247	111
521	194
799	382
1108	14
650	89
644	215
661	49
169	70
1418	77
1284	76
1922	19
2477	33
314	6
734	126
215	56
1274	34
346	45
440	23
1045	9
892	45
1874	81
273	83
1358	76
736	9
414	35
916	165
602	259
1715	26
564	41
347	11
1666	44
3275	159
119	202
767	39
829	19
2477	74
863	193
650	151
672	188
891	461
488	158
380	115
166	35
1749	107
424	187
196	258
2462	106
60	227
806	68
1491	5
1611	132
363	112
692	348
953	119
500	130
413	38
1027	149
201	105
2955	223
1160	3
57	105
213	2
2226	3
975	163
2170	20
3338	168
290	141
332	63
610	48
67	60
288	41
754	22
3503	158
396	12
1275	20
229	87
78	515
390	56
47	67
514	11
221	78
2710	87
2877	38
1722	43
1396	54
406	54
66	375
270	697
718	337
262	34
805	12
680	42
375	206
257	183
2294	149
94	44
766	7
65	38
147	119
140	35
114	97
55	25
208	129
229	25
348	131
129	84
565	15
559	127
1007	35
492	9
202	63
241	199
3505	21
316	56
413	121
594	51
1804	111
1065	58
281	52
1448	172
118	80
48	48
496	302
726	142
782	236
1828	45
453	23
106	115
742	77
44	92
770	253
993	66
1966	19
1488	144
211	9
1881	19
101	253
181	32
68	89
377	72
290	98
1622	19
1838	119
1599	21
346	72
1485	124
108	5
569	73
463	130
221	23
398	80
862	120
435	6
658	78
641	211
203	169
2271	57
285	74
669	37
1276	100
102	264
187	151
450	61
38	167
1349	3
477	39
184	32
182	55
296	383
573	23
1559	185
842	268
723	49
813	16
1638	121
168	20
665	55
48	46
556	79
1376	296
1107	6
614	12
401	215
1099	265
189	82
4069	31
525	37
1396	2
823	31
960	260
257	84
2062	113
76	28
202	320
373	115
862	220
146	11
116	63
1007	45
537	388
2824	72
858	32
91	101
254	108
57	35
2032	24
1008	152
2613	128
278	30
725	11
1784	8
172	40
3794	99
953	19
133	66
935	90
931	19
233	168
851	21
1291	21
1188	60
335	90
140	48
191	499
1679	56
314	33
191	55
625	175
1688	251
215	55
363	68
1350	56
1950	160
3026	372
253	140
88	199
151	172
129	183
146	262
210	4
36	134
610	171
580	190
442	322
208	7
240	310
749	100
1740	63
667	22
1658	102
158	223
1920	293
224	88
1022	97
2886	28
385	2
472	193
1252	87
1678	136
133	135
1653	37
384	74
102	28
1691	21
365	126
755	95
387	140
427	28
676	511
376	172
495	85
996	133
878	62
1278	2
379	122
430	11
43	66
1065	96
513	243
2420	208
1768	10
231	154
454	99
335	126
1440	42
3499	127
457	38
334	284
1552	4
119	44
62	145
2033	9
386	272
1696	257
2762	26
702	124
583	89
268	244
1241	71
1289	155
393	47
1541	183
106	71
736	213
1451	27
623	65
418	7
1198	3
563	220
530	70
628	167
3239	4
111	162
99	80
1622	86
1625	73
919	178
140	10
422	55
1020	37
157	391
341	27
1457	18
176	95
712	141
586	35
410	257
692	21
1524	604
1712	105
298	33
825	2
2028	408
471	157
2444	277
2216	151
133	67
356	5
320	101
643	4
62	10
97	165
831	162
445	55
1341	97
210	124
227	77
102	206
1782	8
476	1
808	251
6679	71
1202	44
296	235
2120	81
86	57
1764	43
1598	15
1300	24
879	200
897	31
419	40
1293	22
611	8
1413	79
197	7
532	32
1359	45
1118	27
233	46
1003	68
1123	44
381	147
1648	167
249	65
1357	83
1079	40
348	68
126	152
2371	255
819	81
435	157
516	171
1180	200
1090	112
224	34
1666	90
225	24
311	2
783	4
964	164
304	38
954	29
1858	42
1020	179
550	29
409	43
285	52
187	50
2007	14
639	37
523	143
1381	16
837	172
518	196
976	119
885	177
114	308
428	24
1596	1
39	95
229	144
860	191
132	18
708	184
155	110
1992	109
65	306
528	127
713	135
385	261
174	120
112	21
81	121
78	57
415	142
1037	20
615	113
994	161
343	232
156	162
531	261
727	48
624	233
1122	36
1994	3
51	378
274	42
228	87
85	143
97	93
692	21
1137	47
158	65
782	14
2925	64
315	24
982	53
40	34
498	366
270	272
3100	55
2209	160
2363	179
450	76
987	47
577	41
2768	40
354	98
114	48
574	5
113	179
180	103
726	64
880	98
696	53
2275	107
264	171
1137	4
100	54
1536	49
33	164
882	58
461	34
891	38
580	5
713	109
739	17
3526	57
123	234
1179	29
341	185
126	449
2368	107
596	98
3038	137
688	1
3146	191
230	288
448	75
196	282
664	24
311	339
240	29
129	36
204	3
510	54
323	1
210	24
369	111
527	89
583	61
1158	166
220	14
752	131
490	152
598	30
532	30
516	113
1403	50
277	202
1573	5
292	167
2346	1
1110	17
1306	83
222	167
686	181
1812	10
344	44
83	39
1202	42
256	45
123	91
404	34
874	90
52	40
1067	318
1071	7
2361	476
575	116
567	111
244	104
183	259
1141	58
1354	21
439	4
324	153
616	55
136	7
1233	17
465	221
1936	32
426	234
915	186
165	192
986	292
208	98
102	272
369	59
504	110
460	134
77	150
929	98
80	42
1068	42
673	149
676	26
3095	44
378	45
67	512
609	43
1002	83
1669	62
589	27
423	5
3002	3
731	56
167	234
736	12
848	9
671	33
1778	13
1718	68
534	205
352	108
240	87
721	60
1404	70
667	14
640	58
181	45
426	144
1785	8
338	254
1745	248
239	179
355	79
1167	84
43	233
1670	260
331	68
680	36
143	13
414	179
256	26
660	75
66	81
374	132
413	25
1725	67
4037	40
109	7
737	88
2375	142
876	158
694	124
603	36
409	34
450	163
590	16
379	124
3394	52
2992	68
550	108
2353	315
1565	269
1665	151
742	60
305	176
1212	61
1004	424
311	166
115	229
949	158
387	78
1822	43
378	106
1580	163
605	17
1930	187
197	66
543	90
1204	9
140	161
113	20
810	44
2187	10
1886	105
34	47
1449	81
260	174
4257	142
89	38
139	93
179	53
544	382
365	66
120	17
1076	79
635	185
125	32
174	399
298	17
2411	51
507	15
216	34
153	19
202	339
578	128
49	118
279	178
337	32
612	2
479	83
198	128
1979	43
838	111
3377	21
93	131
443	139
1352	419
309	56
1558	144
2682	6
40	54
1628	336
737	234
661	289
210	78
1323	549
418	64
412	85
660	200
1164	2
714	264
617	5
429	42
674	62
327	103
534	171
1524	27
972	8
319	9
2504	165
706	5
660	107
177	34
2498	37
481	222
1017	12
119	7
627	168
4880	34
1474	17
1403	42
654	25
1859	23
211	48
1869	98
560	70
567	171
153	22
979	573
519	64
130	8
87	151
688	31
1733	50
146	49
1524	55
3373	125
1031	46
1480	4
808	25
1452	107
367	90
1191	206
2644	2
375	22
1919	142
94	121
410	30
461	4
605	2
1019	176
1418	188
854	157
2106	150
992	6
220	27
714	350
513	106
202	224
273	341
409	13
491	334
1351	132
1377	2
344	76
447	103
1270	56
317	168
267	58
754	190
460	119
144	106
201	104
1175	39
1567	18
693	89
130	14
134	185
278	8
1576	327
504	104
241	27
1121	19
634	100
3193	362
1243	10
264	8
382	38
315	85
1040	32
370	15
1261	30
41	232
175	11
21	28
102	5
426	15
1439	202
154	171
696	81
472	7
1290	355
564	114
394	295
1168	1
220	242
900	35
3822	136
127	109
2840	83
178	4
1527	103
483	242
173	123
565	66
427	5
454	97
1807	88
991	48
1034	95
2730	26
587	24
292	7
295	4
831	55
49	80
1631	144
2439	43
407	147
409	28
210	40
1208	81
1373	90
218	92
121	119
237	73
611	106
715	38
40	9
614	54
293	57
854	141
267	114
1022	225
2232	143
74	78
403	157
100	45
123	109
1016	4
784	159
1728	62
1576	39
621	20
466	83
433	4
1404	88
1988	56
625	35
542	113
414	246
192	71
401	45
429	51
20	46
805	132
800	13
301	293
331	169
1594	95
2389	60
764	194
1122	49
136	166
465	142
438	296
209	202
347	172
614	10
416	96
163	199
833	69
683	56
1170	30
1406	422
479	112
628	35
277	36
2806	11
1137	134
227	189
380	4
1171	35
2164	206
752	60
823	1
286	19
766	16
126	22
351	92
1751	59
914	210
124	159
1541	86
1301	4
242	128
246	123
74	133
243	36
1353	35
391	18
583	74
222	202
432	148
93	149
1875	11
331	3
1046	110
1410	36
551	29
1066	16
49	298
700	100
631	20
2203	85
128	19
927	17
3005	50
284	73
344	235
2563	114
69	3
333	303
352	27
611	7
275	5
537	22
1265	42
2789	2
851	49
465	179
512	7
155	17
170	184
1449	67
145	38
499	124
747	83
1566	52
404	128
337	4
1496	110
136	9
20	5
13	19
3776	7
42	24
13	42
518	38
55	113
851	37
666	94
167	322
235	21
183	278
833	84
1022	243
652	28
297	47
358	8
260	93
100	74
487	58
259	157
791	22
867	323
258	27
428	33
2351	36
853	274
175	13
421	26
1073	93
2022	44
3473	82
155	58
905	81
1448	207
775	101
318	46
805	183
2204	237
723	88
808	17
1813	7
1902	780
599	27
2694	71
501	39
231	195
134	211
151	2
2065	222
1033	116
141	26
810	19
938	3
921	204
115	49
311	24
234	154
436	39
3865	28
1068	84
166	6
18	254
179	78
208	19
1149	29
22	58
1112	191
108	371
615	176
1594	464
327	131
83	97
642	69
4107	577
246	44
42	24
22	192
143	9
26	157
1629	127
184	30
161	215
1084	106
1151	140
139	27
576	75
2574	164
97	67
283	188
1230	47
1622	79
99	11
45	144
653	17
249	110
65	308
365	4
1105	148
781	56
1034	227
158	174
215	259
670	27
515	61
341	194
740	21
173	243
444	229
1416	65
2738	4
2075	33
754	197
1278	58
329	30
131	3
177	72
544	11
1435	93
299	94
434	26
39	51
1504	96
957	8
493	144
349	92
1114	29
662	5
624	110
448	62
84	32
1780	27
2671	38
538	165
1058	164
635	32
983	95
557	7
805	125
2862	19
1247	32
440	7
3878	7
1482	76
597	216
575	25
989	32
136	37
533	99
507	95
1714	46
846	81
992	78
804	29
160	166
195	287
201	7
157	372
719	204
136	7
113	78
1562	254
385	251
2788	649
488	57
1654	129
82	57
506	110
119	38
353	244
1239	24
1538	35
285	50
368	175
1880	112
91	51
1661	99
2897	1
1454	148
2135	144
1358	259
3623	19
883	12
916	85
4608	33
795	313
286	85
488	146
2277	189
1046	32
1495	185
634	89
2278	9
1472	82
182	139
139	74
743	86
1639	170
1044	35
423	9
1129	69
706	107
95	32
2211	144
3202	3
644	152
364	95
47	132
812	98
551	87
58	160
119	318
243	2
235	17
2217	102
4322	18
254	283
1288	33
91	58
207	3
104	212
87	221
1789	27
455	22
109	3
847	96
1279	39
380	69
1008	45
89	88
886	10
157	1
178	68
1750	36
991	137
1629	169
86	163
612	215
1673	42
241	218
314	30
763	53
664	69
95	35
105	19
374	303
425	40
1262	291
1815	184
962	126
135	197
1942	96
802	18
1045	38
264	32
387	239
2904	21
1766	104
1071	8
477	228
421	92
167	39
468	228
1686	227
165	81
2024	215
480	3
95	100
59	4
175	13
1114	63
192	150
991	82
399	156
913	322
2286	3
556	326
663	68
254	187
212	33
1416	1
98	78
282	66
114	30
609	8
206	82
49	53
2769	25
369	157
97	26
101	336
308	115
1245	39
104	27
1808	18
1045	37
130	55
2150	73
135	8
398	98
455	14
568	24
440	236
1502	130
157	48
2505	38
627	52
1438	11
294	11
1351	18
546	167
712	98
1252	36
306	62
263	23
561	160
2443	146
1186	18
364	106
139	23
261	33
2491	22
93	25
528	26
2115	155
105	311
1514	157
85	189
126	75
810	52
902	186
1573	405
500	153
183	271
577	53
462	42
566	35
112	54
531	20
231	6
2057	40
319	5
240	33
1978	49
542	12
190	65
672	25
2222	214
142	35
2782	88
1653	91
695	71
673	43
70	34
1174	43
914	84
3220	334
772	138
667	7
970	14
905	5
259	65
741	118
639	4
39	13
63	22
41	256
858	22
768	212
849	131
1612	20
131	83
805	319
1883	22
930	144
315	333
241	12
314	5
696	11
61	142
237	74
1391	15
202	74
211	97
2333	2
398	158
120	73
1480	106
1308	2
1424	106
490	15
1775	79
97	133
712	36
1088	4
314	84
231	242
238	114
1273	31
475	139
1948	258
199	216
582	37
786	44
1050	22
1655	18
727	21
374	21
1021	107
175	66
1038	43
96	15
769	5
348	24
2924	123
1447	63
1271	72
931	250
1021	164
2349	11
2802	59
1037	219
450	121
2183	59
73	19
235	3
1564	409
1853	11
760	96
1412	80
1764	197
500	28
517	33
252	11
544	104
263	95
2881	24
1095	181
803	200
285	48
694	58
2142	23
146	78
531	76
777	56
703	73
529	21
371	34
256	51
246	11
996	75
40	204
551	34
255	41
434	88
677	320
753	88
826	190
1210	332
420	6
381	143
99	85
56	181
327	89
1527	41
1053	59
1438	2
275	135
1208	13
731	38
61	47
719	512
574	18
217	53
1363	23
783	38
161	41
2856	145
1150	91
651	58
875	13
801	111
546	19
3456	49
227	77
99	10
1105	50
137	76
110	150
1069	450
1464	510
1424	142
91	726
934	42
744	175
118	365
350	59
227	17
1789	1
1186	43
1746	11
1842	109
54	106
210	7
444	28
1172	59
3909	72
223	94
2044	209
290	128
1892	130
1653	153
1070	294
214	25
710	436
480	85
126	64
3308	41
349	143
88	107
175	167
944	192
656	155
104	5
641	187
126	26
1188	87
296	31
198	99
1452	143
1972	30
458	4
41	60
1085	35
68	33
244	55
240	28
636	6
45	283
846	50
303	47
77	259
1531	177
2495	58
35	215
448	9
1403	100
242	73
417	26
1432	95
1189	121
555	8
723	439
387	20
998	106
804	107
775	63
1046	37
481	49
967	48
1204	223
818	87
333	59
2021	6
453	104
132	62
1872	134
313	47
334	32
1322	59
1058	100
53	52
314	46
1569	56
158	93
294	23
448	198
823	126
1454	66
608	102
213	384
279	22
129	5
1057	8
1567	26
434	59
401	1
774	1
851	68
216	9
1140	186
948	422
1325	81
253	284
618	130
442	49
44	3
1506	13
163	310
275	84
2032	12
529	141
493	92
144	32
189	50
844	155
1834	42
161	49
1559	169
1535	1
676	120
828	45
860	43
587	74
753	105
1094	344
398	80
814	38
94	34
78	61
720	206
132	112
180	9
718	17
1132	266
410	125
484	144
785	195
360	149
304	22
122	229
399	30
383	311
275	73
465	38
613	39
228	102
699	452
1513	77
335	120
940	49
621	142
712	276
2054	117
260	343
3436	138
1819	171
548	2
1190	68
456	83
57	15
405	81
187	124
506	473
1751	9
1393	253
166	110
2638	77
1796	43
99	76
694	54
258	57
758	44
120	369
270	127
482	49
2136	138
378	112
680	139
91	153
2915	182
1528	123
926	194
215	58
540	127
366	391
558	50
4046	333
975	319
220	67
451	175
967	120
347	145
846	309
903	8
283	211
524	26
1133	132
270	213
348	183
125	291
658	52
87	54
1016	353
1704	4
107	6
83	12
230	29
175	103
486	165
2142	137
244	33
22	360
555	9
253	5
2362	39
1590	59
791	39
841	206
337	15
1341	84
720	94
1001	97
2014	152
254	16
113	125
683	72
254	58
201	129
207	154
479	162
428	70
1403	121
743	17
123	40
299	35
2112	91
202	380
628	74
369	19
1449	60
226	53
241	169
125	39
201	47
1921	121
545	47
1028	138
195	156
1533	18
661	162
381	114
167	106
19	116
561	87
191	120
1494	34
2002	174
300	22
1914	670
624	71
200	140
384	105
558	59
342	115
1450	16
196	83
520	21
625	6
1123	42
1429	285
969	82
1101	339
505	116
701	47
177	46
199	16
820	32
1661	174
1071	100
101	22
547	63
1475	49
1748	28
1253	69
1252	86
581	61
890	165
1717	51
1189	135
814	79
791	23
291	3
381	164
764	56
438	25
2467	68
421	86
2639	20
1316	208
2072	150
304	105
671	49
216	166
393	24
252	26
2243	11
275	88
703	167
418	68
107	29
239	122
304	45
617	124
62	102
169	6
767	117
1064	61
43	33
674	26
594	527
807	63
1454	47
431	31
5985	85
9038	20
46	100
15	130
14	70
5071	41
43	21
16	68
14	466
1378	284
24	94
15	111
14	59
12	37
13	27
14	21
13	5
14	125
13	18
15	38
16	70
14	171
13	41
1506	95
109	36
572	149
61	104
281	217
402	40
709	230
1863	99
359	27
1696	58
183	40
3337	2
580	82
484	10
3477	7
1239	216
627	123
577	7
175	149
95	35
265	253
4452	248
311	14
79	227
940	6
329	13
1326	5
1738	1
815	96
336	69
41	11
1793	10
89	125
94	38
397	87
363	128
1632	111
749	53
1395	180
168	81
195	15
325	45
449	17
96	120
69	57
2195	6
1269	22
636	124
1405	105
966	158
215	269
1123	36
2995	54
400	401
687	14
993	7
501	226
1118	332
2183	60
420	15
113	108
212	45
187	21
2213	245
425	20
178	27
102	48
314	110
329	140
90	134
1338	31
135	127
1070	60
991	117
767	140
233	35
1304	2
1849	62
106	417
313	79
52	273
250	115
128	15
909	174
2680	22
703	130
92	76
750	108
549	42
791	239
727	38
493	109
1631	90
160	21
1315	109
65	341
1424	149
1470	6
572	29
494	22
1194	32
1122	17
299	191
238	36
1792	4
2091	46
43	45
549	9
43	52
919	138
926	21
207	105
337	254
748	53
1269	46
1727	3
146	93
328	1
21	21
400	48
1708	31
1533	22
358	20
132	154
133	229
162	12
1325	25
194	184
761	53
1181	20
1878	1
349	298
289	336
447	63
163	38
432	125
634	5
1298	11
724	96
2581	146
560	17
3962	229
3695	436
1473	14
904	221
193	121
120	208
138	38
1192	38
958	155
558	148
1045	361
849	110
72	75
1465	39
271	324
1722	101
228	50
1602	152
124	126
166	4
73	89
145	6
3622	163
1549	78
705	60
1865	55
177	234
2286	140
429	59
1760	3
182	74
92	32
271	141
525	87
324	100
301	96
499	46
317	9
796	23
914	3
254	10
941	116
856	285
2087	311
220	42
3563	62
1064	97
2538	2
1848	20
248	79
1529	131
206	357
262	146
187	89
954	41
595	61
1098	120
1101	77
658	5
978	25
1468	54
462	224
807	188
1152	108
64	8
1075	43
422	61
95	57
343	3
2448	126
1018	41
152	16
1247	46
141	10
974	202
2731	22
2478	150
1625	143
2479	21
597	47
593	22
61	67
324	268
1091	107
344	121
1476	234
562	89
192	317
1518	336
500	348
258	29
255	220
4427	498
35	7
4156	73
60	128
16	41
15	74
46	102
14	93
1611	175
26	6
13	2
13	11
12	53
411	21
27	11
5912	53
876	100
24	87
15	244
101	2
25	276
191	20
1581	41
1196	55
1429	20
250	235
1028	63
145	30
784	31
487	362
717	39
2741	233
410	34
804	387
471	5
198	61
265	57
314	141
230	37
128	430
305	194
137	125
360	46
2518	35
477	78
821	66
33	58
1314	30
1496	119
240	107
324	6
179	187
257	214
844	67
794	13
156	14
925	206
2715	105
349	106
897	30
125	86
973	28
2593	215
2359	183
407	24
691	436
391	45
1460	51
117	14
38	124
256	23
245	31
973	60
303	251
448	19
447	24
3214	49
95	205
225	23
776	61
747	78
1588	47
312	29
1381	90
961	195
542	57
873	33
38	131
146	40
464	163
236	35
254	53
540	161
101	66
336	164
125	135
97	24
1331	7
237	60
87	22
1187	42
342	14
289	67
522	28
715	4
307	61
1598	12
1013	170
437	102
703	52
316	86
1562	3
443	140
680	242
386	104
177	50
30	33
1340	111
69	15
581	30
562	60
357	45
2009	380
859	57
1384	123
674	161
1001	68
265	265
364	158
10038	26
50	318
1360	34
1873	12
582	270
166	31
418	8
125	121
137	19
1344	462
802	63
309	287
593	160
1952	267
1040	153
325	80
35	154
200	15
125	63
712	2
152	64
39	190
2025	71
1647	18
1893	13
791	44
702	432
318	17
21	212
155	48
309	213
466	40
73	56
404	11
1261	7
660	189
129	34
1281	273
192	15
583	17
95	298
1625	59
240	13
5557	52
874	308
1774	54
558	192
439	25
1809	115
1705	5
228	226
1365	159
776	258
214	17
1975	32
1691	89
379	149
659	47
87	22
2386	50
1422	45
370	26
1409	16
722	46
1390	41
126	66
599	23
994	77
219	42
131	47
450	317
226	20
2469	37
2571	61
807	99
1686	87
1963	113
1925	55
374	11
431	97
145	54
102	195
111	6
2237	85
158	113
2142	399
797	27
2612	59
1506	4
499	27
1015	439
323	83
1240	148
558	203
299	113
595	30
2066	120
2165	58
273	145
190	27
1885	20
75	96
2384	36
445	301
1700	18
2023	65
77	15
933	48
215	238
1249	91
561	45
696	48
2567	47
1015	17
367	36
179	69
1512	48
492	79
258	8
892	5
415	29
119	248
2036	284
1254	155
192	42
446	123
158	286
733	10
397	78
141	40
274	18
1638	179
96	101
1179	156
352	225
421	242
201	8
628	9
73	26
699	27
801	36
42	293
846	326
2960	93
369	33
614	20
698	76
454	179
3179	23
1373	32
623	76
862	44
137	24
159	29
102	35
876	55
1852	46
670	56
1602	167
370	67
455	107
215	123
294	152
125	58
788	30
1996	106
434	14
2699	372
657	64
2349	17
2138	62
3151	335
1188	34
1212	478
1031	916
724	139
1039	87
569	181
2050	101
860	19
297	23
2068	71
534	28
618	253
4150	35
2020	9
767	237
216	308
224	229
486	14
771	123
2104	5
644	88
195	93
461	61
201	206
311	246
400	303
821	223
930	171
775	217
678	69
251	58
492	217
600	95
775	390
1416	77
1978	194
452	60
903	173
947	487
1074	139
1274	184
2353	50
333	34
1098	37
1589	79
1350	30
1297	37
80	27
1112	104
80	74
445	22
723	176
1067	146
153	4
851	1
195	23
433	23
185	12
695	10
350	119
138	98
893	18
385	22
172	80
122	280
703	19
157	82
156	67
477	59
296	46
226	54
330	11
91	16
677	209
1930	24
767	161
824	2
39	33
898	81
1011	73
2045	300
320	234
2303	17
274	100
1690	59
2412	127
1151	77
632	14
110	20
329	165
265	26
945	100
613	88
277	27
1061	203
147	61
1097	191
1794	27
85	32
238	193
145	66
94	117
627	69
1645	37
877	68
1658	97
474	21
108	15
395	287
3191	27
297	239
405	85
297	129
1110	55
2089	35
1573	1
1100	130
790	77
776	127
2912	82
1332	81
195	28
1934	87
1070	191
410	52
150	111
833	46
364	182
598	274
230	66
1111	62
335	42
160	235
453	62
1153	21
431	236
636	233
180	192
345	139
2077	32
995	93
445	30
1918	21
865	126
288	11
1607	32
757	35
850	29
401	46
524	11
574	195
286	21
102	357
610	75
673	18
904	132
557	1
150	21
265	16
712	24
1814	23
1085	3
334	274
1852	18
148	35
490	211
827	38
1634	364
971	10
189	80
1559	132
245	389
415	203
2220	113
175	75
887	143
1708	326
1900	1
375	45
550	14
3457	80
751	1
113	258
178	142
284	147
105	14
1727	2
1561	70
488	314
1454	20
127	217
166	168
796	104
263	26
558	222
1108	104
1454	30
872	164
966	15
840	204
515	2
125	24
575	12
683	226
558	76
344	2
1939	235
1123	279
205	148
75	164
115	50
600	360
2181	40
371	34
1087	78
286	298
1432	112
1233	23
759	42
4320	1
1940	79
2904	291
1748	248
1651	226
226	42
1240	19
3022	74
65	105
62	41
47	55
3779	65
423	100
1122	125
77	1
80	395
1613	40
1908	38
117	101
56	193
161	90
337	173
1172	101
998	13
1024	241
184	46
814	354
277	149
2214	84
1964	34
991	81
607	175
3336	19
323	163
972	215
1102	89
456	198
757	18
699	195
6190	14
133	53
1215	44
210	124
1044	119
250	170
1063	20
411	34
516	39
159	359
529	139
2145	124
482	20
536	84
318	39
1305	209
1301	7
124	37
183	134
2107	43
526	217
1754	35
365	89
290	399
314	87
451	43
1676	109
1338	78
798	32
319	173
2064	344
257	101
120	3
546	212
7321	79
225	167
234	74
111	232
1413	17
304	44
897	124
84	27
590	8
624	46
343	153
164	31
311	54
1517	223
154	18
1944	64
381	63
558	144
317	56
397	93
248	56
919	18
1023	293
225	60
1796	135
1178	161
572	58
2104	105
166	65
635	16
313	32
189	139
1371	2
367	129
868	75
133	46
557	36
159	52
167	4
1600	2
1125	7
52	149
212	152
1929	110
1171	9
1011	133
497	143
1809	180
770	8
931	54
101	181
1378	91
92	59
3786	4
96	52
702	50
249	3
758	67
324	26
230	87
708	118
594	22
137	117
176	24
764	11
1459	35
651	74
1823	41
1536	2
93	75
177	104
479	34
313	21
1023	138
149	72
1132	26
1899	50
917	16
777	245
1250	73
1410	234
1956	91
563	15
173	20
969	73
211	14
206	455
2480	2
1571	227
651	205
286	93
112	53
222	108
630	262
1724	13
403	230
157	21
471	161
887	94
1938	32
110	5
958	50
758	128
480	105
149	20
934	43
3497	89
775	416
299	67
792	87
51	35
97	96
1288	155
1069	25
1296	50
587	86
653	131
518	30
1429	100
649	44
273	103
1371	17
2390	20
268	86
635	36
1393	51
1545	344
255	7
75	129
428	216
586	20
489	160
538	81
1594	72
116	126
1723	1
2353	91
195	35
152	7
326	89
739	28
873	173
130	49
507	33
166	49
3944	144
1167	63
1105	124
67	33
1010	90
286	184
2108	117
1396	32
1782	206
1445	361
269	130
1559	50
274	86
686	9
90	387
292	107
72	35
185	196
2160	548
581	28
291	15
53	38
893	33
227	20
529	32
337	20
2882	233
324	231
600	156
687	6
654	125
1924	19
414	126
900	236
1032	20
311	109
664	34
5075	39
609	136
1957	1
658	2
462	22
282	48
817	39
1599	102
1169	212
161	45
637	15
300	282
537	1
96	36
162	165
1039	19
544	29
2396	57
111	132
455	33
1238	32
471	111
447	122
865	32
1476	59
345	188
1375	23
636	174
264	75
410	506
1043	33
714	4
520	10
737	23
682	482
375	35
23	430
331	112
774	64
122	129
95	63
1026	49
351	467
543	153
772	61
152	73
1087	72
545	297
228	13
1662	175
2130	10
450	13
97	70
1571	157
760	10
1245	67
524	46
1290	52
73	51
859	152
356	12
342	161
1411	51
1331	34
1533	438
332	26
715	82
940	152
1324	206
1742	64
101	82
329	144
1200	52
584	15
902	61
1134	30
1948	48
454	36
47	44
107	11
47	393
289	28
18	2
575	166
247	10
819	319
1276	18
832	70
561	35
242	183
533	82
868	58
1431	92
952	81
615	73
1868	12
251	125
539	18
731	84
956	87
265	17
1887	57
835	128
1558	69
734	112
214	26
529	20
1655	60
207	78
231	350
1695	218
1039	124
972	65
196	351
3320	96
112	179
292	155
247	137
927	164
205	24
376	216
197	12
200	160
215	173
238	108
231	60
203	225
89	183
108	3
956	36
1242	138
78	233
1356	95
54	10
384	179
442	57
2719	97
467	45
874	58
63	185
454	40
692	73
735	189
133	66
760	151
722	11
502	3
3407	25
463	48
403	85
554	128
349	17
1463	7
108	119
1033	302
509	146
168	180
1417	113
671	39
289	174
94	11
468	108
2187	12
420	28
292	75
668	56
55	40
448	16
38	11
408	294
533	19
64	363
815	98
157	6
1994	159
1701	65
1215	5
603	108
2194	65
409	38
442	99
404	53
2076	114
520	25
1156	305
556	147
1352	985
895	430
597	42
779	22
1022	112
165	72
123	25
120	170
1480	14
1204	224
1173	68
64	18
270	28
119	34
322	69
586	85
576	109
239	72
1383	70
267	111
377	230
1170	24
241	526
398	180
402	161
247	66
143	23
3022	104
3758	126
1090	47
338	22
976	366
280	1
25	218
159	21
770	119
137	261
184	8
1379	216
585	127
3080	63
142	271
331	125
4409	58
142	92
692	34
389	37
482	110
472	76
2871	13
755	22
1116	87
1189	9
254	120
132	26
142	87
442	84
42	22
774	9
2130	32
1868	139
764	9
108	81
549	196
142	82
55	118
1352	5
159	17
523	195
1920	36
611	16
1851	118
418	64
178	93
1244	161
106	1
277	17
1332	75
181	71
294	63
2076	49
145	45
781	135
569	359
2264	2
1640	56
3208	45
552	38
1276	12
1587	52
890	245
1271	8
864	106
579	260
563	53
89	1
170	50
147	15
373	109
1489	16
41	22
2633	25
656	203
516	7
1344	214
167	14
125	60
893	350
1013	81
613	37
951	195
1777	111
961	39
2790	154
298	9
1068	199
2339	171
708	53
923	172
1910	2
144	144
3322	4
43	125
1273	119
217	6
1937	3
585	48
479	2
300	78
263	20
179	75
295	76
749	115
666	250
620	110
302	312
1834	133
83	34
744	92
695	44
345	183
973	43
39	146
385	126
2237	3
447	54
954	10
196	12
2117	94
435	89
1427	269
195	40
21	133
313	579
437	2
334	54
1345	32
3972	67
606	88
840	49
161	101
841	32
724	302
540	68
1329	6
605	4
1009	30
274	50
191	172
672	131
87	327
925	60
63	73
3656	428
307	157
311	142
877	89
962	136
55	67
186	90
198	143
281	68
330	249
1331	5
242	48
18	50
587	59
109	23
1802	77
19	119
352	343
255	54
545	34
1608	74
2692	106
666	29
697	96
298	24
2467	18
1139	101
2415	119
1716	146
1648	49
1008	47
1172	145
496	13
2192	12
666	66
176	127
83	2
147	18
977	33
300	10
259	128
561	54
846	228
1006	19
370	50
910	454
340	22
519	150
397	141
508	54
2082	152
201	198
190	30
1691	6
1029	64
753	13
586	18
185	90
356	39
113	40
101	122
1493	88
1031	10
171	61
328	25
463	25
480	17
87	238
1632	64
431	110
682	331
1407	249
155	187
881	114
371	67
114	5
1359	364
263	63
3221	35
99	109
1908	170
718	39
93	104
117	70
43	66
226	39
2977	229
2272	100
2280	27
1189	3
1553	18
1399	102
1029	126
421	9
587	97
102	62
2948	126
576	130
538	33
203	213
216	77
1300	188
672	98
66	114
529	30
233	199
636	296
943	28
460	19
1110	5
1439	1
301	137
1391	19
1631	264
834	267
180	11
417	32
797	161
762	19
3929	154
2381	30
2169	9
225	17
129	59
88	75
1007	231
161	1
1873	75
654	44
126	4
667	98
1215	32
878	32
207	1
1150	99
1451	218
687	101
1458	35
324	23
548	67
1069	29
139	20
76	67
650	4
2680	55
925	1
1568	218
1433	240
1014	12
289	63
3348	64
1322	152
237	78
385	1
1108	95
98	111
2685	55
3471	115
2788	137
91	80
116	140
882	70
316	1
139	5
391	51
3921	210
827	49
90	2
601	42
444	5
82	26
113	20
801	86
939	79
334	31
216	174
1823	171
359	161
905	55
310	111
963	142
1809	86
50	71
162	320
1624	13
1122	25
100	91
199	59
192	29
1614	73
756	59
476	107
1001	293
459	29
445	24
1108	168
283	240
507	77
1155	60
363	52
1006	9
412	12
202	19
114	243
872	55
770	25
1112	90
72	475
344	60
3792	244
391	29
823	47
1144	32
63	77
98	16
1148	101
699	126
312	129
895	49
658	33
4447	245
4185	31
704	92
57	8
193	122
994	6
1537	16
255	47
327	3
2042	18
788	54
354	188
439	191
133	103
165	79
2333	8
67	143
491	206
318	227
393	261
1641	127
1409	180
1145	61
458	24
347	50
616	99
1242	99
2404	11
636	14
1090	50
2063	80
1358	33
327	55
366	123
840	33
179	635
467	208
167	39
602	120
810	50
43	78
153	114
2374	99
456	29
1262	128
1957	138
82	65
95	8
607	43
241	321
227	21
58	40
626	382
295	351
5776	44
1479	64
243	41
3288	2
238	11
147	329
272	24
1242	71
1887	27
1667	70
980	88
964	63
87	62
698	3
461	216
151	85
157	95
550	29
777	77
707	21
516	20
278	14
227	94
941	160
201	46
40	40
1148	228
490	57
39	99
94	217
860	91
197	12
163	56
2448	85
267	146
944	36
122	149
868	339
417	105
672	171
678	68
206	9
1127	30
423	85
1012	196
284	348
1868	29
81	21
1654	87
118	7
449	167
868	201
461	82
551	23
846	287
4158	251
180	151
1026	13
1277	67
556	40
1409	66
1984	101
1327	18
110	284
2360	108
115	41
2173	34
315	84
442	163
294	1
1004	74
94	11
82	67
2574	5
603	68
1085	37
663	2
1470	115
135	3
5228	403
271	201
1016	12
1006	109
3327	98
632	122
226	219
247	175
773	41
838	179
2981	15
390	1
220	62
1924	19
1662	41
380	41
654	174
560	42
679	31
396	42
144	1
1548	73
446	15
824	10
83	147
128	124
232	29
299	21
378	13
909	184
365	127
83	123
812	79
1118	152
1680	27
1393	159
908	32
467	34
227	71
34	150
1002	86
1571	11
1332	129
647	260
167	34
2405	40
1224	45
315	132
1805	45
721	20
1206	115
690	551
405	7
20	21
699	24
47	260
719	16
2378	260
1251	58
1230	59
128	23
1365	157
2864	200
2527	405
304	97
276	77
680	83
718	49
2061	465
349	60
43	10
419	185
127	301
2786	160
968	65
36	133
960	7
401	70
192	111
77	6
324	124
79	248
548	96
967	42
401	52
137	66
716	42
612	25
1213	84
512	14
196	107
794	130
424	142
822	57
977	5
1604	21
366	80
2321	484
343	31
30	2
1407	71
2020	8
3274	233
370	20
1879	150
1003	70
975	70
580	199
2407	163
947	34
1072	285
3331	63
745	35
87	26
35	72
88	76
1066	62
995	58
4591	112
162	224
156	4
242	55
2160	77
812	138
984	4
1177	220
1539	2
41	320
662	19
675	5
2824	20
277	2
1044	146
207	67
1086	190
571	155
3138	147
97	347
1642	52
770	119
76	44
312	96
1393	125
703	95
2262	102
273	83
894	376
332	35
1905	121
551	15
477	134
2436	18
988	68
629	2
109	107
3916	3
42	103
200	49
49	185
1125	109
1000	108
865	5
463	163
3722	59
969	30
689	15
1457	7
1076	42
1717	384
903	102
1537	57
1901	187
164	441
465	78
525	68
338	192
419	227
766	137
1250	131
1520	230
402	182
124	15
1127	227
624	29
1304	82
633	138
358	211
856	19
1619	24
176	146
1440	65
237	75
612	87
103	352
260	85
1038	12
60	21
1287	24
336	54
297	4
1384	314
226	34
1423	90
1699	112
388	16
31	23
135	180
175	129
80	5
2403	67
727	82
750	106
295	63
2012	46
233	56
100	14
348	51
703	254
253	28
1675	240
901	10
1091	134
425	22
43	41
397	230
783	12
2372	39
420	16
2629	64
1259	15
501	39
761	204
139	168
124	230
565	77
397	31
232	12
1830	112
150	124
361	356
259	73
392	16
302	6
595	39
1048	239
175	79
2091	183
740	61
1165	126
1506	20
2254	17
1172	15
323	41
887	284
783	214
792	10
1624	72
2087	10
506	20
80	76
982	181
423	83
1029	83
408	71
838	96
112	51
555	333
1094	188
130	10
1143	40
908	81
1340	89
308	67
445	182
2517	25
986	444
647	4
84	4
628	190
524	129
566	82
405	10
1331	16
2331	4
806	161
149	170
633	81
3105	49
919	15
1033	107
217	2
807	44
214	4
656	14
504	28
746	111
1526	100
197	2
1448	479
370	29
67	88
600	21
918	40
2890	208
132	401
292	54
2034	233
3542	50
650	81
1108	275
1272	171
1187	60
215	203
399	81
1154	434
300	3
364	38
1183	11
402	246
757	49
1570	58
771	48
429	7
240	87
1101	83
108	92
243	151
469	193
1280	66
346	273
187	38
168	41
1422	10
1120	68
37	166
126	8
428	170
966	81
119	57
482	369
723	114
224	214
1319	99
1353	90
3188	38
196	75
874	177
891	109
1000	25
409	79
140	85
454	18
38	41
562	36
684	212
2091	55
1764	42
517	43
119	138
1357	116
1821	175
516	151
1310	94
238	114
1037	7
662	159
522	267
329	96
766	44
40	163
742	31
2019	72
786	38
678	32
73	196
1431	57
454	139
221	8
479	84
157	131
849	11
1184	272
1049	127
2346	6
168	168
453	13
228	65
2669	58
22	223
152	102
1508	38
164	58
3156	10
260	476
544	410
331	51
260	24
654	45
354	73
471	39
1070	197
108	150
1755	206
1826	48
685	9
420	37
86	3
1232	59
185	18
1434	85
558	36
310	8
113	75
2171	138
2342	65
1194	101
578	114
329	9
94	14
1174	109
1670	4
264	91
461	39
155	64
2095	20
18	188
651	48
208	117
2325	188
805	99
332	111
239	30
730	78
355	15
235	41
1461	20
39	184
3647	68
541	64
697	53
70	14
868	58
368	57
1969	262
181	37
105	305
863	123
105	6
591	47
1330	29
535	393
1222	215
1050	27
138	98
465	7
1802	40
1167	197
1423	27
350	36
365	31
68	44
537	9
729	154
1524	50
700	36
728	124
573	43
1915	236
1693	73
434	5
963	51
370	221
246	12
1812	10
317	159
199	218
905	173
179	90
677	8
203	37
1276	313
285	116
815	12
1258	30
883	157
281	58
219	106
1194	204
203	146
1161	82
1713	22
1600	10
146	4
816	105
1248	21
2708	6
342	111
1381	39
986	80
144	169
462	25
186	259
767	24
182	111
626	157
2624	21
528	100
332	99
1931	213
226	47
1894	78
1189	357
1428	297
415	31
1224	48
1300	303
2017	21
309	18
563	38
350	51
70	16
82	142
2065	44
1284	28
3410	159
1104	85
315	96
797	121
690	15
396	76
994	73
84	41
42	2
288	45
851	106
1687	55
1402	161
758	17
753	129
801	71
159	181
937	55
1016	85
696	23
74	9
482	176
607	11
907	386
294	32
1197	21
784	49
922	171
1077	28
211	103
397	372
274	13
1824	13
1567	12
295	69
543	150
91	382
296	100
917	29
2232	414
1297	334
1047	227
278	15
1481	42
313	5
379	110
633	169
220	104
2081	9
622	13
20	33
691	313
308	167
2119	105
1118	58
144	2
546	85
2718	107
1117	92
397	39
223	220
340	1
1484	11
233	291
5347	9
331	38
1725	50
280	34
449	163
236	35
1496	38
2142	220
4790	22
723	7
968	84
111	161
967	50
1319	60
345	74
429	58
1013	15
746	278
853	65
1362	2
208	108
92	115
214	8
516	223
157	229
157	42
384	122
192	15
832	164
1349	50
100	12
402	21
607	4
165	19
52	92
150	85
986	121
263	99
728	191
1078	19
655	61
65	165
4547	160
686	28
2650	16
993	26
1082	44
156	24
350	145
2794	67
828	196
994	53
1099	24
181	25
507	164
115	6
20	553
436	200
153	221
864	182
200	19
43	94
245	4
203	104
117	99
701	48
3469	103
112	338
920	6
285	422
1098	172
1126	9
249	12
1307	16
231	39
1022	215
142	81
225	72
180	18
1164	75
323	226
805	27
1101	66
305	48
2537	100
261	33
940	39
181	61
1602	21
1667	67
319	169
870	53
702	21
670	104
334	114
932	23
480	119
983	51
433	31
300	299
2335	329
840	52
2077	154
149	56
995	128
78	2
86	177
131	8
1205	8
417	378
585	116
451	34
828	95
421	183
305	2
579	34
890	45
1654	41
952	118
1000	353
349	170
120	10
3989	45
641	123
1614	44
76	185
203	31
722	25
2025	26
1738	29
345	45
196	55
1378	118
1702	70
691	23
1240	3
623	49
40	7
272	24
444	78
1157	24
579	35
749	215
137	303
2475	68
155	346
254	37
1350	41
877	163
108	155
981	86
221	16
883	42
190	139
2005	9
1069	239
569	319
379	81
1777	173
225	97
623	28
1187	103
1610	13
1006	12
293	17
1844	66
1679	150
1115	87
833	214
968	157
222	145
375	62
2064	49
33	94
3250	185
3496	67
1308	53
97	182
597	36
396	18
130	46
1634	51
2002	333
351	6
315	135
1359	197
5252	52
154	10
3338	88
261	127
117	43
1160	5
65	20
2476	108
313	54
1050	58
142	107
493	45
1282	251
2814	198
514	361
411	116
338	67
449	157
170	12
134	18
472	182
544	31
1032	35
146	43
1232	89
2531	64
911	64
951	73
1883	287
322	27
1540	90
425	383
284	72
873	447
701	162
134	209
166	22
651	85
143	36
980	83
1728	62
1037	13
190	404
299	313
237	115
315	161
110	102
143	17
304	18
2989	60
1467	14
1602	5
2430	182
107	24
1565	64
83	504
457	65
972	8
2395	112
1571	93
363	69
128	38
577	13
682	228
159	51
280	55
282	188
141	140
953	1
126	35
1189	137
398	142
1869	58
252	321
438	69
638	175
483	260
180	390
331	206
575	15
191	53
712	87
234	126
201	49
384	34
120	10
1100	118
459	77
415	7
1312	151
782	160
172	240
165	49
651	156
366	99
405	25
586	29
288	147
304	105
67	7
468	34
113	103
183	55
697	322
275	61
62	23
719	106
516	223
409	22
1191	61
275	46
264	18
2672	21
875	57
513	6
760	73
535	54
739	29
974	200
1194	167
1017	75
856	90
569	35
559	231
803	20
243	28
1583	25
910	8
2197	72
91	43
2603	147
641	100
557	71
39	178
662	2
166	39
1289	374
480	4
585	49
1071	290
542	22
33	153
112	14
270	42
1413	13
224	51
1501	73
761	176
418	17
625	84
558	43
2099	78
814	304
639	91
1945	22
617	88
250	26
613	66
36	66
105	41
47	138
138	69
3672	184
541	161
262	231
2477	123
76	1
218	7
431	28
539	293
779	86
784	56
914	20
45	128
84	410
2388	17
616	8
929	6
492	111
581	21
204	98
115	77
277	12
293	290
210	32
21	117
1424	97
1883	82
971	250
970	106
267	148
169	3
443	32
2117	3
1502	182
433	73
2090	16
598	254
289	106
446	61
160	15
509	82
190	98
878	47
1346	149
234	131
179	44
1177	217
594	109
830	167
3255	92
426	57
207	138
578	255
796	155
2144	15
509	27
465	218
2083	52
203	142
625	46
1444	51
656	18
810	157
388	113
480	47
208	6
874	23
1052	78
602	4
557	208
606	20
72	110
742	89
1981	6
1295	15
2138	163
502	131
767	52
181	68
81	164
521	96
665	73
1036	142
509	102
1022	79
78	51
349	186
128	158
906	32
40	71
477	73
766	104
486	11
2384	18
1905	39
831	29
301	208
1198	51
1716	1
639	8
1609	68
136	114
71	200
359	451
338	92
52	14
1492	25
42	206
1526	26
321	91
827	9
1376	111
180	260
176	123
417	47
905	107
356	27
313	30
77	188
173	94
1638	157
116	7
18	30
667	201
148	99
374	55
127	226
2373	65
844	126
79	131
601	189
391	414
305	147
635	9
1137	39
1488	7
88	16
958	418
1015	48
610	39
265	139
562	58
35	32
318	383
1889	29
633	38
43	85
492	138
587	80
326	225
329	127
529	127
113	18
1387	90
169	55
48	63
737	207
1175	98
259	131
765	261
230	44
626	138
340	20
384	102
237	40
278	10
189	130
2352	119
403	28
1186	18
222	125
1292	115
620	16
444	144
293	10
416	52
116	36
475	130
201	409
1731	31
761	182
1129	50
3585	18
34	95
1005	113
1056	24
40	109
147	92
65	320
2042	27
3505	38
40	214
511	91
165	114
141	113
1934	24
1173	3
59	10
796	548
1845	77
562	46
1351	278
1102	21
345	29
166	43
567	112
66	16
29	33
18	57
250	6
63	15
415	48
995	306
402	15
469	34
1715	66
179	81
103	62
767	13
109	217
1470	28
299	31
39	7
241	152
102	88
770	34
428	153
636	5
600	124
892	14
979	70
34	180
649	223
165	39
191	89
242	80
121	58
136	16
4094	188
1611	40
319	49
1052	120
326	91
429	4
42	93
221	74
402	88
95	2
1554	430
753	43
588	515
461	161
987	171
383	142
1768	50
1208	83
656	10
101	78
459	267
1858	43
740	248
970	43
22	51
96	58
666	99
90	37
506	172
413	9
44	96
1130	260
2288	101
935	146
505	48
1080	131
2475	357
268	7
1687	88
1317	33
710	49
1217	19
635	258
1118	125
77	4
1851	22
515	135
563	144
351	133
746	95
177	40
546	152
114	127
404	202
161	183
1056	171
837	226
1526	128
1043	146
75	65
890	182
101	22
751	107
363	163
319	38
472	58
207	80
1929	205
2585	21
190	191
1474	40
357	555
1084	54
133	103
343	111
104	36
466	118
504	149
337	259
333	1
708	92
3266	264
228	33
101	57
1459	104
442	155
297	16
1560	120
70	23
839	43
1444	17
258	495
541	85
1016	38
354	38
502	89
945	355
712	90
327	120
152	46
112	222
156	114
340	111
1581	26
102	97
304	53
1492	24
1106	12
760	59
84	9
949	22
161	56
1315	55
40	64
979	46
807	188
454	8
693	5
1055	30
63	36
389	142
420	31
544	94
1124	2
327	17
2015	71
808	51
409	250
384	82
358	128
1014	248
123	146
1004	124
391	185
624	78
403	44
1389	53
286	27
367	115
1596	152
139	19
19	67
169	51
2580	43
84	14
1023	112
142	36
154	133
1298	301
2754	72
433	10
527	26
425	171
1251	16
922	16
1072	205
366	172
4780	157
828	31
108	9
574	38
368	216
273	125
921	35
492	37
639	122
2577	11
306	28
721	97
2008	86
1276	283
207	74
1632	3
329	94
303	58
1596	61
573	226
549	43
134	29
138	104
2839	10
109	97
53	17
19	227
1544	103
909	64
1052	2
332	32
1174	28
1641	117
1379	148
129	45
421	114
302	6
873	188
136	15
2528	337
1608	4
209	41
262	183
661	64
1078	74
4107	33
1316	51
67	36
1415	39
205	40
912	35
900	7
971	42
321	126
879	51
2652	65
408	54
795	62
71	55
653	38
2885	12
475	28
547	11
511	44
352	38
1045	67
719	43
96	154
685	30
98	38
872	154
1523	259
3027	159
1006	147
897	56
780	29
941	8
220	5
2633	145
133	87
153	9
1063	67
651	183
1156	57
133	105
466	129
314	146
745	314
256	31
198	73
824	76
214	16
615	10
216	1
350	446
442	1
31	5
1895	101
108	214
999	15
606	9
710	8
1931	45
875	280
1104	44
90	46
2480	40
820	291
235	192
112	260
187	23
267	71
89	216
298	15
182	8
521	81
463	149
711	171
674	15
2511	115
354	153
2044	233
453	49
392	63
389	54
422	136
635	56
1036	28
1276	12
969	20
153	51
35	54
542	42
2364	95
605	52
115	126
2297	4
632	30
222	76
506	54
98	61
526	3
805	60
40	41
580	116
355	32
873	15
1009	181
227	25
510	26
1219	37
467	40
568	52
780	258
174	35
226	513
322	37
25	7
294	27
201	19
72	212
933	221
1588	133
89	107
391	20
949	57
624	218
1886	306
1069	13
690	166
76	73
584	79
1131	109
469	6
474	93
108	21
446	3
775	9
413	173
1559	9
2465	4
703	88
1469	97
602	138
96	62
1033	10
1132	32
251	64
514	14
1421	86
48	29
170	40
43	183
130	134
1884	101
2782	114
1507	87
635	117
75	93
276	185
184	6
587	291
476	266
292	123
1690	135
548	195
131	46
430	61
457	353
812	178
110	351
1280	96
1116	184
1385	93
190	94
4037	41
361	36
86	137
1295	63
1136	133
407	21
1348	29
317	38
125	281
195	56
1365	43
1714	170
934	69
509	25
539	143
95	103
1190	355
675	7
1117	178
362	2
2119	454
338	56
359	67
263	14
312	11
999	43
4712	51
325	2
1044	360
262	188
1215	138
1644	9
1264	134
1037	26
549	86
203	36
124	15
1954	1
223	74
1251	46
113	248
171	280
361	28
242	15
530	34
5241	111
1090	106
199	59
967	137
1105	43
258	18
850	277
1042	102
210	97
1356	117
258	18
429	10
489	1
2203	57
377	82
270	33
762	21
154	293
972	173
600	33
3617	10
162	69
140	95
2755	20
1794	334
1613	70
31	44
168	76
1402	79
1906	113
241	9
581	49
2629	292
207	128
228	30
1290	183
269	44
849	42
2558	55
1703	92
3051	78
926	34
2209	427
752	202
2238	467
696	192
1583	205
1126	84
149	154
888	101
472	106
343	89
457	145
985	98
1495	69
1166	13
57	2
606	134
624	90
1758	103
1403	15
425	97
197	190
1979	21
832	97
994	71
1924	165
1393	90
506	29
1099	101
4668	183
3329	92
330	35
503	162
284	31
1356	98
96	398
1033	12
1757	50
801	124
1134	104
1402	55
61	77
2618	27
832	201
819	1
322	118
76	62
229	33
160	38
3424	122
541	18
536	44
2032	21
257	37
629	27
2935	38
1030	27
89	237
1270	67
1546	102
45	59
311	43
428	57
863	55
44	36
918	2
1156	38
191	46
67	137
396	84
410	67
554	29
1214	125
212	119
162	89
268	165
355	114
529	32
958	41
351	90
5334	45
1238	127
159	40
909	7
207	136
87	50
186	17
1238	103
1853	76
104	29
131	53
213	5
157	366
266	2
130	411
329	13
538	62
394	12
111	96
2174	59
1122	2
478	78
531	61
299	95
1512	112
210	24
1796	40
247	54
250	96
1295	9
57	41
187	10
884	92
2068	105
320	158
478	146
102	9
139	198
671	56
2684	54
292	56
1651	21
221	360
264	11
581	82
1286	339
283	91
145	127
74	115
74	34
658	79
396	1
567	63
1199	149
1843	208
195	109
881	24
163	40
2570	50
1219	232
544	42
1813	113
284	250
790	43
155	95
190	96
2264	192
488	26
1993	16
213	88
585	31
426	7
641	65
466	214
2342	42
139	38
60	17
1012	158
1255	42
758	485
541	24
310	113
106	18
1078	35
396	131
622	42
214	20
3071	58
227	48
62	324
378	15
222	21
2070	82
401	132
433	39
965	247
173	57
2815	68
1800	64
425	24
587	83
351	133
2156	97
83	64
337	148
337	12
651	13
701	130
2590	91
917	140
505	27
128	32
122	29
374	6
9659	35
1089	290
24	236
12	40
13	124
12	189
65	279
213	130
94	19
18	66
48	125
79	7
31	47
42	54
293	2
17	10
393	28
452	356
264	102
1125	82
265	74
2875	65
204	197
2090	35
388	27
127	4
1051	216
118	921
2501	4
276	50
206	44
138	159
694	76
324	40
110	57
391	18
1042	224
539	128
77	87
681	91
117	277
201	191
1903	6
349	112
289	138
122	152
165	82
465	120
901	29
2018	203
734	40
344	105
1797	112
785	243
748	60
584	55
282	128
1717	51
1794	78
647	224
264	418
2069	118
410	44
741	78
696	322
226	7
2223	21
1853	66
1274	154
499	24
878	28
310	32
496	26
990	52
419	138
387	36
905	68
122	180
886	181
2321	107
118	168
112	38
421	213
175	108
424	138
1112	17
576	189
651	3
1424	15
339	94
83	15
527	206
414	95
247	143
208	136
454	161
391	18
274	6
212	88
99	39
59	14
1777	167
221	236
682	97
1140	169
1288	15
486	256
190	220
2270	44
1387	55
70	11
200	23
174	24
188	6
362	86
2650	3
973	28
586	262
190	13
459	38
34	21
540	84
2054	8
625	312
216	285
748	37
2787	103
1286	87
1009	17
895	11
163	35
3322	98
816	28
1242	80
1944	45
1577	142
112	117
444	16
2204	23
132	96
580	47
93	45
41	62
61	14
166	68
1305	126
404	49
156	64
245	37
1122	68
506	34
177	110
1534	1
272	174
1128	128
586	232
181	50
248	25
141	20
622	49
417	14
770	78
101	7
688	289
535	131
382	84
305	224
354	69
442	471
380	235
1347	65
635	89
56	165
718	114
184	43
925	153
945	128
152	6
1741	22
518	45
60	48
195	23
374	51
183	17
37	106
74	9
44	366
352	3
513	48
1261	6
521	5
2724	105
737	52
133	21
333	86
2731	18
3637	86
577	56
762	30
1951	89
322	8
1214	429
816	54
217	26
225	565
427	49
1068	3
2584	12
607	13
106	147
697	69
1798	257
180	57
111	36
204	11
351	37
847	391
292	219
1488	135
413	119
490	218
506	9
1129	139
1887	27
289	26
671	90
228	114
568	95
1653	365
836	19
744	13
1430	76
655	71
66	256
745	79
193	157
492	66
421	110
377	71
693	13
50	352
596	44
43	47
276	77
461	184
860	9
256	31
98	211
783	17
626	80
44	3
37	35
1336	6
177	148
1411	151
96	136
1109	17
1950	214
145	68
509	60
293	15
3453	60
114	75
64	189
695	91
2272	49
439	12
1549	88
62	450
348	69
442	98
516	2
676	298
1035	350
1367	144
416	89
487	30
639	105
1907	4
535	27
123	28
992	70
359	830
627	56
269	38
245	77
240	98
65	57
221	443
851	47
914	48
244	116
195	67
1039	2
115	39
2197	8
61	71
2165	143
317	4
1030	18
170	68
1369	9
286	105
521	131
1078	22
810	8
390	158
1960	208
713	150
1755	164
79	40
1052	58
340	1
647	116
66	9
328	71
570	19
2285	134
1049	53
1494	202
2392	126
842	75
230	45
810	169
384	82
237	42
1127	279
267	106
72	10
777	46
161	98
231	26
72	38
698	160
483	1
345	258
181	111
177	12
933	110
1151	14
676	17
120	72
1375	160
103	31
255	124
383	112
468	15
36	50
973	15
227	37
371	203
1090	112
397	212
2074	163
1020	64
172	306
571	80
1944	25
5184	68
1350	218
567	27
163	56
380	212
541	278
189	82
134	40
2060	294
544	72
272	312
226	43
669	61
671	44
3232	122
754	87
128	73
118	173
3538	44
64	14
509	16
1972	82
82	8
398	7
1034	9
1560	72
377	83
727	18
311	90
375	83
2380	63
299	97
181	58
1035	52
183	299
757	7
311	97
1070	120
1991	6
108	8
605	29
378	168
433	122
357	438
2010	78
756	262
2716	123
77	196
216	172
522	54
421	19
365	20
1529	210
444	59
544	61
1142	12
907	14
1440	77
1905	48
1169	48
596	105
185	61
4374	27
21	77
173	37
153	155
133	199
520	282
367	54
683	24
1722	48
2496	227
4027	111
565	230
1519	26
1488	271
701	218
2027	39
317	8
274	35
1832	69
368	184
330	125
226	262
196	56
760	190
394	194
126	13
63	16
1776	59
1457	109
571	111
860	12
510	51
2101	128
82	89
574	19
696	87
559	237
261	121
2055	114
265	65
84	182
119	146
570	258
1045	105
575	91
57	33
885	17
670	2
751	17
1371	18
111	152
234	38
5341	77
286	69
1125	83
1581	179
19	409
650	39
270	41
626	22
69	27
204	14
1588	50
2319	43
1976	8
492	204
1394	101
1101	32
1855	60
45	16
200	43
59	83
464	209
738	2
384	35
75	3
322	97
1254	7
1121	26
889	18
938	159
316	135
615	129
1065	95
773	205
768	64
864	206
1129	246
1837	6
93	60
1571	378
1589	19
647	394
422	58
1685	13
1573	55
420	77
402	288
571	32
752	11
41	76
1411	404
556	115
648	191
1076	212
1032	153
390	20
367	72
312	327
726	5
1122	106
60	11
2214	51
123	1
770	122
1325	148
726	275
1305	147
454	77
637	79
1281	206
641	270
193	25
891	109
1480	19
653	449
3160	131
507	16
1470	295
263	42
605	163
2049	146
358	42
302	151
2377	120
231	130
289	56
1353	49
1311	14
772	99
603	139
735	47
2198	643
477	169
116	12
97	2
213	194
1015	208
589	61
1560	31
499	140
1232	24
2433	171
1149	100
618	229
1075	242
1685	34
156	23
241	34
83	140
150	69
1134	108
1172	26
687	53
571	1
1752	18
65	48
2436	55
396	71
95	4
142	69
383	89
324	55
1111	176
365	11
2008	12
409	25
684	106
449	216
149	4
454	155
1890	75
859	66
35	74
1590	109
365	99
2259	51
1281	293
265	83
1840	70
849	99
2208	49
63	106
1729	1
756	38
234	30
504	69
2506	49
1368	96
1117	229
2470	145
889	70
1444	33
689	160
1547	328
921	34
669	203
994	9
167	104
233	1
710	7
1262	38
2218	45
969	359
243	95
84	29
1693	62
1927	156
1049	90
550	97
649	65
1647	308
1060	8
171	35
2049	70
1829	2
446	103
196	62
37	28
315	9
416	257
187	157
2155	197
274	43
2770	183
2377	80
784	1
408	1
614	11
77	21
602	32
296	143
94	118
74	50
85	35
779	38
1484	36
40	10
1006	26
571	59
296	289
212	156
628	248
566	1
1644	61
230	46
1732	187
504	84
380	58
58	81
790	50
1294	31
83	65
1214	24
366	102
196	294
702	93
916	20
1406	29
143	203
2534	30
496	89
199	142
2550	14
1190	178
142	226
995	110
1391	449
372	151
497	1
286	198
659	75
996	208
636	134
851	61
307	190
114	8
712	114
1264	54
708	132
96	12
895	117
157	266
1802	703
542	106
517	91
285	18
670	197
3171	88
107	143
1701	15
695	228
209	82
435	236
165	227
1042	69
78	32
47	249
1263	79
1345	31
351	478
1487	56
21	47
324	111
2267	277
560	105
1228	60
176	97
305	166
439	540
1293	79
675	8
1428	13
726	37
1265	16
46	263
196	4
912	18
40	46
848	45
344	289
1780	25
173	83
774	7
463	1
1196	12
405	39
1816	218
602	106
351	12
859	135
877	35
729	20
322	229
479	227
228	63
416	6
2649	95
275	245
175	90
111	95
57	140
355	112
408	65
228	262
173	99
112	71
314	22
36	2
1042	5
679	187
696	9
130	54
227	38
156	190
729	12
409	136
87	448
1068	101
767	311
4648	62
1061	38
240	74
670	329
396	73
2131	86
104	9
612	151
1267	216
142	18
145	4
474	8
1125	110
101	11
2510	44
964	139
834	105
291	92
1088	195
464	57
791	94
647	21
1659	59
192	24
110	184
324	196
563	24
617	45
4338	133
2909	11
2139	140
2237	82
615	25
232	16
385	28
949	48
326	65
247	53
60	30
648	76
1250	13
532	199
142	63
279	49
185	45
1336	137
260	153
109	213
602	69
60	21
1139	227
576	190
225	25
583	42
1795	224
491	82
444	52
1609	132
90	20
218	221
554	73
1297	13
407	15
2922	50
391	153
966	61
88	59
232	19
425	9
41	108
1413	27
46	129
142	1
762	54
120	109
101	34
251	128
1666	34
2668	78
462	35
852	29
1101	116
647	1
1067	46
1088	22
984	55
1395	99
464	82
290	74
805	126
3549	6
1165	46
295	362
276	7
20	16
134	165
423	164
876	387
1326	25
1118	79
977	37
354	65
830	266
588	173
317	170
122	76
2012	252
592	180
120	15
414	60
559	125
340	43
295	13
852	67
538	12
39	7
558	60
194	92
423	124
492	203
135	34
37	49
2051	230
535	47
432	5
835	35
527	95
772	268
281	402
1543	95
182	154
325	62
909	37
296	80
231	47
1283	45
488	245
736	79
266	47
422	86
1774	67
646	56
100	119
84	252
182	167
117	341
2561	53
962	30
535	36
1030	144
2440	39
3193	45
40	41
411	175
659	79
2691	248
168	6
712	62
1573	68
2244	175
247	294
211	78
79	258
826	9
665	16
1232	45
16	18
264	43
1677	152
156	97
240	69
788	24
397	534
401	24
433	204
144	154
114	103
1365	61
91	200
1650	66
1795	33
1159	24
1102	33
570	153
389	152
97	39
647	40
172	139
1209	273
701	6
581	84
135	333
248	111
612	46
882	306
393	69
3020	55
3046	154
2205	5
508	170
475	13
294	73
42	84
278	41
161	50
82	18
860	94
269	15
100	43
60	46
595	21
681	7
4060	27
1091	109
214	213
142	12
714	211
1203	123
1090	126
324	13
956	14
1903	12
517	27
1527	223
495	39
839	7
1686	28
1884	288
226	3
241	210
130	52
215	45
540	139
106	264
1218	40
739	178
642	452
338	34
137	398
2191	112
1263	153
108	51
119	141
888	35
262	16
875	32
43	94
409	132
657	28
1234	16
205	39
1464	11
256	69
246	5
100	265
189	182
3982	29
404	62
495	77
1172	224
191	83
1968	69
1610	16
35	55
220	44
272	41
178	2
624	235
649	35
455	10
119	9
407	88
1199	8
656	100
1435	79
946	102
68	164
1831	318
495	446
332	76
190	50
191	18
247	122
385	47
173	5
571	354
3622	132
146	67
564	92
483	97
58	146
312	50
1176	15
1629	30
618	145
1065	36
101	8
1274	120
592	209
153	159
1082	42
184	25
1106	39
104	103
2683	53
22	9
405	9
587	69
141	151
678	212
149	54
1896	94
578	22
369	50
374	185
1519	468
2136	74
305	1
907	148
1241	163
207	191
447	31
631	13
1059	49
777	91
705	103
87	52
1813	255
789	41
1003	38
291	17
1536	95
403	111
149	169
2409	22
265	81
533	130
295	3
104	112
73	152
545	387
285	28
688	32
1814	36
2171	3
464	14
253	35
2170	173
1282	71
1197	253
916	62
619	44
848	66
255	58
1417	61
38	93
58	49
3230	150
100	73
1634	5
749	77
1134	92
52	88
643	123
92	9
39	218
347	22
3766	75
3359	90
270	124
619	134
1475	105
96	83
1058	45
204	147
1665	35
659	41
597	204
1540	57
82	48
1033	13
136	21
140	144
624	73
64	150
179	145
292	187
145	27
663	84
686	5
341	82
409	297
736	1
2229	267
559	63
1099	17
131	38
997	10
759	3
1314	116
89	24
115	33
191	95
675	96
1703	109
76	112
2132	272
2099	206
1060	176
323	2
2621	48
717	151
1344	13
2747	103
311	50
1214	292
404	32
2160	2
1146	302
206	21
741	162
108	21
29	21
79	119
187	4
134	5
1126	109
1207	113
350	4
114	23
372	8
114	316
948	53
223	57
555	136
1190	247
913	176
112	213
406	143
3382	59
544	86
568	33
234	65
418	89
681	22
279	19
352	35
382	26
446	101
210	52
936	19
1554	54
977	59
41	53
828	129
2278	136
98	141
311	30
1090	19
830	154
208	15
879	155
1304	52
46	44
134	5
480	116
1067	34
1126	62
460	77
943	87
570	111
203	110
621	194
971	77
761	38
1109	157
515	82
1070	6
1229	43
253	434
592	29
292	217
1529	64
3792	157
1121	167
1313	46
1162	22
1067	85
78	233
2384	10
944	145
2303	156
243	194
131	93
1762	385
1676	66
1468	41
276	106
754	87
1392	158
2176	58
211	432
2181	317
1438	38
898	26
733	2
1112	622
453	178
527	48
457	97
943	187
270	7
42	361
602	91
176	17
90	53
886	56
183	24
1393	33
2051	228
163	153
109	103
1394	101
