0	30
3514	99
185	27
60	80
84	13
51	138
88	124
73	110
68	97
114	21
65	4
42	88
43	50
44	68
88	325
66	144
59	53
42	19
42	100
49	10
81	6
62	385
43	20
46	135
61	23
44	72
83	23
98	91
67	156
50	379
65	227
51	92
121	132
88	8
71	159
49	57
78	260
48	20
123	127
69	22
48	110
46	61
41	43
150	8
157	127
115	131
80	91
51	132
62	320
322	121
56	15
97	47
53	57
87	157
191	68
62	79
45	98
42	86
149	285
75	27
130	83
55	185
169	358
87	27
125	277
56	43
195	12
184	180
231	87
64	135
50	86
95	24
61	59
222	54
58	35
51	3
40	13
71	360
45	207
60	72
58	219
64	6
264	31
59	109
138	8
319	19
195	2
159	132
99	8
81	68
107	58
237	179
60	190
46	29
38	43
77	628
98	125
306	110
76	278
159	125
103	66
54	114
91	16
58	80
121	258
56	35
83	132
80	60
46	60
250	69
170	5
231	7
156	189
71	51
67	22
134	9
213	254
107	35
165	145
79	35
130	3
163	28
69	36
65	97
143	17
102	83
75	177
202	57
132	6
57	147
80	34
226	18
77	110
52	98
163	35
157	16
163	148
69	57
118	102
92	2
74	111
177	35
273	279
362	3
399	120
63	124
43	333
43	40
38	94
40	313
87	31
63	402
58	7
43	102
37	152
65	33
98	98
197	118
145	131
48	14
175	22
70	164
121	340
47	49
94	260
50	231
39	139
39	91
3781	20
367	122
120	5
61	168
113	10
167	191
116	254
47	111
79	324
211	186
135	103
83	55
95	166
166	155
68	147
192	57
142	196
72	15
143	14
53	1
36	68
34	277
35	12
31	89
76	179
36	33
247	6
72	170
56	54
142	33
212	78
140	34
162	1
77	473
592	241
146	93
104	43
198	91
138	87
123	632
43	43
83	67
42	88
33	19
32	12
31	99
150	8
42	40
69	68
56	6
48	12
57	47
83	39
86	39
96	150
361	30
125	298
79	142
76	5
88	24
390	69
108	26
78	130
327	56
65	86
140	69
88	193
155	81
57	83
44	22
112	31
39	420
302	90
2343	163
89	7
31	320
56	100
137	5
42	116
31	55
54	67
37	126
123	39
110	37
243	187
45	50
65	14
166	196
163	59
236	122
106	128
118	75
135	443
101	149
177	98
152	33
181	56
150	30
86	55
216	10
197	93
174	82
166	79
125	340
98	112
87	53
488	60
101	308
100	217
178	325
174	24
252	29
85	14
135	49
47	114
60	74
34	357
241	79
61	130
177	393
42	24
99	28
64	113
86	241
162	31
38	18
30	125
26	226
163	31
30	17
37	175
62	69
202	220
164	59
34	74
69	20
41	45
105	54
45	56
144	125
328	44
48	4
197	5
113	3
38	17
26	51
81	173
79	211
76	263
79	26
41	19
191	66
113	151
178	190
137	24
148	172
142	36
200	24
73	39
117	20
3038	245
89	115
24	22
19	41
25	112
21	99
24	93
19	187
19	204
17	40
18	48
18	137
17	76
19	379
17	6
16	52
17	21
18	26
17	10
18	268
22	56
19	204
17	15
17	89
17	36
26	93
20	28
17	9
20	107
21	26
22	59
19	46
17	11
17	69
18	110
18	90
142	324
84	69
29	116
56	142
231	98
74	154
30	201
27	656
81	39
88	162
122	112
59	115
136	20
341	44
78	523
31	94
22	29
22	113
88	13
159	19
81	319
103	115
192	32
557	28
223	15
99	44
32	35
93	93
102	118
154	29
39	119
75	278
46	48
211	162
172	4
130	36
84	39
80	151
27	91
76	108
97	113
55	17
111	55
25	299
18	77
109	43
41	277
260	24
33	86
69	65
138	63
181	96
34	13
91	200
61	33
128	58
105	92
27	84
105	333
126	43
136	159
73	344
74	24
188	11
211	36
121	48
120	330
170	74
42	101
184	88
44	23
37	112
63	30
26	10
72	376
96	105
64	44
235	164
76	18
101	59
248	97
119	11
329	101
352	49
53	185
101	29
68	164
57	265
1944	12
238	84
197	41
236	267
134	123
323	21
248	1
100	134
100	46
179	56
389	18
62	52
24	37
95	73
501	63
172	153
192	127
130	76
49	154
103	153
93	16
29	34
36	49
135	83
210	29
109	170
183	86
70	73
104	18
207	16
108	209
72	64
40	69
279	52
76	98
42	7
138	703
110	82
258	30
342	118
116	67
90	594
25	56
93	38
116	96
61	24
33	200
165	357
104	114
26	22
21	55
43	21
41	115
217	3
76	66
27	10
142	50
197	67
34	94
278	85
3741	99
286	73
163	56
65	86
156	3
247	30
166	243
292	219
209	24
115	9
28	12
242	20
91	60
126	181
38	39
128	158
39	192
161	381
128	9
84	16
26	108
235	209
470	123
37	523
19	123
97	66
126	22
203	35
103	10
311	178
23	244
19	65
39	22
40	41
63	140
42	151
61	69
33	49
69	43
85	43
47	40
193	77
235	10
213	23
41	49
44	103
107	98
49	44
181	50
60	57
21	62
216	29
56	15
26	6
19	153
14	63
51	1
407	168
18	30
49	242
89	11
121	4
181	36
110	245
121	22
171	62
22	151
37	78
22	185
16	92
78	21
21	74
17	183
55	298
19	19
167	35
22	329
122	177
40	40
160	18
22	11
65	171
57	451
64	17
145	16
30	123
18	27
14	2
90	13
98	4
77	122
22	16
36	45
110	22
221	31
35	46
49	2
56	51
23	169
183	49
40	102
31	31
211	51
166	68
77	130
44	107
56	432
53	263
53	8
304	121
47	123
68	6
114	282
322	126
176	34
23	75
11	20
154	69
219	150
23	1
17	63
24	63
11	60
91	266
114	18
157	158
132	202
80	36
233	29
290	14
29	139
11	196
285	114
209	47
294	4
53	7
151	291
29	37
27	76
181	6
265	77
46	16
344	13
71	10
25	100
26	14
263	389
44	10
42	174
46	195
95	106
42	181
43	88
33	39
21	268
35	18
45	134
242	95
93	19
26	12
111	125
28	60
68	1
131	177
145	122
25	98
24	90
26	71
97	29
270	80
35	206
452	158
40	2
92	2
419	58
39	16
129	102
53	235
38	265
61	151
123	34
87	133
84	78
114	20
83	132
82	20
131	181
129	23
28	34
10	80
21	62
34	6
142	80
34	525
236	66
168	155
100	50
28	10
142	223
31	47
92	335
24	20
119	44
125	45
30	141
11	4
82	7
106	82
26	135
156	146
25	124
84	17
55	86
88	84
387	128
24	17
85	32
30	507
42	351
92	148
174	99
336	170
24	191
164	38
97	31
39	170
118	119
27	30
41	123
21	222
108	33
24	35
88	10
25	101
15	15
173	109
170	6
103	30
27	7
108	55
101	273
27	41
15	6
148	222
98	45
287	90
53	35
290	24
149	102
30	68
89	428
584	8
346	61
30	147
125	49
54	18
27	90
143	24
25	29
42	103
118	310
29	67
89	10
127	161
26	212
11	130
10	125
113	29
18	35
94	141
28	4
107	64
110	54
34	161
25	45
67	15
309	60
28	109
90	91
134	21
98	37
130	118
201	41
29	92
11	57
28	29
92	79
248	24
132	25
119	5
179	71
37	65
102	249
56	223
16	136
176	11
53	61
228	17
123	29
31	291
38	14
77	21
27	85
128	232
27	17
144	15
26	31
104	5
49	148
374	30
21	108
10	185
197	314
62	70
77	39
177	83
35	29
112	75
83	683
163	31
77	170
280	19
94	26
172	11
81	146
88	66
24	21
68	54
167	297
24	23
10	33
102	156
54	37
151	239
28	58
31	102
25	202
38	159
133	73
109	53
74	27
117	206
24	26
42	157
232	156
20	245
99	266
28	159
15	138
108	95
223	38
98	10
127	27
34	84
190	6
27	197
95	96
30	187
82	20
30	20
102	134
26	74
137	56
28	63
97	57
208	51
62	2
274	16
285	277
67	13
120	42
102	137
25	95
41	191
127	71
24	260
133	82
25	239
40	88
89	60
24	65
113	12
15	35
122	144
15	263
108	107
19	40
94	19
108	288
24	60
10	19
51	19
49	65
114	3
56	467
128	234
51	83
156	44
96	124
222	101
27	54
11	275
198	65
134	24
24	56
97	11
18	110
110	108
108	48
30	322
190	244
39	95
118	112
27	111
202	48
26	7
44	218
133	22
143	112
40	55
17	38
88	328
316	13
13	5
95	23
111	226
160	98
102	23
92	15
140	84
14	9
70	143
17	17
108	64
19	64
108	129
26	10
128	290
25	35
85	131
90	59
104	102
377	194
25	239
41	30
257	176
27	55
94	47
27	50
132	312
173	14
158	138
28	117
329	291
18	95
51	148
151	46
142	118
59	2
56	286
30	186
30	5
25	65
98	23
20	122
63	217
15	188
49	48
168	315
203	160
19	74
111	188
93	64
203	13
137	19
16	28
107	134
17	229
98	46
16	256
100	40
215	32
29	90
164	48
101	99
16	155
78	2
199	57
23	13
144	13
17	194
188	39
103	13
67	51
62	45
26	53
114	158
61	22
349	122
46	63
115	231
216	14
160	85
55	91
50	7
170	23
423	12
15	40
129	85
74	102
24	52
94	97
23	22
52	203
209	21
87	103
78	86
114	27
24	41
163	29
19	37
86	65
53	235
270	229
92	144
36	12
93	25
16	107
178	88
200	94
211	45
16	35
17	254
41	272
85	98
17	60
148	23
18	434
152	38
124	138
73	191
361	1
21	123
157	35
208	104
21	194
135	6
160	42
18	314
20	18
179	21
27	243
25	128
82	14
63	268
213	90
151	157
17	113
67	30
18	8
70	23
17	134
96	444
95	111
67	85
99	6
66	25
47	149
247	51
117	224
24	293
92	211
142	62
125	39
208	136
24	101
443	91
34	132
260	20
19	27
70	397
28	393
94	19
65	26
23	88
166	24
101	7
18	86
76	325
19	80
88	125
22	92
166	209
109	108
59	8
161	91
20	158
98	39
24	21
16	56
157	119
15	61
25	37
32	4
80	39
130	16
14	46
73	127
18	167
91	182
30	56
289	128
16	119
35	179
127	15
73	4
33	91
99	71
244	130
101	191
114	39
31	49
124	7
62	347
25	80
44	114
24	512
247	62
351	75
81	115
158	78
26	48
89	142
30	36
107	113
16	34
11	155
38	39
29	23
195	142
77	207
131	12
33	58
45	152
28	24
84	76
142	339
137	57
17	6
60	377
149	20
122	3
19	32
79	5
19	222
92	37
41	81
18	55
50	66
22	51
162	4
18	24
90	48
29	55
78	116
221	275
90	46
187	17
79	17
23	79
363	138
26	66
135	165
18	19
107	365
65	50
112	150
62	90
171	186
123	12
72	49
151	130
112	53
90	95
75	197
50	151
114	101
40	105
126	137
103	76
106	22
107	130
26	15
53	94
163	227
139	49
185	38
28	25
49	64
150	242
25	37
236	134
111	5
16	99
39	98
47	177
43	116
30	152
348	22
26	246
231	213
58	7
82	67
25	298
93	86
28	48
148	1
159	4
24	29
14	113
210	162
99	354
24	127
259	310
30	53
205	34
25	163
70	58
367	107
26	56
17	29
134	187
25	46
70	6
109	157
298	103
102	21
292	135
100	122
26	77
92	98
28	60
162	39
48	97
143	73
19	51
109	42
38	98
410	25
204	244
177	75
28	88
156	12
48	74
84	34
56	50
74	76
31	205
244	139
144	97
27	226
34	19
151	31
86	51
161	41
28	341
18	114
103	135
35	16
16	81
73	142
26	18
12	137
135	110
89	32
95	56
201	95
29	14
73	345
39	45
29	131
132	54
30	105
252	19
17	364
129	8
145	184
55	3
127	83
25	61
105	105
65	296
47	128
49	252
28	10
155	51
175	5
111	45
39	188
28	79
172	271
121	87
26	44
144	2
38	52
97	243
17	203
13	125
91	59
24	127
98	52
35	104
240	184
95	154
140	24
345	168
99	8
147	59
103	144
38	31
121	28
216	50
199	35
52	37
24	71
86	459
29	40
92	150
187	101
164	19
286	1
24	143
15	52
190	73
55	26
68	11
49	399
99	103
75	266
46	33
108	157
274	394
331	75
76	101
125	160
24	124
23	45
28	23
29	128
119	79
29	81
354	56
16	147
37	7
157	258
55	437
186	145
26	23
15	17
99	237
37	5
11	17
14	69
257	92
156	17
148	106
115	252
369	2
141	152
31	80
133	116
117	17
177	16
27	4
135	18
154	225
28	1
112	247
95	39
52	1
118	49
107	127
217	87
122	16
119	4
303	50
66	84
100	192
102	12
37	13
143	269
124	18
161	112
32	90
219	73
150	41
34	80
14	44
93	23
121	15
145	156
119	65
214	425
153	73
30	202
20	7
90	5
25	5
11	322
22	129
80	32
29	9
90	107
29	76
104	32
24	103
40	8
138	31
25	11
111	56
24	23
75	27
31	82
462	187
30	69
102	38
115	74
112	161
133	21
244	16
54	49
31	72
207	229
30	579
62	108
76	259
199	94
183	246
104	15
25	44
106	171
97	40
98	237
98	59
23	41
76	209
92	14
80	116
27	41
80	26
111	16
117	180
36	128
186	129
229	41
153	34
24	459
242	37
28	2
26	175
15	7
86	75
24	45
223	55
26	159
16	39
270	18
34	69
128	112
45	72
140	14
34	60
136	64
46	121
341	116
47	159
243	133
31	343
17	24
247	112
186	27
52	11
197	64
84	50
109	47
77	21
81	245
43	51
105	168
82	12
50	1
161	159
157	175
104	36
85	119
110	84
51	37
251	4
41	73
146	325
183	14
66	85
73	24
134	5
136	177
145	59
27	36
200	128
41	292
34	17
67	45
25	328
85	31
45	162
107	185
346	16
31	12
40	54
76	31
638	183
34	57
27	37
104	74
161	90
120	420
31	55
139	211
69	12
71	108
117	256
54	245
44	367
96	59
121	20
128	287
24	117
22	225
416	45
130	211
103	52
165	194
43	32
120	46
45	71
97	29
113	64
191	6
142	15
44	117
41	72
341	6
47	12
158	100
71	65
106	26
169	9
21	23
318	63
69	1
28	242
91	9
83	133
311	198
108	3
45	92
88	34
202	3
323	15
312	41
25	182
16	114
154	190
98	26
171	33
25	87
116	76
24	577
96	154
141	207
24	151
91	162
124	139
101	11
110	175
104	267
25	5
323	160
39	18
131	15
109	15
33	86
222	19
42	79
232	81
87	7
65	77
27	44
11	100
11	250
116	6
141	61
89	37
81	200
42	53
108	137
67	189
15	41
198	233
138	14
105	22
246	32
371	22
43	223
116	116
33	40
266	199
187	76
340	37
41	55
160	31
133	196
30	18
93	21
59	65
88	38
24	78
10	14
12	72
97	4
25	51
154	211
30	112
155	332
30	136
27	97
95	240
15	67
55	57
43	86
182	147
150	151
24	614
219	45
27	231
122	72
104	25
98	57
24	39
50	417
253	298
152	33
95	99
116	61
53	369
133	13
64	112
22	65
127	82
76	120
212	62
84	53
49	13
131	56
15	92
68	239
117	24
40	127
88	77
53	36
135	37
17	193
88	121
100	155
103	68
24	50
205	121
42	318
206	47
23	13
120	1
114	11
24	52
17	47
104	10
128	3
27	56
18	245
145	46
29	86
95	268
33	49
49	82
407	327
29	23
239	111
111	173
26	243
27	73
319	4
24	1
65	20
263	119
85	285
129	112
25	141
71	17
36	14
49	38
294	168
271	33
106	57
25	15
16	37
131	167
56	114
99	349
176	216
44	278
34	116
92	74
205	47
20	335
392	4
34	4
63	29
143	2
47	37
34	115
440	64
36	254
71	32
351	83
18	68
184	141
208	349
30	35
22	164
52	16
48	10
39	82
93	29
37	25
151	18
22	188
170	17
37	56
216	32
32	152
63	166
31	89
31	52
70	42
128	290
253	201
32	97
49	77
111	36
20	34
245	121
220	102
52	17
82	126
58	528
54	4
120	166
49	11
297	26
101	42
22	64
222	252
184	182
46	94
124	268
37	28
226	8
353	105
78	26
32	37
173	274
273	22
47	1
145	12
210	41
51	45
20	162
92	34
232	6
120	28
92	100
39	56
181	101
30	77
138	353
120	21
35	123
106	56
29	292
17	122
258	212
30	72
20	3
102	258
145	337
115	66
30	221
244	6
28	57
30	214
105	113
110	27
118	84
291	83
25	151
65	21
57	28
218	189
52	187
42	165
57	120
41	261
157	65
43	123
89	6
87	155
98	1
15	127
25	209
132	92
27	247
67	201
16	38
216	14
133	19
23	25
15	105
122	64
28	109
209	57
29	33
92	122
214	46
46	12
143	96
59	20
94	12
436	99
449	99
77	71
238	283
30	87
31	56
112	111
145	160
27	9
26	365
46	31
22	47
159	37
32	79
111	76
193	129
31	49
38	19
23	168
139	170
27	37
112	22
92	234
227	3
286	195
62	32
174	22
304	196
30	99
145	113
32	183
17	59
301	95
263	131
216	24
120	97
263	199
36	57
97	204
35	77
16	333
14	46
145	23
35	26
91	9
75	223
15	12
23	28
92	107
54	28
115	168
17	151
28	95
40	98
128	26
242	50
190	72
23	11
295	61
99	170
24	148
103	4
235	42
98	315
24	70
212	168
36	247
274	107
129	117
95	200
135	4
123	39
179	227
32	128
155	81
33	34
101	10
26	13
46	20
34	455
39	268
289	35
197	95
198	99
108	188
26	1
12	156
140	136
25	36
34	455
27	19
84	65
26	21
165	33
337	23
27	26
48	11
121	46
23	31
86	93
114	106
151	25
290	179
38	54
130	352
18	62
99	20
24	2
14	88
127	102
26	90
74	252
37	51
194	6
39	65
84	104
77	483
242	369
24	87
37	41
100	38
97	38
191	71
55	145
96	65
150	49
42	135
134	325
108	97
378	7
45	110
63	50
41	1
73	1
104	31
154	34
186	4
26	54
104	77
38	94
214	6
217	174
101	306
117	61
25	28
112	71
62	27
18	208
41	46
72	94
89	203
30	76
11	2
198	69
317	452
25	9
22	15
132	326
27	17
479	139
31	144
128	40
88	75
24	63
281	77
25	106
16	8
41	24
108	18
206	672
114	33
50	75
24	16
14	194
114	207
249	23
136	20
60	165
76	105
194	68
110	152
301	9
100	146
34	126
135	64
135	52
30	13
264	2
125	196
242	48
45	13
249	89
36	11
141	84
37	66
134	15
138	2
39	5
196	101
108	34
135	50
100	60
34	17
82	45
118	123
32	10
112	1
215	38
109	32
129	67
100	2
42	160
282	139
52	42
51	1
107	107
154	17
182	89
120	107
34	56
78	136
27	63
20	191
110	113
142	51
27	51
115	235
130	125
26	64
94	37
27	42
84	91
34	93
97	154
59	36
101	6
82	233
61	27
99	46
237	11
26	50
12	58
84	138
121	65
23	32
163	11
132	54
25	76
91	166
25	2
28	19
27	106
126	82
103	60
158	286
83	16
25	269
94	341
40	40
29	3
178	57
43	70
101	11
162	163
285	5
342	52
209	312
28	60
13	141
163	4
31	40
27	446
442	146
34	64
83	131
29	227
35	289
146	77
146	46
181	36
140	134
85	54
135	308
161	48
56	220
101	95
283	37
138	207
42	142
390	83
22	88
192	282
101	55
29	2
79	244
105	2
44	130
173	132
109	21
54	19
32	102
153	352
55	84
16	386
246	92
25	17
86	138
17	177
111	18
238	86
234	2
26	38
217	18
104	79
205	141
34	35
241	24
27	138
47	78
23	7
111	74
67	105
35	4
118	125
40	105
71	36
72	193
35	11
41	37
140	399
24	71
70	322
24	46
68	37
16	63
67	107
24	273
21	87
80	123
23	43
121	122
114	20
25	23
148	327
29	170
114	95
159	275
62	219
117	18
176	14
26	357
194	201
52	59
26	9
19	65
60	247
26	181
39	245
32	217
64	38
33	7
109	25
20	47
101	222
56	217
23	165
48	91
189	2
171	105
60	22
88	308
32	134
153	124
183	55
112	124
23	78
54	16
74	176
88	143
85	210
88	37
66	66
53	26
276	158
85	104
141	18
50	34
141	95
103	26
149	3
44	252
39	63
84	18
73	155
60	126
73	51
36	2
47	51
123	33
224	291
190	64
33	199
55	38
163	112
63	71
55	289
151	134
94	213
218	184
75	28
121	96
110	15
63	258
81	142
116	115
48	3
42	58
93	64
123	136
108	87
101	4
167	94
143	130
62	24
220	94
108	61
126	150
46	15
203	12
36	162
183	64
108	685
90	22
83	336
157	116
134	22
190	45
170	89
57	98
36	63
136	9
283	51
164	223
50	210
157	13
48	58
87	2
198	5
64	123
59	45
167	98
72	35
61	26
61	50
117	276
69	129
24	32
124	25
76	1
62	48
306	177
26	13
55	24
23	6
66	33
69	131
38	176
106	34
22	23
117	28
81	31
67	11
99	77
75	7
89	37
76	34
65	21
124	68
63	32
39	20
49	260
59	61
201	114
258	191
23	28
94	5
23	534
86	102
46	306
98	257
43	58
85	108
134	22
141	107
22	22
14	85
110	67
23	316
158	238
205	506
24	109
41	152
52	319
76	4
23	479
91	3
112	3
24	137
17	182
83	10
205	13
133	81
275	24
168	159
139	29
15	42
217	38
31	214
30	213
33	5
113	37
33	263
48	128
22	6
123	6
20	213
193	60
135	136
167	31
145	345
31	116
36	10
125	6
156	54
28	187
16	76
95	50
35	147
107	163
177	55
50	41
24	82
49	95
18	29
154	1
24	86
72	22
191	44
143	19
107	16
103	22
29	92
12	81
21	44
24	356
27	7
208	50
196	165
15	217
39	40
362	113
56	10
21	150
69	96
208	192
60	1
79	150
27	118
81	97
124	55
39	83
121	69
89	27
344	439
24	1
17	37
79	117
87	230
38	42
84	32
27	105
139	67
93	5
143	143
112	3
123	21
36	29
28	80
164	7
29	29
74	78
53	2
21	9
64	68
16	85
81	16
143	11
85	70
27	59
159	71
54	36
85	93
153	30
23	274
116	25
23	36
91	46
33	72
40	72
204	21
97	27
213	44
22	5
16	49
149	15
40	140
92	14
24	142
27	377
45	28
211	66
136	139
48	47
59	61
104	88
117	63
244	273
163	95
85	123
41	110
185	49
81	158
115	190
39	58
207	202
158	98
140	63
43	70
41	95
110	89
75	36
138	53
26	41
35	65
55	37
252	27
56	101
215	26
174	134
37	29
14	27
83	685
99	16
208	8
24	116
12	194
22	50
101	2
159	150
16	23
128	6
147	39
14	151
19	92
140	113
139	130
116	17
134	23
24	402
136	199
38	65
226	33
174	18
28	72
103	109
102	33
301	22
131	10
57	58
45	783
43	104
21	24
81	108
217	23
136	8
98	224
23	43
121	101
23	17
86	62
27	22
156	17
45	177
84	357
123	19
99	67
74	34
46	74
60	72
128	68
119	29
53	222
162	35
98	175
96	131
81	162
100	21
65	91
110	36
104	279
44	45
302	9
259	65
49	216
204	212
130	114
25	13
10	44
304	458
209	207
24	40
86	115
97	10
139	46
132	224
17	1
39	118
235	22
160	19
24	167
24	65
54	6
208	49
111	70
16	20
68	50
23	311
198	13
37	12
240	238
83	27
54	307
153	62
23	36
189	285
58	6
26	129
15	29
84	19
29	302
83	8
30	35
96	191
23	52
255	49
27	34
84	43
25	1
284	66
24	249
84	239
26	78
93	188
23	36
100	160
24	65
15	67
163	178
209	49
23	185
105	15
13	247
267	12
25	159
71	102
25	200
21	146
35	61
250	67
32	273
25	126
51	131
114	46
155	199
92	31
34	16
263	173
28	142
145	37
142	10
184	14
58	34
75	82
46	127
182	5
220	106
32	20
71	12
110	223
101	21
127	4
150	70
147	39
149	36
99	62
89	36
107	17
56	214
158	155
182	59
215	4
168	2
74	40
187	140
58	24
197	216
57	224
219	22
271	19
30	15
19	39
450	119
57	12
80	129
19	186
9	236
145	57
241	5
22	4
195	215
35	60
65	50
239	302
47	20
47	120
108	148
86	114
53	181
303	485
70	45
99	22
92	21
65	43
43	28
85	90
89	349
65	27
44	120
120	335
39	32
66	10
143	76
59	136
186	14
51	75
112	272
49	141
109	248
48	25
62	73
38	77
112	168
163	18
45	317
72	201
209	66
27	49
47	37
155	13
40	101
416	243
60	268
45	84
38	99
124	214
89	3
147	53
41	320
73	108
82	237
89	17
101	535
64	323
402	62
331	167
24	52
66	7
45	59
20	83
100	19
42	185
80	58
145	220
22	103
32	10
60	89
211	7
29	134
28	42
149	107
101	56
33	123
144	150
94	146
19	378
283	231
170	124
104	7
111	17
94	74
86	49
179	154
49	89
140	18
60	3
100	40
172	73
141	2
61	30
181	8
213	1
106	37
96	164
269	192
170	25
134	194
143	157
175	543
186	335
223	2
114	98
58	97
207	35
182	75
593	8
121	104
137	21
145	8
126	341
107	60
78	82
524	303
71	87
154	12
78	1
131	32
55	158
167	28
113	29
184	70
220	28
191	23
88	211
264	7
103	85
369	45
73	300
108	98
151	68
318	150
74	85
205	51
72	35
90	42
208	22
78	59
137	6
324	24
213	358
52	56
220	52
129	40
95	14
101	40
42	61
68	154
288	179
49	19
125	200
95	61
181	162
150	97
263	3
73	98
138	116
91	2
73	61
153	20
60	3
48	72
101	168
193	301
91	99
41	30
469	269
90	120
99	88
69	144
123	159
44	189
70	287
72	107
44	357
305	52
66	62
149	83
85	57
106	203
104	67
47	73
58	52
106	17
59	171
98	67
132	167
100	183
299	148
45	176
149	72
68	8
48	96
60	101
146	79
41	3
59	399
56	46
60	326
56	166
302	57
190	217
153	52
97	80
121	20
153	57
267	304
43	63
187	5
178	40
111	274
57	723
85	41
93	70
56	90
151	271
105	69
72	87
224	189
67	73
65	160
75	44
86	32
68	47
78	128
193	66
104	174
223	123
207	49
48	10
61	33
50	94
131	87
74	60
59	37
50	79
64	13
54	44
81	164
161	73
163	22
75	123
39	16
115	44
84	21
62	137
40	53
215	179
73	308
91	199
71	181
146	27
344	9
120	148
30	1
175	10
64	198
64	83
158	206
78	10
282	11
131	106
228	56
91	90
164	147
59	3
143	156
54	253
286	9
131	130
302	12
149	18
84	129
102	51
450	42
29	197
15	49
121	52
84	131
60	192
69	37
75	35
50	34
117	68
142	3
432	105
172	45
12	19
8	26
178	4
53	295
28	318
42	60
43	6
24	3
130	66
200	30
31	1
275	205
101	98
32	38
185	172
14	52
39	239
134	377
39	159
251	100
22	63
121	15
264	237
26	44
74	122
99	10
27	151
224	236
214	92
198	254
205	158
98	127
122	206
18	199
264	116
98	224
44	5
99	54
30	492
14	28
16	108
47	46
120	117
40	132
87	272
156	443
27	428
12	190
17	264
160	9
136	95
43	181
101	49
393	48
95	96
26	29
11	2
171	30
26	35
79	244
33	2
135	271
22	142
70	118
175	121
153	46
31	6
22	110
17	340
74	49
26	108
69	41
24	16
69	234
54	510
103	174
25	3
21	88
48	134
106	14
51	80
113	145
47	78
91	12
113	32
27	131
84	68
27	122
123	53
249	174
22	168
121	91
22	63
23	58
92	384
134	51
36	71
52	233
154	37
278	105
134	83
24	155
118	303
95	44
24	163
129	162
145	113
117	58
140	83
39	8
167	30
85	134
41	482
88	89
29	23
107	419
19	294
120	28
28	156
73	44
143	17
177	19
30	257
364	8
89	65
30	100
95	107
23	15
10	26
408	59
97	54
125	37
42	14
379	225
54	11
40	4
68	90
40	86
166	21
47	56
69	23
166	209
95	17
27	37
84	10
223	58
41	1
29	237
32	33
49	171
173	1
226	3
298	101
101	13
33	294
51	61
92	33
26	112
109	47
24	12
99	8
179	44
112	173
112	104
58	302
151	41
204	34
28	159
139	52
57	62
45	115
158	20
40	60
36	259
53	210
18	45
12	62
242	272
31	60
84	14
454	22
44	43
132	41
33	181
46	107
202	183
28	15
307	182
95	199
27	22
18	1
168	9
32	25
80	244
29	77
157	33
26	9
222	33
32	30
96	26
27	214
129	24
544	28
28	27
19	22
121	163
31	61
214	46
27	52
86	154
218	76
28	137
12	60
81	76
33	27
149	59
27	58
29	13
126	25
44	12
154	56
114	34
55	29
164	32
49	195
35	8
130	222
109	23
32	440
17	55
11	48
86	146
27	39
88	248
40	48
154	20
25	48
16	96
116	28
25	4
84	28
340	214
111	140
25	82
11	37
15	163
219	343
23	261
59	150
13	39
78	271
27	13
25	12
83	40
182	57
122	89
15	147
120	112
66	3
86	5
96	243
27	30
158	202
21	3
210	23
22	197
24	27
84	43
22	213
20	287
83	63
22	20
117	26
21	11
115	155
237	77
108	31
103	334
24	89
73	66
213	148
30	71
115	117
30	93
214	49
101	20
239	38
22	131
121	317
276	22
26	32
166	254
127	490
145	29
98	18
143	98
116	15
27	162
110	235
38	113
34	136
23	8
21	109
57	103
36	24
126	170
335	180
295	243
63	265
132	15
51	4
185	1
115	3
70	558
179	182
113	185
78	153
75	113
73	250
87	234
118	20
45	237
61	99
61	125
64	74
58	61
38	12
31	29
212	118
64	8
66	19
185	160
77	130
33	57
127	132
193	113
65	125
74	194
86	54
119	72
71	87
70	3
113	49
127	398
93	268
221	15
44	151
81	22
68	76
55	2
66	15
167	329
103	12
70	16
42	51
129	11
112	137
122	413
145	238
50	85
50	74
107	87
38	80
34	15
128	126
86	53
109	103
50	210
57	44
48	108
271	344
31	92
63	22
91	208
47	20
168	72
101	17
254	103
62	95
279	94
134	9
143	68
38	13
218	398
55	37
109	217
62	197
84	69
181	151
92	192
59	41
42	170
117	65
40	105
253	122
252	111
82	194
109	382
124	14
102	89
91	215
94	49
47	70
173	77
150	76
218	19
281	33
62	6
100	126
50	56
156	34
62	45
137	23
116	9
117	45
196	81
24	83
179	76
95	9
21	35
115	165
40	259
202	26
37	41
96	11
177	44
341	159
24	202
86	39
89	19
265	74
94	193
96	151
52	188
107	461
52	158
69	115
22	35
188	107
38	187
52	258
275	106
17	227
50	68
189	5
172	132
101	112
81	348
112	119
86	130
47	38
139	149
38	105
347	223
125	3
55	105
59	2
234	3
133	163
251	20
366	168
41	141
42	63
94	48
40	60
63	41
107	22
427	158
27	12
183	20
21	87
14	515
87	56
21	67
84	11
21	78
295	87
285	38
203	43
142	54
24	54
12	375
10	697
128	337
17	34
116	12
62	42
56	206
26	183
281	149
14	44
103	7
25	38
49	119
21	35
38	97
26	25
19	129
14	25
54	131
28	84
94	15
31	127
158	35
27	9
19	63
39	199
375	21
22	56
68	121
35	51
211	111
108	58
22	52
173	172
16	80
9	48
87	302
97	142
31	236
219	45
43	23
39	115
121	77
26	92
102	253
133	66
205	19
188	144
39	9
225	19
40	253
51	32
20	89
64	72
61	98
171	19
219	119
168	21
71	72
175	124
49	5
74	73
97	130
43	23
81	80
116	120
93	6
87	78
95	211
16	169
256	57
24	74
113	37
152	100
24	264
10	151
91	61
22	167
150	3
25	39
63	32
19	55
88	383
37	23
205	185
93	268
103	49
96	16
190	121
22	20
82	55
22	46
68	79
146	296
129	6
54	12
44	215
161	265
82	82
423	31
53	37
163	2
87	31
105	260
23	84
248	113
22	28
15	320
98	115
89	220
24	11
17	63
161	45
37	388
315	72
134	32
25	101
17	108
46	35
226	24
106	152
283	128
26	30
118	11
184	8
22	40
409	99
103	19
24	66
110	90
107	19
34	168
121	21
133	21
143	60
31	90
46	48
21	499
233	56
29	33
44	55
87	175
183	251
24	55
76	68
145	56
214	160
153	372
58	140
89	199
77	172
30	183
53	262
110	4
56	134
105	171
64	190
91	322
19	7
58	310
106	100
180	63
101	22
174	102
57	223
234	293
24	88
115	97
308	28
36	2
102	193
143	87
177	136
29	135
182	37
25	74
10	28
204	21
25	126
99	95
25	140
71	28
57	511
17	172
104	85
104	133
94	62
140	2
24	122
85	11
22	66
104	96
36	243
295	208
183	10
16	154
86	99
26	126
186	42
374	127
24	38
100	284
164	4
23	44
9	145
230	9
36	272
217	257
322	26
76	124
62	89
76	244
146	71
150	155
40	47
201	183
15	71
90	213
152	27
56	65
45	7
144	3
57	220
75	70
35	167
363	4
24	162
10	80
178	86
166	73
116	178
23	10
44	55
138	37
28	391
16	27
222	18
28	95
97	141
48	35
98	257
50	21
190	604
175	105
41	33
114	2
231	408
29	157
313	277
227	151
24	67
26	5
81	101
24	4
87	10
21	165
100	162
27	55
195	97
21	124
24	77
33	206
226	8
25	1
145	251
667	71
141	44
30	235
275	81
27	57
181	43
169	15
153	24
99	200
111	31
35	40
189	22
97	8
142	79
24	7
69	32
134	45
143	27
27	46
145	68
115	44
38	147
211	167
28	65
181	83
113	40
44	68
32	152
307	255
59	81
77	157
84	171
115	200
130	112
23	34
194	90
57	24
29	2
110	4
105	164
22	38
150	29
165	42
223	179
86	29
48	43
68	52
39	50
246	14
96	37
61	143
171	16
95	172
90	196
135	119
91	177
12	308
69	24
166	1
21	95
14	144
128	191
22	18
83	184
21	110
221	109
22	306
86	127
109	135
25	261
10	120
8	21
24	121
30	57
97	142
104	20
95	113
105	161
36	232
31	162
110	261
95	48
23	233
149	36
203	3
16	378
26	42
91	87
23	143
10	93
106	21
115	47
22	65
92	14
299	64
36	24
132	53
12	34
74	366
26	272
351	55
232	160
261	179
33	76
163	47
31	41
354	40
31	98
35	48
113	5
18	179
24	103
126	64
86	98
98	53
236	107
28	171
160	4
24	54
161	49
22	164
96	58
26	34
156	38
32	5
108	109
92	17
362	57
23	234
133	29
29	185
42	449
265	107
37	98
336	137
88	1
331	191
24	288
39	75
18	282
116	24
25	339
13	29
96	36
21	3
84	54
26	1
83	24
37	111
99	89
34	61
169	166
23	14
95	131
28	152
122	30
24	30
120	113
142	50
14	202
195	5
25	167
276	1
117	17
140	83
23	167
81	181
183	10
36	44
26	39
185	42
75	45
38	91
67	34
89	90
16	40
121	318
108	7
274	476
37	116
82	111
43	104
26	259
169	58
143	21
26	4
93	153
35	55
89	7
113	17
27	221
255	32
28	234
157	186
17	192
121	292
23	98
16	272
97	59
34	110
79	134
21	150
132	98
23	42
119	42
81	149
82	26
322	44
45	45
20	512
119	43
122	83
176	62
84	27
30	5
368	3
59	56
17	234
86	12
92	9
122	33
182	13
218	68
60	205
87	108
39	87
107	60
150	70
101	14
85	58
24	45
94	144
177	8
42	254
202	248
24	179
77	79
126	84
22	233
185	260
27	68
133	36
22	13
21	179
89	26
56	75
21	81
40	132
85	25
173	67
405	40
15	7
91	88
244	142
110	158
88	124
54	36
42	34
78	163
37	16
71	124
358	52
307	68
42	108
274	315
193	269
173	151
100	60
27	176
170	61
119	424
26	166
10	229
147	158
30	78
232	43
30	106
206	163
56	17
219	187
43	66
113	90
122	9
30	161
13	20
123	44
253	10
188	105
16	47
162	81
26	174
459	142
78	38
25	93
51	53
90	382
26	66
80	17
114	79
57	185
21	32
29	399
40	17
269	51
25	15
87	34
16	19
19	339
97	128
22	118
20	178
70	32
104	2
37	83
42	128
242	43
93	111
342	21
17	131
43	139
165	419
28	56
204	144
274	6
26	54
171	336
63	234
96	289
26	78
156	549
26	64
91	85
49	200
160	2
47	264
119	5
33	42
132	62
57	103
85	171
154	27
123	8
32	9
302	165
95	5
63	107
22	34
310	37
33	222
161	12
26	7
81	168
492	34
170	17
145	42
92	25
196	23
24	48
198	98
31	70
133	171
26	22
99	573
30	64
75	8
18	151
81	31
173	50
13	49
194	55
338	125
99	46
154	4
123	25
157	107
79	90
124	206
300	2
48	22
253	142
13	121
65	30
24	4
125	2
106	176
162	188
91	157
234	150
106	6
29	27
134	350
97	106
24	224
74	341
26	13
116	334
137	132
159	2
28	76
94	103
146	56
28	168
78	58
57	190
100	119
17	106
41	104
139	39
161	18
88	89
23	14
15	185
92	8
163	327
26	104
89	27
115	19
87	100
330	362
141	10
24	8
87	38
26	85
150	32
27	15
171	30
34	232
14	11
8	28
38	5
97	15
124	202
24	171
95	81
30	7
198	355
41	114
97	295
123	1
26	242
105	35
391	136
18	109
305	83
25	4
174	103
31	242
77	123
87	66
31	5
109	97
183	88
126	48
112	95
299	26
46	24
66	7
32	4
127	55
14	80
189	144
252	43
31	147
98	28
24	40
146	81
149	90
27	92
15	119
92	73
90	106
64	38
24	9
84	54
29	57
136	141
28	114
144	225
249	143
24	78
28	157
24	45
78	109
103	4
103	159
178	62
138	39
106	20
29	83
116	4
145	88
221	56
41	35
86	113
32	246
73	71
43	45
84	51
15	46
87	132
66	13
27	293
92	169
176	95
231	60
82	194
115	49
16	166
74	142
28	296
42	202
77	172
81	10
28	96
76	199
86	69
111	56
125	30
148	422
25	112
137	35
22	36
299	11
119	134
22	189
28	4
154	35
221	206
96	60
51	1
28	19
114	16
14	22
83	92
160	59
98	210
26	159
176	86
133	4
22	128
87	123
63	133
20	36
179	35
42	18
74	74
61	202
51	148
49	149
201	11
70	3
113	110
173	36
63	29
147	16
20	298
96	100
123	20
218	85
13	19
115	17
306	50
35	73
109	235
243	114
18	3
33	303
36	27
96	7
14	5
95	22
131	42
296	2
102	49
36	179
90	7
21	17
15	184
201	67
21	38
68	124
82	83
169	52
26	128
95	4
83	110
21	9
80	5
20	19
266	7
26	24
87	42
132	38
22	113
102	37
52	94
19	322
86	21
22	278
102	84
109	243
96	28
24	47
97	8
22	93
21	74
78	58
81	157
76	22
110	323
26	27
87	33
239	36
82	274
28	13
103	26
111	93
218	44
356	82
22	58
97	81
143	207
113	101
25	46
131	183
223	237
101	88
96	17
181	7
209	780
47	27
318	71
34	39
74	195
15	211
25	2
230	222
106	116
21	26
100	19
98	3
95	204
18	49
40	24
19	154
57	39
389	28
115	84
19	6
22	254
15	78
27	19
118	29
19	58
118	191
20	371
73	176
174	464
27	131
39	97
116	69
96	577
106	44
24	24
97	192
161	9
33	157
208	127
22	30
15	215
169	106
125	140
21	27
85	75
261	164
21	67
21	188
157	47
169	79
22	11
10	144
79	17
26	110
20	308
91	4
129	148
82	56
126	227
23	174
26	259
110	27
70	61
27	194
122	21
22	243
68	229
150	65
277	4
230	33
97	197
111	58
76	30
43	3
63	72
66	11
192	93
37	94
70	26
49	51
160	96
135	8
57	144
73	92
118	29
103	5
88	110
60	62
19	32
199	27
312	38
89	165
113	164
99	32
110	95
91	7
96	125
392	19
195	32
71	7
449	7
147	76
71	216
99	25
128	32
44	37
84	99
89	95
200	46
137	81
120	78
87	29
48	166
49	287
30	7
66	372
103	204
38	7
45	78
184	254
107	251
286	649
20	57
203	129
82	57
38	110
49	38
60	244
130	24
185	35
57	50
65	175
216	112
38	51
213	99
304	1
156	148
225	144
145	259
372	19
100	12
125	85
504	33
116	313
72	85
87	146
268	189
146	32
159	185
99	89
252	9
119	82
71	139
47	74
115	86
245	170
102	35
22	9
140	69
97	107
14	32
223	144
312	3
104	152
26	95
40	132
100	98
74	87
26	160
14	318
9	2
83	17
227	102
449	18
25	283
170	33
21	58
14	3
66	212
22	221
1154	27
16	22
9	3
8	96
69	39
97	69
99	45
22	88
107	10
21	1
14	68
252	36
97	137
175	169
21	163
98	215
173	42
22	218
28	30
110	53
56	69
22	35
14	19
96	303
27	40
175	291
197	184
117	126
22	197
211	96
89	18
124	38
25	32
84	239
294	21
195	104
150	8
39	228
51	92
22	39
84	228
172	227
15	81
227	215
36	3
57	100
21	4
72	13
116	63
26	150
137	82
28	156
137	322
267	3
63	326
104	68
39	187
56	33
150	1
46	78
38	66
43	30
70	8
55	82
17	53
296	25
78	157
23	26
9	336
67	115
123	39
13	27
204	18
110	37
21	55
235	73
21	8
40	98
87	14
45	24
77	236
224	130
13	48
282	38
53	52
166	11
37	11
178	18
33	167
100	98
151	36
27	62
71	23
81	160
242	146
143	18
29	106
70	23
38	33
285	22
13	25
76	26
220	155
23	311
167	157
23	189
10	75
116	52
93	186
180	405
34	153
53	271
97	53
29	42
112	35
14	54
84	20
22	6
226	40
63	5
88	33
197	49
36	12
22	65
104	25
227	214
14	35
298	88
178	91
95	71
67	43
25	34
135	43
95	84
351	334
63	138
94	7
98	14
115	5
28	65
123	118
43	4
35	13
31	22
28	256
121	22
86	212
104	131
167	20
24	83
102	319
195	22
115	144
28	333
69	12
32	5
105	11
23	142
15	74
176	15
55	74
19	97
300	2
29	158
69	73
144	106
152	2
150	106
26	15
218	79
63	133
88	36
113	4
29	84
82	242
27	114
168	31
71	139
211	258
15	216
94	37
88	44
117	22
170	18
92	21
26	21
154	107
21	66
123	43
21	15
91	5
26	24
348	123
164	63
132	72
114	250
107	164
254	11
289	59
128	219
29	121
280	59
23	19
15	3
221	409
194	11
102	96
153	80
202	197
34	28
146	33
29	11
50	104
18	95
341	24
113	181
94	200
82	48
76	58
264	23
49	78
102	76
83	56
109	73
59	21
72	34
38	51
65	11
107	75
51	204
95	34
26	41
89	88
54	320
99	88
106	190
126	332
52	6
46	143
34	85
10	181
87	89
151	41
126	59
163	2
23	135
144	13
95	38
15	47
87	512
32	18
37	53
161	23
107	38
20	41
308	145
119	91
95	58
97	13
95	111
52	19
375	49
22	77
14	10
172	50
22	76
14	150
169	450
148	510
154	142
43	726
105	42
115	175
40	365
78	59
89	17
183	1
137	43
180	11
195	109
24	106
14	7
104	28
122	59
409	72
21	94
231	209
25	128
231	130
168	153
125	294
21	25
96	436
33	85
69	64
368	41
28	143
39	107
19	167
155	192
46	155
35	5
108	187
15	26
155	87
25	31
84	99
145	143
215	30
26	4
83	60
111	35
21	33
12	55
92	28
46	6
22	283
112	50
24	47
40	259
172	177
269	58
24	215
68	9
151	100
32	73
55	26
151	95
126	121
71	8
82	439
48	20
110	106
91	107
88	63
114	37
55	49
105	48
133	223
92	87
42	59
212	6
55	104
38	62
191	134
24	47
47	32
139	59
112	100
18	52
29	46
166	56
33	93
23	23
60	198
86	126
152	66
65	102
19	384
26	22
33	5
113	8
165	26
46	59
45	1
86	1
91	68
26	9
122	186
100	422
139	81
21	284
76	130
46	49
18	3
147	13
27	310
39	84
212	12
73	141
95	92
60	32
98	50
129	155
221	42
74	49
194	169
160	1
100	120
115	45
94	43
121	74
144	105
129	344
80	80
91	38
19	34
35	61
86	206
22	112
42	9
80	17
125	266
54	125
61	144
95	195
48	149
42	22
20	229
69	30
50	311
40	73
56	38
72	39
37	102
92	452
187	77
64	120
124	49
99	142
106	276
235	117
54	343
381	138
218	171
81	2
150	68
73	83
33	15
73	81
48	124
78	473
204	9
199	253
12	110
301	77
185	43
21	76
94	54
24	57
121	44
21	369
25	127
98	49
214	138
43	112
99	139
21	153
308	182
160	123
108	194
21	58
88	127
27	391
106	50
408	333
115	319
21	67
84	175
102	120
35	145
127	309
96	8
24	211
99	26
119	132
24	213
86	183
15	291
96	52
20	54
128	353
181	4
22	6
9	12
38	29
19	103
109	165
229	137
21	33
15	360
123	9
23	5
275	39
159	59
100	39
92	206
27	15
177	84
97	94
109	97
231	152
28	16
33	125
103	72
26	58
46	129
22	154
93	162
48	70
152	121
88	17
25	40
32	35
222	91
52	380
54	74
41	19
153	60
21	53
33	169
18	39
26	47
208	121
98	47
112	138
21	156
159	18
120	162
27	114
66	106
22	116
68	87
21	120
172	34
206	174
35	22
231	670
51	71
29	140
97	105
89	59
26	115
193	16
21	83
71	21
87	6
116	42
124	285
136	82
115	339
90	116
76	47
53	46
60	16
21	32
250	174
108	100
14	22
80	63
150	49
185	28
146	69
131	86
31	61
128	165
192	51
127	135
95	79
115	23
28	3
91	164
104	56
37	25
298	68
90	86
272	20
172	208
214	150
67	105
74	49
61	166
48	24
60	26
261	11
27	88
116	167
27	68
39	29
24	122
61	45
82	124
22	102
14	6
135	117
117	61
21	33
92	26
40	527
113	63
162	47
22	31
417	85
128	20
62	100
101	130
56	70
277	41
241	21
31	68
33	466
135	284
115	94
38	111
141	59
116	37
65	27
57	21
159	5
208	125
64	18
112	38
152	70
36	171
47	41
152	95
62	36
96	149
32	104
64	217
69	40
100	230
215	99
84	27
175	58
46	40
362	2
138	82
105	10
387	7
158	216
92	123
85	7
52	149
39	35
56	253
475	248
61	14
35	227
122	6
61	13
161	5
205	1
112	96
63	69
30	11
216	10
37	125
39	38
71	87
66	128
194	111
108	53
168	180
47	81
47	15
58	45
110	17
38	120
18	57
243	6
163	22
94	124
169	105
125	158
52	269
141	36
328	54
71	401
97	14
132	7
80	226
139	332
248	60
71	15
41	108
52	45
48	21
251	245
75	20
48	27
40	48
62	110
63	140
37	134
162	31
44	127
137	60
129	117
108	140
53	35
158	2
215	62
40	417
32	79
31	273
87	115
43	15
123	174
298	22
100	130
39	76
104	108
84	42
108	239
101	38
77	109
196	90
46	21
159	109
33	341
174	149
178	6
111	29
51	22
132	32
131	17
36	191
54	36
199	4
235	46
59	45
104	9
49	52
142	138
142	21
70	105
100	254
126	53
154	46
204	3
40	93
148	1
25	21
57	48
188	31
179	22
52	20
38	154
45	229
25	12
139	25
34	184
81	53
123	20
213	1
35	298
52	336
110	63
13	38
83	125
51	5
148	11
102	96
264	146
94	17
364	229
456	436
154	14
115	221
24	121
86	208
15	38
143	38
108	155
67	148
130	361
95	110
27	75
154	39
31	324
238	101
25	50
166	152
24	126
16	4
74	89
24	6
377	163
162	78
99	60
190	55
21	234
234	140
28	59
232	3
14	74
22	32
51	141
74	87
26	100
78	96
31	46
80	9
95	23
97	3
22	10
110	116
96	285
216	311
15	42
393	62
115	97
259	2
192	20
26	79
169	131
24	357
95	146
29	89
140	41
34	61
142	120
130	77
51	5
201	25
164	54
26	224
145	188
140	108
23	8
118	43
30	61
73	57
36	3
285	126
108	41
23	16
147	46
24	10
128	202
280	22
269	150
169	143
290	21
134	47
51	22
29	67
81	268
117	107
31	121
203	234
33	89
91	317
156	336
98	348
33	29
42	220
263	498
59	7
146	73
109	128
45	41
58	74
135	102
53	93
65	175
142	6
40	2
138	11
39	53
41	21
39	11
353	53
406	100
86	87
38	244
53	2
74	276
46	20
199	41
133	55
190	20
81	235
95	63
50	30
125	31
86	362
105	39
303	233
71	34
108	387
81	5
49	61
62	57
61	141
52	37
62	430
43	194
38	125
95	46
285	35
76	78
108	66
33	58
159	30
209	119
34	107
61	6
45	187
57	214
114	67
108	13
44	14
120	206
303	105
66	106
118	30
42	86
128	28
288	215
265	183
72	24
96	436
69	45
176	51
47	14
20	124
44	23
55	31
125	60
60	251
74	19
74	24
350	49
37	205
52	23
111	61
113	78
181	47
52	29
137	90
99	195
57	57
93	33
23	131
13	40
53	163
36	35
34	53
65	161
19	66
44	164
18	135
28	24
137	7
26	60
23	22
124	42
44	14
41	67
61	28
91	4
30	61
191	12
144	170
33	102
102	52
35	86
125	3
132	140
68	242
42	104
17	50
34	33
150	111
35	15
71	30
93	60
68	45
243	380
125	57
139	123
98	161
108	68
44	265
25	158
115	26
13	318
336	34
172	12
118	270
21	31
83	8
21	121
14	19
175	462
90	63
67	287
93	160
288	267
128	153
62	80
24	154
31	15
51	63
89	2
41	64
64	190
1223	71
222	18
228	13
109	44
108	432
41	17
40	212
49	48
64	213
77	40
34	56
69	11
151	7
99	189
36	34
161	273
41	15
94	17
39	298
190	59
53	13
579	52
114	308
226	54
61	192
97	25
201	115
179	5
60	226
172	159
113	258
56	17
232	32
208	89
76	149
100	47
38	22
280	50
180	45
90	26
174	16
95	46
175	41
37	66
83	23
120	77
51	42
36	47
70	317
43	20
377	37
269	61
122	99
198	87
242	113
228	55
69	11
73	97
52	54
33	195
39	6
253	85
47	113
246	399
104	27
283	59
172	4
79	27
129	439
35	83
180	148
89	203
60	113
90	30
236	120
245	58
57	145
48	27
218	20
37	96
267	36
77	301
200	18
232	65
35	15
119	48
52	238
164	91
87	45
103	48
289	47
131	17
67	36
47	69
180	48
74	79
58	8
119	5
70	29
39	248
227	284
147	155
41	42
68	123
38	286
219	10
104	78
58	40
67	18
214	179
53	101
169	156
77	225
81	242
53	8
104	9
50	26
112	27
130	36
54	293
132	326
349	93
86	33
116	20
116	76
94	179
367	23
181	32
107	76
124	44
45	24
54	29
54	35
125	55
226	46
106	56
202	167
77	67
90	107
60	123
68	152
48	58
116	30
242	106
84	14
406	372
124	64
285	17
276	62
369	335
2203	34
207	478
167	916
93	139
237	87
60	181
261	101
85	19
37	23
225	71
52	28
70	253
434	35
210	9
87	237
104	308
90	229
116	14
82	123
217	5
78	88
20	93
68	61
30	206
79	246
70	303
93	223
122	171
87	217
95	69
75	58
68	217
91	95
107	390
174	77
230	194
73	60
119	173
122	487
137	139
154	184
265	50
59	34
145	37
193	79
166	30
158	37
35	27
139	104
36	74
71	22
101	176
135	146
41	4
125	1
49	23
70	23
45	12
94	10
69	119
42	98
115	18
65	22
44	80
42	280
97	19
45	82
43	67
74	59
57	46
49	54
60	11
37	16
99	209
275	24
112	161
119	2
38	33
123	81
135	73
238	300
68	234
266	17
60	100
197	59
267	127
143	77
90	14
39	20
60	165
54	26
123	100
89	88
55	27
133	203
40	61
143	191
219	27
22	32
30	193
18	66
29	117
70	69
193	37
116	68
194	97
74	21
38	15
67	287
349	27
43	239
77	85
66	129
141	55
241	35
223	1
108	130
106	77
81	127
315	82
138	81
62	28
206	87
106	191
59	52
22	111
78	46
51	182
61	274
45	66
112	62
50	42
38	235
41	62
114	21
66	236
65	233
44	192
55	139
204	32
131	93
53	30
203	21
92	126
39	11
170	32
185	35
26	29
47	46
67	11
70	195
38	21
34	357
65	75
76	18
102	132
65	1
32	21
50	16
89	24
196	23
116	3
38	274
188	18
18	35
68	211
86	38
166	364
98	10
44	80
146	132
29	389
43	203
227	113
18	75
101	143
173	326
193	1
41	45
64	14
355	80
77	1
21	258
12	142
41	147
16	14
171	2
177	70
50	314
148	20
18	217
14	168
90	104
27	26
64	222
113	104
146	30
92	164
100	15
88	204
55	2
25	24
55	12
71	226
66	76
39	2
196	235
116	279
18	148
16	164
12	50
81	360
224	40
47	34
118	78
40	298
154	112
134	23
83	42
443	1
230	79
290	291
162	248
222	226
24	42
83	19
312	74
24	105
9	41
9	55
365	65
26	100
182	125
25	1
9	395
163	40
207	38
26	101
14	193
8	90
8	173
152	101
97	13
112	241
24	46
95	354
25	149
207	84
201	34
97	81
33	175
379	19
22	163
113	215
110	89
21	198
94	18
51	195
635	14
15	53
163	44
25	124
83	119
25	170
99	20
25	34
110	39
28	359
14	139
263	124
26	20
113	84
25	39
126	209
144	7
23	37
10	134
198	43
27	217
201	35
66	89
46	399
80	87
91	43
179	109
137	78
131	32
24	173
222	344
81	101
40	3
54	212
783	79
53	167
16	74
23	232
138	17
119	44
126	124
28	27
9	8
94	46
25	153
39	31
18	54
220	223
30	18
163	64
52	63
62	144
38	56
42	93
60	56
105	18
115	293
54	60
192	135
133	161
66	58
236	105
57	65
79	16
41	32
28	139
151	2
46	129
101	75
28	46
50	36
19	52
73	4
166	2
129	7
24	149
55	152
225	110
126	9
116	133
55	143
205	180
63	8
105	54
28	181
152	91
23	59
383	4
25	52
51	50
24	3
129	67
27	26
9	87
103	118
24	22
99	117
25	24
38	11
168	35
50	74
197	41
159	2
24	75
10	104
12	34
91	21
114	138
24	72
96	26
190	50
95	16
86	245
151	73
157	234
168	91
59	15
19	20
114	73
22	14
27	455
248	2
159	227
67	205
38	93
16	53
30	108
62	262
175	13
36	230
17	21
53	161
88	94
197	32
17	5
99	50
84	128
60	105
34	20
97	43
342	89
93	416
19	67
105	87
19	35
12	96
133	155
111	25
133	50
63	86
68	131
53	30
147	100
67	44
86	103
129	17
248	20
24	86
38	36
157	51
169	344
25	7
10	129
83	216
24	20
109	160
25	81
219	72
38	126
201	1
248	91
28	35
13	7
8	89
114	28
101	173
26	49
11	33
65	49
394	144
115	63
118	124
24	33
108	90
24	184
201	117
136	32
178	206
154	361
25	130
163	50
24	86
46	9
17	387
13	107
7	35
84	196
212	548
30	28
60	15
18	38
151	33
23	20
85	32
25	20
335	233
23	231
84	156
34	6
96	125
190	19
27	126
135	236
113	20
24	109
82	34
487	39
36	136
243	1
55	2
71	22
41	48
80	39
174	102
133	212
48	45
71	15
48	282
63	1
39	36
31	165
117	19
59	29
245	57
27	132
40	33
126	32
53	111
47	122
89	32
150	59
40	188
142	23
69	174
371	75
25	506
9	33
8	4
7	10
8	23
38	482
47	35
23	430
13	112
130	64
20	129
8	63
122	49
22	467
91	153
21	61
22	73
145	72
25	297
91	13
173	175
206	10
26	13
28	70
169	157
134	10
131	67
37	46
181	52
24	51
66	152
25	12
84	161
137	51
134	34
156	438
22	26
87	82
96	152
135	206
182	64
28	82
10	144
162	52
34	15
125	61
120	30
199	48
25	36
37	44
17	11
79	393
15	28
12	2
77	166
38	10
112	319
133	18
90	70
38	35
28	183
85	82
91	58
147	92
99	81
49	73
213	12
13	125
93	18
95	84
96	87
27	17
235	57
97	128
160	69
107	112
23	26
19	20
218	60
14	78
38	350
200	218
111	124
115	65
34	351
326	96
29	179
10	155
68	137
107	164
27	24
15	216
88	12
29	160
10	173
40	108
25	60
67	225
16	183
8	3
126	36
135	138
24	233
147	95
27	10
10	179
90	57
277	97
25	45
157	58
27	185
12	40
121	73
108	189
24	66
83	151
32	11
101	3
347	25
27	48
102	85
35	128
83	17
160	7
25	119
92	302
32	146
62	180
179	113
50	39
34	174
31	11
93	108
223	12
25	28
88	75
103	56
25	40
33	16
11	11
38	294
98	19
24	363
98	98
27	6
188	159
175	65
126	5
39	108
249	65
21	38
54	99
47	53
222	114
60	25
126	305
63	147
161	985
110	430
79	42
100	22
121	112
43	72
77	25
53	170
164	14
143	224
138	68
76	18
54	28
37	34
42	69
79	85
77	109
56	72
156	70
47	111
56	230
156	24
43	526
46	180
52	161
36	66
29	23
342	104
412	126
111	47
25	22
165	366
27	1
10	218
8	21
151	119
18	261
8	8
158	216
51	127
322	63
24	271
53	125
476	58
24	92
39	34
39	37
86	110
25	76
346	13
94	22
112	87
137	9
26	120
10	26
29	87
96	84
24	22
12	9
283	32
192	139
108	9
24	81
14	196
98	82
24	118
138	5
24	17
13	195
254	36
34	16
223	118
45	64
59	93
176	161
29	1
9	17
188	75
29	71
9	63
264	49
24	45
84	135
32	359
266	2
175	56
330	45
65	38
143	12
167	52
100	245
134	8
95	106
67	260
73	53
23	1
9	50
25	15
52	109
155	16
26	22
287	25
76	203
75	7
139	214
32	14
29	60
134	350
97	81
105	37
100	195
182	111
101	39
286	154
22	9
153	199
214	171
125	53
98	172
204	2
24	144
331	4
24	125
121	119
24	6
192	3
50	48
69	2
26	78
87	20
28	75
10	76
122	115
51	250
94	110
23	312
237	133
24	34
38	92
99	44
25	183
157	43
28	146
10	126
250	3
62	54
112	10
42	12
256	94
25	89
221	269
25	40
11	133
13	579
81	2
35	54
163	32
401	67
50	88
117	49
24	101
72	32
82	302
34	68
168	6
39	4
135	30
22	50
84	172
24	131
87	327
104	60
24	73
371	428
27	157
13	142
140	89
108	136
27	67
9	90
39	143
16	68
108	249
134	5
23	48
76	50
83	59
45	23
193	77
42	119
52	343
62	54
83	34
176	74
294	106
85	29
88	96
54	24
276	18
136	101
249	119
177	146
173	49
106	47
123	145
23	13
283	12
51	66
19	127
130	2
23	18
12	33
107	10
23	128
104	54
96	228
106	19
24	50
156	454
25	22
85	150
22	141
84	54
224	152
26	198
9	30
206	6
102	64
101	13
33	18
27	90
84	39
15	40
8	122
162	88
159	10
23	61
9	25
32	25
99	17
25	238
152	64
26	110
127	331
155	249
25	187
85	114
25	67
39	5
179	364
24	63
341	35
25	109
178	170
103	39
28	104
10	70
8	66
7	39
315	229
232	100
233	27
123	3
158	18
150	102
130	126
24	9
130	97
25	62
285	126
37	130
123	33
33	213
11	77
175	188
54	98
50	114
77	30
25	199
85	296
96	28
23	19
149	5
150	1
24	137
160	19
172	264
95	267
17	11
42	32
110	161
85	19
395	154
242	30
223	9
26	17
57	59
14	75
165	231
28	1
153	75
54	44
20	4
125	98
127	32
109	32
26	1
110	99
152	218
55	101
172	35
26	23
103	67
128	29
24	20
9	67
37	4
292	55
95	1
163	218
141	240
107	12
23	63
381	64
152	152
27	78
12	1
175	95
25	111
243	55
352	115
313	137
24	80
10	140
90	70
23	1
33	5
98	51
398	210
107	49
23	2
22	42
111	5
24	26
9	20
110	86
94	79
78	31
22	174
160	171
66	161
108	55
52	111
116	142
206	86
48	71
25	320
188	13
121	25
34	91
44	59
22	29
173	73
101	59
33	107
148	293
29	29
81	24
143	168
21	240
72	77
128	60
21	52
124	9
21	12
18	19
34	243
129	55
93	25
113	90
24	475
10	60
406	244
25	29
135	47
133	32
24	77
9	16
99	101
78	126
24	129
137	49
44	33
481	245
421	31
44	92
99	8
25	122
86	6
172	16
26	47
14	3
259	18
95	54
25	188
108	191
24	103
9	79
238	8
14	143
35	206
39	227
85	261
152	127
144	180
119	61
68	24
16	50
103	99
128	99
247	11
69	14
111	50
211	80
141	33
23	55
98	123
94	33
14	635
21	208
71	39
69	120
131	50
13	78
8	114
268	99
67	29
114	128
254	138
17	65
8	8
33	43
27	321
30	21
12	40
132	382
24	351
626	44
156	64
24	41
341	2
25	11
9	329
38	24
148	71
190	27
175	70
101	88
112	63
24	62
38	3
101	216
24	85
11	95
13	29
135	77
95	21
24	20
121	14
44	94
42	160
15	46
38	40
145	228
23	57
134	99
28	217
9	91
42	12
18	56
299	85
24	146
151	36
25	149
73	339
24	105
130	171
88	68
24	9
89	30
52	85
100	196
26	348
250	29
24	21
169	87
27	7
11	167
138	201
26	82
114	23
95	287
463	251
25	151
79	13
121	67
58	40
145	66
200	101
149	18
22	284
241	108
13	41
216	34
22	84
67	163
26	1
148	74
17	11
8	67
269	5
66	68
112	37
84	2
155	115
34	3
529	403
60	201
123	12
120	109
379	98
45	122
39	219
24	175
122	41
92	179
305	15
26	1
84	62
196	19
168	41
24	41
105	174
69	42
71	31
36	42
17	1
199	73
36	15
146	10
18	147
11	124
11	29
66	21
18	13
123	184
61	127
18	123
111	79
121	152
188	27
161	159
113	32
66	34
44	71
47	150
111	86
178	11
171	129
85	260
40	34
250	40
136	45
41	132
189	45
81	20
130	115
79	551
47	7
16	21
78	24
17	260
81	16
249	260
134	58
148	59
54	23
154	157
329	200
309	405
27	97
14	77
122	83
77	49
238	465
17	60
8	10
103	185
24	301
271	160
111	65
24	133
88	7
25	70
98	111
29	6
10	124
21	248
84	96
102	42
25	52
71	66
82	42
39	25
142	84
107	14
25	107
74	130
24	142
144	57
102	5
166	21
26	80
304	484
22	31
8	2
169	71
208	8
337	233
30	20
247	150
107	70
103	70
29	199
320	163
98	34
114	285
339	63
55	35
48	26
24	72
15	76
129	62
123	58
465	112
16	224
8	4
82	55
205	77
96	138
100	4
123	220
171	2
25	320
22	19
97	5
323	20
27	2
167	146
26	67
110	190
31	155
367	147
14	347
179	52
120	119
24	44
9	96
144	125
77	95
236	102
27	83
137	376
29	35
255	121
50	15
69	134
275	18
121	68
84	2
65	107
416	3
30	103
42	49
27	185
140	109
111	108
97	5
55	163
384	59
105	30
79	15
155	7
159	42
191	384
121	102
154	57
217	187
62	441
73	78
69	68
53	192
60	227
96	137
144	131
214	230
78	182
42	15
103	227
104	29
132	82
96	138
26	211
136	19
183	24
25	146
140	65
22	75
117	87
27	352
10	85
154	12
24	21
123	24
23	54
85	4
155	314
24	34
138	90
177	112
24	16
23	23
18	180
50	129
12	5
272	67
119	82
139	106
23	63
147	46
18	56
68	14
23	51
93	254
16	28
219	240
90	10
116	134
37	22
15	41
83	230
82	12
225	39
45	16
270	64
132	15
57	39
83	204
14	168
103	230
28	77
102	31
23	12
193	112
28	124
33	356
9	73
99	16
24	6
39	39
146	239
24	79
208	183
53	61
150	126
142	20
233	17
120	15
24	41
138	284
96	214
94	10
165	72
212	10
23	20
87	76
100	181
25	83
157	83
25	71
134	96
14	51
65	333
123	188
13	10
122	40
95	81
137	89
24	67
97	182
259	25
104	444
74	4
16	4
73	190
28	129
123	82
29	10
187	16
239	4
101	161
28	170
24	81
359	49
98	15
122	107
24	2
97	44
24	4
38	14
86	28
81	111
156	100
17	2
204	479
14	29
12	88
129	21
97	40
307	208
25	401
9	54
257	233
373	50
54	81
137	275
133	171
125	60
22	203
68	81
154	434
31	3
11	38
175	11
36	246
103	49
160	58
77	48
55	7
21	87
145	83
23	92
15	151
68	193
134	66
32	273
23	38
14	41
158	10
120	68
28	166
13	8
44	170
106	81
17	57
62	369
82	114
31	214
145	99
173	90
320	38
23	75
140	177
96	109
101	25
26	79
84	85
27	18
24	41
89	36
51	212
239	55
181	42
32	43
43	138
163	116
186	175
42	151
174	94
23	114
120	7
83	159
32	267
71	96
98	44
27	163
23	31
253	72
95	38
40	32
18	196
214	57
30	139
82	8
30	84
80	131
89	11
125	272
112	127
268	6
26	168
14	13
87	65
283	58
25	223
9	102
159	38
24	58
306	10
23	476
104	410
24	51
85	24
40	45
40	73
86	39
110	197
24	150
175	206
186	48
49	9
84	37
13	3
118	59
17	18
186	85
69	36
23	8
68	75
219	138
240	65
126	101
68	114
23	9
20	14
167	109
192	4
20	91
110	39
24	64
189	20
24	188
28	48
25	117
270	188
86	99
22	111
65	30
69	78
22	15
64	41
167	20
31	184
393	68
59	64
78	53
16	14
107	58
26	57
258	262
24	37
9	305
99	123
33	6
12	47
198	29
32	393
155	215
109	27
17	98
76	7
183	40
118	197
146	27
50	36
65	31
13	44
19	9
95	154
153	50
75	36
72	124
67	43
197	236
177	73
68	5
79	51
26	221
28	12
189	10
37	159
25	218
96	173
23	90
75	8
26	37
133	313
43	116
100	12
152	30
103	157
65	58
34	106
151	204
83	146
147	82
179	22
168	10
24	4
95	105
143	21
297	6
47	111
147	39
109	80
38	169
71	25
45	259
93	24
41	111
78	157
304	21
65	100
45	99
200	213
35	47
210	78
166	357
144	297
26	31
175	48
139	303
206	21
23	18
104	38
23	51
23	16
20	142
264	44
143	28
346	159
117	85
23	96
130	121
50	15
40	76
139	73
29	41
13	2
13	45
106	106
175	55
146	161
81	17
82	129
96	71
24	181
78	55
114	85
64	23
14	9
36	176
90	11
95	386
14	32
134	21
82	49
96	171
112	28
17	103
101	372
13	13
244	13
123	12
34	69
60	150
24	382
28	100
133	29
230	414
136	334
108	227
33	15
164	42
38	5
52	110
79	169
37	104
220	9
72	13
36	33
81	313
50	167
228	105
150	58
27	2
242	85
131	107
158	92
29	39
30	220
52	1
169	11
59	291
559	9
101	38
181	50
32	34
50	163
29	35
154	38
222	220
484	22
80	7
98	84
18	161
108	50
139	60
39	74
48	58
110	15
82	278
92	65
142	2
29	108
27	115
46	8
107	223
24	229
12	42
13	122
38	15
129	164
140	50
27	12
10	21
111	4
27	19
10	92
8	85
122	121
24	99
95	191
113	19
31	61
28	165
464	160
74	28
270	16
106	26
113	44
22	24
41	145
285	67
92	196
104	53
105	24
22	25
66	164
15	6
31	553
32	200
43	221
94	182
28	19
13	94
46	4
26	104
20	99
76	48
351	103
25	338
117	6
35	422
118	172
116	9
31	12
134	16
29	39
109	215
14	81
109	72
25	18
156	75
13	226
90	27
125	66
36	48
261	100
37	33
127	39
44	61
173	21
178	67
43	169
97	53
78	21
74	104
44	114
102	23
61	119
107	51
51	31
41	299
248	329
128	52
228	154
24	56
94	128
27	2
10	177
8	8
159	8
26	378
118	116
25	34
138	95
27	183
68	2
95	34
94	45
169	41
107	118
106	353
21	170
9	10
435	45
77	123
159	44
15	185
37	31
94	25
213	26
178	29
24	45
85	55
138	118
176	70
51	23
154	3
103	49
24	7
9	24
33	78
141	24
34	35
123	215
25	303
260	68
24	346
9	37
145	41
114	163
24	155
99	86
24	16
97	42
25	139
193	9
115	239
33	319
66	81
239	173
25	97
38	28
144	103
166	13
107	12
24	17
235	66
172	150
113	87
89	214
117	157
26	145
13	62
96	49
100	94
399	185
215	67
144	53
24	182
20	36
110	18
24	46
152	51
208	333
25	6
88	135
139	197
244	52
24	10
336	88
18	127
8	43
207	5
24	20
203	108
23	54
169	58
32	107
14	45
188	251
286	198
38	361
98	116
28	67
115	157
28	12
11	18
43	182
53	31
149	35
13	43
153	89
263	64
97	64
105	73
190	287
35	27
205	90
25	383
87	72
97	447
108	162
25	209
9	22
96	85
23	36
83	83
173	62
138	13
23	404
11	313
13	115
158	161
30	102
11	17
7	18
309	60
151	14
163	5
260	182
24	24
161	64
25	504
14	65
153	8
245	112
161	93
58	69
25	38
90	13
95	228
17	51
27	55
39	188
16	140
172	1
21	35
89	137
73	142
209	58
56	321
61	69
83	175
70	260
53	390
54	206
72	15
42	53
91	87
45	126
54	49
96	34
50	10
106	118
52	77
49	7
140	151
86	160
33	240
22	49
104	156
53	99
56	25
76	29
44	147
55	105
32	7
63	34
76	103
26	55
92	322
51	61
27	23
85	106
69	223
57	22
143	61
59	46
46	18
284	21
107	57
69	6
94	73
72	54
92	29
118	200
169	167
106	75
94	90
34	35
109	231
113	20
23	28
151	25
96	8
237	72
23	43
252	147
50	100
100	71
24	178
27	2
23	39
181	374
23	4
120	49
114	290
33	22
31	153
21	14
71	42
144	13
22	51
189	73
82	176
24	17
123	84
35	43
244	78
95	304
53	91
220	22
51	88
37	26
106	66
33	66
11	41
8	138
8	69
376	184
36	161
79	231
242	123
23	1
45	7
27	28
86	293
85	86
84	56
112	20
26	128
10	410
218	17
52	8
113	6
34	111
107	21
23	98
43	77
16	12
100	290
26	32
10	117
138	97
199	82
105	250
104	106
25	148
42	3
74	32
215	3
158	182
27	73
269	16
40	254
29	106
95	61
24	15
14	82
88	98
95	47
152	149
27	131
12	44
154	217
30	109
120	167
331	92
25	57
85	138
35	255
118	155
207	15
70	27
23	218
238	52
56	142
88	46
148	51
50	18
107	157
26	113
106	47
22	6
101	23
110	78
49	4
76	208
64	20
15	110
82	89
207	6
134	15
217	163
24	131
154	52
24	68
10	164
21	96
101	73
94	142
71	102
101	79
13	51
22	186
23	158
155	32
25	71
14	73
134	104
24	11
301	18
194	39
96	29
23	208
184	51
177	1
50	8
188	68
21	114
9	200
132	451
46	92
11	14
241	25
28	206
90	26
77	91
107	9
159	111
50	260
66	123
82	47
117	107
57	27
48	30
45	188
33	94
179	157
32	7
18	30
94	201
20	99
65	55
27	226
243	65
141	126
25	131
20	189
86	414
22	147
86	9
119	39
154	7
14	16
116	418
114	48
55	39
95	139
24	58
50	32
42	383
244	29
65	38
15	85
36	138
87	80
27	225
42	127
102	127
24	18
143	90
23	55
9	63
83	207
110	98
22	131
107	261
24	44
39	138
29	20
98	102
27	40
9	10
53	130
251	119
25	28
184	18
25	125
124	115
39	16
87	144
22	10
100	52
27	36
14	130
49	409
191	31
121	182
118	50
373	18
24	95
90	113
141	24
21	109
9	92
8	320
252	27
364	38
24	214
14	91
88	114
25	113
178	24
138	3
24	10
39	548
212	77
35	46
167	278
116	21
25	29
83	43
26	112
28	16
21	33
36	57
24	6
28	15
93	48
104	306
20	15
85	34
175	66
15	81
19	62
162	13
24	217
100	28
23	31
23	7
38	152
16	88
133	34
26	153
123	5
35	124
125	14
24	70
116	180
51	223
18	39
99	89
27	80
9	58
40	16
424	188
166	40
24	49
154	120
25	91
103	4
26	93
10	74
97	88
24	2
143	430
95	43
32	515
103	161
104	171
26	142
231	50
126	83
51	10
17	78
104	267
189	43
95	248
109	43
24	51
8	58
39	99
17	37
108	172
26	9
39	96
135	260
235	101
95	146
73	48
114	131
254	357
21	7
196	88
136	33
77	49
124	19
48	258
125	125
41	4
214	22
35	135
90	144
25	133
131	95
26	40
13	152
90	127
25	202
84	183
100	171
96	226
157	128
105	146
14	65
90	182
15	22
122	107
22	163
39	38
85	58
15	80
196	205
277	21
58	191
166	40
59	555
127	54
76	103
72	111
43	36
63	118
72	149
54	259
51	1
117	92
336	264
22	33
39	57
167	104
25	155
101	16
172	120
23	23
83	43
148	17
23	495
101	85
107	38
25	38
99	89
99	355
79	90
19	120
86	46
14	222
8	114
64	111
156	26
13	97
19	53
203	24
115	12
107	59
23	9
98	22
24	56
134	55
24	64
81	46
88	188
30	8
120	5
103	30
15	36
65	142
25	31
112	94
116	2
25	17
252	71
95	51
26	250
92	82
24	128
192	248
29	146
44	124
41	185
91	78
25	44
176	53
16	27
107	115
98	152
25	19
84	67
26	51
323	43
24	14
122	112
16	36
8	133
150	301
281	72
28	10
113	26
28	171
184	16
100	16
114	205
29	172
515	157
107	31
24	9
12	38
107	216
22	125
96	35
94	37
50	122
268	11
23	28
90	97
206	86
133	283
16	74
206	3
69	94
15	58
199	61
69	226
115	43
18	29
9	104
298	10
19	97
8	17
8	227
182	103
97	64
108	2
22	32
138	28
169	117
186	148
16	45
8	114
70	6
104	188
13	15
261	337
165	4
16	41
71	183
69	64
95	74
415	33
168	51
12	36
141	39
15	40
135	35
76	7
100	42
39	126
92	51
270	65
48	54
85	62
12	55
136	38
304	12
27	28
104	11
29	44
95	38
112	67
41	43
19	154
127	30
23	38
96	154
157	259
306	159
100	147
96	56
94	29
107	8
23	5
298	145
19	87
8	9
82	67
111	183
173	57
20	105
9	129
50	146
84	314
58	31
53	73
101	76
45	16
79	10
42	1
55	446
60	1
40	5
207	101
48	214
108	15
82	9
94	8
239	45
91	280
127	44
23	46
229	40
118	291
24	192
10	260
8	23
95	71
28	216
9	15
38	8
51	81
100	149
95	171
29	15
285	115
26	153
259	233
24	49
98	63
25	54
93	136
51	56
125	28
124	12
132	20
24	51
9	54
27	42
261	95
51	52
18	126
282	4
55	30
17	76
134	54
27	61
11	3
143	60
24	41
21	116
97	32
94	15
104	181
14	25
92	26
129	37
24	40
142	52
70	258
21	35
30	513
27	37
28	7
58	27
57	19
24	212
123	221
175	133
18	107
34	20
120	57
69	218
213	306
116	13
91	166
15	73
66	79
138	109
52	6
67	93
28	21
44	3
99	9
51	173
175	9
254	4
92	88
152	97
79	138
26	62
102	10
134	32
37	64
61	14
168	86
15	29
14	40
14	183
22	134
205	101
302	114
156	87
90	117
16	93
32	185
56	6
67	291
67	266
41	123
186	135
66	195
44	46
64	61
53	353
102	178
28	351
128	96
137	184
142	93
45	94
411	41
58	36
26	137
128	63
132	133
48	21
154	29
43	38
80	281
22	56
159	43
183	170
113	69
58	25
83	143
17	103
120	355
90	7
119	178
55	2
219	454
46	56
55	67
46	14
40	11
119	43
475	51
57	2
110	360
48	188
128	138
184	9
133	134
130	26
52	86
48	36
25	15
200	1
48	74
170	46
23	248
15	280
69	28
46	15
62	34
556	111
117	106
38	59
173	137
71	43
37	18
107	277
122	102
31	97
154	117
514	18
35	10
14	1
13	57
14	82
13	33
27	21
24	293
138	173
75	33
382	10
38	69
38	95
278	20
207	334
168	70
19	44
35	76
167	79
199	113
42	9
74	49
288	292
28	128
37	30
132	183
58	44
97	42
276	55
175	92
328	78
97	34
243	427
81	202
244	467
75	192
180	205
118	84
79	154
109	101
59	106
53	89
55	145
124	98
149	69
126	13
41	2
87	134
72	90
184	103
147	15
53	97
28	190
210	21
107	97
109	71
220	165
147	90
60	29
123	101
487	183
353	92
43	35
60	162
36	31
146	98
34	398
358	12
24	50
30	124
148	104
147	55
22	77
267	27
93	201
90	1
49	118
36	62
35	33
73	38
384	122
57	18
58	44
221	21
23	37
70	27
302	38
116	27
19	237
134	67
163	102
16	59
38	43
52	57
95	55
16	36
102	2
123	38
34	46
21	137
40	84
46	67
62	29
130	125
29	119
19	89
44	165
46	114
63	32
104	41
49	90
576	45
141	127
24	40
135	7
35	136
9	50
83	17
129	103
204	76
27	29
11	53
8	5
98	366
24	2
15	411
9	13
82	62
26	12
39	96
246	59
115	2
26	78
111	61
24	95
210	112
24	24
186	40
28	54
10	96
199	9
23	41
8	10
101	92
213	105
24	158
148	146
23	9
10	198
47	56
264	54
67	56
182	21
75	360
42	11
79	82
146	339
57	91
40	127
49	115
26	34
85	79
51	1
67	63
131	149
197	208
33	109
99	24
37	40
287	50
128	232
34	42
217	113
25	250
146	43
24	95
10	96
231	192
24	26
276	16
25	88
38	31
86	7
25	65
108	214
252	42
24	38
9	17
91	158
128	42
96	485
30	24
105	113
24	18
95	35
26	131
131	42
24	20
330	58
17	48
9	324
36	15
19	21
248	82
26	132
98	39
150	247
24	57
252	68
225	64
25	24
125	83
27	133
278	97
29	64
10	148
71	12
52	13
95	130
269	91
97	140
25	27
54	32
25	29
61	6
265	35
25	290
133	236
24	40
10	124
39	189
90	279
39	130
109	19
245	66
26	125
10	7
108	47
54	54
168	2
30	10
10	28
99	356
28	102
111	82
22	74
309	65
25	197
201	35
25	27
84	4
110	216
24	921
241	4
22	50
97	44
25	159
14	76
104	40
28	57
10	18
151	224
34	128
24	87
125	91
25	277
9	191
200	6
25	112
92	138
26	152
10	82
42	120
111	29
209	203
80	40
26	105
228	112
84	243
79	60
33	55
106	128
170	51
184	78
51	224
22	418
247	118
26	44
127	78
103	322
23	7
175	21
210	66
133	154
23	24
154	28
24	32
94	26
104	52
25	138
94	36
109	68
24	180
85	181
238	107
15	168
8	38
79	213
13	108
33	138
122	17
68	189
70	3
147	15
27	94
14	15
124	206
27	95
99	143
26	136
15	161
97	18
23	6
98	88
24	39
8	14
168	167
24	236
39	97
142	169
135	15
24	256
54	220
261	44
162	55
27	11
9	23
8	24
95	6
24	86
248	3
157	28
59	262
26	13
82	38
21	21
76	84
220	8
70	312
20	285
89	37
285	103
126	87
114	17
92	11
46	35
318	98
124	28
135	80
198	45
225	142
24	117
9	16
231	23
24	96
26	47
21	45
96	62
23	14
9	68
134	126
26	49
96	64
24	37
107	68
32	34
49	110
188	1
21	174
130	128
35	232
19	50
94	25
27	20
15	49
42	14
100	78
15	7
96	289
37	131
96	84
24	224
88	69
25	471
99	235
138	65
103	89
27	165
11	114
83	43
95	153
110	128
23	6
163	22
31	45
61	48
28	23
137	51
26	17
10	106
8	9
8	366
83	3
25	48
187	6
35	5
326	105
97	52
30	21
10	86
315	18
369	86
37	56
108	30
200	89
25	8
171	429
108	54
28	26
10	565
21	49
174	3
263	12
33	13
23	147
121	69
233	257
57	57
17	36
8	11
8	37
141	391
25	219
164	135
26	119
102	218
23	9
176	139
196	27
22	26
124	90
25	114
24	95
201	365
94	19
94	13
132	76
65	71
15	256
95	79
25	157
15	66
102	110
25	71
131	13
25	352
13	44
96	47
25	77
13	184
129	9
18	31
68	211
81	17
82	80
13	3
7	35
136	6
15	148
186	151
14	136
156	17
190	214
26	68
80	60
22	15
391	60
18	75
9	189
114	91
232	49
51	12
207	88
17	450
20	69
86	98
61	2
59	298
115	350
146	144
51	89
57	30
73	105
198	4
62	27
30	28
138	70
37	830
36	56
66	38
32	77
32	98
15	57
68	443
92	47
98	48
35	116
27	67
109	2
25	39
275	8
37	71
239	143
16	4
96	18
30	68
141	9
90	105
32	131
143	22
107	8
28	158
217	208
42	150
205	164
23	40
179	58
17	1
73	116
46	9
61	71
75	19
251	134
131	53
175	202
266	126
107	75
54	45
101	169
58	82
47	42
159	279
44	106
12	10
98	46
48	98
14	26
8	38
82	160
29	1
87	258
28	111
9	12
126	110
120	14
33	17
38	72
143	160
14	31
128	124
13	112
52	15
24	50
140	15
12	37
45	203
117	112
45	212
213	163
108	64
28	306
64	80
199	25
526	68
141	218
61	27
21	56
45	212
59	278
24	82
42	40
252	294
28	72
97	312
24	43
38	61
110	44
327	122
54	87
17	73
26	173
398	44
24	14
15	16
257	82
28	8
10	7
149	9
159	72
54	83
73	18
33	90
42	83
245	63
37	97
24	58
110	52
24	299
83	7
41	97
113	120
203	6
17	8
67	29
45	168
48	122
44	438
208	78
82	262
286	123
25	196
95	172
23	54
24	19
94	20
145	210
28	59
93	61
129	12
106	14
148	77
194	48
120	48
34	105
49	61
433	27
15	77
24	37
21	155
18	199
62	282
43	54
74	24
177	48
255	227
419	111
60	230
158	26
156	271
77	218
207	39
37	8
32	35
189	69
42	184
40	125
30	262
14	56
184	190
28	194
30	13
9	16
200	59
151	109
29	111
129	12
27	51
273	128
27	89
12	19
134	87
28	237
95	121
213	114
28	65
10	182
8	146
96	258
109	105
27	91
23	33
131	17
33	2
94	17
139	18
29	152
18	38
543	77
37	69
119	83
121	179
50	409
72	39
43	41
57	22
21	27
37	14
192	50
220	43
209	8
52	204
150	101
116	32
202	60
38	16
30	43
14	83
58	209
87	2
66	35
34	3
46	97
141	7
134	26
109	18
112	159
50	135
79	129
126	95
116	205
112	64
101	206
113	246
189	6
25	60
219	378
1395	19
11	394
9	58
8	13
7	55
8	77
8	288
49	32
11	11
8	76
8	404
8	115
8	191
8	212
83	153
25	20
91	72
24	327
115	5
133	106
24	11
226	51
24	1
83	122
122	148
95	275
129	147
26	77
121	79
135	206
50	270
19	25
144	109
154	19
51	449
342	131
24	16
213	295
22	42
89	163
209	146
24	42
87	151
226	120
19	130
69	56
140	49
133	14
83	99
70	139
77	47
224	643
15	169
91	12
24	2
84	194
95	208
30	61
195	31
25	140
185	24
249	171
118	100
51	229
127	242
187	34
27	23
9	34
121	140
17	69
98	108
107	26
70	53
68	1
225	18
12	48
224	55
22	71
33	4
17	69
83	89
25	55
164	176
26	11
251	12
25	25
122	106
25	216
85	4
23	155
234	75
109	66
24	74
150	109
25	99
271	51
136	293
22	83
231	70
95	99
241	49
24	106
162	1
107	38
24	30
15	69
307	49
162	96
119	229
251	145
92	70
148	33
78	160
156	328
104	34
50	203
129	9
21	104
43	1
87	7
129	38
222	45
117	359
26	95
10	29
206	62
198	156
108	90
36	97
112	65
174	308
123	8
23	35
183	70
242	2
52	103
24	62
10	28
25	9
86	257
26	157
211	197
41	43
297	183
247	80
94	1
50	1
70	11
26	21
60	32
41	143
39	118
26	50
12	35
57	38
189	36
20	10
92	26
64	59
30	289
15	156
111	248
40	1
191	61
21	46
191	187
46	84
88	58
24	81
21	50
190	31
28	65
109	24
46	102
41	294
99	93
95	20
157	29
25	203
241	30
25	89
89	142
258	14
139	178
25	226
88	110
146	449
25	151
103	1
23	198
112	75
106	208
51	134
108	61
23	190
39	8
97	114
128	54
124	132
14	12
21	117
19	266
207	703
16	106
130	91
15	18
139	197
333	88
24	143
156	15
51	228
27	82
125	236
14	227
92	69
17	32
8	249
123	79
137	31
37	478
169	56
14	47
12	111
291	277
34	105
157	60
27	97
97	166
29	540
188	79
59	8
166	13
77	37
137	16
16	263
21	4
140	18
26	46
42	45
44	289
215	25
27	83
70	7
26	1
175	12
30	39
241	218
43	106
43	12
112	135
105	35
50	20
41	229
99	227
25	63
14	6
321	95
23	245
39	90
18	95
35	140
88	112
22	65
98	262
27	99
31	71
9	22
8	2
110	5
50	187
112	9
16	54
8	38
82	190
97	12
22	136
43	448
123	101
95	311
468	62
124	38
25	74
95	329
24	73
221	86
23	9
24	151
197	216
24	18
8	4
22	8
215	110
24	11
206	44
99	139
97	105
22	92
158	195
26	57
137	94
49	21
203	59
24	24
15	184
9	196
82	24
39	45
470	133
269	11
236	140
243	82
83	25
43	16
55	28
114	48
52	65
48	53
77	30
85	76
157	13
72	199
77	63
49	49
61	45
151	137
58	153
78	213
84	69
39	21
123	227
98	190
43	25
68	42
216	224
62	82
57	52
178	132
17	20
27	221
70	73
148	13
69	15
333	50
28	153
120	61
17	59
37	19
133	9
24	108
102	27
24	129
9	1
111	54
23	109
10	34
13	128
226	34
271	78
26	35
144	29
131	116
41	1
136	46
114	22
108	55
145	99
24	82
91	74
85	126
365	6
120	46
23	362
40	7
17	16
85	165
26	164
140	387
137	25
117	79
85	37
22	65
103	266
69	173
19	170
33	76
213	252
114	180
17	15
8	60
78	125
38	43
35	13
92	67
60	12
14	7
138	60
28	92
13	124
104	203
23	34
9	49
204	230
27	47
98	5
113	35
18	95
83	268
37	402
160	95
25	154
38	62
100	37
36	80
29	47
135	45
54	245
81	79
32	47
50	86
185	67
72	56
41	119
18	252
33	167
19	341
283	53
96	30
55	36
118	144
254	39
325	45
25	41
33	175
75	79
280	248
30	6
74	62
167	68
253	175
29	294
34	78
18	258
111	9
72	16
143	45
21	18
36	43
202	152
18	97
41	69
88	24
26	534
83	24
66	204
15	154
8	103
179	61
25	200
156	66
181	33
133	24
116	33
39	153
81	152
24	39
24	40
72	139
128	273
77	6
40	84
24	333
38	111
123	46
97	306
26	69
348	55
349	154
221	5
39	170
83	13
25	73
38	84
26	41
42	50
18	18
145	94
24	15
53	43
13	46
38	21
102	7
414	27
122	109
52	213
25	12
103	211
130	123
111	126
21	13
119	14
194	12
35	27
184	223
30	39
126	7
181	28
209	288
28	3
10	210
21	52
37	45
79	139
21	264
178	40
63	178
93	452
23	34
33	398
212	112
151	153
66	51
47	141
101	35
56	16
85	32
46	94
59	132
86	28
142	16
53	39
166	11
44	69
41	5
48	265
26	182
451	29
23	62
84	77
123	224
14	83
225	69
190	16
28	55
10	44
8	41
37	2
94	235
49	35
99	10
26	9
15	88
174	8
52	100
171	79
103	102
14	164
209	318
33	446
51	76
72	50
16	18
42	122
43	47
17	5
130	354
381	132
27	67
14	92
130	97
29	146
10	50
150	15
168	30
50	145
141	36
24	8
114	120
36	209
26	159
170	42
24	25
114	39
24	103
268	53
29	9
10	9
111	69
27	151
54	212
14	54
214	94
36	22
73	50
27	185
218	468
212	74
26	1
139	148
144	163
28	191
15	31
123	13
112	49
85	91
56	103
19	52
235	255
94	41
107	38
24	17
152	95
26	111
84	169
234	22
24	81
99	130
23	3
53	112
15	152
94	387
24	28
38	32
209	36
221	3
34	14
50	35
272	173
126	71
126	253
97	62
52	44
111	66
23	58
200	61
35	93
9	49
306	150
24	73
152	5
95	77
128	92
24	88
24	123
14	9
88	218
24	22
416	75
349	90
27	124
111	134
166	105
27	83
100	45
26	147
168	35
40	41
92	204
170	57
24	48
112	13
16	21
8	144
123	73
27	150
11	145
40	187
28	27
102	84
98	5
38	82
43	297
95	1
233	267
73	63
120	17
20	38
125	10
87	3
162	116
55	24
23	33
21	95
56	96
221	109
25	112
201	272
217	206
114	176
23	2
309	48
47	151
165	13
325	103
24	50
170	292
26	32
266	2
136	302
29	21
59	162
23	21
12	21
40	119
19	4
14	5
131	109
127	113
33	4
15	23
51	8
20	316
102	53
21	57
67	136
120	247
94	176
17	213
54	143
357	59
58	86
58	33
31	65
78	89
77	22
23	19
81	35
26	26
104	101
22	52
107	19
160	54
120	59
24	53
83	129
236	136
24	141
64	30
142	19
145	154
24	15
27	155
189	52
24	44
9	5
23	116
159	34
117	62
25	77
153	87
51	111
28	110
84	194
142	77
81	38
117	157
34	82
138	6
130	43
24	434
105	29
25	217
198	64
387	157
115	167
136	46
123	22
124	85
25	233
226	10
83	145
232	156
17	194
91	93
185	385
169	66
151	41
25	106
123	87
144	158
222	58
23	432
233	317
152	38
96	26
94	2
112	622
24	178
83	48
25	97
153	187
22	7
32	361
94	91
16	17
8	53
173	56
24	24
97	33
224	228
25	153
9	103
176	101
