0	30
2283	99
2778	27
3450	80
118	13
187	138
116	124
116	110
139	97
5713	21
245	4
118	88
176	50
266	68
663	325
10951	144
179	53
758	19
177	100
185	10
167	6
422	385
170	20
649	135
162	23
184	72
667	23
983	91
574	156
266	379
262	227
630	92
323	132
158	8
104	159
615	57
195	260
170	20
447	127
549	22
432	110
306	61
153	43
162	8
235	127
130	131
178	91
2668	132
647	320
202	121
120	15
100	47
637	57
310	157
278	68
174	79
266	98
80	86
159	285
190	27
119	83
226	185
241	358
275	27
205	277
640	43
869	12
304	180
540	87
328	135
297	86
221	24
159	59
2343	54
324	35
187	3
8774	13
2333	360
160	207
578	72
691	219
670	6
1073	31
165	109
134	8
132	19
132	2
162	132
135	8
134	68
126	58
134	179
161	190
136	29
131	43
129	628
372	125
114	110
581	278
155	125
139	66
142	114
133	16
134	80
133	258
131	35
393	132
3874	60
218	60
129	69
194	5
297	7
495	189
130	51
114	22
147	9
129	254
117	35
115	145
154	35
141	3
132	28
126	36
160	97
133	17
121	83
138	177
132	57
393	6
160	147
138	34
58	18
38	110
61	98
58	35
75	16
54	148
119	57
131	102
145	2
52	111
58	35
110	279
144	3
324	120
141	124
140	333
189	40
156	94
75	313
194	31
179	402
224	7
149	102
531	152
149	33
157	98
58	118
48	131
74	14
51	22
61	164
124	340
205	49
130	260
167	231
129	139
167	91
133	20
76	122
130	5
115	168
111	10
111	191
296	254
247	111
141	324
194	186
276	103
301	55
149	166
111	155
88	147
86	57
64	196
124	15
50	14
135	1
128	68
128	277
239	12
43	89
69	179
82	33
122	6
324	170
119	54
117	33
111	78
111	34
111	1
307	473
279	241
149	93
153	43
115	91
107	87
108	632
430	43
184	67
58	88
38	19
31	12
54	99
57	8
51	40
112	68
44	6
49	12
50	47
59	39
47	39
49	150
116	30
107	298
211	142
366	5
239	24
130	69
870	26
445	130
3931	56
103	86
49	69
62	193
144	81
128	83
47	22
86	31
45	420
206	90
47	163
89	7
46	320
192	100
46	5
61	116
79	55
42	67
100	126
92	39
42	37
105	187
180	50
79	14
179	196
403	59
140	122
131	128
117	75
110	443
280	149
125	98
111	33
114	56
112	30
110	55
108	10
105	93
171	82
158	79
47	340
212	112
74	53
34	60
48	308
229	217
138	325
167	24
420	29
138	14
109	49
127	114
98	74
98	357
216	79
111	130
110	393
237	24
114	28
111	113
119	241
154	31
105	18
105	125
113	226
110	31
120	17
174	175
109	69
99	220
111	59
111	74
107	20
102	45
101	54
93	56
105	125
3795	44
4933	4
320	5
471	3
436	17
180	51
39	173
90	211
182	263
144	26
168	19
94	66
354	151
159	190
428	24
721	172
95	36
190	24
122	39
172	20
3139	245
79	115
30	22
25	41
26	112
28	99
25	93
25	187
20	204
17	40
17	48
18	137
23	76
262	379
471	6
275	52
186	21
93	26
79	10
906	268
378	56
460	204
447	15
211	89
226	36
104	93
195	28
111	9
121	107
95	26
92	59
33	46
117	11
280	69
85	110
131	90
104	324
231	69
88	116
81	142
126	98
30	154
89	201
114	656
449	39
147	162
109	112
83	115
73	20
39	44
165	523
379	94
102	29
34	113
72	13
561	19
700	319
178	115
336	32
486	28
325	15
209	44
199	35
449	93
253	118
251	29
263	119
225	278
207	48
207	162
218	4
386	36
300	39
343	151
203	91
438	108
146	113
229	17
122	55
98	299
151	77
258	43
99	277
455	24
282	86
215	65
191	63
475	96
246	13
62	200
83	33
95	58
33	92
39	84
161	333
225	43
35	159
124	344
222	24
29	11
173	36
92	48
30	330
193	74
83	101
77	88
78	23
33	112
62	30
60	10
29	376
256	105
44	44
78	164
123	18
72	59
96	97
48	11
49	101
58	49
37	185
103	29
77	164
74	265
295	12
83	84
147	41
135	267
147	123
321	21
184	1
185	134
192	46
82	56
155	18
97	52
92	37
340	73
172	63
140	153
224	127
95	76
109	154
103	153
100	16
27	34
109	49
30	83
19	29
20	170
97	86
105	73
88	18
31	16
53	209
157	64
33	69
86	52
31	98
81	7
91	703
543	82
87	30
145	118
64	67
26	594
455	56
33	38
20	96
66	24
86	200
103	357
263	114
83	22
72	55
76	21
93	115
97	3
76	66
29	10
32	50
22	67
41	94
65	85
116	99
219	73
129	56
155	86
153	3
172	30
120	243
573	219
170	24
105	9
81	12
67	20
100	60
94	181
80	39
146	158
483	192
366	381
1003	9
915	16
387	108
80	209
105	123
265	523
297	123
53	66
38	22
95	35
28	10
67	178
111	244
167	65
38	22
42	41
83	140
77	151
93	69
51	49
31	43
67	43
69	40
34	77
37	10
42	23
33	49
38	103
58	98
58	44
74	50
22	57
38	62
35	29
32	15
39	6
72	153
73	63
69	1
24	168
93	30
27	242
170	11
95	4
28	36
19	245
109	22
24	62
56	151
97	78
45	185
74	92
63	21
22	74
76	183
126	298
222	19
42	35
118	329
196	177
85	40
34	18
38	11
39	171
119	451
345	17
25	16
55	123
76	27
68	2
22	13
76	4
3451	122
114	16
85	45
79	22
107	31
80	46
76	2
79	51
95	169
98	49
38	102
47	31
34	51
66	68
27	130
75	107
69	432
317	263
201	8
31	121
81	123
88	6
28	282
219	126
64	34
36	75
39	20
39	69
89	150
100	1
26	63
39	63
44	60
36	266
191	18
38	158
112	202
127	36
26	29
31	14
27	139
102	196
144	114
86	47
27	4
19	7
17	291
232	37
27	76
40	6
23	77
52	16
27	13
28	10
38	100
52	14
36	389
302	10
30	174
132	195
257	106
87	181
123	88
86	39
90	268
167	18
55	134
92	95
67	19
69	12
147	125
127	60
460	1
72	177
153	122
177	98
159	90
335	71
37	29
89	80
30	206
106	158
94	2
78	2
69	58
41	16
84	102
83	235
164	265
186	151
101	34
81	133
81	78
42	20
28	132
83	20
28	181
125	23
86	34
102	80
27	62
92	6
59	80
50	525
349	66
74	155
101	50
87	10
27	223
159	47
28	335
220	20
33	44
45	45
35	141
94	4
24	7
43	82
62	135
86	146
71	124
98	17
53	86
41	84
53	128
84	17
167	32
132	507
385	351
261	148
99	99
57	170
128	191
119	38
51	31
67	170
220	119
73	30
115	123
64	222
122	33
25	35
57	10
25	101
75	15
142	109
124	6
204	30
176	7
62	55
61	273
213	41
116	6
26	222
145	45
71	90
25	35
149	24
290	102
180	68
135	428
771	8
535	61
128	147
107	49
61	18
141	90
125	24
211	29
158	103
178	310
337	67
85	10
182	161
109	212
308	130
392	125
83	29
78	35
87	141
246	4
126	64
26	54
42	161
125	45
50	15
80	60
82	109
128	91
48	21
23	37
49	118
143	41
236	92
79	57
82	29
79	79
183	24
160	25
232	5
204	71
286	65
97	249
122	223
155	136
77	11
25	61
149	17
299	29
77	291
275	14
89	21
86	85
307	232
196	17
66	15
73	31
75	5
83	148
232	30
90	108
112	185
114	314
241	70
45	39
110	83
21	29
65	75
39	683
621	31
30	170
80	19
76	26
254	11
233	146
94	66
25	21
90	54
27	297
212	23
46	33
73	156
110	37
65	239
330	58
132	102
63	202
136	159
76	73
83	53
121	27
29	206
150	26
55	157
265	156
98	245
191	266
182	159
113	138
94	95
70	38
65	10
72	27
108	84
328	6
49	197
140	96
71	187
227	20
249	20
28	134
99	74
168	56
77	63
27	57
57	51
66	2
82	16
264	277
137	13
117	42
383	137
164	95
80	191
175	71
40	260
202	82
85	239
121	88
54	60
78	65
36	12
85	35
130	144
72	263
122	107
93	40
104	19
202	288
220	60
85	19
28	19
21	65
47	3
114	467
319	234
166	83
44	44
87	124
215	101
49	54
79	275
197	65
76	24
43	56
213	11
370	110
181	108
198	48
187	322
249	244
215	95
176	112
169	111
270	48
115	7
130	218
220	22
2247	112
150	55
171	38
118	328
482	13
108	5
228	23
238	226
277	98
160	23
207	15
278	84
107	9
215	143
127	17
204	64
146	64
209	129
176	10
157	290
562	35
871	131
120	59
203	102
2794	194
103	239
177	30
42	176
152	55
45	47
107	50
108	312
233	14
140	138
86	117
75	291
270	95
101	148
151	46
184	118
108	2
197	286
204	186
121	5
37	65
27	23
20	122
98	217
152	188
147	48
29	315
240	160
104	74
39	188
132	64
304	13
144	19
38	28
92	134
87	229
161	46
26	256
214	40
27	32
107	90
162	48
149	99
56	155
107	2
259	57
183	13
74	13
129	194
774	39
94	13
76	51
82	45
74	53
70	158
68	22
1654	122
840	63
170	231
313	14
256	85
171	91
77	7
328	23
548	12
141	40
261	85
208	102
83	52
239	97
46	22
38	203
144	21
231	103
261	86
87	27
291	41
75	29
66	37
71	65
175	235
119	229
181	144
79	12
68	25
84	107
181	88
218	94
501	45
170	35
30	254
175	272
202	98
74	60
24	23
77	434
286	38
29	138
96	191
142	1
1044	123
112	35
114	104
58	194
94	6
285	42
28	314
252	18
29	21
102	243
90	128
79	14
28	268
209	90
48	157
105	113
68	30
25	8
30	23
43	134
92	444
337	111
61	85
54	6
27	25
28	149
96	51
76	224
168	293
217	211
306	62
127	39
30	136
95	101
62	91
55	132
88	20
25	27
46	397
314	393
303	19
28	26
20	88
57	24
32	7
28	86
51	325
228	80
28	125
107	92
30	209
132	108
63	8
27	91
66	158
233	39
27	21
19	56
49	119
80	61
25	37
19	4
42	39
23	16
20	46
47	127
1083	167
90	182
91	56
27	128
82	119
94	179
265	15
126	4
29	91
82	71
74	130
64	191
132	39
29	49
35	7
76	347
259	80
54	114
125	512
391	62
82	75
47	115
60	78
37	48
37	142
97	36
28	113
61	34
40	155
96	39
26	23
44	142
72	207
117	12
26	58
18	152
106	24
23	76
187	339
251	57
61	6
21	377
287	20
30	3
35	32
87	5
37	222
141	37
78	81
46	55
42	66
25	51
72	4
41	24
106	48
38	55
49	116
317	275
203	46
110	17
197	17
25	79
379	138
129	66
253	165
74	19
121	365
265	50
28	150
109	90
49	186
133	12
27	49
167	130
122	53
59	95
138	197
121	151
250	101
80	105
68	137
117	76
177	22
178	130
77	15
30	94
140	227
165	49
205	38
129	25
73	64
111	242
184	37
435	134
104	5
26	99
57	98
55	177
81	116
73	152
219	22
116	246
288	213
135	7
124	67
26	298
187	86
37	48
84	1
321	4
23	29
89	113
64	162
109	354
268	127
104	310
175	53
78	34
81	163
112	58
322	107
53	56
74	29
73	187
96	46
84	6
110	157
331	103
198	21
401	135
152	122
92	77
28	98
81	60
178	39
81	97
95	73
45	51
128	42
47	98
411	25
253	244
1455	75
120	88
185	12
155	74
32	34
133	50
77	76
83	205
223	139
151	97
85	226
164	19
91	31
48	51
173	41
458	341
153	114
70	135
93	16
38	81
26	142
106	18
95	137
90	110
72	32
41	56
83	95
62	14
27	345
265	45
87	131
25	54
32	105
68	19
40	364
301	8
206	184
233	3
82	83
77	61
29	105
76	296
132	128
90	252
199	10
27	51
20	5
38	45
25	188
179	79
47	271
519	87
87	44
30	2
18	52
61	243
176	203
137	125
404	59
32	127
82	52
74	104
42	184
134	154
98	24
28	168
115	8
133	59
29	144
98	31
40	28
238	50
214	35
142	37
132	71
28	459
311	40
42	150
97	101
180	19
336	1
41	143
98	52
96	73
43	26
112	11
71	399
353	103
53	266
144	33
25	157
254	394
441	75
42	101
48	160
104	124
161	45
25	23
39	128
103	79
115	81
323	56
90	147
143	7
105	258
138	437
456	145
146	23
26	17
80	237
155	5
27	17
18	69
58	92
50	17
31	106
69	252
10363	2
111	152
94	80
79	116
82	17
27	16
35	4
26	18
38	225
165	1
81	247
171	39
102	1
48	49
30	127
67	87
51	16
74	4
27	50
21	84
48	192
140	12
95	13
29	269
187	18
27	112
62	90
56	73
103	41
34	80
38	44
36	23
33	15
40	156
114	65
86	425
322	73
184	202
30	7
76	5
28	5
51	322
235	129
82	32
26	9
35	107
66	76
47	32
21	103
59	8
38	31
29	11
34	56
23	23
46	27
24	82
56	187
140	69
27	38
37	74
38	161
123	21
39	16
36	49
35	72
69	229
164	579
447	108
79	259
168	94
50	246
207	15
23	44
19	171
109	40
27	237
191	59
27	41
17	209
154	14
27	116
81	41
25	26
30	16
29	180
132	128
81	129
85	41
79	34
25	459
326	37
27	2
94	175
108	7
38	75
28	45
38	55
86	159
99	39
27	18
17	69
42	112
75	72
50	14
26	60
42	64
40	121
81	116
70	159
127	133
101	343
254	24
27	112
80	27
28	11
32	64
46	50
123	47
44	21
100	245
179	51
32	168
114	12
24	1
67	159
146	175
120	36
106	119
106	84
84	37
287	4
52	73
81	325
217	14
88	85
45	24
85	5
128	177
87	59
68	36
191	128
95	292
215	17
25	45
42	328
194	31
46	162
180	185
79	16
45	12
43	54
43	31
563	183
125	57
28	37
34	74
199	90
134	420
303	55
29	211
146	12
28	108
141	256
174	245
177	367
272	59
107	20
286	287
219	117
137	225
568	45
288	211
250	52
274	194
175	32
173	46
122	71
204	29
246	64
306	6
299	15
179	117
27	72
479	6
179	12
243	100
182	65
92	26
235	9
30	23
271	63
91	1
27	242
168	9
24	133
225	198
128	3
164	92
151	34
135	3
376	15
442	41
132	182
118	114
1511	190
141	26
93	33
27	87
80	76
41	577
406	154
103	207
98	151
77	162
101	139
86	11
39	175
82	267
198	5
37	160
114	18
25	15
20	15
57	86
53	19
76	79
55	81
43	7
49	77
26	44
142	100
266	250
74	6
25	61
35	37
24	200
154	53
44	137
78	189
141	41
88	233
167	14
84	22
25	32
337	22
198	223
112	116
121	40
24	199
204	76
361	37
4463	55
131	31
33	196
84	18
113	21
26	65
65	38
78	78
132	14
23	72
60	4
20	51
18	211
162	112
225	332
249	136
170	97
44	240
108	67
35	57
28	86
47	147
104	151
83	614
467	45
39	231
164	72
28	25
38	57
36	39
61	417
275	298
212	33
28	99
55	61
36	369
251	13
28	112
81	65
77	82
54	120
92	62
25	53
16	13
37	56
37	92
77	239
173	24
42	127
85	77
43	36
77	37
27	193
143	121
76	155
110	68
36	50
21	121
97	318
170	47
26	13
20	1
40	11
24	52
47	47
24	10
36	3
23	56
35	245
131	46
30	86
131	268
189	49
29	82
495	327
212	23
365	111
268	173
210	243
177	73
461	4
139	1
76	20
441	119
93	285
298	112
83	141
70	17
129	14
23	38
38	168
285	33
96	57
39	15
43	37
118	167
101	114
123	349
273	216
133	278
208	116
136	74
31	47
50	335
233	4
142	4
55	29
608	2
41	37
21	115
234	64
33	254
187	32
182	83
26	68
220	141
276	349
158	35
47	164
116	16
37	10
53	82
45	29
52	25
26	18
16	188
132	17
26	56
86	32
64	152
111	166
108	89
39	52
35	42
28	290
223	201
134	97
55	77
50	36
25	34
207	121
229	102
86	17
52	126
92	528
394	4
27	166
131	11
27	26
68	42
36	64
244	252
200	182
86	94
417	268
100	28
133	8
77	105
147	26
86	37
254	274
347	22
141	1
179	12
314	41
100	45
99	162
123	34
273	6
189	28
169	100
101	56
249	101
83	77
166	353
266	21
49	123
120	56
96	292
219	122
125	212
159	72
42	3
122	258
241	337
266	66
46	221
269	6
28	57
64	214
152	113
90	27
111	84
300	83
77	151
75	21
26	28
170	189
76	187
140	165
93	120
93	261
140	65
24	123
102	6
28	155
101	1
37	127
83	209
156	92
40	247
180	201
141	38
26	14
47	19
23	25
86	105
47	64
29	109
125	57
115	33
46	122
202	46
78	12
109	96
168	20
45	12
522	99
513	99
40	71
263	283
211	87
45	56
41	111
70	160
105	9
37	365
271	31
24	47
17	37
28	79
55	76
95	129
82	49
23	19
43	168
116	170
128	37
24	22
17	234
257	3
349	195
138	32
105	22
328	196
154	99
43	113
77	183
145	59
85	95
304	131
272	24
92	97
191	199
143	57
47	204
137	77
47	333
250	46
39	23
20	26
31	9
187	223
72	12
22	28
32	107
37	28
25	168
102	151
100	95
56	98
59	26
195	50
219	72
47	11
298	61
125	170
1730	148
54	4
27	42
22	315
238	70
43	168
111	247
173	107
67	117
76	200
150	4
39	39
35	227
158	128
88	81
48	34
25	10
64	13
30	20
25	455
354	268
197	35
26	95
47	99
62	188
141	1
24	156
112	136
87	36
20	455
362	19
28	65
43	21
22	33
20	23
54	26
39	11
19	46
19	31
100	93
140	106
219	25
327	179
115	54
89	352
269	62
26	20
18	2
44	88
58	102
66	90
93	252
195	51
34	6
69	65
97	104
89	483
364	369
200	87
91	41
98	38
85	38
45	71
121	145
166	65
95	49
46	135
61	325
396	97
199	7
53	110
78	50
44	1
44	1
44	31
109	34
90	4
76	54
45	77
43	94
97	6
236	174
105	306
202	61
80	28
179	71
49	27
149	208
184	46
50	94
48	203
121	76
43	2
151	69
51	452
254	9
45	15
44	326
238	17
78	139
90	144
115	40
45	75
43	63
293	77
81	106
44	8
43	24
43	18
85	672
499	33
45	75
86	16
45	194
86	207
93	23
76	20
45	165
138	105
44	68
85	152
313	9
149	146
133	126
52	64
119	52
45	13
236	2
146	196
242	48
98	13
254	89
49	11
109	84
51	66
76	15
104	2
83	5
125	101
121	34
132	50
113	60
107	17
45	45
117	123
86	10
45	1
165	38
126	32
128	67
121	2
79	160
257	139
120	42
48	1
77	107
165	17
188	89
127	107
199	56
45	136
140	63
48	191
87	113
50	51
113	51
127	235
1150	125
28	64
15	37
14	42
15	91
33	93
51	154
109	36
37	6
27	233
157	27
37	46
24	11
17	50
27	58
32	138
95	65
33	32
34	11
23	54
29	76
50	166
116	2
93	19
26	106
52	82
40	60
43	286
237	16
51	269
187	341
248	40
56	3
21	57
14	70
38	11
18	163
213	5
1505	52
47	312
238	60
27	141
86	4
60	40
31	446
308	146
107	64
36	131
87	227
413	289
30	77
18	46
40	36
66	134
67	54
27	308
235	48
29	220
157	95
212	37
194	207
246	142
366	83
92	88
282	282
211	55
124	2
149	244
176	2
80	130
163	132
112	21
95	19
49	102
125	352
270	84
44	386
291	92
46	17
26	138
101	177
131	18
25	86
238	2
40	38
208	18
115	79
214	141
102	35
181	24
42	138
103	78
46	7
42	74
74	105
73	4
54	125
85	105
67	36
24	193
141	11
25	37
20	399
307	71
54	322
242	46
68	37
20	63
20	107
40	273
212	87
43	123
70	43
101	122
25	20
18	23
19	327
241	170
115	95
51	275
209	219
158	18
31	14
27	357
266	201
117	59
124	9
159	65
127	247
208	181
101	245
210	217
150	38
113	7
140	25
299	47
235	222
86	217
105	165
77	91
53	2
24	105
52	22
37	308
191	134
82	124
81	55
77	124
76	78
93	16
100	176
74	143
90	210
148	37
83	66
32	26
34	158
75	104
97	18
73	34
177	95
357	26
313	3
117	252
181	63
64	18
304	155
343	126
114	51
70	2
146	51
51	33
22	291
187	64
79	199
100	38
127	112
77	71
41	289
208	134
80	213
150	184
118	28
121	96
52	15
26	258
167	142
87	115
78	3
75	58
27	64
84	136
55	87
46	4
20	94
63	130
61	24
20	94
62	61
174	150
24	15
16	12
93	162
106	64
41	685
487	22
26	336
248	116
56	22
32	45
39	89
52	98
59	63
56	9
51	51
69	223
176	210
152	13
47	58
33	2
47	5
88	123
69	45
36	98
72	35
69	26
75	50
24	276
201	129
75	32
19	25
43	1
18	48
121	177
73	13
89	24
76	6
78	33
76	131
93	176
106	34
79	23
26	28
85	31
54	11
69	77
68	7
21	37
78	34
86	21
77	68
50	32
24	20
72	260
145	61
42	114
79	191
86	28
129	5
27	534
421	102
42	306
222	257
147	58
25	108
67	22
22	107
60	22
19	85
47	67
60	316
203	238
128	506
343	109
54	152
115	319
235	4
27	479
362	3
25	3
84	137
78	182
124	10
60	13
10	81
22	24
27	159
114	29
25	42
17	38
62	214
158	213
161	5
24	37
58	263
200	128
83	6
24	6
81	213
246	60
193	136
212	31
205	345
255	116
78	10
21	6
269	54
38	187
107	76
71	50
26	147
97	163
118	55
50	41
34	82
82	95
42	29
71	1
32	86
43	22
197	44
153	19
122	16
99	22
59	92
63	81
36	44
35	356
261	7
35	50
96	165
115	217
151	40
200	113
362	10
92	150
75	96
88	192
95	1
26	150
84	118
66	97
63	55
45	83
80	69
42	27
374	439
316	1
36	37
94	117
58	230
178	42
27	32
28	105
61	67
49	5
25	143
85	3
40	21
75	29
41	80
90	7
53	29
35	78
89	2
54	9
82	68
36	85
52	16
116	11
76	70
43	59
132	71
102	36
51	93
181	30
51	274
181	25
35	36
85	46
25	72
69	72
245	21
104	27
273	44
41	5
43	49
159	15
68	140
80	14
50	142
88	377
308	28
48	66
135	139
84	47
77	61
199	88
73	63
182	273
172	95
79	123
47	110
107	49
108	158
112	190
132	58
89	202
249	98
149	63
48	70
49	95
155	89
61	36
117	53
55	41
43	65
51	37
256	27
57	101
176	26
272	134
120	29
37	27
45	685
524	16
27	8
19	116
82	194
147	50
22	2
17	150
113	23
24	6
94	39
44	151
117	92
51	113
96	130
135	17
137	23
37	402
315	199
148	65
36	33
104	18
96	72
42	109
97	33
326	22
147	10
87	58
51	783
615	104
61	24
25	108
84	23
26	8
31	224
162	43
23	101
70	17
30	62
36	22
26	17
18	177
134	357
265	19
25	67
38	34
23	74
49	72
50	68
43	29
65	222
145	35
1367	175
108	131
101	162
109	21
28	91
93	36
140	279
197	45
168	9
282	65
74	216
166	212
159	114
100	13
228	44
101	458
352	207
137	40
26	115
84	10
100	46
123	224
104	1
26	118
214	22
194	19
92	167
120	65
24	6
121	49
142	70
73	20
44	50
58	311
363	13
58	12
169	238
163	27
86	307
237	62
43	36
279	285
215	6
41	129
57	29
38	19
70	302
1613	8
27	35
19	191
18	52
60	49
61	34
41	43
83	1
315	66
40	249
184	239
170	78
46	188
96	36
45	160
91	65
114	67
45	178
110	49
46	185
112	15
46	247
110	12
169	159
88	102
50	200
168	146
84	61
44	67
43	273
156	126
88	131
68	46
44	199
125	31
44	16
42	173
85	142
75	37
84	10
199	14
85	34
89	82
79	127
192	5
203	106
67	20
24	12
84	223
150	21
106	4
185	70
206	39
133	36
78	62
122	36
44	17
48	214
230	155
139	59
347	4
163	2
97	40
161	140
101	24
268	216
155	224
153	22
24	19
71	15
123	39
440	119
94	12
36	129
91	186
136	236
157	57
68	5
83	4
249	215
153	60
58	50
308	302
203	20
57	120
155	148
125	114
95	181
379	485
364	45
38	22
35	21
15	43
45	28
19	90
79	349
254	27
76	120
68	335
264	32
20	10
67	76
51	136
97	14
27	75
41	272
205	141
72	248
151	25
27	73
36	77
53	168
123	18
48	317
243	201
147	66
76	49
106	37
170	13
148	101
467	243
180	268
201	84
51	99
70	214
156	3
180	53
89	320
249	108
58	237
181	17
105	535
376	323
196	62
365	167
151	52
118	7
85	59
44	83
42	19
176	185
109	58
47	220
1241	103
221	10
72	89
256	7
84	134
102	42
396	107
148	56
27	123
114	150
83	146
79	378
203	231
106	124
107	7
109	17
287	74
142	49
27	154
96	89
69	18
22	3
54	40
21	73
131	2
71	30
133	8
364	1
222	37
218	164
345	192
233	25
153	194
225	157
276	543
400	335
250	2
97	98
144	97
319	35
245	75
743	8
136	104
163	21
197	8
334	341
2221	60
93	82
58	303
204	87
107	12
37	1
221	32
148	158
125	28
178	29
249	70
286	28
259	23
156	211
292	7
210	85
370	45
124	300
220	98
153	68
427	150
155	85
251	51
151	35
154	42
300	22
145	59
106	6
326	24
131	358
264	56
142	52
224	40
138	14
188	40
123	61
152	154
384	179
125	19
217	200
182	61
284	162
202	97
368	3
160	98
234	116
131	2
156	61
245	20
147	3
205	72
139	168
367	301
264	99
67	30
409	269
192	120
156	88
182	144
155	159
123	189
154	287
215	107
47	357
262	52
138	62
243	83
169	57
201	203
145	67
129	73
158	52
2265	17
130	171
146	67
242	167
342	183
506	148
137	176
90	72
69	8
112	96
70	101
92	79
110	3
74	399
195	46
67	326
215	166
115	57
129	217
121	52
20	80
112	20
230	57
310	304
187	63
67	5
123	40
281	274
52	723
543	41
25	70
34	90
54	271
218	69
61	87
27	189
476	73
104	160
122	44
98	32
168	47
182	128
299	66
201	174
300	123
272	49
118	10
113	33
131	94
242	87
128	60
150	37
136	79
154	13
153	44
181	164
266	73
272	22
74	123
91	16
115	44
102	21
70	137
100	53
234	179
139	308
587	199
31	181
62	27
70	9
980	148
28	1
45	10
84	198
96	83
88	206
141	10
22	11
46	106
72	56
46	90
55	147
341	3
22	156
16	253
16	9
51	130
99	12
24	18
104	129
55	51
455	42
26	197
256	49
22	52
15	131
69	192
95	37
25	35
31	34
36	68
120	3
400	105
148	45
24	19
45	26
145	4
119	295
233	318
135	60
62	6
55	3
122	66
104	30
56	1
183	205
114	98
206	38
344	172
139	52
135	239
187	377
281	159
97	100
67	63
33	15
221	237
159	44
42	122
90	10
58	151
232	236
253	92
222	254
227	158
99	127
132	206
157	199
153	116
117	224
166	5
27	54
20	492
379	28
20	108
78	46
24	117
74	132
85	272
215	443
335	428
318	190
145	264
203	9
24	95
62	181
130	49
30	48
20	96
69	29
22	2
29	30
21	35
38	244
179	2
84	271
145	142
96	118
92	121
63	46
26	6
18	110
77	340
265	49
24	108
73	41
35	16
19	234
191	510
391	174
134	3
68	88
55	134
67	14
24	80
141	145
15	78
34	12
20	32
20	131
92	68
41	122
90	53
28	174
138	168
120	91
61	63
35	58
35	384
295	51
29	71
40	233
186	37
31	105
50	83
56	155
113	303
236	44
31	163
114	162
124	113
57	58
39	83
46	8
42	30
25	134
88	482
371	89
58	23
35	419
311	294
230	28
33	156
79	44
24	17
13	19
27	257
199	8
22	65
46	100
70	107
58	15
22	26
26	59
38	54
71	37
50	14
401	225
167	11
23	4
47	90
43	86
70	21
35	56
60	23
150	209
137	17
50	37
42	10
270	58
48	1
59	237
190	33
36	171
107	1
125	3
320	101
115	13
39	294
214	61
34	33
25	112
64	47
25	12
40	8
187	44
119	173
135	104
89	302
221	41
134	34
24	159
129	52
105	62
133	115
113	20
91	60
66	259
187	210
147	45
25	62
26	272
215	60
43	14
189	22
81	43
101	41
95	181
82	107
116	183
112	15
248	182
115	199
141	22
51	1
123	9
70	25
43	244
174	77
41	33
22	9
160	33
65	30
57	26
60	214
1294	24
100	28
202	27
25	22
54	163
105	61
68	46
62	52
62	154
74	76
1505	137
35	60
15	76
15	27
13	59
13	58
15	13
15	25
14	12
38	56
39	34
74	29
48	32
42	195
127	8
22	222
171	23
22	440
347	55
45	48
22	146
97	39
29	248
184	48
31	20
21	48
45	96
53	28
20	4
18	28
22	214
176	140
97	82
31	37
24	163
121	343
263	261
181	150
101	39
28	271
210	13
24	12
17	40
34	57
33	89
50	147
107	112
85	3
45	5
23	243
183	30
67	202
74	3
25	23
20	197
152	27
31	43
24	213
166	287
240	63
73	20
27	26
18	11
17	155
112	77
60	31
22	334
234	89
59	66
49	148
103	71
48	117
80	93
61	49
32	20
25	38
55	131
113	317
157	22
25	32
34	254
176	490
366	29
24	18
19	98
72	15
20	162
129	235
163	113
75	136
95	8
26	109
67	103
79	24
30	170
127	180
125	243
183	265
183	15
24	4
17	1
40	3
25	558
429	182
134	185
130	153
106	113
76	250
182	234
161	20
65	237
167	99
58	125
100	74
26	61
43	12
22	29
42	118
82	8
69	19
20	160
96	130
91	57
24	132
92	113
71	125
85	194
129	54
23	72
35	87
53	3
20	49
40	398
325	268
207	15
27	151
130	22
82	76
70	2
118	15
44	329
187	12
33	16
16	51
14	11
94	137
146	413
240	238
167	85
25	74
88	87
82	80
213	15
258	126
79	53
352	103
83	210
190	44
70	108
107	344
185	92
69	22
64	208
126	20
136	72
196	17
76	103
154	95
37	94
69	9
195	68
127	13
76	398
258	37
188	217
104	197
140	69
75	151
66	192
183	41
65	170
101	65
37	105
61	122
95	111
63	194
138	382
272	14
22	89
65	215
130	49
104	70
263	77
142	76
228	19
2177	33
122	6
80	126
85	56
32	34
51	45
73	23
56	9
54	45
65	81
53	83
56	76
57	9
51	35
63	165
118	259
195	26
19	41
19	11
25	44
25	159
121	202
181	39
30	19
19	74
43	193
151	151
103	188
143	461
336	158
110	115
65	35
21	107
76	187
158	258
164	106
64	227
170	68
33	5
16	132
97	112
85	348
275	119
70	130
144	38
23	149
101	105
60	223
180	3
23	105
47	2
20	3
36	163
108	20
178	168
78	141
106	63
21	48
50	60
90	41
89	22
391	158
98	12
123	20
41	87
65	515
391	56
23	67
46	11
23	78
51	87
289	38
199	43
175	54
91	54
46	375
287	697
540	337
240	34
34	12
65	42
24	206
154	183
117	149
98	44
34	7
21	38
17	119
85	35
21	97
73	25
34	129
65	25
24	131
101	84
39	15
20	127
105	35
31	9
18	63
41	199
158	21
24	56
30	121
93	51
24	111
78	58
39	52
25	172
137	80
30	48
28	302
234	142
86	236
178	45
45	23
92	115
73	77
62	92
47	253
196	66
26	19
21	144
116	9
114	19
49	253
183	32
17	89
68	72
39	98
61	19
170	119
175	21
55	72
206	124
87	5
21	73
57	130
83	23
19	80
108	120
68	6
84	78
79	211
151	169
139	57
48	74
86	37
147	100
63	264
191	151
102	61
41	167
98	3
25	39
21	32
18	55
38	383
362	23
32	185
123	268
205	49
30	16
22	121
87	20
20	55
32	46
65	79
84	296
206	6
44	12
35	215
149	265
180	82
280	31
69	37
164	2
116	31
110	260
179	84
89	113
69	28
33	320
231	115
73	220
158	11
19	63
37	45
32	388
307	72
31	32
30	101
70	108
77	35
20	24
120	152
297	128
88	30
42	11
215	8
51	40
421	99
90	19
46	66
99	90
114	19
49	168
118	21
122	21
141	60
39	90
79	48
72	499
375	56
19	33
39	55
33	175
133	251
187	55
34	68
33	56
174	160
218	372
1549	140
60	199
141	172
122	183
133	262
193	4
19	134
88	171
125	190
133	322
238	7
37	310
219	100
65	63
45	22
22	102
74	223
166	293
220	88
52	97
67	28
23	2
32	193
122	87
43	136
98	135
94	37
20	74
69	28
46	21
22	126
93	95
57	140
95	28
20	511
409	172
116	85
56	133
100	62
36	2
23	122
82	11
21	66
48	96
56	243
185	208
151	10
23	154
113	99
70	126
80	42
61	127
86	38
31	284
213	4
34	44
21	145
182	9
41	272
222	257
321	26
82	124
86	89
58	244
178	71
99	155
102	47
124	183
127	71
44	213
159	27
20	65
59	7
154	3
81	220
143	70
91	167
366	4
59	162
117	80
107	86
164	73
132	178
117	10
30	55
84	37
58	391
312	27
30	18
33	95
58	141
120	35
44	257
172	21
68	604
406	105
50	33
36	2
39	408
303	157
101	277
212	151
95	67
44	5
23	101
66	4
29	10
36	165
133	162
113	55
74	97
66	124
98	77
40	206
159	8
43	1
79	251
740	71
129	44
43	235
259	81
33	57
185	43
198	15
247	24
101	200
123	31
32	40
162	22
116	8
168	79
59	7
64	32
256	45
134	27
59	46
123	68
125	44
104	147
175	167
66	65
156	83
166	40
93	68
40	152
261	255
180	81
45	157
119	171
114	200
147	112
72	34
76	90
61	24
30	2
104	4
105	164
108	38
52	29
210	42
129	179
116	29
37	43
42	52
34	50
218	14
76	37
69	143
167	16
116	172
112	196
145	119
79	177
113	308
253	24
33	1
29	95
52	144
100	191
148	18
25	184
143	110
67	109
64	306
240	127
74	135
87	261
189	120
77	21
24	121
85	57
37	142
87	20
19	113
80	161
118	232
170	162
124	261
193	48
26	233
180	36
23	3
18	378
300	42
23	87
71	143
93	93
55	21
19	47
28	65
43	14
19	64
42	24
20	53
40	34
24	366
275	272
195	55
38	160
308	179
147	76
41	47
32	41
294	40
61	98
57	48
46	5
46	179
131	103
69	64
39	98
60	53
272	107
65	171
127	4
22	54
148	49
45	164
117	58
22	34
105	38
63	5
92	109
87	17
413	57
47	234
171	29
35	185
117	449
345	107
68	98
199	137
82	1
367	191
147	288
218	75
38	282
218	24
34	339
250	29
46	36
37	3
40	54
24	1
36	24
36	111
62	89
44	61
45	166
128	14
25	131
96	152
102	30
24	30
18	113
90	50
24	202
151	5
24	167
136	1
135	17
162	83
75	167
95	181
163	10
82	44
44	39
103	42
61	45
50	91
75	34
76	90
63	40
118	318
232	7
136	476
349	116
60	111
81	104
93	259
130	58
75	21
23	4
27	153
112	55
24	7
67	17
30	221
180	32
89	234
175	186
125	192
124	292
160	98
83	272
170	59
37	110
63	134
81	150
89	98
67	42
23	42
18	149
115	26
82	44
62	45
60	512
400	43
29	83
54	62
34	27
38	5
276	3
93	56
52	234
163	12
23	9
62	33
213	13
198	68
60	205
146	108
67	87
56	60
82	70
81	14
78	58
44	45
70	144
193	8
47	254
199	248
181	179
119	79
40	84
77	233
153	260
184	68
35	36
24	13
34	179
136	26
91	75
35	81
52	132
95	25
396	67
61	40
52	7
74	88
284	142
103	158
102	124
88	36
34	34
58	163
121	16
19	124
377	52
351	68
64	108
271	315
232	269
203	151
96	60
34	176
125	61
84	424
320	166
111	229
158	158
121	78
40	43
24	106
64	163
119	17
99	187
119	66
69	90
104	9
38	161
115	20
25	44
229	10
213	105
59	47
125	81
46	174
478	142
92	38
37	93
45	53
24	382
294	66
26	17
20	79
59	185
130	32
69	399
259	17
24	51
38	15
24	34
18	19
24	339
266	128
80	118
103	178
129	32
33	2
11	83
52	128
95	43
23	111
151	21
56	131
98	139
151	419
306	56
50	144
200	6
39	54
161	336
244	234
150	289
212	78
48	549
434	64
94	85
39	200
148	2
61	264
192	5
22	42
41	62
36	103
73	171
132	27
74	8
73	9
48	165
136	5
80	107
44	34
23	37
78	222
155	12
31	7
21	168
552	34
169	17
165	42
102	25
210	23
50	48
200	98
73	70
85	171
122	22
35	573
434	64
47	8
21	151
116	31
22	50
30	49
20	55
299	125
139	46
171	4
106	25
166	107
62	90
130	206
301	2
84	22
199	142
70	121
72	30
56	4
89	2
100	176
177	188
128	157
326	150
116	6
52	27
84	350
261	106
63	224
167	341
259	13
28	334
232	132
96	2
27	76
43	103
76	56
32	168
123	58
32	190
131	119
69	106
72	104
47	39
160	18
99	89
79	14
67	185
134	8
142	327
180	104
63	27
21	19
17	100
359	362
195	10
32	8
99	38
19	85
101	32
84	15
147	30
43	232
168	11
24	28
17	5
29	15
55	202
144	171
114	81
53	7
21	355
273	114
80	295
222	1
20	242
180	35
79	136
91	109
258	83
49	4
197	103
107	242
176	123
62	66
22	5
32	97
206	88
109	48
130	95
321	26
66	24
69	7
52	4
104	55
63	80
179	144
278	43
92	147
88	28
45	40
125	81
172	90
49	92
62	119
77	73
95	106
93	38
93	9
23	54
90	57
114	141
84	114
178	225
524	143
143	78
23	157
103	45
58	109
68	4
58	159
134	62
180	39
127	20
100	83
164	4
163	88
281	56
134	35
238	113
110	246
104	71
192	45
158	51
144	46
116	132
116	13
124	293
218	169
116	95
122	60
111	194
135	49
67	166
116	142
100	296
218	202
144	172
111	10
37	96
51	199
153	69
37	56
18	30
39	422
326	112
70	35
34	36
67	11
99	134
80	189
141	4
53	35
250	206
115	60
75	1
45	19
106	16
45	22
45	92
202	59
116	210
158	159
107	86
86	4
56	128
70	123
84	133
88	36
31	35
20	18
97	74
97	202
88	148
95	149
111	11
84	3
120	110
195	36
110	29
132	16
71	298
224	100
62	20
181	85
63	19
84	17
345	50
65	73
42	235
305	114
69	3
37	303
209	27
46	7
31	5
31	22
59	42
314	2
122	49
107	179
96	7
18	17
39	184
135	67
28	38
53	124
149	83
182	52
48	128
81	4
78	110
68	9
41	5
40	19
264	7
64	24
43	42
155	38
41	113
89	37
82	94
61	322
245	21
21	278
214	84
56	243
179	28
38	47
43	8
42	93
59	74
44	58
34	157
93	22
44	323
226	27
30	33
18	36
20	274
215	13
64	26
60	93
154	44
427	82
46	58
69	81
181	207
140	101
96	46
33	183
263	237
93	88
138	17
223	7
247	780
604	27
27	71
68	39
40	195
149	211
155	2
349	222
239	116
121	26
222	19
191	3
126	204
105	49
102	24
36	154
115	39
299	28
155	84
24	6
36	254
198	78
56	19
70	29
47	58
98	191
128	371
286	176
127	464
352	131
101	97
51	69
48	577
410	44
46	24
20	192
145	9
22	157
121	127
81	30
30	215
152	106
67	140
99	27
24	75
46	164
140	67
76	188
82	47
29	79
67	11
70	144
105	17
38	110
67	308
231	4
21	148
116	56
35	227
171	174
112	259
192	27
21	61
44	194
147	21
20	243
183	229
159	65
38	4
18	33
33	197
148	58
84	30
23	3
40	72
41	11
102	93
65	94
101	26
64	51
148	96
133	8
94	144
92	92
91	29
3528	5
87	110
37	62
70	32
69	27
88	38
23	165
112	164
71	32
67	95
70	7
73	125
1082	19
112	32
58	7
112	7
77	76
139	216
109	25
55	32
183	37
21	99
17	95
57	46
21	81
67	78
38	29
32	166
112	287
208	7
32	372
423	204
22	7
69	78
69	254
158	251
143	649
455	57
47	129
69	57
19	110
88	38
62	244
157	24
74	35
69	50
149	175
154	112
79	51
25	99
52	1
24	148
105	144
69	259
462	19
172	12
227	85
645	33
167	313
233	85
29	146
381	189
211	32
186	185
121	89
262	9
113	82
102	139
82	74
42	86
190	170
124	35
72	9
234	69
96	107
62	32
240	144
348	3
101	152
95	95
66	132
80	98
66	87
45	160
117	318
232	2
20	17
73	102
465	18
65	283
1430	33
24	58
19	3
16	212
10	221
8	27
8	22
7	3
8	96
67	39
72	69
51	45
62	88
60	10
40	1
54	68
110	36
132	137
191	169
129	163
104	215
169	42
36	218
149	30
38	53
37	69
37	35
36	19
43	303
219	40
23	291
228	184
120	126
94	197
151	96
62	18
32	38
42	32
51	239
333	21
214	104
137	8
99	228
165	92
49	39
29	228
173	227
164	81
48	215
160	3
32	100
62	4
29	13
22	63
45	150
110	82
50	156
111	322
271	3
62	326
241	68
58	187
124	33
53	1
53	78
48	66
28	30
31	8
21	82
57	53
155	25
89	157
95	26
28	336
241	115
84	39
23	27
27	18
110	37
31	55
273	73
77	8
24	98
56	14
125	24
98	236
180	130
46	48
282	38
110	52
199	11
25	11
184	18
79	167
94	98
112	36
64	62
59	23
65	160
252	146
161	18
91	106
58	23
32	33
247	22
41	25
74	26
234	155
102	311
242	157
117	189
110	75
43	52
45	186
176	405
278	153
80	271
194	53
36	42
35	35
19	54
48	20
30	6
15	40
46	5
22	33
111	49
66	12
62	65
61	25
272	214
164	35
178	88
209	91
77	71
87	43
43	34
117	43
112	84
365	334
240	138
103	7
23	14
54	5
54	65
96	118
79	4
38	13
59	22
45	256
188	22
22	212
163	131
85	20
69	83
78	319
206	22
104	144
77	333
240	12
25	5
27	11
24	142
100	74
53	15
21	74
51	97
196	2
42	158
112	73
107	106
148	2
167	106
66	15
209	79
73	133
53	36
114	4
65	84
56	242
169	114
78	31
23	139
193	258
186	216
152	37
21	44
30	22
154	18
73	21
42	21
141	107
58	66
105	43
33	15
81	5
63	24
336	123
167	63
143	72
127	250
172	164
193	11
318	59
119	219
160	121
165	59
70	19
13	3
137	409
300	11
54	96
157	80
209	197
142	28
30	33
18	11
66	104
67	95
325	24
133	181
122	200
142	48
52	58
239	23
62	78
49	76
140	56
101	73
91	21
23	34
103	51
21	11
146	75
64	204
146	34
47	41
24	88
87	320
223	88
56	190
133	332
253	6
19	143
105	85
33	181
126	89
48	41
26	59
41	2
55	135
123	13
95	38
49	47
77	512
397	18
22	53
38	23
21	38
26	41
214	145
131	91
90	58
102	13
89	111
84	19
385	49
68	77
38	10
92	50
58	76
52	150
102	450
355	510
385	142
213	726
373	42
23	175
122	365
279	59
25	17
25	1
20	43
20	11
17	109
94	106
52	7
16	28
31	59
350	72
71	94
260	209
138	128
147	130
202	153
135	294
231	25
34	436
330	85
53	64
49	41
25	143
88	107
67	167
138	192
141	155
102	5
23	187
126	26
33	87
55	31
21	99
182	143
234	30
77	4
61	60
95	35
78	33
36	55
48	28
70	6
32	283
209	50
19	47
47	259
191	177
194	58
56	215
160	9
77	100
87	73
48	26
156	95
178	121
80	8
2796	439
324	20
26	106
75	107
67	63
38	37
20	49
25	48
27	223
185	87
40	59
33	6
24	104
71	62
38	134
90	47
31	32
20	59
37	100
67	52
32	46
19	56
34	93
65	23
82	198
139	126
83	66
37	102
68	384
288	22
31	5
43	8
23	26
14	59
37	1
17	1
31	68
38	9
106	186
116	422
314	81
37	284
227	130
69	49
20	3
33	13
33	310
249	84
22	12
55	141
346	92
186	32
68	50
1137	155
89	42
62	49
50	169
135	1
24	120
83	45
20	43
28	74
68	105
82	344
250	80
36	38
32	34
31	61
28	206
159	112
67	9
31	17
84	266
200	125
87	144
98	195
141	149
152	22
137	229
175	30
280	311
217	73
131	38
197	39
157	102
271	452
332	77
137	120
242	49
211	142
225	276
1086	117
69	343
254	138
85	171
125	2
21	68
38	83
49	15
21	81
57	124
90	473
371	9
17	253
188	110
58	77
91	43
79	76
69	54
69	57
61	44
41	369
281	127
82	49
55	138
91	112
81	139
89	153
253	182
188	123
136	194
144	58
24	127
88	391
299	50
269	333
248	319
246	67
43	175
132	120
81	145
92	309
253	8
27	211
154	26
18	132
102	213
138	183
150	291
211	52
34	54
36	353
265	4
22	6
29	12
19	29
33	103
67	165
119	137
98	33
32	360
289	9
22	5
16	39
28	59
35	39
17	206
154	15
22	84
56	94
84	97
267	152
86	16
71	125
81	72
45	58
82	129
85	154
119	162
185	70
320	121
185	17
129	40
161	35
393	91
105	380
289	74
38	19
23	60
27	53
123	169
88	39
23	47
438	121
75	47
47	138
97	156
266	18
44	162
118	114
62	106
65	116
68	87
72	120
79	34
234	174
117	22
192	670
520	71
34	140
94	105
75	59
26	115
80	16
22	83
50	21
23	6
31	42
93	285
217	82
59	339
254	116
79	47
33	46
18	16
27	32
168	174
131	100
68	22
49	63
156	49
213	28
163	69
173	86
92	61
121	165
757	51
38	135
92	79
46	23
31	3
49	164
111	56
48	25
302	68
51	86
305	20
163	208
261	150
105	105
62	49
62	166
118	24
34	26
205	11
54	88
98	167
121	68
45	29
32	122
91	45
43	124
85	102
51	6
21	117
93	61
62	33
76	26
89	527
398	63
26	47
29	31
467	85
126	20
161	100
195	130
132	70
386	41
359	21
80	68
128	466
359	284
199	94
53	111
126	59
212	37
153	27
144	21
258	5
320	125
158	18
242	38
230	70
125	171
127	41
226	95
1769	36
517	149
144	104
72	217
161	40
104	230
173	99
168	27
329	58
161	40
390	2
154	82
41	10
375	7
134	216
178	123
230	7
59	149
73	35
58	253
302	248
188	14
59	227
151	6
52	13
218	5
305	1
125	96
182	69
49	11
309	10
105	125
57	38
64	87
56	128
139	111
117	53
160	180
144	81
139	15
145	45
164	17
123	120
115	57
663	6
272	22
196	124
282	105
236	158
155	269
209	36
476	54
80	401
258	14
73	7
87	226
162	332
247	60
36	15
28	108
62	45
20	21
120	245
176	20
32	27
22	48
28	110
75	140
95	134
115	31
43	127
124	60
123	117
92	140
89	35
122	2
226	62
68	417
310	79
50	273
213	115
71	15
23	174
133	22
20	130
97	76
38	108
77	42
23	239
179	38
22	109
157	90
51	21
143	109
72	341
257	149
106	6
31	29
90	22
164	32
234	17
156	191
136	36
320	4
289	46
117	45
181	9
131	52
252	138
283	21
59	105
50	254
195	53
41	46
114	3
42	93
56	1
56	21
47	48
155	31
197	22
62	20
64	154
108	229
165	12
19	25
14	184
131	53
84	20
193	1
56	298
214	336
240	63
37	38
61	125
78	5
14	11
38	96
200	146
105	17
419	229
430	436
327	14
56	221
155	121
90	208
128	38
22	38
32	155
96	148
89	361
271	110
88	75
37	39
37	324
235	101
63	50
43	152
97	126
87	4
29	89
45	6
87	163
191	78
78	60
222	55
49	234
226	140
97	59
174	3
60	74
40	32
37	141
100	87
62	100
79	96
49	46
25	9
68	23
116	3
53	10
108	116
116	285
234	311
240	42
225	62
142	97
282	2
209	20
41	79
185	131
71	357
272	146
98	89
64	41
34	61
39	120
72	77
44	5
91	25
169	54
103	224
137	188
133	108
72	8
84	43
58	61
53	57
37	3
273	126
120	41
79	16
131	46
34	10
106	202
330	22
287	150
201	143
283	21
101	47
90	22
53	67
51	268
204	107
72	121
126	234
146	89
52	317
254	336
246	348
213	29
72	220
152	498
337	7
965	73
160	128
57	41
20	74
51	102
71	93
84	175
111	6
23	2
53	11
60	53
46	21
31	11
321	53
420	100
72	87
76	244
156	2
22	276
198	20
93	41
43	55
138	20
43	235
170	63
32	30
48	31
129	362
267	39
176	233
173	34
41	387
270	5
178	61
98	57
24	141
91	37
22	430
328	194
130	125
89	46
23	35
17	78
50	66
50	58
69	30
180	119
74	107
72	6
55	187
128	214
111	67
75	13
148	14
200	206
462	105
63	106
68	30
118	86
217	28
304	215
362	183
265	24
25	436
527	45
20	51
15	14
14	124
51	23
329	31
66	60
1751	251
161	19
165	24
357	49
230	205
93	23
70	61
39	78
271	47
37	29
142	90
121	195
161	57
238	33
66	131
85	40
64	163
115	35
30	53
70	161
82	66
203	164
97	135
67	24
91	7
65	60
40	22
110	42
66	14
247	67
62	28
72	4
21	61
152	12
135	170
88	102
78	52
24	86
268	3
75	140
72	242
179	104
89	50
122	33
258	111
140	15
282	30
37	60
56	45
166	380
260	57
55	123
80	161
119	68
42	265
209	158
107	26
110	318
6544	34
302	12
3310	270
173	31
65	8
120	121
65	19
64	462
299	63
72	287
294	160
141	267
188	153
69	80
54	154
95	15
110	63
44	2
57	64
44	190
139	71
339	18
161	13
61	44
45	432
331	17
118	212
145	48
178	213
229	40
64	56
59	11
58	7
54	189
108	34
52	273
197	15
103	17
59	298
204	59
148	13
62	52
76	308
206	54
1687	192
89	25
130	115
238	5
72	226
215	159
138	258
150	17
239	32
217	89
101	149
71	47
60	22
380	50
190	45
64	26
162	16
125	46
215	41
83	66
40	23
155	77
4224	42
81	47
59	317
162	20
22	37
296	61
157	99
200	87
237	113
238	55
129	11
313	97
42	54
50	195
196	6
38	85
54	113
174	399
289	27
149	59
194	4
84	27
172	439
321	83
122	148
102	203
144	113
58	30
52	120
160	58
66	145
114	27
365	20
62	96
220	36
112	301
239	18
236	65
45	15
101	48
71	238
180	91
48	45
85	48
327	47
130	17
71	36
46	69
177	48
79	79
337	8
67	5
66	29
287	248
192	284
161	155
237	42
72	123
60	286
179	10
1949	78
7919	40
115	18
294	179
144	101
71	156
110	225
162	242
179	8
93	9
59	26
116	27
53	36
70	293
215	326
228	93
42	33
106	20
123	76
95	179
331	23
179	32
108	76
226	44
80	24
40	29
52	35
36	55
119	46
93	56
184	167
73	67
230	107
61	123
77	152
107	58
34	30
276	106
63	14
2260	372
269	64
43	17
253	62
330	335
259	34
36	478
369	916
712	139
57	87
56	181
130	101
66	19
21	23
26	71
40	28
18	253
192	35
213	9
102	237
171	308
232	229
181	14
86	123
68	5
64	88
46	93
54	61
62	206
169	246
185	303
219	223
160	171
117	217
161	69
89	58
48	217
185	95
57	390
302	77
73	194
102	60
73	173
122	487
382	139
98	184
136	50
21	34
42	37
40	79
47	30
20	37
42	27
19	104
64	74
40	22
36	176
124	146
68	4
65	1
69	23
32	23
65	12
30	10
47	119
81	98
70	18
67	22
89	80
55	280
164	19
21	82
53	67
29	59
38	46
24	54
44	11
21	16
31	209
162	24
61	161
99	2
64	33
19	81
82	73
280	300
180	234
163	17
43	100
136	59
289	127
121	77
93	14
50	20
32	165
103	26
120	100
77	88
44	27
118	203
147	61
73	191
204	27
71	32
55	193
156	66
69	117
129	69
34	37
143	68
193	97
77	21
56	15
25	287
307	27
62	239
164	85
52	129
66	55
230	35
188	1
139	130
101	77
105	127
346	82
175	81
59	28
226	87
153	191
89	52
65	111
45	46
56	182
135	274
219	66
52	62
37	42
18	235
187	62
74	21
21	236
171	233
166	192
138	139
96	32
19	93
70	30
138	21
130	126
55	11
198	32
87	35
119	29
61	46
91	11
92	195
124	21
42	357
271	75
58	18
21	132
100	1
17	21
32	16
14	24
150	23
130	3
33	274
216	18
45	35
63	211
123	38
158	364
287	10
39	80
60	132
83	389
295	203
150	113
66	75
52	143
78	326
251	1
54	45
23	14
330	80
104	1
49	258
204	142
91	147
102	14
36	2
52	70
53	314
236	20
72	217
160	168
108	104
61	26
22	222
171	104
60	30
18	164
126	15
45	204
138	2
46	24
26	12
106	226
101	76
40	2
138	235
176	279
201	148
105	164
125	50
46	360
259	40
53	34
48	78
57	298
217	112
71	23
15	42
325	1
223	79
339	291
205	248
189	226
155	42
17	19
298	74
50	105
66	41
18	55
342	65
72	100
140	125
77	1
31	395
303	40
42	38
61	101
69	193
126	90
55	173
126	101
68	13
44	241
174	46
47	354
244	149
100	84
107	34
138	81
77	175
390	19
38	163
117	215
150	89
60	198
141	18
22	195
693	14
45	53
124	44
42	124
107	119
60	170
135	20
61	34
61	39
46	359
272	139
96	124
83	20
45	84
47	39
108	209
143	7
21	37
188	134
81	43
61	217
215	35
86	89
62	399
316	87
53	43
35	109
131	78
139	32
66	173
212	344
252	101
66	3
44	212
615	79
161	167
104	74
73	232
157	17
34	44
19	124
68	27
50	8
28	46
44	153
98	31
17	54
127	223
169	18
83	64
51	63
83	144
94	56
33	93
52	56
53	18
123	293
218	60
36	135
116	161
110	58
196	105
79	65
48	16
62	32
58	139
167	2
47	129
116	75
44	46
71	36
43	52
46	4
140	2
140	7
46	149
107	152
127	110
151	9
116	133
91	143
173	180
118	8
83	54
43	181
144	91
48	59
380	4
36	52
85	50
43	3
67	67
52	26
42	87
91	118
81	22
40	117
74	24
50	11
149	35
84	74
203	41
184	2
52	75
41	104
56	34
30	21
107	138
87	72
78	26
218	50
120	16
83	245
176	73
133	234
239	91
59	15
63	20
123	73
56	14
25	455
358	2
131	227
160	205
95	93
54	53
25	108
156	262
104	13
21	230
153	21
25	161
113	94
211	32
40	5
114	50
100	128
87	105
62	20
95	43
408	89
131	416
344	67
24	87
29	35
20	96
284	155
106	25
165	50
78	86
103	131
97	30
160	100
118	44
111	103
134	17
324	20
100	86
187	36
152	51
173	344
264	7
29	129
124	216
89	20
22	160
121	81
52	72
35	126
102	1
323	91
87	35
88	7
90	89
132	28
150	173
118	49
82	33
100	49
499	144
171	63
177	124
83	33
203	90
86	184
331	117
264	32
192	206
225	361
283	130
100	50
23	86
99	9
34	387
328	107
76	35
78	196
254	548
419	28
50	15
18	38
33	33
23	20
47	32
53	20
323	233
170	231
166	156
109	6
22	125
174	19
94	126
153	236
170	20
96	109
125	34
616	39
223	136
268	1
125	2
92	22
86	48
142	39
236	102
173	212
149	45
84	15
116	282
222	1
26	36
30	165
161	19
114	29
337	57
62	132
106	33
147	32
89	111
64	122
100	32
249	59
44	188
173	23
121	174
129	75
32	506
413	33
22	4
16	10
28	23
94	482
377	35
25	430
330	112
73	64
35	129
85	63
31	49
41	467
368	153
91	61
34	73
38	72
51	297
231	13
22	175
197	10
46	13
54	70
206	157
121	10
148	67
92	46
140	52
85	51
200	152
84	12
121	161
221	51
239	34
209	438
330	26
40	82
90	152
253	206
315	64
81	82
146	144
265	52
62	15
151	61
142	30
205	48
137	36
67	44
68	11
66	393
303	28
19	2
14	166
130	10
31	319
245	18
24	70
59	35
24	183
93	82
96	58
226	92
168	81
133	73
268	12
105	125
123	18
159	84
131	87
103	17
272	57
392	128
59	69
71	112
105	26
101	20
890	60
94	78
94	350
265	218
162	124
157	65
93	351
426	96
90	179
130	155
105	137
99	164
117	24
102	216
154	12
66	160
115	173
113	108
55	60
25	225
171	183
133	3
39	36
16	138
100	233
173	95
76	10
21	179
130	57
150	97
57	45
96	58
83	185
139	40
143	73
133	189
130	66
86	151
149	11
114	3
453	25
115	48
109	85
127	128
105	17
226	7
84	119
178	302
234	146
104	180
139	113
81	39
73	174
132	11
77	108
335	12
136	28
76	75
95	56
69	40
77	16
65	11
54	294
218	19
43	363
242	98
63	6
41	159
110	65
84	5
41	108
261	65
19	38
79	99
60	53
216	114
81	25
144	305
231	147
88	985
722	430
316	42
62	22
61	112
67	72
64	25
53	170
89	14
28	224
144	68
93	18
22	28
58	34
64	69
49	85
46	109
72	72
48	70
39	111
141	230
71	24
22	526
394	180
100	161
88	66
47	23
174	104
68	126
79	47
14	22
37	366
283	1
23	218
164	21
60	119
80	261
190	8
30	216
150	127
86	63
56	271
197	125
72	58
46	92
57	34
26	37
30	110
68	76
126	13
96	22
136	87
147	9
62	120
64	26
55	87
45	84
48	22
79	9
244	32
217	139
91	9
49	81
70	196
149	82
43	118
77	5
50	17
41	195
190	36
71	16
213	118
107	64
32	93
152	161
105	1
69	17
68	75
39	71
44	63
260	49
46	45
91	135
101	359
273	2
156	56
363	45
97	38
151	12
199	52
111	245
187	8
111	106
90	260
185	53
42	1
41	50
46	15
29	109
74	16
39	22
276	25
94	203
128	7
99	214
151	14
22	60
57	350
282	81
37	37
15	195
191	111
123	39
317	154
101	9
55	199
274	171
115	53
103	172
220	2
49	144
388	4
36	125
144	119
91	6
180	3
78	48
231	2
23	78
171	20
105	75
71	76
103	115
62	250
180	110
64	312
237	133
77	34
29	92
106	44
63	183
137	43
71	146
100	126
245	3
67	54
120	10
69	12
257	94
82	89
165	269
208	40
40	133
106	579
447	2
57	54
106	32
20	67
190	88
175	49
112	101
20	32
203	302
148	68
118	6
109	4
151	30
37	50
36	172
154	131
75	327
249	60
25	73
239	428
315	157
82	142
58	89
60	136
89	67
32	90
60	143
155	68
57	249
168	5
29	48
42	50
38	59
56	23
20	77
36	119
79	343
254	54
30	34
125	74
318	106
100	29
96	96
58	24
288	18
136	101
285	119
211	146
240	49
158	47
154	145
77	13
225	12
101	66
35	127
77	2
21	18
64	33
57	10
94	128
74	54
115	228
161	19
28	50
99	454
343	22
21	150
110	141
97	54
35	152
112	198
145	30
33	6
46	64
40	13
75	18
35	90
77	39
43	40
54	122
133	88
132	10
42	61
38	25
51	25
86	17
44	238
165	64
63	110
85	331
257	249
176	187
145	114
68	67
37	5
43	364
259	63
40	35
28	109
216	170
119	39
33	104
70	70
41	66
30	39
292	229
272	100
254	27
139	3
177	18
163	102
119	126
79	9
57	97
56	62
311	126
87	130
78	33
45	213
149	77
62	188
125	98
65	114
83	30
41	199
135	296
230	28
21	19
15	5
95	1
53	137
152	19
201	264
161	267
182	11
20	32
15	161
117	19
394	154
287	30
257	9
99	17
59	59
67	75
75	231
166	1
240	75
34	44
64	4
69	98
161	32
97	32
91	1
170	99
187	218
144	101
137	35
67	23
82	67
133	29
60	20
43	67
59	4
302	55
134	1
188	218
174	240
171	12
21	63
357	64
159	152
103	78
41	1
115	95
54	111
272	55
412	115
328	137
80	80
47	140
98	70
44	1
50	5
40	51
398	210
164	49
41	2
27	42
65	5
50	26
38	20
69	86
129	79
61	31
52	174
214	171
114	161
116	55
42	111
104	142
209	86
59	71
41	320
241	13
45	25
53	91
61	59
43	29
120	73
91	59
80	107
187	293
63	29
86	24
142	168
121	240
178	77
36	60
49	52
36	9
78	12
59	19
52	243
173	55
22	25
143	90
52	475
358	60
108	244
170	29
22	47
120	32
42	77
50	16
91	101
92	126
86	129
121	49
76	33
562	245
505	31
93	92
67	8
66	122
94	6
170	16
62	47
63	3
221	18
92	54
115	188
138	191
123	103
71	79
68	8
46	143
96	206
147	227
163	261
203	127
96	180
123	61
51	24
40	50
28	99
88	99
270	11
87	14
163	50
247	80
163	33
53	55
69	123
117	33
34	635
439	208
164	39
38	120
66	50
14	78
59	114
83	99
51	29
65	128
170	138
76	65
64	8
20	43
127	321
227	21
18	40
24	382
315	351
284	44
159	64
58	41
474	2
34	11
37	329
239	24
18	71
144	27
209	70
109	88
125	63
43	62
82	3
69	216
152	85
53	95
59	29
58	77
43	21
39	20
54	14
49	94
123	160
103	46
18	40
95	228
165	57
63	99
65	217
152	91
55	12
43	56
60	85
44	146
100	36
36	149
88	339
261	105
61	171
132	68
43	9
39	30
19	85
90	196
133	348
273	29
19	21
129	87
79	7
49	167
109	201
147	82
51	23
52	287
465	251
186	151
113	13
27	67
59	40
186	66
225	101
144	18
50	284
244	108
59	41
225	34
71	84
59	163
126	1
58	74
59	11
34	67
238	5
68	68
140	37
110	2
181	115
68	3
541	403
297	201
139	12
23	109
217	98
92	122
69	219
164	175
122	41
18	179
272	15
65	1
48	62
213	19
195	41
59	41
90	174
123	42
53	31
54	42
58	1
180	73
74	15
93	10
55	147
105	124
53	29
45	21
27	13
63	184
128	127
86	123
134	79
47	152
137	27
166	159
120	32
57	34
60	71
40	150
109	86
220	11
165	129
80	260
186	34
117	40
159	45
50	132
241	45
83	20
153	115
98	551
428	7
22	21
38	24
23	260
177	16
60	260
181	58
18	59
52	23
64	157
416	200
339	405
299	97
61	77
45	83
59	49
53	465
348	60
20	10
51	185
128	301
242	160
91	65
56	133
69	7
33	70
36	111
67	6
51	124
79	248
183	96
57	42
46	52
40	66
26	42
40	25
35	84
55	14
18	107
62	130
90	142
115	57
19	5
183	21
46	80
288	484
363	31
46	2
46	71
39	8
358	233
165	20
123	150
106	70
122	70
87	199
288	163
124	34
151	285
375	63
123	35
35	26
47	72
42	76
50	62
124	58
524	112
67	224
169	4
17	55
99	77
105	138
125	4
137	220
232	2
37	320
237	19
43	5
189	20
68	2
142	146
101	67
58	190
129	155
341	147
92	347
268	52
19	119
95	44
46	96
56	125
72	95
243	102
66	83
124	376
267	35
40	121
50	15
68	134
298	18
142	68
85	2
46	107
488	3
49	103
58	49
28	185
137	109
64	108
106	5
75	163
452	59
111	30
81	15
165	7
144	42
219	384
278	102
60	57
166	187
130	441
332	78
54	68
47	192
140	227
142	137
109	131
85	230
166	182
123	15
44	227
154	29
22	82
58	138
102	211
143	19
53	24
57	146
103	65
67	75
41	87
72	352
237	85
66	12
45	21
39	24
50	54
54	4
54	314
228	34
22	90
138	112
88	16
79	23
65	180
125	129
76	5
91	67
96	82
109	106
73	63
254	46
67	56
43	14
19	51
92	254
181	28
84	240
180	10
75	134
84	22
53	41
56	230
145	12
181	39
41	16
315	64
170	15
75	39
95	204
157	168
80	230
142	77
46	31
41	12
57	112
79	124
74	356
262	73
44	16
62	6
37	39
30	239
159	79
90	183
123	61
131	126
193	20
271	17
165	15
61	41
97	284
238	214
165	10
43	72
266	10
114	20
66	76
132	181
131	83
66	83
64	71
132	96
51	51
68	333
298	188
45	10
19	40
70	81
192	89
75	67
66	182
282	25
132	444
333	4
35	4
50	190
131	129
92	82
47	10
28	16
128	4
108	161
103	170
118	81
250	49
115	15
141	107
59	2
96	44
41	4
77	14
61	28
98	111
176	100
54	2
173	479
357	29
38	88
40	21
44	40
129	208
148	401
301	54
27	233
234	50
81	81
138	275
200	171
117	60
47	203
161	81
78	434
319	3
20	38
53	11
18	246
180	49
23	58
144	48
29	7
46	87
106	83
55	92
54	151
100	193
139	66
42	273
201	38
19	41
13	10
86	68
127	166
110	8
53	170
116	81
48	57
33	369
268	114
76	214
161	99
65	90
185	38
53	75
106	177
246	109
35	25
45	79
94	85
149	18
64	41
57	36
91	212
271	55
205	42
80	43
64	138
125	116
234	175
127	151
197	94
59	114
376	7
41	159
69	267
194	96
80	44
38	163
103	31
49	72
35	38
104	32
47	196
155	57
68	139
97	8
32	84
54	131
91	11
137	272
196	127
202	6
53	168
117	13
18	65
272	58
49	223
170	102
51	38
60	58
285	10
47	476
365	410
308	51
33	24
26	45
18	73
45	39
29	197
156	150
105	206
151	48
58	9
41	37
15	3
25	59
41	18
77	85
69	36
96	8
41	75
208	138
288	65
149	101
55	114
74	9
50	14
139	109
208	4
57	91
71	39
53	64
210	20
49	188
138	48
22	117
235	188
118	99
70	111
73	30
23	78
68	15
43	41
177	20
49	184
385	68
56	64
93	53
49	14
95	58
48	57
241	262
187	37
34	305
231	123
69	6
21	47
47	29
32	393
298	215
154	27
21	98
64	7
19	40
79	197
175	27
56	36
55	31
52	44
66	9
111	154
178	50
101	36
93	124
85	43
238	236
201	73
68	5
122	51
63	221
159	12
76	10
58	159
107	218
155	173
123	90
67	8
20	37
39	313
237	116
69	12
19	30
63	157
108	58
38	106
101	204
155	146
102	82
124	22
185	10
44	4
79	105
153	21
355	6
75	111
199	39
135	80
48	169
120	25
36	259
143	24
46	111
69	157
245	21
86	100
54	99
223	213
145	47
138	78
130	357
251	297
222	31
35	48
54	303
248	21
45	18
88	38
33	51
48	16
44	142
212	44
148	28
404	159
143	85
90	96
96	121
89	15
65	76
116	73
69	41
34	2
26	45
78	106
210	55
163	161
120	17
92	129
118	71
33	181
130	55
101	85
76	23
51	9
63	176
125	11
90	386
281	32
67	21
96	49
28	171
129	28
23	103
74	372
276	13
20	13
150	12
64	69
56	150
106	382
293	100
79	29
34	414
304	334
257	227
183	15
73	42
22	5
9	110
87	169
110	104
89	9
43	13
36	33
22	313
228	167
119	105
153	58
48	2
51	85
307	107
170	92
64	39
43	220
156	1
59	11
44	291
589	9
46	38
202	50
64	34
55	163
111	35
102	38
268	220
576	22
78	7
115	84
52	161
107	50
149	60
107	74
63	58
119	15
96	278
185	65
78	2
54	108
69	115
87	8
22	223
158	229
165	42
51	122
71	15
47	164
126	50
33	12
27	21
19	4
25	19
29	92
67	85
40	121
86	99
64	191
137	19
52	61
63	165
478	160
106	28
281	16
111	26
135	44
77	24
63	145
309	67
153	196
147	53
109	24
103	25
82	164
86	6
57	553
428	200
140	221
164	182
137	19
20	94
73	4
51	104
81	99
60	48
29	103
68	338
259	6
32	422
322	172
122	9
29	12
17	16
9	39
16	215
173	81
44	72
26	18
26	75
51	226
172	27
58	66
29	48
38	100
62	33
51	39
40	61
124	21
233	67
120	169
111	53
75	21
163	104
81	114
106	23
69	119
103	51
62	31
39	299
271	329
229	52
123	154
107	56
62	128
84	2
26	177
130	8
42	8
31	378
283	116
69	34
19	95
53	183
133	2
20	34
24	45
125	41
117	118
129	353
268	170
109	10
139	45
110	123
203	44
49	185
122	31
21	25
192	26
213	29
68	45
44	55
157	118
197	70
83	23
145	3
112	49
45	7
43	24
30	78
148	24
92	35
116	215
140	303
228	68
49	346
262	37
49	41
28	163
121	155
109	86
62	16
21	42
29	139
120	9
152	239
153	319
235	81
66	173
121	97
64	28
33	103
138	13
124	12
36	17
215	66
208	150
131	87
115	214
131	157
100	145
100	62
37	49
81	94
472	185
229	67
147	53
57	182
118	36
42	18
60	46
146	51
231	333
251	6
49	135
56	197
201	52
50	10
389	88
37	127
67	43
137	5
38	20
244	108
70	54
117	58
45	107
71	45
151	251
332	198
165	361
264	116
58	67
34	157
156	12
51	18
22	182
123	31
64	35
43	43
40	89
200	64
119	64
115	73
221	287
205	27
44	90
67	383
272	72
39	447
340	162
132	209
138	22
61	85
57	36
57	83
43	62
40	13
20	404
311	313
237	115
80	161
112	102
73	17
20	18
28	60
19	14
19	5
216	182
139	24
82	64
63	504
383	65
41	8
50	112
181	93
62	69
51	38
77	13
88	228
170	51
18	55
39	188
152	140
104	1
51	35
47	137
77	142
99	58
43	321
237	69
36	175
125	260
197	390
294	206
146	15
36	53
37	87
48	126
94	49
22	34
28	10
59	118
76	77
54	7
50	151
111	160
119	240
175	49
31	156
110	99
65	25
20	29
40	147
100	105
68	7
19	34
16	103
80	55
55	322
232	61
43	23
44	106
69	223
159	22
21	61
45	46
18	18
38	21
18	57
90	6
20	73
52	54
47	29
38	200
125	167
140	75
143	90
75	35
59	231
158	20
17	28
145	25
113	8
273	72
44	43
283	147
102	100
88	71
41	178
122	2
21	39
116	374
285	4
38	49
34	290
224	22
20	153
103	14
22	42
16	13
32	51
126	73
85	176
120	17
63	84
81	43
249	78
115	304
209	91
90	22
88	88
62	26
72	66
35	66
46	41
42	138
87	69
289	184
113	161
103	231
196	123
71	1
46	7
20	28
49	293
215	86
59	56
52	20
70	128
79	410
298	17
48	8
80	6
126	111
63	21
47	98
59	77
50	12
56	290
213	32
22	117
88	97
94	82
234	250
186	106
50	148
98	3
20	32
189	3
181	182
138	73
223	16
51	254
183	106
57	61
59	15
45	82
48	98
60	47
113	149
90	131
93	44
45	217
156	109
64	167
346	92
67	57
53	138
97	255
182	155
145	15
107	27
66	218
238	52
52	142
104	46
160	51
77	18
106	157
118	113
62	47
27	6
89	23
133	78
61	4
93	208
143	20
60	110
54	89
174	6
158	15
260	163
80	131
117	52
66	68
41	164
115	96
73	73
52	142
93	102
101	79
58	51
54	186
145	158
72	32
20	71
50	73
42	104
78	11
271	18
210	39
103	29
53	208
147	51
187	1
75	8
207	68
53	114
68	200
139	451
346	92
60	14
47	25
14	206
153	26
22	91
98	9
37	111
67	260
192	123
70	47
27	107
68	27
35	30
30	188
141	94
63	157
97	7
22	30
17	201
167	99
56	55
34	226
180	65
44	126
78	131
71	189
133	414
325	147
107	9
28	39
12	7
16	16
23	418
327	48
17	39
26	139
116	58
35	32
38	383
272	29
40	38
52	85
47	138
114	80
47	225
166	127
88	127
129	18
41	90
67	55
28	63
44	207
150	98
62	131
86	261
213	44
20	138
77	20
42	102
59	40
20	10
33	130
87	119
80	28
19	18
31	125
92	115
66	16
18	144
103	10
47	52
21	36
27	130
70	409
308	31
45	182
79	50
380	18
49	95
106	113
138	24
47	109
69	92
59	320
492	27
91	38
66	214
139	91
40	114
68	113
144	24
280	3
58	10
167	548
301	77
38	46
29	278
193	21
69	29
20	43
28	112
77	16
60	33
58	57
45	6
20	15
37	48
37	306
223	15
21	34
49	66
63	81
34	62
43	13
28	217
169	28
62	31
31	7
53	152
109	88
52	34
766	153
105	5
31	124
82	14
27	70
42	180
127	223
165	39
34	89
50	80
52	58
35	16
54	188
144	40
23	49
71	120
73	91
70	4
57	93
53	74
64	88
66	2
174	430
328	43
36	515
364	161
100	171
116	142
112	50
85	83
41	10
21	78
52	267
215	43
35	248
174	43
22	51
27	58
44	99
67	37
75	172
113	9
23	96
90	260
271	101
116	146
98	48
126	131
289	357
279	7
67	88
129	33
75	49
163	19
90	258
182	125
75	4
114	22
54	135
105	144
97	133
87	95
71	40
21	152
99	127
90	202
150	183
127	171
115	226
174	128
96	146
106	65
35	182
107	22
63	107
66	163
117	38
21	58
35	80
56	205
250	21
37	191
172	40
59	555
433	54
59	103
66	111
72	36
19	118
86	149
112	259
194	1
17	92
63	264
202	33
23	57
34	104
77	155
103	16
48	120
71	23
63	43
97	17
43	495
367	85
56	38
18	38
15	89
78	355
261	90
58	120
87	46
18	222
161	114
74	111
71	26
47	97
56	53
45	24
17	12
79	59
44	9
108	22
32	56
154	55
46	64
94	46
116	188
134	8
67	5
134	30
37	36
38	142
71	31
70	94
120	2
40	17
244	71
106	51
97	250
163	82
72	128
63	248
175	146
128	124
84	185
133	78
42	44
48	53
19	27
24	115
94	152
109	19
32	67
115	51
386	43
56	14
90	112
70	36
55	133
100	301
356	72
88	10
72	26
68	171
217	16
70	16
191	205
138	172
509	157
100	31
41	9
106	38
58	216
153	125
80	35
41	37
69	122
323	11
29	28
107	97
224	86
149	283
212	74
37	3
48	94
48	58
163	61
85	226
156	43
17	29
13	104
277	10
40	97
58	17
37	227
159	103
85	64
144	2
46	32
141	28
205	117
155	148
99	45
23	114
90	6
49	188
130	15
201	337
249	4
21	41
35	183
116	64
57	74
471	33
146	51
47	36
143	39
31	40
128	35
96	7
123	42
66	126
95	51
298	65
54	54
112	62
44	55
75	38
337	12
62	28
71	11
54	44
98	38
139	67
94	43
38	154
112	30
21	38
78	154
180	259
351	159
130	147
123	56
94	29
137	8
38	5
303	145
106	87
56	9
37	67
76	183
137	57
61	105
66	129
115	146
90	314
242	31
52	73
47	76
40	16
19	10
25	1
18	446
352	1
47	5
19	101
70	214
150	15
26	9
35	8
21	45
119	280
197	44
20	46
201	40
102	291
226	192
139	260
180	23
47	71
44	216
174	15
24	8
16	81
119	149
41	171
144	15
285	115
24	153
49	233
133	49
51	63
56	54
21	136
823	56
80	28
66	12
72	20
67	51
37	54
27	42
43	95
56	52
32	126
85	4
29	30
20	76
43	54
19	61
43	3
68	60
50	41
88	116
67	32
104	15
118	181
121	25
30	26
113	37
58	40
81	52
104	258
182	35
22	513
398	37
21	7
43	27
19	19
27	212
152	221
165	133
94	107
74	20
42	57
20	218
167	306
230	13
37	166
105	73
31	79
38	109
80	6
20	93
61	21
14	3
33	9
15	173
128	9
244	4
96	88
174	97
75	138
90	62
73	10
136	32
45	64
68	14
182	86
53	29
20	40
47	183
131	134
105	101
309	114
173	87
84	117
75	93
61	185
136	6
29	291
217	266
205	123
95	135
80	195
139	46
33	61
44	353
272	178
120	351
278	96
68	184
133	93
89	94
60	41
34	36
50	137
90	63
36	133
98	21
62	29
39	38
22	281
216	56
46	43
103	170
130	69
77	25
64	143
38	103
146	355
281	7
20	178
132	2
107	454
339	56
31	67
50	14
20	11
15	43
393	51
41	2
130	360
266	188
134	138
104	9
36	134
127	26
104	86
116	36
40	15
217	1
47	74
148	46
50	248
172	280
206	28
37	15
15	34
352	111
138	106
61	59
85	137
143	43
51	18
110	277
207	102
70	97
65	117
93	18
31	10
92	1
250	57
56	82
50	33
107	21
86	293
208	173
118	33
353	10
44	69
36	95
274	20
225	334
247	70
42	44
31	76
106	79
228	113
59	9
54	49
299	292
225	128
79	30
19	183
142	44
21	42
239	55
190	92
346	78
110	34
249	427
321	202
151	467
364	192
152	205
117	84
54	154
109	101
61	106
74	89
56	145
131	98
24	69
50	13
20	2
38	134
79	90
174	103
155	15
62	97
65	190
205	21
104	97
113	71
228	165
159	90
58	29
140	101
522	183
376	92
57	35
67	162
100	31
108	98
70	398
284	12
38	50
97	124
133	104
160	55
50	77
270	27
124	201
145	1
46	118
68	62
49	33
46	38
339	122
78	18
52	44
245	21
40	37
94	27
330	38
117	27
54	237
165	67
153	102
63	59
29	43
56	57
114	55
45	36
93	2
136	38
49	46
36	137
88	84
52	67
57	29
150	125
94	119
85	89
43	165
104	114
72	32
44	41
29	90
569	45
164	127
80	40
79	7
57	136
75	50
33	17
75	103
225	76
51	29
53	53
59	5
40	366
270	2
44	411
300	13
31	62
39	12
20	96
71	59
41	2
37	78
35	61
40	95
90	112
78	24
192	40
43	54
55	96
148	9
40	41
38	10
88	92
256	105
68	158
126	146
66	9
48	198
136	56
207	54
44	56
210	21
62	360
266	11
67	82
52	339
268	91
58	127
77	115
77	34
29	79
45	1
19	63
43	149
111	208
147	109
47	24
21	40
299	50
141	232
165	42
159	113
74	250
181	43
67	95
61	96
139	192
125	26
203	16
43	88
79	31
65	7
105	65
66	214
273	42
68	38
19	17
84	158
151	42
112	485
352	24
36	113
51	18
17	35
27	131
88	42
26	20
195	58
40	48
40	324
243	15
21	21
62	82
59	132
89	39
86	247
181	57
166	68
216	64
57	24
75	83
51	133
248	97
50	64
42	148
103	12
19	13
75	130
309	91
112	140
86	27
20	32
43	29
42	6
237	35
61	290
216	236
170	40
18	124
89	189
152	279
209	130
95	19
20	66
44	125
95	7
38	47
30	54
31	2
19	10
38	28
19	356
273	102
66	82
59	74
104	65
44	197
234	35
67	27
43	4
109	216
150	921
732	4
21	50
36	44
36	159
101	76
44	40
19	57
38	18
22	224
168	128
87	87
56	91
65	277
214	191
136	6
29	112
76	138
101	152
109	82
51	120
86	29
21	203
127	40
20	105
75	112
85	243
162	60
34	55
35	128
89	51
33	78
42	224
173	418
314	118
62	44
29	78
44	322
250	7
29	21
65	66
223	154
104	24
36	28
57	32
69	26
116	52
61	138
90	36
82	68
42	180
121	181
262	107
61	168
128	38
21	213
195	108
35	138
97	17
19	189
127	3
20	15
183	94
17	15
14	206
410	95
16	143
12	136
12	161
28	18
25	6
30	88
185	39
15	14
13	167
35	236
161	97
58	169
119	15
26	256
196	220
150	44
101	55
43	11
213	23
21	24
15	6
9	86
206	3
110	28
82	262
181	13
21	38
25	21
19	84
187	8
84	312
239	285
211	37
18	103
133	87
133	17
102	11
40	35
364	98
101	28
141	80
221	45
181	142
96	117
74	16
171	23
46	96
61	47
42	45
36	62
37	14
29	68
105	126
77	49
28	64
38	37
102	68
102	34
33	110
168	1
43	174
131	128
79	232
174	50
42	25
17	20
13	49
38	14
39	78
55	7
58	289
220	131
97	84
48	224
169	69
38	471
365	235
170	65
43	89
61	165
103	114
78	43
30	153
108	128
86	6
23	22
27	45
41	48
18	23
25	51
39	17
21	106
68	9
19	366
280	3
34	48
31	6
32	5
14	105
63	52
39	21
33	86
135	18
440	86
165	56
22	30
206	89
56	8
130	429
329	54
20	26
35	565
446	49
36	3
20	12
15	13
28	147
114	69
56	257
191	57
35	36
22	11
31	37
18	391
295	219
174	135
83	119
85	218
172	9
37	139
77	27
27	26
12	90
56	114
88	95
57	365
277	19
31	13
61	76
78	71
45	256
184	79
46	157
112	66
21	110
70	71
35	13
20	352
276	44
63	47
18	77
28	184
129	9
32	31
40	211
151	17
29	80
46	3
43	35
83	6
18	148
120	151
104	136
93	17
36	214
155	68
48	60
28	15
322	60
32	75
59	189
136	91
167	49
65	12
264	88
19	450
341	69
17	98
35	2
19	298
222	350
263	144
172	89
26	30
17	105
139	4
18	27
14	28
13	70
12	830
635	56
39	38
44	77
33	98
64	57
30	443
344	47
20	48
82	116
38	67
46	2
43	39
21	8
32	71
49	143
96	4
20	18
25	68
32	9
21	105
57	131
106	22
117	8
70	158
213	208
143	150
161	164
113	40
58	58
39	1
80	116
75	9
29	71
65	19
268	134
129	53
215	202
298	126
153	75
19	45
95	169
148	82
18	42
192	279
287	106
22	10
15	46
15	98
30	26
15	38
12	160
335	1
41	258
19	111
15	12
665	110
22	14
14	17
13	72
13	160
13	31
14	124
15	112
13	15
13	50
12	15
12	37
13	203
157	112
22	212
152	163
207	64
19	306
176	80
34	25
630	68
187	218
98	27
20	56
31	212
156	278
220	82
61	40
36	294
209	72
40	312
246	43
34	61
37	44
34	122
74	87
43	73
42	173
358	44
49	14
53	16
246	82
41	8
36	7
123	9
189	72
36	83
110	18
47	90
56	83
267	63
86	97
56	58
96	52
43	299
230	7
22	97
68	120
178	6
34	8
53	29
58	168
129	122
78	438
332	78
45	262
204	123
76	196
147	172
116	54
38	19
33	20
39	210
141	59
28	61
58	12
112	14
177	77
238	48
147	48
81	105
64	61
451	27
42	77
102	37
58	155
78	199
140	282
226	54
106	24
17	48
118	227
459	111
115	230
166	26
183	271
201	218
234	39
18	8
11	35
236	69
18	184
206	125
21	262
156	56
32	190
147	194
169	13
20	16
12	59
74	109
85	111
20	12
191	51
164	128
102	89
100	19
52	87
48	237
178	121
78	114
75	65
53	182
132	146
102	258
190	105
89	91
38	33
33	17
20	2
55	17
35	18
53	152
98	38
535	77
66	69
138	83
139	179
107	409
308	39
17	41
23	22
26	27
14	14
66	50
219	43
240	8
63	204
166	101
125	32
209	60
39	16
40	43
39	83
57	209
150	2
20	35
26	3
18	97
106	7
145	26
106	18
109	159
110	135
89	129
1927	95
32	205
15	64
16	206
16	246
14	6
15	60
16	378
13	19
13	394
14	58
12	13
12	55
14	77
14	288
209	32
19	11
37	76
44	404
299	115
83	191
139	212
152	153
110	20
31	72
44	327
248	5
46	106
47	11
19	51
31	1
17	122
98	148
95	275
204	147
107	77
48	79
48	206
157	270
198	25
21	109
77	19
19	449
355	131
89	16
29	295
216	42
23	163
111	146
87	42
40	151
199	120
75	130
80	56
85	49
161	14
87	99
87	139
88	47
251	643
506	169
117	12
21	2
25	194
137	208
151	61
42	31
20	140
67	24
21	171
123	100
68	229
173	242
289	34
16	23
28	34
14	140
13	69
84	108
93	26
110	53
95	1
229	18
18	48
495	55
20	71
12	4
12	69
12	89
26	55
114	176
74	11
196	12
42	25
104	106
74	216
156	4
21	155
143	75
94	66
42	74
155	109
75	99
237	51
161	293
214	83
45	70
93	99
259	49
43	106
176	1
87	38
44	30
69	69
280	49
161	96
130	229
276	145
100	70
170	33
103	160
189	328
246	34
37	203
138	9
32	104
71	1
40	7
113	38
245	45
188	359
213	95
57	29
32	62
116	156
138	90
61	97
82	65
199	308
226	8
20	35
140	70
203	2
67	103
59	62
54	28
43	9
39	257
200	157
101	197
140	43
184	183
272	80
112	1
71	1
61	11
51	21
59	32
44	143
116	118
40	50
17	35
13	38
135	36
39	10
100	26
77	59
40	289
218	156
116	248
181	1
21	61
38	46
45	187
141	84
41	58
34	81
57	50
116	31
34	65
128	24
45	102
62	294
210	93
57	20
110	29
40	203
271	30
69	89
61	142
269	14
155	178
124	226
160	110
81	449
352	151
95	1
24	198
130	75
43	208
157	134
91	61
41	190
135	8
20	114
78	54
36	132
101	12
22	117
86	266
196	703
549	106
65	91
64	18
19	197
157	88
58	143
90	15
21	228
171	82
62	236
165	227
201	69
22	32
15	249
239	79
20	31
12	478
342	56
20	47
39	111
95	277
180	105
88	60
18	97
129	166
30	540
406	79
28	8
31	13
22	37
15	16
32	263
193	4
39	18
20	46
24	45
47	289
209	25
43	83
31	7
36	1
28	12
18	39
90	218
153	106
64	12
19	135
165	35
22	20
55	229
172	227
156	63
44	6
119	95
60	245
172	90
64	95
62	140
99	112
67	65
42	262
182	99
68	71
44	22
19	2
35	5
39	187
128	9
20	54
40	38
22	190
121	12
18	136
97	448
350	101
75	311
242	62
30	38
24	74
56	329
259	73
48	86
68	9
31	151
90	216
154	18
33	4
19	8
14	110
86	11
158	44
112	139
103	105
50	92
130	195
146	57
19	94
78	21
191	59
48	24
42	184
138	196
137	24
29	45
360	133
333	11
259	140
258	82
92	25
58	16
38	28
124	48
61	65
42	53
47	30
66	76
156	13
71	199
135	63
30	49
36	45
79	137
88	153
105	213
159	69
37	21
26	227
165	190
141	25
24	42
28	224
154	82
49	52
87	132
85	20
33	221
158	73
40	13
19	15
316	50
48	153
116	61
41	59
46	19
30	9
42	108
129	27
43	129
92	1
31	54
32	109
61	34
25	128
146	34
315	78
72	35
118	29
151	116
93	1
115	46
132	22
129	55
219	99
32	82
33	74
103	126
397	6
136	46
39	362
273	7
25	16
20	165
126	164
162	387
254	25
43	79
37	37
18	65
45	266
204	173
131	170
112	76
41	252
194	180
121	15
20	60
61	125
314	43
27	13
14	67
13	12
13	7
13	60
12	92
13	124
13	203
184	34
18	49
13	230
131	47
20	5
32	35
13	95
119	268
252	402
277	95
17	154
50	62
91	37
35	80
18	47
14	45
29	245
186	79
42	47
40	86
120	67
88	56
50	119
76	252
183	167
121	341
263	53
21	30
27	36
18	144
223	39
364	45
42	41
39	175
125	79
262	248
179	6
20	62
125	68
232	175
130	294
220	78
47	258
186	9
17	16
33	45
21	18
30	43
36	152
95	97
70	69
34	24
38	534
394	24
30	204
151	154
106	103
75	61
38	200
138	66
38	33
18	24
73	33
64	153
104	152
106	39
41	40
36	139
92	273
202	6
30	84
53	333
250	111
69	46
42	306
207	69
77	55
254	154
258	5
98	170
93	13
44	73
28	84
51	41
37	50
37	18
44	94
64	15
20	43
41	46
50	21
99	7
457	27
131	109
77	213
152	12
49	211
127	123
76	126
85	13
58	14
230	12
80	27
166	223
157	39
40	7
197	28
232	288
209	3
19	210
162	52
36	45
20	139
107	264
194	40
19	178
135	452
353	34
23	398
316	112
64	153
108	51
41	141
90	35
32	16
39	32
19	94
61	132
90	28
14	16
34	39
14	11
25	69
51	5
19	265
208	182
126	29
35	62
22	77
43	224
177	83
65	69
193	16
20	55
49	44
39	41
41	2
45	235
186	35
22	10
15	9
36	88
127	8
105	100
165	79
138	102
68	164
194	318
158	446
334	76
41	50
32	18
15	122
87	47
30	5
15	354
285	132
90	67
41	92
82	97
34	146
157	50
28	15
11	30
82	145
162	36
17	8
121	120
126	209
184	159
33	42
15	25
163	39
18	103
328	53
25	9
32	9
73	69
36	151
104	212
139	54
110	94
55	22
59	50
65	185
168	468
351	74
43	1
30	148
136	163
102	191
146	31
18	13
45	49
88	91
91	103
69	52
159	255
204	41
20	38
48	17
165	95
67	111
72	169
289	22
18	81
77	130
83	3
31	112
71	152
110	387
293	28
16	32
12	36
151	3
42	14
67	35
256	173
151	71
141	253
180	62
26	44
132	66
36	58
154	61
50	93
53	49
325	150
57	73
124	5
93	77
148	92
51	88
53	123
96	9
32	218
154	22
266	75
394	90
36	124
85	134
189	105
81	83
72	45
48	147
200	35
96	41
71	204
184	57
39	48
108	13
34	21
50	144
110	73
47	150
107	145
93	187
142	27
21	84
53	5
18	82
58	297
235	1
29	267
227	63
22	17
13	38
34	10
104	3
197	116
59	24
31	33
20	95
71	96
190	109
57	112
214	272
255	206
135	176
124	2
224	48
102	151
194	13
302	103
41	50
142	292
218	32
101	2
142	302
223	21
37	162
106	21
23	21
47	119
64	4
56	5
22	109
87	113
63	4
19	23
36	8
48	316
231	53
35	57
23	136
100	247
194	176
115	213
161	143
75	59
23	86
84	33
19	65
49	89
94	22
62	19
38	35
50	26
41	101
66	52
82	19
195	54
119	59
40	53
161	129
204	136
89	141
101	30
79	19
56	154
86	15
30	155
154	52
65	44
69	5
78	116
69	34
89	62
75	77
88	87
92	111
56	110
91	194
213	77
69	38
105	157
91	82
89	6
129	43
104	434
330	29
34	217
152	64
191	157
130	167
176	46
138	22
148	85
38	233
242	10
111	145
297	156
89	194
140	93
54	385
293	66
73	41
94	106
73	87
127	158
1074	58
82	432
299	317
158	38
68	26
75	2
2095	622
454	178
82	48
59	97
71	187
96	7
27	361
270	91
47	17
29	53
22	56
42	24
18	33
24	228
172	153
105	103
69	101
