0	30
758	99
1197	27
1009	80
634	13
189	138
137	124
56	110
239	97
513	21
227	4
1788	88
100	50
58	68
79	325
43	144
140	53
67	19
713	100
1950	10
125	6
1295	385
118	20
82	135
277	23
4436	72
113	23
43	91
38	156
38	379
187	227
75	92
338	132
1661	8
2038	159
111	57
50	260
1022	20
1786	127
531	22
184	110
3593	61
110	43
47	8
262	127
831	131
388	91
2419	132
116	320
52	121
3087	15
899	47
287	57
1271	157
3587	68
190	79
47	98
49	86
50	285
1251	27
89	83
37	185
1491	358
691	27
1817	277
146	43
873	12
1742	180
2202	87
375	135
188	86
926	24
360	59
2140	54
58	35
31	3
676	13
371	360
239	207
448	72
301	219
351	6
2557	31
192	109
1340	8
2815	19
1697	2
1365	132
740	8
596	68
818	58
2104	179
197	190
117	29
159	43
1047	628
807	125
1902	110
534	278
1262	125
882	66
316	114
614	16
355	80
1063	258
217	35
584	132
384	60
68	60
2279	69
1492	5
2076	7
1401	189
585	51
207	22
1129	9
1828	254
879	35
1342	145
75	35
1440	3
1374	28
439	36
200	97
1117	17
539	83
611	177
1519	57
664	6
89	147
623	34
1921	18
636	110
175	98
1360	35
1299	16
1352	148
46	57
1189	102
394	2
136	111
2046	35
2508	279
3358	3
3775	120
265	124
378	333
178	40
181	94
482	313
788	31
514	402
45	7
108	102
365	152
548	33
860	98
1195	118
1041	131
250	14
1777	22
364	164
1041	340
44	49
948	260
139	231
97	139
88	91
1262	20
1372	122
947	5
465	168
988	10
1374	191
979	254
87	111
853	324
1199	186
1118	103
130	55
680	166
739	155
525	147
1506	57
1161	196
529	15
509	14
162	1
61	68
371	277
174	12
117	89
102	179
694	33
2315	6
546	170
268	54
1066	33
1523	78
1177	34
2718	1
80	473
3866	241
1328	93
42	43
1629	91
1207	87
248	632
113	43
892	67
147	88
90	19
182	12
32	99
1069	8
161	40
215	68
651	6
291	12
173	47
800	39
627	39
93	150
3465	30
1064	298
499	142
670	5
694	24
2952	69
935	26
601	130
2322	56
574	86
1234	69
763	193
1088	81
406	83
85	22
848	31
197	420
2617	90
3698	163
128	7
897	320
318	100
386	5
93	116
202	55
331	67
186	126
889	39
930	37
1517	187
54	50
693	14
1100	196
1059	59
1311	122
106	128
258	75
575	443
157	149
504	98
582	33
721	56
680	30
58	55
610	10
844	93
870	82
809	79
439	340
166	112
82	53
3620	60
211	308
804	217
1501	325
1462	24
2335	29
98	14
1478	49
113	114
612	74
37	357
1895	79
690	130
981	393
113	24
983	28
524	113
97	241
1424	31
84	18
233	125
128	226
1365	31
120	17
160	175
466	69
1837	220
785	59
42	74
699	20
283	45
765	54
242	56
1089	125
3096	44
291	4
1589	5
338	3
118	17
39	51
780	173
672	211
546	263
62	26
304	19
1482	66
642	151
1765	190
1217	24
165	172
1146	36
1096	24
549	39
882	20
701	245
144	115
394	22
1582	41
330	112
1041	99
225	93
521	187
630	204
1744	40
2432	48
894	137
578	76
727	379
1267	6
45	52
645	21
37	26
480	10
1155	268
681	56
273	204
824	15
1264	89
1320	36
769	93
524	28
1598	9
776	107
250	26
659	59
792	46
276	11
3315	69
413	110
136	90
1958	324
681	69
67	116
458	142
2096	98
540	154
34	201
45	656
631	39
700	162
1000	112
412	115
1152	20
3052	44
663	523
35	94
74	29
124	113
453	13
567	19
1031	319
302	115
1307	32
348	28
1288	15
833	44
129	35
710	93
798	118
615	29
247	119
609	278
141	48
1843	162
1530	4
1002	36
48	39
117	151
163	91
934	108
897	113
479	17
965	55
24	299
10	77
1084	43
219	277
2431	24
226	86
498	65
1226	63
1501	96
27	13
934	200
426	33
1014	58
326	92
173	84
863	333
1052	43
410	159
722	344
537	24
1134	11
1862	36
1120	48
442	330
1456	74
205	101
1594	88
168	23
206	112
602	30
229	10
329	376
777	105
374	44
1549	164
599	18
870	59
2288	97
868	11
3238	101
3293	49
437	185
860	29
567	164
364	265
1651	12
1065	84
1279	41
1642	267
442	123
288	21
410	1
138	134
127	46
94	56
262	18
1669	52
631	37
426	73
266	63
453	153
1060	127
1125	76
27	154
750	153
737	16
173	34
55	49
1089	83
1793	29
740	170
1591	86
560	73
534	18
1875	16
745	209
173	64
113	69
2518	52
658	98
311	7
1181	703
779	82
2426	30
3222	118
872	67
759	594
55	56
872	38
844	96
363	24
122	200
1427	357
915	114
52	22
226	55
226	21
202	115
2111	3
682	66
176	10
1028	50
1783	67
25	94
299	85
583	99
769	73
1389	56
343	86
846	3
2471	30
1162	243
552	219
1961	24
1122	9
110	12
2217	20
493	60
946	181
243	39
1039	158
30	192
1437	381
1056	9
740	16
142	108
1904	209
4594	123
114	523
70	123
1134	66
1098	22
1465	35
1062	10
2778	178
134	244
27	65
345	22
342	41
513	140
207	151
574	69
54	49
783	43
699	43
332	40
1738	77
2164	10
1970	23
356	49
271	103
900	98
387	44
1617	50
123	57
181	62
277	29
1000	15
495	6
36	153
135	63
405	1
3891	168
30	30
597	242
699	11
1138	4
1755	36
1075	245
1027	22
1632	62
161	151
225	78
54	185
206	92
611	21
156	74
122	183
351	298
175	19
1470	35
234	329
997	177
350	40
1539	18
272	11
405	171
521	451
589	17
238	16
932	123
145	27
104	2
858	13
961	4
659	122
27	16
449	45
1058	22
2144	31
341	46
249	2
543	51
78	169
1740	49
34	102
554	31
2018	51
1577	68
734	130
375	107
479	432
462	263
460	8
2947	121
391	123
611	6
1083	282
3144	126
1671	34
44	75
159	20
1542	69
2113	150
95	1
47	63
107	63
36	60
929	266
1057	18
1465	158
1266	202
733	36
2241	29
2512	14
40	139
12	196
2684	114
2037	47
2891	4
695	7
1101	291
452	37
189	76
1759	6
2460	77
25	16
2795	13
241	10
101	100
133	14
2928	389
350	10
251	174
367	195
809	106
304	181
240	88
144	39
37	268
268	18
402	134
2137	95
843	19
222	12
675	125
295	60
217	1
1301	177
1333	122
200	98
612	90
176	71
371	29
2732	80
41	206
4313	158
592	2
371	2
4205	58
553	16
761	102
767	235
226	265
99	151
848	34
915	133
322	78
1170	20
685	132
824	20
1243	181
1229	23
164	34
108	80
133	62
98	6
1006	80
327	525
1888	66
1634	155
803	50
131	10
1477	223
426	47
354	335
162	20
1217	44
1175	45
141	141
235	4
627	7
255	82
324	135
1395	146
204	124
762	17
679	86
626	84
3785	128
29	17
849	32
507	507
28	351
644	148
1682	99
3301	170
32	191
1719	38
791	31
623	170
689	119
323	30
149	123
157	222
544	33
49	35
834	10
41	101
437	15
1128	109
1687	6
983	30
307	7
665	55
925	273
24	41
169	6
1186	222
809	45
2869	90
693	35
2673	24
1456	102
427	68
334	428
5795	8
3483	61
471	147
746	49
724	18
250	90
820	24
310	29
241	103
888	310
474	67
341	10
562	161
405	212
64	130
69	125
1351	29
126	35
618	141
310	4
606	64
1047	54
597	161
129	45
335	15
2846	60
514	109
134	91
1303	21
717	37
1461	118
1945	41
112	92
231	57
265	29
274	79
2444	24
1290	25
1137	5
1740	71
592	65
412	249
691	223
83	136
1632	11
708	61
2014	17
1102	29
373	291
139	14
476	21
280	85
875	232
507	17
827	15
219	31
564	5
666	148
3476	30
188	108
28	185
1754	314
406	70
153	39
1399	83
98	29
993	75
598	683
1426	31
540	170
2637	19
738	26
1515	11
401	146
629	66
171	21
609	54
1641	297
30	23
181	33
1076	156
623	37
1205	239
346	58
55	102
261	202
187	159
1056	73
1031	53
1028	27
586	206
430	26
302	157
2030	156
131	245
797	266
31	159
376	138
628	95
2177	38
800	10
1392	27
593	84
1532	6
224	197
564	96
319	187
394	20
486	20
373	134
29	74
1563	56
282	63
561	57
2092	51
333	2
2046	16
2822	277
569	13
1054	42
630	137
160	95
645	191
966	71
100	260
1323	82
81	239
618	88
407	60
282	65
1302	12
153	35
1195	144
154	263
992	107
281	40
174	19
856	288
77	60
54	19
742	19
179	65
1063	3
442	467
1152	234
356	83
1473	44
885	124
1721	101
243	54
28	275
1592	65
572	24
443	56
1161	11
137	110
793	108
1066	48
464	322
1313	244
606	95
843	112
358	111
1643	48
302	7
184	218
1084	22
1502	112
448	55
224	38
324	328
3155	13
28	5
871	23
1050	226
1632	98
286	23
894	15
1374	84
31	9
689	143
152	17
758	64
215	64
693	129
281	10
796	290
34	35
985	131
1069	59
525	102
3737	194
136	239
611	30
2335	176
500	55
320	47
529	50
679	312
1706	14
1549	138
367	117
26	291
2692	95
590	148
1453	46
1344	118
559	2
431	286
342	186
104	5
102	65
785	23
213	122
119	217
84	188
461	48
1432	315
2068	160
207	74
705	188
897	64
1995	13
1298	19
149	28
691	134
171	229
583	46
28	256
742	40
2084	32
403	90
1170	48
847	99
208	155
627	2
1891	57
70	13
1317	13
121	194
1827	39
960	13
636	51
436	45
55	53
1265	158
485	22
3110	122
368	63
739	231
2079	14
1162	85
472	91
137	7
1616	23
3721	12
107	40
1268	85
661	102
322	52
744	97
135	22
156	203
2025	21
810	103
796	86
1054	27
31	41
1741	29
138	37
437	65
464	235
2597	229
251	144
527	12
579	25
70	107
1460	88
1965	94
2164	45
35	35
32	254
81	272
607	98
155	60
1401	23
65	434
1178	38
1176	138
660	191
3561	1
139	123
1115	35
1338	104
291	194
969	6
1521	42
105	314
173	18
1442	21
237	243
100	128
466	14
548	268
2037	90
1455	157
142	113
137	30
246	8
136	23
85	134
585	444
944	111
277	85
630	6
335	25
122	149
2147	51
200	224
55	293
874	211
1366	62
1269	39
1948	136
61	101
4155	91
571	132
1944	20
103	27
516	397
55	393
828	19
731	26
325	88
932	24
993	7
29	86
726	325
83	80
504	125
310	92
1444	209
1062	108
544	8
1565	91
145	158
530	39
39	21
268	56
1084	119
26	61
273	37
183	4
404	39
1237	16
146	46
497	127
28	167
580	182
466	56
2406	128
30	119
331	179
1171	15
681	4
46	91
690	71
2463	130
933	191
1034	39
101	49
1107	7
731	347
188	80
115	114
117	512
1936	62
3489	75
708	115
1432	78
50	48
801	142
568	36
447	113
84	34
47	155
421	39
188	23
1501	142
726	207
1290	12
340	58
247	152
187	24
422	76
1370	339
1329	57
218	6
428	377
1425	20
1163	3
142	32
389	5
183	222
489	37
330	81
150	55
36	66
380	51
1422	4
236	24
228	48
532	55
146	116
2147	275
832	46
1684	17
583	17
227	79
3431	138
327	66
854	165
28	19
1035	365
178	50
701	150
523	90
1284	186
1144	12
301	49
1416	130
574	53
920	95
415	197
309	151
783	101
110	105
917	137
993	76
667	22
617	130
163	15
271	94
1350	227
1412	49
1599	38
266	25
127	64
1229	242
261	37
2096	134
451	5
83	99
339	98
358	177
406	116
250	152
3082	22
38	246
2267	213
807	7
388	67
99	298
219	86
24	48
1418	1
1584	4
53	29
261	113
1416	162
808	354
156	127
2422	310
409	53
1565	34
67	163
563	58
3647	107
54	56
212	29
832	187
32	46
650	6
1009	157
2737	103
951	21
2705	135
929	122
32	77
840	98
223	60
1135	39
626	97
954	73
41	51
952	42
285	98
3481	25
1947	244
1600	75
232	88
1160	12
682	74
173	34
762	50
430	76
430	205
1893	139
1247	97
256	226
173	19
1168	31
795	51
1488	41
32	341
186	114
446	135
31	16
323	81
182	142
89	18
19	137
1309	110
821	32
799	56
1922	95
351	14
216	345
372	45
99	131
745	54
401	105
2021	19
54	364
1185	8
1320	184
544	3
960	83
271	61
606	105
723	296
190	128
164	252
298	10
1236	51
1637	5
1071	45
569	188
142	79
1364	271
1139	87
262	44
1007	2
469	52
370	243
230	203
24	125
252	59
193	127
745	52
546	104
1986	184
520	154
1382	24
3266	168
766	8
1469	59
713	144
612	31
703	28
2110	50
1980	35
386	37
27	71
517	459
539	40
498	150
1697	101
1622	19
2708	1
176	143
200	52
1416	73
307	26
204	11
492	399
618	103
673	266
37	33
1056	157
2331	394
3196	75
370	101
754	160
119	124
295	45
161	23
204	128
784	79
452	81
2968	56
30	147
511	7
1234	258
705	437
1600	145
186	23
103	17
344	237
26	5
10	17
177	69
1931	92
1519	17
1293	106
1068	252
3732	2
1167	152
387	80
800	116
1098	17
1716	16
233	4
934	18
1281	225
50	1
1026	247
850	39
735	1
867	49
777	127
2109	87
1039	16
1138	4
2779	50
760	84
750	192
765	12
325	13
933	269
1165	18
1358	112
217	90
1743	73
1439	41
198	80
75	44
367	23
1121	15
1078	156
1237	65
2113	425
1292	73
126	202
44	7
386	5
27	5
140	322
211	129
129	32
97	9
800	107
250	76
482	32
99	103
561	8
1129	31
212	11
972	56
194	23
549	27
327	82
4129	187
400	69
360	38
1173	74
931	161
1261	21
2251	16
688	49
371	72
1770	229
504	579
40	108
697	259
1348	94
1874	246
764	15
235	44
654	171
820	40
698	237
874	59
436	41
691	209
977	14
515	116
337	41
403	26
1102	16
1155	180
382	128
1517	129
2201	41
1342	34
30	459
2317	37
421	2
30	175
46	7
117	75
101	45
2090	55
29	159
213	39
2129	18
384	69
698	112
276	72
1014	14
431	60
797	64
605	121
2784	116
689	159
2023	133
232	343
28	24
2070	112
1399	27
364	11
1397	64
508	50
1066	47
395	21
676	245
25	51
990	168
459	12
431	1
1093	159
1432	175
851	36
789	119
725	84
393	37
2120	4
296	73
1065	325
1720	14
359	85
706	24
984	5
993	177
329	59
690	36
1512	128
576	292
157	17
372	45
199	328
148	31
584	162
507	185
3300	16
293	12
28	54
600	31
6233	183
527	57
124	37
647	74
1445	90
702	420
209	55
1361	211
283	12
472	108
510	256
671	245
377	367
772	59
987	20
1197	287
211	117
291	225
3734	45
1395	211
934	52
1262	194
371	32
831	46
351	71
605	29
1048	64
1530	6
1353	15
40	117
168	72
3024	6
403	12
968	100
375	65
879	26
1427	9
35	23
2954	63
238	1
33	242
597	9
798	133
2539	198
1031	3
659	92
604	34
1804	3
3138	15
3109	41
64	182
274	114
895	190
832	26
1519	33
125	87
1066	76
103	577
765	154
1343	207
113	151
675	162
1163	139
944	11
850	175
1005	267
27	5
5381	160
70	18
16	15
259	15
924	86
1189	19
568	79
1900	81
796	7
673	77
35	44
20	100
273	250
759	6
1333	61
863	37
516	200
618	53
730	137
544	189
169	41
1675	233
891	14
707	22
2152	32
3380	22
104	223
849	116
28	40
1973	199
1722	76
3033	37
400	55
1154	31
1074	196
374	18
399	21
770	65
536	38
176	78
27	14
345	72
240	4
231	51
1121	211
412	112
1016	332
262	136
155	97
294	240
28	67
599	57
301	86
1508	147
1459	151
99	614
2059	45
213	231
943	72
821	25
656	57
27	39
541	417
2176	298
1401	33
615	99
1091	61
129	369
1283	13
296	112
33	65
1096	82
404	120
2018	62
503	53
418	13
720	56
222	92
335	239
1101	24
545	127
376	77
612	36
1147	37
179	193
504	121
885	155
775	68
158	50
2055	121
218	318
1505	47
90	13
1037	1
1077	11
162	52
160	47
458	10
1293	3
203	56
21	245
863	46
542	86
243	268
451	49
104	82
3821	327
323	23
1928	111
1066	173
235	243
128	73
2709	4
178	1
324	20
2647	119
479	285
1207	112
113	141
569	17
501	14
132	38
2505	168
2639	33
867	57
67	15
322	37
743	167
901	114
597	349
1737	216
412	278
125	116
341	74
2047	47
29	335
3788	4
531	4
42	29
1090	2
663	37
210	115
3809	64
506	254
359	32
2750	83
141	68
1471	141
2025	349
29	35
351	164
42	16
462	10
28	82
273	29
622	25
658	18
81	188
1464	17
592	56
1383	32
249	152
341	166
60	89
476	52
256	42
1048	290
2450	201
301	97
238	77
940	36
127	34
2179	121
1984	102
477	17
535	126
453	528
420	4
905	166
691	11
2260	26
981	42
28	64
2034	252
1735	182
497	94
813	268
371	28
1731	8
3229	105
850	26
28	37
1499	274
2604	22
439	1
877	12
2075	41
413	45
142	162
183	34
2306	6
978	28
773	100
377	56
1458	101
139	77
778	353
1112	21
529	123
333	56
96	292
299	122
1803	212
44	72
330	3
347	258
1408	337
877	66
95	221
2359	6
38	57
420	214
857	113
647	27
956	84
2428	83
35	151
264	21
151	28
2116	189
161	187
172	165
196	120
343	261
1134	65
287	123
243	6
832	155
929	1
30	127
277	209
879	92
188	247
825	201
35	38
1536	14
1340	19
113	25
300	105
591	64
362	109
1593	57
358	33
458	122
2142	46
464	12
1071	96
725	20
652	12
4225	99
4483	99
462	71
2336	283
368	87
98	56
873	111
1112	160
137	9
317	365
230	31
145	47
1002	37
359	79
622	76
1672	129
271	49
211	19
117	168
714	170
201	37
908	22
792	234
2270	3
2633	195
698	32
1520	22
2729	196
21	99
1344	113
217	183
70	59
2137	95
2497	131
2304	24
575	97
1672	199
266	57
697	204
284	77
144	333
222	46
995	23
417	26
598	9
1024	223
228	12
98	28
263	107
874	28
891	168
115	151
297	95
256	98
1008	26
2278	50
1827	72
27	11
2829	61
813	170
132	148
939	4
2310	42
599	315
121	70
1801	168
453	247
2144	107
1061	117
847	200
1154	4
1159	39
1446	227
301	128
1042	81
344	34
600	10
29	13
605	20
263	455
233	268
2615	35
1697	95
1932	99
880	188
50	1
111	156
1381	136
112	36
406	455
244	19
472	65
122	21
1529	33
3268	23
537	26
52	11
966	46
242	31
497	93
1093	106
1320	25
2778	179
98	54
1370	352
30	62
918	20
121	2
219	88
605	102
249	90
355	252
345	51
1251	6
503	65
376	104
713	483
2246	369
79	87
242	41
487	38
772	38
1839	71
530	145
833	65
1093	49
315	135
948	325
1030	97
3381	7
380	110
209	50
295	1
352	1
756	31
1377	34
1822	4
248	54
621	77
613	94
1819	6
2017	174
777	306
741	61
326	28
1019	71
661	27
28	208
400	46
483	94
739	203
56	76
152	2
1979	69
2943	452
208	9
261	15
902	326
245	17
4397	139
374	144
834	40
657	75
28	63
2776	77
55	106
147	8
43	24
770	18
2009	672
962	33
607	75
24	16
238	194
468	207
2502	23
1167	20
603	165
550	105
1740	68
1013	152
2696	9
886	146
309	126
869	64
1309	52
110	13
2477	2
1149	196
2068	48
492	13
1986	89
397	11
880	84
386	66
847	15
1061	2
463	5
1215	101
1041	34
1122	50
858	60
312	17
301	45
1121	123
268	10
679	1
1894	38
1060	32
1079	67
928	2
445	160
2405	139
563	42
313	1
834	107
1456	17
1771	89
966	107
442	56
177	136
98	63
212	191
428	113
1379	51
109	51
958	235
1241	125
34	64
965	37
175	42
660	91
373	93
285	154
448	36
593	6
377	233
708	27
780	46
2136	11
100	50
34	58
649	138
1142	65
110	32
1478	11
1228	54
231	76
489	166
212	2
383	19
27	106
664	82
999	60
1507	286
628	16
31	269
910	341
560	40
27	3
1133	57
506	70
679	11
1585	163
2554	5
3167	52
1967	312
184	60
191	141
1157	4
266	40
268	446
4109	146
359	64
315	131
43	227
565	289
1030	77
1484	46
1496	36
921	134
410	54
1245	308
1159	48
285	220
550	95
2734	37
967	207
211	142
3339	83
143	88
1738	282
941	55
380	2
227	244
861	2
576	130
1419	132
905	21
725	19
298	102
1021	352
692	84
54	386
2167	92
502	17
445	138
140	177
957	18
2307	86
2196	2
284	38
1712	18
908	79
1809	141
358	35
1904	24
29	138
638	78
168	7
433	74
806	105
331	4
628	125
305	105
449	36
206	193
423	11
157	37
655	399
217	71
652	322
467	46
348	37
167	63
411	107
51	273
369	87
493	123
143	43
783	122
1069	20
230	23
942	327
465	170
691	95
1447	275
726	219
750	18
1677	14
188	357
1835	201
537	59
281	9
87	65
573	247
229	181
395	245
205	217
536	38
258	7
955	25
25	47
1000	222
467	217
137	165
346	91
1805	2
1561	105
526	22
758	308
219	134
1389	124
1727	55
1015	124
149	78
113	16
255	176
498	143
509	210
578	37
333	66
212	26
2467	158
456	104
1080	18
175	34
1023	95
616	26
1172	3
109	252
42	63
548	18
380	155
244	126
411	51
23	2
157	51
919	33
1917	291
1581	64
28	199
261	38
1318	112
285	71
249	289
1197	134
558	213
1937	184
422	28
906	96
780	15
312	258
485	142
831	115
157	3
133	58
609	64
924	136
756	87
717	4
1344	94
1113	130
312	24
1878	94
758	61
939	150
114	15
1728	12
96	162
1564	64
750	685
568	22
508	336
1242	116
1009	22
1577	45
1186	89
218	98
69	63
1081	9
2539	51
1307	223
174	210
1245	13
169	58
571	2
1382	5
556	123
26	45
1071	98
231	35
419	26
130	50
861	276
122	129
35	32
956	25
619	1
450	48
2790	177
40	13
302	24
27	6
451	33
319	131
178	176
750	34
34	23
1130	28
434	31
270	11
664	77
380	7
569	37
460	34
344	21
974	68
357	32
37	20
203	260
273	61
1164	114
1963	191
114	28
752	5
45	534
578	102
655	306
470	257
612	58
581	108
1139	22
1312	107
87	22
295	85
424	67
99	316
1450	238
1917	506
198	109
422	152
245	319
512	4
66	479
885	3
1094	3
138	137
214	182
306	10
1975	13
1145	81
2704	24
1491	159
1185	29
150	42
1767	38
346	214
47	213
41	5
513	37
510	263
33	128
228	6
614	6
37	213
1785	60
1316	136
1457	31
1288	345
248	116
176	10
957	6
1310	54
119	187
282	76
172	50
420	147
455	163
1743	55
504	41
27	82
84	95
200	29
881	1
54	86
650	22
1800	44
1236	19
1007	16
849	22
64	92
50	81
477	44
185	356
143	7
1697	50
1905	165
134	217
310	40
3312	113
689	10
54	150
151	96
2025	192
544	1
472	150
41	118
752	97
1189	55
442	83
807	69
828	27
3331	439
126	1
127	37
205	117
787	230
380	42
408	32
249	105
935	67
1062	5
1227	143
914	3
1081	21
413	29
40	80
1112	7
404	29
224	78
649	2
196	9
97	68
210	85
515	16
1412	11
630	70
236	59
1118	71
691	36
458	93
1419	30
27	274
985	25
28	36
639	46
589	72
237	72
1748	21
805	27
2008	44
102	5
200	49
915	15
582	140
547	14
28	142
413	377
90	28
1718	66
1279	139
126	47
510	61
610	88
856	63
2365	273
1260	95
473	123
201	110
1458	49
735	158
775	190
97	58
1493	202
1525	98
1105	63
328	70
31	95
1037	89
247	36
1189	53
100	41
105	65
162	37
2042	27
95	101
1694	26
1723	134
630	29
99	27
290	685
1012	16
2024	8
441	116
38	194
168	50
533	2
1535	150
200	23
1315	6
1260	39
91	151
131	92
1012	113
1223	130
1094	17
1140	23
27	402
1269	199
522	65
1758	33
1678	18
491	72
337	109
1030	33
2779	22
1254	10
750	58
332	783
368	104
180	24
202	108
2147	23
1166	8
759	224
193	43
1064	101
25	17
632	62
311	22
1084	17
356	177
714	357
838	19
895	67
342	34
162	74
235	72
1195	68
780	29
430	222
1106	35
892	175
579	131
520	162
964	21
253	91
945	36
591	279
348	45
2520	9
2376	65
112	216
1748	212
1048	114
468	13
29	44
2749	458
2031	207
331	40
529	115
897	10
1350	46
1254	224
149	1
365	118
2127	22
1532	19
169	167
317	65
146	6
1864	49
1045	70
132	20
460	50
97	311
1885	13
552	12
2090	238
626	27
713	307
1236	62
108	36
1742	285
648	6
98	129
98	29
160	19
437	302
156	8
413	35
570	191
114	52
2426	49
271	34
409	43
236	1
2497	66
28	249
721	239
235	78
508	188
29	36
989	160
29	65
209	67
1091	178
2152	49
39	185
1057	15
29	247
2514	12
361	159
461	102
27	200
212	146
79	61
2018	67
259	273
28	126
177	131
837	46
1537	199
687	31
462	16
1925	173
240	142
1294	37
1422	10
1669	14
658	34
527	82
450	127
1419	5
1928	106
346	20
185	12
781	223
991	21
1225	4
1377	70
1647	39
952	36
81	62
825	36
681	17
122	214
1313	155
1351	59
2159	4
1338	2
594	40
1587	140
461	24
1588	216
194	224
828	22
1477	19
536	15
432	39
4021	119
577	12
361	129
63	186
144	236
1257	57
2321	5
195	4
1718	215
252	60
451	50
1815	302
42	20
584	120
655	148
617	114
355	181
2709	485
246	45
774	22
657	21
312	43
95	28
488	90
676	349
467	27
192	120
878	335
213	32
352	10
1164	76
469	136
1632	14
310	75
895	272
270	141
870	248
324	25
238	73
147	77
719	168
1449	18
222	317
445	201
1796	66
37	49
232	37
842	13
290	101
3741	243
507	268
306	84
53	99
952	214
786	3
1375	53
320	320
418	108
565	237
775	17
888	535
510	323
3838	62
3170	167
187	52
413	7
410	59
109	83
740	19
309	185
701	58
1304	220
122	103
101	10
332	89
1890	7
66	134
233	42
1243	107
901	56
247	123
1267	150
844	146
101	378
3314	231
1115	124
75	7
450	17
391	74
490	49
1425	154
143	89
4730	18
58	3
17	40
15	73
884	2
238	30
1454	8
1801	1
700	37
635	164
2305	192
1379	25
621	194
818	157
1614	543
1481	335
1845	2
783	98
198	97
1710	35
1446	75
5613	8
839	104
974	21
1081	8
896	341
707	60
418	82
874	303
119	87
1035	12
279	1
740	32
27	158
1157	28
538	29
1189	70
1477	28
1301	23
302	211
1954	7
504	85
3097	45
25	300
561	98
1025	68
2045	150
274	85
1570	51
291	35
345	42
1663	22
227	59
734	6
2710	24
1318	358
115	56
1856	52
922	40
595	14
645	40
39	61
329	154
2342	179
96	19
872	200
590	61
1414	162
1171	97
2288	3
378	98
982	116
545	2
369	61
1177	20
266	3
124	72
655	168
1466	301
667	99
250	30
4153	269
697	120
803	88
514	144
725	159
28	189
364	287
268	107
27	357
1699	52
186	62
1113	83
481	57
695	203
675	67
99	73
198	52
736	17
233	171
630	67
853	167
633	183
2639	148
62	176
1129	72
316	8
116	96
226	101
1111	79
25	3
195	399
192	46
221	326
194	166
2153	57
986	217
1420	52
834	80
844	20
1178	57
2338	304
97	63
1501	5
1389	40
992	274
183	723
479	41
541	70
188	90
1155	271
677	69
362	87
1883	189
316	73
286	160
355	44
502	32
321	47
422	128
1575	66
663	174
1919	123
1720	49
167	10
266	33
107	94
945	87
358	60
238	37
135	79
286	13
186	44
440	164
1211	73
1279	22
372	123
27	16
848	44
487	21
315	137
25	53
1762	179
204	308
795	199
317	181
1127	27
2903	9
976	148
111	1
1475	10
526	198
155	83
1067	206
301	10
2324	11
794	106
1755	56
415	90
1133	147
26	3
963	156
25	253
2306	9
769	130
2397	12
1317	18
644	129
764	51
3997	42
28	197
128	49
831	52
383	131
230	192
349	37
406	35
149	34
818	68
1094	3
3933	105
1129	45
81	19
135	26
1512	4
616	295
310	318
152	60
271	6
199	3
831	66
1953	30
497	1
2397	205
965	98
564	38
1334	172
132	52
306	239
1002	377
561	159
1942	100
99	63
1139	15
2554	237
410	44
422	122
916	10
327	151
2001	236
2083	92
1911	254
1985	158
843	127
1209	206
142	199
2427	116
907	224
420	5
629	54
177	492
25	28
370	108
25	46
909	117
437	132
468	272
1293	443
52	428
88	190
135	264
890	9
1343	95
471	181
565	49
3923	48
635	96
98	29
57	2
1684	30
27	35
696	244
381	2
829	271
117	142
434	118
1738	121
1209	46
95	6
543	110
34	340
107	49
224	108
249	41
36	16
638	234
669	510
749	174
242	3
96	88
318	134
809	14
494	80
809	145
593	78
385	12
1081	32
402	131
277	68
427	122
727	53
2336	174
27	168
1114	91
25	63
441	58
568	384
1302	51
354	71
245	233
1402	37
2524	105
1208	83
99	155
1056	303
875	44
29	163
1244	162
1429	113
962	58
1370	83
406	8
1494	30
290	134
589	482
346	89
437	23
457	419
166	294
922	28
191	156
322	44
1388	17
1539	19
435	257
3036	8
647	65
378	100
370	107
28	15
10	26
4224	59
605	54
1187	37
24	14
3697	225
187	11
326	4
303	90
260	86
1339	21
398	56
297	23
1216	209
907	17
325	37
395	10
2204	58
403	1
201	237
154	33
198	171
1285	1
2185	3
2806	101
964	13
306	294
23	61
372	33
388	112
636	47
284	12
520	8
1537	44
1043	173
893	104
661	302
1269	41
1879	34
249	159
940	52
673	62
394	115
1376	20
373	60
140	259
163	210
30	45
84	62
1690	272
416	60
325	14
4272	22
545	43
806	41
337	181
112	107
1708	183
335	15
2669	182
603	199
216	22
26	1
1068	9
333	25
181	244
309	77
1138	33
178	9
1988	33
491	30
240	26
127	214
1143	24
5335	28
153	27
171	22
475	163
341	61
1700	46
227	52
451	154
2094	76
26	137
53	60
702	76
538	27
746	59
198	58
262	13
782	25
649	12
898	56
1114	34
321	29
1204	32
234	195
252	8
722	222
1028	23
58	440
32	55
96	48
221	146
219	39
647	248
323	48
1208	20
217	48
152	96
502	28
180	4
636	28
3275	214
992	140
173	82
26	37
211	163
1538	343
193	261
27	150
241	39
401	271
243	13
25	12
263	40
1807	57
1169	89
47	147
1026	112
725	3
579	5
661	243
422	30
1015	202
64	3
2006	23
123	197
352	27
431	43
182	213
290	287
276	63
40	20
1067	26
26	11
853	155
2466	77
1033	31
812	334
51	89
604	66
2010	148
344	71
620	117
340	93
1679	49
1012	20
2268	38
28	131
1015	317
2687	22
457	32
1020	254
1246	490
1238	29
919	18
1203	98
1090	15
480	162
441	235
580	113
232	136
28	8
99	109
45	103
139	24
896	170
3288	180
2292	243
448	265
1120	15
145	4
1504	1
789	3
329	558
1412	182
717	185
415	153
376	113
363	250
513	234
563	20
28	237
558	99
243	125
282	74
240	61
43	12
14	29
1906	118
387	8
368	19
1540	160
497	130
31	57
917	132
1638	113
248	125
653	194
534	54
900	72
382	87
425	3
832	49
956	398
591	268
1906	15
130	151
521	22
375	76
247	2
368	15
846	329
445	12
290	16
63	51
989	11
522	137
1074	413
1105	238
183	85
203	74
778	87
108	80
25	15
821	126
552	53
788	103
183	210
276	44
172	108
2427	344
46	92
350	22
442	208
98	20
1639	72
705	17
2229	103
327	95
2544	94
1030	9
1028	68
93	13
1837	398
245	37
796	217
213	197
783	69
1508	151
609	192
286	41
131	170
871	65
96	105
2220	122
2219	111
521	194
804	382
1017	14
759	89
609	215
667	49
175	70
1409	77
1201	76
1916	19
2510	33
345	6
726	126
208	56
1269	34
327	45
417	23
1043	9
919	45
1897	81
266	83
1360	76
721	9
400	35
895	165
598	259
1696	26
562	41
341	11
1664	44
3263	159
93	202
727	39
822	19
2410	74
905	193
613	151
678	188
886	461
489	158
380	115
159	35
1735	107
448	187
182	258
2470	106
24	227
860	68
1489	5
1614	132
351	112
688	348
970	119
493	130
415	38
1063	149
207	105
2961	223
1217	3
25	105
186	2
2209	3
959	163
2154	20
3313	168
288	141
312	63
585	48
40	60
324	41
750	22
3514	158
399	12
1260	20
215	87
48	515
245	56
159	67
546	11
200	78
2714	87
2882	38
1729	43
1416	54
448	54
89	375
74	697
947	337
117	34
957	12
726	42
378	206
258	183
2270	149
58	44
806	7
40	38
166	119
131	35
145	97
25	25
175	129
224	25
344	131
119	84
559	15
535	127
1014	35
475	9
186	63
233	199
3485	21
315	56
375	121
610	51
1748	111
1073	58
314	52
1508	172
42	80
92	48
506	302
730	142
761	236
1801	45
463	23
104	115
755	77
26	92
731	253
982	66
1969	19
1467	144
185	9
1882	19
84	253
166	32
26	89
441	72
305	98
1674	19
1830	119
1572	21
348	72
1487	124
25	5
638	73
456	130
228	23
393	80
819	120
436	6
651	78
645	211
208	169
2263	57
269	74
676	37
1263	100
89	264
17	151
609	61
26	167
1380	3
499	39
180	32
161	55
295	383
557	23
1538	185
825	268
781	49
784	16
1648	121
165	20
668	55
30	46
586	79
1397	296
1111	6
606	12
396	215
1164	265
34	82
4203	31
492	37
1386	2
818	31
958	260
254	84
2037	113
51	28
228	320
346	115
849	220
25	11
212	63
986	45
531	388
2825	72
833	32
64	101
273	108
21	35
2055	24
1030	152
2647	128
261	30
750	11
1800	8
161	40
3800	99
954	19
128	66
929	90
907	19
225	168
820	21
1329	21
1207	60
342	90
162	48
205	499
1681	56
309	33
176	55
622	175
1592	251
203	55
364	68
1342	56
1958	160
1663	372
162	140
826	199
359	172
23	183
86	262
648	4
102	134
659	171
559	190
412	322
25	7
437	310
745	100
1722	63
702	22
1711	102
159	223
1906	293
209	88
1018	97
2861	28
411	2
450	193
1250	87
1658	136
129	135
1646	37
362	74
74	28
1754	21
333	126
766	95
381	140
413	28
676	511
180	172
696	85
975	133
884	62
1273	2
378	122
434	11
18	66
1086	96
514	243
2425	208
1774	10
225	154
469	99
323	126
1454	42
3529	127
477	38
329	284
1554	4
121	44
33	145
2074	9
367	272
1720	257
2759	26
695	124
580	89
268	244
1241	71
1335	155
394	47
1518	183
103	71
710	213
1451	27
610	65
408	7
1182	3
540	220
512	70
586	167
3265	4
98	162
24	80
1686	86
1595	73
909	178
139	10
450	55
1048	37
156	391
325	27
1444	18
158	95
714	141
588	35
406	257
704	21
1518	604
1703	105
293	33
812	2
2022	408
461	157
2445	277
2261	151
147	67
375	5
350	101
612	4
40	10
122	165
797	162
453	55
1443	97
198	124
222	77
101	206
1796	8
470	1
838	251
6658	71
1191	44
291	235
2189	81
60	57
1764	43
1589	15
1312	24
870	200
878	31
409	40
1292	22
600	8
1413	79
186	7
539	32
1362	45
1107	27
247	46
954	68
1156	44
406	147
1642	167
243	65
1331	83
1079	40
328	68
121	152
2352	255
813	81
415	157
513	171
1163	200
1085	112
199	34
1655	90
227	24
309	2
773	4
1012	164
304	38
954	29
1852	42
1008	179
554	29
410	43
283	52
183	50
2039	14
627	37
522	143
1385	16
836	172
513	196
977	119
890	177
104	308
422	24
1606	1
62	95
251	144
886	191
182	18
690	184
153	110
1968	109
28	306
583	127
718	135
366	261
107	120
98	21
47	121
135	57
415	142
1037	20
619	113
970	161
333	232
157	162
550	261
725	48
627	233
1126	36
2085	3
26	378
87	42
399	87
32	143
157	93
698	21
1131	47
176	65
833	14
2931	64
271	24
1031	53
25	34
479	366
256	272
3083	55
2191	160
2349	179
452	76
991	47
563	41
2800	40
342	98
98	48
588	5
56	179
189	103
736	64
903	98
702	53
2257	107
260	171
1117	4
96	54
1539	49
29	164
876	58
453	34
895	38
574	5
714	109
719	17
3540	57
113	234
1187	29
348	185
98	449
2374	107
591	98
3035	137
669	1
3199	191
228	288
445	75
185	282
652	24
318	339
31	29
297	36
179	3
489	54
331	1
211	24
374	111
574	89
622	61
1144	166
274	14
751	131
491	152
592	30
543	30
513	113
1408	50
243	202
1582	5
263	167
2350	1
1138	17
1289	83
211	167
670	181
1778	10
349	44
95	39
1227	42
262	45
122	91
403	34
932	90
25	40
1025	318
1102	7
2425	476
563	116
569	111
252	104
176	259
1143	58
1351	21
416	4
309	153
614	55
135	7
1237	17
463	221
1956	32
439	234
1008	186
180	192
1000	292
93	98
222	272
404	59
539	110
452	134
27	150
969	98
96	42
1036	42
670	149
659	26
3103	44
382	45
47	512
646	43
1021	83
1713	62
578	27
400	5
3025	3
706	56
162	234
717	12
833	9
678	33
1780	13
1721	68
521	205
348	108
216	87
721	60
1391	70
652	14
609	58
183	45
416	144
1813	8
355	254
1768	248
213	179
376	79
1192	84
206	233
1719	260
319	68
689	36
141	13
421	179
263	26
652	75
48	81
393	132
415	25
1722	67
4033	40
96	7
704	88
2392	142
887	158
695	124
596	36
414	34
441	163
587	16
372	124
3408	52
2975	68
543	108
2351	315
1583	269
1678	151
713	60
330	176
1214	61
1004	424
52	166
161	229
1151	158
375	78
1828	43
374	106
1554	163
455	17
1984	187
243	66
530	90
1202	9
100	161
110	20
811	44
2231	10
1870	105
25	47
1423	81
250	174
4229	142
43	38
178	93
177	53
529	382
358	66
120	17
1067	79
631	185
95	32
234	399
274	17
2429	51
502	15
209	34
148	19
197	339
533	128
54	118
312	178
373	32
621	2
485	83
176	128
1988	43
826	111
3364	21
97	131
428	139
1350	419
284	56
1560	144
2676	6
26	54
1659	336
729	234
713	289
216	78
1327	549
27	64
838	85
653	200
1167	2
762	264
569	5
427	42
668	62
328	103
528	171
1521	27
970	8
298	9
2521	165
692	5
643	107
173	34
2498	37
506	222
1022	12
87	7
624	168
4924	34
1460	17
1400	42
674	25
1830	23
196	48
1841	98
549	70
559	171
145	22
986	573
514	64
117	8
96	151
668	31
1762	50
147	49
1531	55
3297	125
1087	46
1498	4
798	25
1431	107
375	90
1179	206
2674	2
337	22
1935	142
24	121
483	30
452	4
588	2
1007	176
1416	188
842	157
2096	150
1014	6
207	27
717	350
511	106
202	224
274	341
407	13
490	334
1352	132
1376	2
338	76
467	103
1336	56
298	168
281	58
726	190
463	119
125	106
178	104
1198	39
1563	18
674	89
127	14
116	185
263	8
1574	327
481	104
227	27
1122	19
631	100
3180	362
1252	10
276	8
376	38
307	85
1053	32
370	15
1241	30
27	232
10	11
179	28
100	5
423	15
1430	202
114	171
719	81
471	7
1286	355
563	114
395	295
1156	1
237	242
896	35
3835	136
94	109
2870	83
176	4
1555	103
465	242
113	123
627	66
359	5
432	97
1804	88
996	48
1056	95
2729	26
586	24
288	7
296	4
833	55
25	80
1661	144
2484	43
410	147
411	28
209	40
1187	81
1385	90
230	92
149	119
263	73
642	106
737	38
28	9
622	54
292	57
849	141
277	114
1021	225
2168	143
61	78
480	157
52	45
138	109
999	4
785	159
1701	62
1398	39
822	20
486	83
393	4
1462	88
1993	56
638	35
515	113
422	246
190	71
400	45
356	51
31	46
845	132
755	13
331	293
319	169
1593	95
2386	60
762	194
1137	49
160	166
505	142
415	296
31	202
542	172
612	10
410	96
147	199
832	69
686	56
1165	30
1431	422
449	112
627	35
261	36
2813	11
1111	134
222	189
378	4
1154	35
2198	206
781	60
810	1
285	19
744	16
113	22
362	92
1711	59
915	210
25	159
1621	86
1251	4
277	128
255	123
28	133
306	36
1344	35
392	18
582	74
214	202
446	148
26	149
1927	11
324	3
1024	110
1453	36
557	29
1117	16
25	298
665	100
642	20
2177	85
131	19
897	17
2990	50
264	73
327	235
2547	114
15	3
361	303
334	27
611	7
239	5
555	22
1257	42
2837	2
852	49
454	179
522	7
146	17
168	184
1473	67
101	38
506	124
760	83
1487	52
449	128
332	4
754	110
187	9
570	5
38	19
2575	7
357	24
176	42
1316	38
74	113
893	37
680	94
210	322
256	21
182	278
827	84
1037	243
650	28
313	47
367	8
307	93
110	74
534	58
257	157
816	22
864	323
291	27
409	33
2392	36
534	274
352	13
514	26
1079	93
2000	44
3547	82
140	58
856	81
1447	207
782	101
298	46
791	183
2194	237
707	88
787	17
1803	7
1902	780
561	27
2696	71
540	39
283	195
55	211
223	2
2010	222
1014	116
148	26
788	19
924	3
869	204
26	49
428	24
221	154
435	39
3848	28
1080	84
112	6
32	254
218	78
217	19
1057	29
95	58
1093	191
97	371
664	176
1602	464
157	131
55	97
848	69
735	577
912	44
263	24
517	192
1585	9
449	157
1690	127
184	30
164	215
1071	106
1185	140
145	27
568	75
2594	164
33	67
304	188
1196	47
1662	79
111	11
25	144
643	17
231	110
91	308
426	4
1109	148
827	56
1036	227
117	174
241	259
649	27
514	61
337	194
736	21
173	243
443	229
1423	65
2725	4
2067	33
733	197
1322	58
323	30
181	3
170	72
562	11
1440	93
301	94
429	26
21	51
1493	96
989	8
487	144
352	92
1111	29
660	5
619	110
460	62
33	32
1813	27
2701	38
572	165
1106	164
628	32
1004	95
571	7
772	125
2962	19
1225	32
465	7
3885	7
1480	76
578	216
574	25
973	32
133	37
498	99
492	95
1753	46
842	81
1000	78
802	29
157	166
242	287
25	7
270	372
710	204
92	7
148	78
1546	254
382	251
2782	649
244	57
1886	129
38	57
554	110
124	38
351	244
1239	24
1549	35
267	50
350	175
1872	112
69	51
1666	99
2945	1
1451	148
2138	144
1340	259
3624	19
845	12
906	85
4665	33
781	313
268	85
471	146
2300	189
1067	32
1478	185
633	89
2275	9
734	82
550	139
213	74
748	86
1705	170
1035	35
409	9
1106	69
760	107
95	32
2204	144
3068	3
722	152
373	95
26	132
840	98
1410	87
11	160
22	318
14	2
24	17
2003	102
4293	18
224	283
1321	33
24	58
190	3
25	212
84	221
1864	27
422	22
25	3
966	96
1279	39
367	69
981	45
25	88
928	10
152	1
173	68
1742	36
958	137
1600	169
59	163
774	215
1658	42
201	218
329	30
752	53
636	69
70	35
152	19
377	303
456	40
1340	291
1821	184
942	126
110	197
1932	96
791	18
1025	38
239	32
363	239
2932	21
1792	104
1056	8
462	228
411	92
158	39
459	228
1682	227
25	81
2141	215
490	3
96	100
26	4
225	13
1130	63
190	150
997	82
397	156
910	322
2274	3
538	326
636	68
274	187
209	33
1470	1
96	78
263	66
94	30
619	8
203	82
15	53
2782	25
407	157
107	26
52	336
330	115
1250	39
101	27
1809	18
1042	37
127	55
2138	73
111	8
392	98
482	14
563	24
431	236
1498	130
179	48
2589	38
618	52
1460	11
291	11
1355	18
545	167
689	98
1240	36
297	62
253	23
553	160
2382	146
1230	18
349	106
141	23
260	33
2488	22
133	25
569	26
2102	155
32	311
1587	157
43	189
137	75
842	52
890	186
1573	405
480	153
179	271
559	53
501	42
542	35
111	54
516	20
228	6
2036	40
311	5
224	33
1971	49
542	12
177	65
699	25
2211	214
124	35
2763	88
1630	91
689	71
675	43
33	34
1217	43
896	84
3228	334
753	138
681	7
977	14
948	5
273	65
766	118
599	4
27	13
89	22
28	256
877	22
731	212
867	131
1671	20
106	83
785	319
1899	22
907	144
309	333
200	12
335	5
696	11
24	142
245	74
1382	15
186	74
204	97
2300	2
409	158
126	73
1501	106
1305	2
1408	106
499	15
1781	79
97	133
695	36
1081	4
313	84
241	242
233	114
1274	31
464	139
1941	258
201	216
572	37
768	44
1038	22
1658	18
733	21
369	21
1013	107
171	66
1031	43
51	15
790	5
346	24
2927	123
1452	63
1258	72
926	250
990	164
2336	11
2867	59
1009	219
436	121
2218	59
46	19
296	3
1552	409
1854	11
743	96
1413	80
1736	197
497	28
504	33
240	11
532	104
241	95
2883	24
1135	181
790	200
287	48
690	58
2145	23
101	78
541	76
752	56
687	73
526	21
353	34
252	51
226	11
985	75
25	204
560	34
254	41
441	88
673	320
766	88
821	190
1204	332
422	6
372	143
26	85
140	181
344	89
1491	41
1083	59
1440	2
270	135
1210	13
755	38
131	47
724	512
559	18
202	53
1339	23
791	38
154	41
2832	145
1133	91
648	58
847	13
775	111
583	19
3517	49
34	77
238	10
1085	50
136	76
131	150
1089	450
1521	510
1446	142
53	726
970	42
741	175
117	365
355	59
225	17
1802	1
1152	43
1763	11
1825	109
89	106
242	7
486	28
1193	59
3928	72
217	94
2038	209
273	128
1845	130
1639	153
1076	294
183	25
732	436
482	85
132	64
3370	41
334	143
97	107
141	167
943	192
702	155
25	5
667	187
24	26
1319	87
294	31
192	99
1455	143
1972	30
551	4
26	60
1045	35
30	33
301	55
236	28
637	6
26	283
859	50
287	47
26	259
1562	177
2515	58
26	215
402	9
1418	100
228	73
433	26
1405	95
1223	121
544	8
718	439
391	20
997	106
802	107
783	63
1042	37
463	49
940	48
1191	223
818	87
351	59
2063	6
478	104
141	62
1887	134
297	47
326	32
1317	59
1086	100
25	52
278	46
1548	56
153	93
279	23
444	198
802	126
1452	66
586	102
197	384
167	22
241	5
1056	8
1559	26
451	59
433	1
839	1
842	68
203	9
1127	186
933	422
1304	81
237	284
605	130
413	49
15	3
1522	13
160	310
256	84
2051	12
486	141
482	92
131	32
175	50
827	155
1806	42
147	49
1609	169
1548	1
696	120
841	45
846	43
575	74
741	105
1077	344
438	80
842	38
54	34
94	61
700	206
115	112
219	9
709	17
1125	266
407	125
488	144
781	195
363	149
304	22
107	229
390	30
365	311
261	73
425	38
596	39
229	102
708	452
1578	77
354	120
934	49
602	142
713	276
2043	117
239	343
3438	138
1806	171
533	2
1185	68
457	83
25	15
463	81
173	124
482	473
1742	9
1416	253
102	110
2696	77
1809	43
96	76
670	54
261	57
780	44
116	369
262	127
489	49
2139	138
375	112
681	139
96	153
2899	182
1527	123
900	194
227	58
566	127
378	391
574	50
4053	333
967	319
170	67
474	175
951	120
328	145
826	309
879	8
269	211
529	26
1124	132
269	213
351	183
26	291
778	52
80	54
1043	353
1699	4
128	6
96	12
237	29
216	103
501	165
2129	137
193	33
32	360
587	9
265	5
2350	39
1554	59
781	39
825	206
335	15
1267	84
748	94
1007	97
1982	152
257	16
105	125
685	72
230	58
214	129
224	154
526	162
443	70
1405	121
765	17
125	40
296	35
2149	91
208	380
625	74
349	19
1437	60
200	53
246	169
126	39
190	47
1912	121
520	47
1001	138
200	156
1517	18
648	162
342	114
145	106
58	116
594	87
198	120
1526	34
2009	174
323	22
1876	670
606	71
228	140
419	105
621	59
381	115
1513	16
213	83
504	21
624	6
1117	42
1426	285
968	82
1069	339
486	116
707	47
182	46
222	16
159	32
2359	174
1066	100
95	22
538	63
1432	49
1781	28
1253	69
1247	86
586	61
891	165
1700	51
1186	135
795	79
786	23
294	3
400	164
818	56
449	25
2485	68
419	86
2627	20
1320	208
2055	150
308	105
684	49
220	166
396	24
248	26
2235	11
289	88
697	167
370	68
125	29
259	122
280	45
600	124
30	102
176	6
777	117
1126	61
41	33
717	26
591	527
780	63
1509	47
424	31
4000	85
842	20
288	100
664	130
250	70
2479	41
2166	21
41	68
16	466
1047	284
843	94
76	111
1146	59
854	37
343	27
283	21
1308	5
1820	125
340	18
834	38
1247	70
67	171
159	41
1227	95
352	36
662	149
27	104
350	217
403	40
708	230
1882	99
377	27
1714	58
158	40
3364	2
612	82
461	10
3455	7
1235	216
608	123
565	7
174	149
100	35
249	253
4455	248
315	14
68	227
967	6
326	13
1299	5
1725	1
842	96
351	69
60	11
1878	10
74	125
97	38
400	87
359	128
1633	111
754	53
1368	180
177	81
180	15
290	45
471	17
53	120
14	57
2227	6
1364	22
615	124
1420	105
938	158
223	269
1106	36
3006	54
404	401
666	14
985	7
491	226
1101	332
2171	60
421	15
106	108
216	45
185	21
2216	245
443	20
199	27
122	48
395	110
331	140
56	134
1365	31
125	127
1073	60
991	117
754	140
232	35
1289	2
1849	62
110	417
25	79
10	273
564	115
127	15
905	174
2680	22
752	130
131	76
738	108
517	42
807	239
768	38
470	109
1628	90
177	21
1294	109
23	341
1511	149
1477	6
558	29
495	22
1204	32
1121	17
298	191
241	36
1789	4
3233	46
49	45
563	9
39	52
998	138
913	21
203	105
323	254
757	53
1276	46
1720	3
137	93
254	1
24	21
431	48
1689	31
1520	22
363	20
134	154
132	229
26	12
1478	25
190	184
761	53
1165	20
1900	1
354	298
321	336
463	63
124	38
443	125
634	5
1273	11
726	96
2570	146
542	17
3997	229
3688	436
1542	14
911	221
200	121
156	208
141	38
1265	38
949	155
566	148
1080	361
850	110
34	75
1581	39
293	324
1706	101
212	50
1614	152
116	126
148	4
51	89
156	6
3565	163
1598	78
707	60
1857	55
153	234
2224	140
457	59
1768	3
167	74
95	32
244	141
518	87
324	100
289	96
486	46
299	9
715	23
965	3
269	10
903	116
892	285
2084	311
220	42
3582	62
1068	97
2537	2
1834	20
234	79
1519	131
207	357
190	146
254	89
955	41
594	61
1085	120
1087	77
633	5
992	25
1500	54
462	224
828	188
1184	108
30	8
1146	43
411	61
54	57
387	3
2438	126
1015	41
153	16
1245	46
142	10
972	202
2722	22
2497	150
1605	143
2464	21
577	47
572	22
28	67
376	268
1083	107
327	121
1459	234
557	89
161	317
1537	336
502	348
26	29
467	220
2012	498
388	7
1352	73
658	128
70	41
118	74
1268	102
118	93
491	175
1094	6
313	2
992	11
220	53
92	21
277	11
3190	53
3592	100
489	87
36	244
209	2
658	276
111	20
1689	41
1232	55
1470	20
237	235
1054	63
131	30
776	31
450	362
735	39
2709	233
424	34
800	387
523	5
193	61
319	57
299	141
222	37
110	430
100	194
32	125
658	46
2546	35
458	78
782	66
25	58
1323	30
1564	119
223	107
311	6
165	187
244	214
852	67
782	13
130	14
916	206
2754	105
378	106
895	30
123	86
957	28
2585	215
2352	183
425	24
660	436
406	45
1505	51
63	14
18	124
331	23
224	31
962	60
307	251
447	19
447	24
3217	49
51	205
253	23
775	61
743	78
1581	47
293	29
1377	90
966	195
529	57
923	33
33	131
124	40
455	163
236	35
234	53
515	161
86	66
350	164
71	135
176	24
1349	7
276	60
95	22
1174	42
349	14
288	67
510	28
696	4
308	61
1561	12
1039	170
437	102
700	52
333	86
1145	3
818	140
677	242
376	104
109	50
26	33
1453	111
25	15
525	30
550	60
359	45
2017	380
868	57
1377	123
678	161
1004	68
243	265
332	158
690	26
79	318
3077	34
1933	12
583	270
34	31
527	8
163	121
148	19
1308	462
806	63
282	287
637	160
1971	267
1040	153
338	80
40	154
175	15
127	63
706	2
123	64
41	190
2023	71
1637	18
1879	13
771	44
724	432
102	17
94	212
200	48
345	213
485	40
56	56
405	11
1282	7
671	189
28	34
1382	273
168	15
672	17
111	298
1673	59
249	13
5546	52
882	308
1852	54
568	192
502	25
1813	115
1690	5
226	226
1376	159
775	258
219	17
2026	32
1703	89
400	149
655	47
31	22
2491	50
1422	45
361	26
1429	16
646	46
1328	41
30	66
594	23
912	77
218	42
60	47
414	317
139	20
2477	37
2512	61
755	99
1627	87
1892	113
1831	55
370	11
417	97
133	54
26	195
156	6
2241	85
137	113
2141	399
720	27
2601	59
1438	4
505	27
1004	439
28	83
1521	148
560	203
304	113
596	30
2074	120
2173	58
285	145
190	27
1874	20
108	96
2400	36
450	301
1722	18
2024	65
42	15
942	48
224	238
1239	91
572	45
693	48
2589	47
1008	17
378	36
175	69
1513	48
441	79
285	8
903	5
411	29
31	248
2009	284
1212	155
131	42
385	123
85	286
662	10
320	78
49	40
222	18
1573	179
26	101
1252	156
281	225
344	242
94	8
583	9
49	26
699	27
816	36
24	293
872	326
2953	93
389	33
600	20
739	76
485	179
3233	23
1326	32
555	76
791	44
20	24
93	29
132	35
832	55
1885	46
618	56
1527	167
297	67
385	107
146	123
223	152
31	58
782	30
1922	106
363	14
2595	372
604	64
2333	17
2070	62
3099	335
1114	34
1149	478
1017	916
397	139
1243	87
495	181
1963	101
823	19
252	23
2042	71
459	28
557	253
4124	35
1978	9
695	237
140	308
81	229
513	14
732	123
2018	5
640	88
124	93
391	61
132	206
239	246
373	303
741	223
895	171
724	217
673	69
161	58
435	217
532	95
693	390
1366	77
1910	194
381	60
838	173
870	487
1016	139
1182	184
2308	50
247	34
1114	37
1604	79
1300	30
1275	37
29	27
1010	104
29	74
340	22
668	176
985	146
82	4
798	1
134	23
362	23
111	12
604	10
344	119
34	98
845	18
312	22
103	80
25	280
694	19
99	82
94	67
403	59
239	46
159	54
254	11
25	16
663	209
1864	24
656	161
833	2
27	33
931	81
989	73
2083	300
326	234
2317	17
208	100
1625	59
2350	127
1078	77
560	14
24	20
312	165
195	26
875	100
537	88
205	27
978	203
34	61
1115	191
1730	27
65	32
228	193
22	66
118	117
583	69
1585	37
820	68
1591	97
391	21
42	15
341	287
3101	27
313	239
398	85
302	129
1057	55
2090	35
1557	1
1117	130
852	77
786	127
2912	82
1331	81
198	28
1926	87
1033	191
335	52
95	111
760	46
271	182
550	274
180	66
1038	62
266	42
94	235
381	62
1075	21
371	236
565	233
25	192
415	139
2050	32
903	93
413	30
1852	21
801	126
293	11
1604	32
746	35
854	29
402	46
522	11
570	195
283	21
101	357
612	75
671	18
902	132
553	1
155	21
263	16
719	24
1752	23
1018	3
244	274
1825	18
98	35
436	211
775	38
1575	364
898	10
119	80
1471	132
225	389
344	203
2154	113
98	75
845	143
1626	326
1872	1
369	45
548	14
3482	80
749	1
28	258
10	142
444	147
24	14
1693	2
1505	70
410	314
1381	20
34	217
95	168
793	104
187	26
499	222
1035	104
1381	30
814	164
890	15
768	204
450	2
49	24
610	12
529	226
589	76
294	2
1871	235
1065	279
46	148
134	164
23	50
624	360
2170	40
374	34
1086	78
282	298
1429	112
1252	23
704	42
4308	1
1941	79
2830	291
1674	248
1575	226
164	42
1202	19
2927	74
47	105
38	41
46	55
3781	65
438	100
1177	125
67	1
100	395
1647	40
1828	38
15	101
88	193
153	90
247	173
1099	101
958	13
960	241
92	46
784	354
171	149
2183	84
1973	34
922	81
536	175
3276	19
282	163
957	215
1029	89
388	198
688	18
631	195
6124	14
50	53
1167	44
141	124
967	119
176	170
1002	20
337	34
460	39
103	359
449	139
2131	124
416	20
490	84
250	39
1226	209
1254	7
99	37
108	134
2052	43
457	217
1677	35
301	89
221	399
107	87
543	43
1608	109
1298	78
689	32
255	173
2025	344
171	101
151	3
525	212
7248	79
138	167
217	74
24	232
1387	17
232	44
885	124
23	27
480	8
554	46
275	153
94	31
205	54
1553	223
29	18
1929	64
343	63
527	144
320	56
331	93
180	56
847	18
969	293
145	60
1738	135
1107	161
468	58
2079	105
173	65
638	16
311	32
183	139
1373	2
360	129
863	75
66	46
501	36
89	52
100	4
1566	2
1056	7
68	149
229	152
1989	110
1161	9
1020	133
425	143
1773	180
694	8
841	54
88	181
1331	91
53	59
3789	4
27	52
622	50
193	3
693	67
251	26
174	87
637	118
526	22
142	117
99	24
684	11
1456	35
612	74
1748	41
1490	2
24	75
101	104
405	34
257	21
983	138
50	72
1095	26
1832	50
861	16
708	245
1199	73
1340	234
1806	91
585	15
260	20
796	73
206	14
164	455
2406	2
1522	227
582	205
218	93
25	53
206	108
560	262
1653	13
317	230
26	21
521	161
804	94
1876	32
25	5
984	50
743	128
479	105
135	20
942	43
3348	89
907	416
146	67
975	87
27	35
87	96
1287	155
995	25
1242	50
520	86
581	131
448	30
1367	100
579	44
204	103
1299	17
2273	20
231	86
591	36
1296	51
1526	344
29	7
231	129
364	216
522	20
412	160
469	81
1527	72
25	126
1696	1
2291	91
112	35
97	7
275	89
657	28
880	173
23	49
457	33
108	49
3933	144
1094	63
1084	124
33	33
1083	90
261	184
2041	117
1297	32
1721	206
1385	361
142	130
1604	50
209	86
618	9
28	387
10	107
147	35
241	196
2080	548
521	28
195	15
79	38
900	33
249	20
545	32
315	20
2855	233
253	231
546	156
611	6
583	125
1833	19
365	126
856	236
1037	20
287	109
656	34
5023	39
533	136
1930	1
610	2
396	22
211	48
757	39
1521	102
1166	212
89	45
637	15
241	282
463	1
24	36
136	165
979	19
490	29
2364	57
40	132
448	33
1165	32
416	111
376	122
799	32
1376	59
296	188
1366	23
583	174
192	75
321	506
971	33
643	4
463	10
665	23
614	482
147	35
25	430
151	112
969	64
25	129
84	63
977	49
292	467
470	153
701	61
94	73
1013	72
473	297
93	13
1679	175
2049	10
417	13
29	70
1438	157
807	10
1276	67
537	46
1246	52
23	51
845	152
328	12
320	161
1338	51
1275	34
1476	438
220	26
703	82
876	152
1277	206
1667	64
60	82
323	144
1184	52
574	15
950	61
1133	30
1919	48
489	36
14	44
135	11
26	393
84	28
25	2
834	166
243	10
834	319
1270	18
830	70
560	35
237	183
535	82
864	58
1411	92
923	81
618	73
1844	12
244	125
521	18
753	84
996	87
270	17
1892	57
820	128
1552	69
734	112
214	26
527	20
1633	60
219	78
224	350
1671	218
1038	124
952	65
174	351
3356	96
112	179
287	155
246	137
996	164
189	24
369	216
183	12
187	160
172	173
257	108
244	60
142	225
115	183
29	3
1032	36
1271	138
42	233
1375	95
28	10
435	179
430	57
2782	97
491	45
853	58
45	185
476	40
701	73
737	189
133	66
761	151
717	11
513	3
3445	25
459	48
401	85
570	128
377	17
1469	7
63	119
1068	302
499	146
151	180
1417	113
662	39
257	174
91	11
447	108
2237	12
412	28
273	75
668	56
20	40
466	16
25	11
442	294
545	19
24	363
834	98
180	6
1983	159
1725	65
1204	5
600	108
2173	65
402	38
428	99
391	53
2095	114
508	25
1132	305
534	147
1355	985
873	430
611	42
740	22
1024	112
178	72
121	25
132	170
1478	14
1210	224
1174	68
59	18
252	28
137	34
330	69
595	85
618	109
240	72
1381	70
284	111
383	230
1128	24
241	526
346	180
426	161
245	66
123	23
3018	104
3801	126
1057	47
357	22
964	366
142	1
131	218
95	21
906	119
123	261
140	8
1479	216
598	127
3029	63
158	271
321	125
4404	58
148	92
723	34
385	37
470	110
486	76
2852	13
753	22
1098	87
1176	9
246	120
118	26
138	87
413	84
23	22
820	9
2138	32
1864	139
767	9
108	81
528	196
181	82
73	118
1398	5
167	17
558	195
1944	36
604	16
1856	118
400	64
173	93
1234	161
41	1
350	17
1347	75
220	71
297	63
2132	49
133	45
789	135
568	359
2259	2
1645	56
3255	45
585	38
1283	12
1629	52
907	245
1243	8
820	106
605	260
596	53
72	1
218	50
155	15
378	109
1488	16
29	22
2616	25
658	203
564	7
1337	214
201	14
105	60
915	350
1001	81
613	37
986	195
1816	111
978	39
2760	154
283	9
1065	199
2334	171
694	53
921	172
1913	2
118	144
3290	4
21	125
1300	119
198	6
1941	3
603	48
460	2
290	78
264	20
174	75
297	76
744	115
671	250
620	110
289	312
1800	133
86	34
746	92
676	44
324	183
1002	43
30	146
374	126
2239	3
434	54
933	10
191	12
2115	94
435	89
1429	269
157	40
24	133
329	579
228	2
527	54
1322	32
3937	67
634	88
881	49
141	101
832	32
749	302
542	68
1328	6
601	4
1025	30
268	50
193	172
678	131
22	327
975	60
50	73
3660	428
206	157
406	142
852	89
892	136
23	67
260	90
195	143
273	68
323	249
1360	5
325	48
85	50
649	59
104	23
1761	77
24	119
388	343
165	54
610	34
1621	74
2654	106
705	29
726	96
337	24
2427	18
1188	101
2402	119
1715	146
1656	49
1018	47
1164	145
492	13
2205	12
640	66
166	127
29	2
212	18
977	33
298	10
259	128
566	54
837	228
1059	19
333	50
962	454
105	22
750	150
400	141
509	54
2075	152
215	198
208	30
1760	6
1020	64
742	13
577	18
153	90
323	39
115	40
98	122
1501	88
1026	10
160	61
334	25
446	25
465	17
37	238
1664	64
380	110
721	331
1386	249
156	187
882	114
388	67
129	5
1403	364
106	63
3388	35
100	109
1895	170
705	39
33	104
160	70
24	66
261	39
2972	229
2283	100
2285	27
1182	3
1601	18
1383	102
1008	126
403	9
624	97
95	62
2912	126
559	130
547	33
198	213
220	77
1298	188
651	98
100	114
530	30
229	199
638	296
906	28
471	19
1096	5
1439	1
307	137
1438	19
1615	264
833	267
101	11
462	32
778	161
760	19
3902	154
2373	30
2147	9
224	17
123	59
96	75
1053	231
68	1
1990	75
631	44
150	4
665	98
1214	32
881	32
209	1
1152	99
1440	218
685	101
1491	35
319	23
543	67
1132	29
117	20
36	67
702	4
2681	55
890	1
1622	218
1355	240
1030	12
298	63
3365	64
1320	152
253	78
385	1
1108	95
58	111
2686	55
3502	115
2830	137
56	80
158	140
869	70
321	1
136	5
389	51
3913	210
817	49
50	2
615	42
421	5
93	26
49	20
821	86
926	79
338	31
188	174
1809	171
359	161
932	55
282	111
990	142
1853	86
23	71
201	320
1625	13
1115	25
95	91
192	59
209	29
1670	73
750	59
473	107
1000	293
456	29
444	24
1103	168
282	240
495	77
1158	60
344	52
986	9
403	12
192	19
96	243
860	55
794	25
1120	90
25	475
154	60
4048	244
383	29
804	47
1136	32
24	77
152	16
1121	101
697	126
300	129
883	49
653	33
4433	245
4221	31
692	92
29	8
251	122
997	6
1566	16
258	47
325	3
2036	18
776	54
361	188
439	191
111	103
186	79
2345	8
43	143
502	206
342	227
399	261
1664	127
1432	180
1184	61
458	24
340	50
615	99
1239	99
2384	11
617	14
1118	50
2090	80
1335	33
355	55
380	123
843	33
161	635
123	208
490	39
600	120
826	50
28	78
202	114
2349	99
470	29
1244	128
1961	138
21	65
132	8
608	43
235	321
225	21
35	40
667	382
301	351
5823	44
1513	64
268	41
3253	2
204	11
160	329
313	24
1225	71
1859	27
1675	70
975	88
944	63
93	62
682	3
446	216
117	85
190	95
550	29
753	77
713	21
513	20
278	14
251	94
926	160
224	46
31	40
1140	228
544	57
28	99
100	217
865	91
208	12
162	56
2442	85
267	146
931	36
121	149
856	339
425	105
664	171
677	68
195	9
1102	30
401	85
1005	196
281	348
1875	29
49	21
1658	87
116	7
430	167
920	201
467	82
551	23
841	287
4172	251
20	151
1191	13
1272	67
560	40
1423	66
1942	101
1344	18
108	284
2340	108
98	41
2223	34
299	84
423	163
277	1
978	74
94	11
93	67
2543	5
571	68
1026	37
713	2
1430	115
136	3
5215	403
258	201
1055	12
1011	109
3325	98
640	122
221	219
240	175
746	41
833	179
3031	15
363	1
198	62
1923	19
1643	41
381	41
639	174
524	42
699	31
393	42
180	1
1541	73
495	15
833	10
73	147
121	124
288	29
306	21
380	13
894	184
368	127
24	123
895	79
1122	152
1691	27
1398	159
903	32
457	34
174	71
59	150
1066	86
1551	11
1363	129
645	260
144	34
2407	40
1224	45
294	132
1800	45
710	20
1183	115
675	551
382	7
24	21
732	24
25	260
723	16
2375	260
1268	58
1226	59
144	23
1365	157
2901	200
2524	405
25	97
576	77
671	83
701	49
2058	465
133	60
120	10
518	185
50	301
2836	160
939	65
24	133
1005	7
401	70
182	111
82	6
330	124
92	248
576	96
956	42
416	52
122	66
716	42
609	25
1210	84
524	14
207	107
778	130
425	142
817	57
983	5
1631	21
350	80
2314	484
98	31
149	2
1498	71
2020	8
3275	233
366	20
1892	150
998	70
962	70
546	199
2377	163
953	34
1083	285
3371	63
758	35
32	26
31	72
71	76
1099	62
985	58
4617	112
221	224
34	4
311	55
2136	77
871	138
1011	4
1224	220
1526	2
26	320
666	19
690	5
2845	20
270	2
1059	146
188	67
1121	190
565	155
3139	147
100	347
1607	52
791	119
25	44
402	96
1381	125
702	95
2240	102
285	83
918	376
381	35
1935	121
537	15
501	134
2441	18
975	68
652	2
106	107
3935	3
63	103
184	49
57	185
1152	109
997	108
866	5
457	163
3760	59
937	30
744	15
1444	7
1078	42
1742	384
910	102
1515	57
1902	187
165	441
468	78
520	68
341	192
413	227
764	137
1273	131
1572	230
396	182
27	15
1214	227
632	29
1287	82
639	138
349	211
854	19
1620	24
177	146
1442	65
236	75
605	87
99	352
224	85
1079	12
23	21
1289	24
339	54
287	4
1395	314
197	34
1498	90
1687	112
388	16
20	23
160	180
194	129
28	5
2411	67
731	82
742	106
282	63
2006	46
238	56
89	14
351	51
693	254
245	28
1660	240
887	10
1089	134
445	22
63	41
416	230
826	12
2407	39
399	16
2638	64
1256	15
498	39
769	204
24	168
209	230
580	77
357	31
256	12
1898	112
166	124
373	356
92	73
619	16
295	6
580	39
1035	239
175	79
2051	183
769	61
1201	126
1491	20
2260	17
1147	15
326	41
890	284
782	214
790	10
1621	72
2085	10
503	20
32	76
1031	181
413	83
1021	83
369	71
856	96
121	51
588	333
1075	188
24	10
1245	40
903	81
1328	89
295	67
448	182
2530	25
976	444
631	4
29	4
646	190
525	129
569	82
400	10
1325	16
2315	4
843	161
148	170
619	81
3094	49
907	15
1021	107
223	2
805	44
213	4
654	14
502	28
740	111
1527	100
196	2
1438	479
142	29
286	88
589	21
919	40
2904	208
36	401
193	54
2217	233
3560	50
654	81
1101	275
1260	171
1169	60
190	203
399	81
1120	434
94	3
573	38
1175	11
381	246
753	49
1608	58
759	48
421	7
233	87
1094	83
96	92
240	151
453	193
1298	66
318	273
163	38
205	41
1399	10
1100	68
14	166
163	8
403	170
972	81
102	57
480	369
697	114
217	214
1308	99
1333	90
3200	38
209	75
851	177
919	109
976	25
403	79
119	85
443	18
25	41
592	36
677	212
2090	55
1750	42
536	43
130	138
1378	116
1881	175
504	151
1309	94
217	114
1010	7
664	159
566	267
291	96
777	44
28	163
779	31
2051	72
792	38
678	32
24	196
1489	57
435	139
227	8
466	84
159	131
842	11
1186	272
1049	127
2354	6
164	168
470	13
223	65
2666	58
58	223
13	102
1624	38
165	58
3151	10
261	476
537	410
317	51
241	24
645	45
314	73
494	39
912	197
195	150
1794	206
1816	48
682	9
425	37
97	3
1194	59
206	18
1472	85
553	36
309	8
113	75
2136	138
2365	65
1202	101
545	114
332	9
94	14
1175	109
1652	4
267	91
460	39
157	64
2036	20
36	188
699	48
189	117
2346	188
792	99
316	111
236	30
710	78
343	15
240	41
1456	20
25	184
3687	68
525	64
672	53
24	14
944	58
339	57
1994	262
23	37
216	305
832	123
127	6
571	47
1299	29
611	393
1195	215
1064	27
135	98
448	7
1782	40
1126	197
1412	27
352	36
372	31
30	44
567	9
730	154
1484	50
698	36
659	124
596	43
1925	236
1738	73
407	5
1027	51
348	221
230	12
1804	10
346	159
198	218
901	173
166	90
676	8
196	37
1292	313
277	116
798	12
1271	30
963	157
337	58
252	106
1239	204
206	146
1177	82
1714	22
1639	10
122	4
827	105
1242	21
2709	6
337	111
1380	39
995	80
138	169
445	25
179	259
749	24
176	111
607	157
2622	21
497	100
339	99
1889	213
251	47
1926	78
1181	357
1392	297
392	31
1222	48
1301	303
2000	21
314	18
561	38
345	51
25	16
143	142
2049	44
1272	28
3418	159
1084	85
297	96
795	121
668	15
395	76
976	73
49	41
39	2
300	45
856	106
1685	55
1404	161
768	17
746	129
801	71
124	181
877	55
1044	85
682	23
23	9
499	176
620	11
970	386
116	32
1361	21
782	49
914	171
1082	28
208	103
399	372
34	13
2091	13
1563	12
294	69
526	150
94	382
34	100
1200	29
2219	414
1301	334
1019	227
253	15
1535	42
308	5
389	110
623	169
211	104
2067	9
602	13
24	33
641	313
310	167
2101	105
1119	58
121	2
539	85
2723	107
1099	92
374	39
207	220
345	1
1520	11
237	291
5429	9
333	38
1723	50
272	34
434	163
237	35
1481	38
2200	220
4822	22
767	7
968	84
154	161
960	50
1318	60
323	74
419	58
1017	15
737	278
891	65
1363	2
209	108
95	115
208	8
511	223
113	229
94	42
498	122
156	15
865	164
1339	50
99	12
386	21
596	4
169	19
24	92
197	85
981	121
255	99
741	191
1116	19
659	61
25	165
4609	160
675	28
2645	16
993	26
1064	44
154	24
332	145
2783	67
816	196
1022	53
1035	24
138	25
603	164
24	6
38	553
283	200
376	221
876	182
200	19
36	94
266	4
198	104
122	99
713	48
3490	103
106	338
901	6
258	422
1102	172
1098	9
240	12
1293	16
238	39
1022	215
26	81
365	72
172	18
1171	75
320	226
815	27
1072	66
322	48
2585	100
232	33
942	39
158	61
1573	21
1739	67
303	169
889	53
685	21
627	104
333	114
924	23
465	119
985	51
415	31
285	299
2341	329
859	52
2097	154
142	56
972	128
22	2
141	177
113	8
1203	8
396	378
583	116
430	34
803	95
428	183
309	2
575	34
894	45
1642	41
959	118
995	353
358	170
62	10
4107	45
631	123
1600	44
95	185
182	31
695	25
2047	26
1722	29
320	45
194	55
1402	118
1768	70
684	23
1236	3
635	49
23	7
241	24
465	78
1207	24
579	35
745	215
26	303
2580	68
182	346
47	37
1573	41
858	163
129	155
989	86
222	16
877	42
192	139
1997	9
1085	239
536	319
384	81
1765	173
243	97
640	28
1236	103
1617	13
1005	12
286	17
1849	66
1656	150
1082	87
825	214
948	157
234	145
377	62
397	49
919	94
3956	185
2152	67
1266	53
106	182
587	36
388	18
128	46
1630	51
1990	333
352	6
305	135
1342	197
2256	52
140	10
3348	88
239	127
126	43
1108	5
70	20
2536	108
295	54
1040	58
141	107
494	45
1320	251
2794	198
510	361
398	116
315	67
423	157
173	12
117	18
463	182
546	31
1032	35
140	43
1254	89
2555	64
924	64
944	73
1879	287
316	27
1524	90
427	383
235	72
878	447
735	162
145	209
213	22
656	85
140	36
985	83
1721	62
1060	13
187	404
113	313
266	115
462	161
29	102
183	17
309	18
3051	60
1465	14
1606	5
2422	182
35	24
1652	64
51	504
471	65
963	8
2445	112
1585	93
356	69
129	38
570	13
678	228
120	51
345	55
295	188
159	140
995	1
114	35
1176	137
395	142
1883	58
257	321
434	69
613	175
473	260
132	390
343	206
549	15
194	53
711	87
218	126
189	49
381	34
102	10
1108	118
451	77
400	7
1291	151
760	160
203	240
23	49
741	156
346	99
385	25
582	29
277	147
801	105
21	7
9	34
95	103
175	55
740	322
269	61
23	23
762	106
507	223
399	22
1166	61
264	46
269	18
2672	21
873	57
511	6
756	73
534	54
738	29
982	200
1196	167
995	75
837	90
567	35
589	231
793	20
247	28
1606	25
911	8
2188	72
93	43
2579	147
636	100
531	71
24	178
665	2
160	39
1273	374
476	4
561	49
1073	290
525	22
24	153
106	14
260	42
1393	13
221	51
1492	73
764	176
429	17
648	84
546	43
2062	78
813	304
628	91
1909	22
610	88
240	26
652	66
24	66
13	41
90	138
153	69
3646	184
532	161
267	231
2497	123
132	1
249	7
429	28
541	293
795	86
788	56
948	20
29	128
29	410
2409	17
615	8
909	6
483	111
596	21
210	98
94	77
280	12
292	290
45	32
182	117
1413	97
1900	82
960	250
963	106
286	148
188	3
474	32
2172	3
1485	182
413	73
2123	16
583	254
268	106
434	61
159	15
548	82
191	98
929	47
1326	149
275	131
185	44
1183	217
596	109
814	167
3327	92
425	57
232	138
600	255
825	155
2157	15
473	27
466	218
2087	52
199	142
600	46
1473	51
629	18
812	157
385	113
484	47
206	6
873	23
1044	78
590	4
546	208
602	20
72	110
705	89
2049	6
1288	15
2104	163
510	131
736	52
185	68
94	164
512	96
652	73
1014	142
514	102
1010	79
49	51
382	186
24	158
1000	32
24	71
468	73
762	104
486	11
2377	18
1954	39
814	29
288	208
1188	51
1709	1
599	8
1632	68
141	114
40	200
386	451
50	92
258	14
1581	25
23	206
1567	26
299	91
826	9
1358	111
174	260
114	123
483	47
923	107
346	27
310	30
60	188
163	94
1719	157
28	7
10	30
684	201
104	99
442	55
120	226
2377	65
832	126
20	131
647	189
348	414
289	147
631	9
1145	39
1485	7
66	16
970	418
1015	48
610	39
261	139
552	58
24	32
345	383
1863	29
689	38
25	85
490	138
574	80
329	225
327	127
528	127
118	18
1383	90
168	55
24	63
808	207
1154	98
284	131
748	261
232	44
611	138
322	20
360	102
236	40
258	10
173	130
2347	119
411	28
1187	18
218	125
1299	115
652	16
454	144
369	10
462	52
101	36
496	130
206	409
1695	31
783	182
1129	50
3601	18
24	95
967	113
1204	24
33	109
17	92
15	320
2116	27
3495	38
29	214
498	91
156	114
137	113
1964	24
1185	3
26	10
831	548
1865	77
554	46
1373	278
1080	21
344	29
147	43
623	112
22	16
14	33
8	57
331	6
24	15
406	48
976	306
409	15
468	34
1719	66
168	81
95	62
733	13
124	217
1501	28
272	31
94	7
225	152
85	88
821	34
426	153
656	5
596	124
891	14
317	70
675	180
634	223
148	39
201	89
238	80
127	58
135	16
4083	188
1607	40
316	49
1050	120
333	91
475	4
23	93
193	74
409	88
95	2
1581	430
750	43
583	515
464	161
985	171
378	142
1768	50
1205	83
654	10
98	78
435	267
1859	43
743	248
931	43
24	51
130	58
672	99
94	37
500	172
400	9
25	96
1149	260
2337	101
976	146
433	48
1052	131
2506	357
292	7
1671	88
1309	33
704	49
1193	19
624	258
1118	125
24	4
1929	22
518	135
564	144
367	133
737	95
176	40
533	152
122	127
456	202
201	183
1032	171
848	226
1520	128
1020	146
24	65
961	182
24	22
841	107
355	163
319	38
446	58
227	80
1922	205
2559	21
227	191
1452	40
387	555
1117	54
144	103
360	111
117	36
511	118
548	149
344	259
323	1
707	92
3285	264
239	33
106	57
1453	104
452	155
313	16
1576	120
23	23
820	43
1412	17
269	495
603	85
1067	38
349	38
503	89
942	355
876	90
177	120
162	46
129	222
115	114
437	111
1568	26
101	97
301	53
1482	24
1086	12
753	59
93	9
946	22
127	56
1343	55
21	64
998	46
800	188
475	8
703	5
1043	30
59	36
408	142
423	31
541	94
1126	2
329	17
2019	71
801	51
384	250
381	82
321	128
963	248
25	146
1135	124
391	185
600	78
436	44
1366	53
291	27
357	115
908	152
407	19
98	67
435	51
2591	43
49	14
1050	112
141	36
157	133
1277	301
2840	72
425	10
517	26
444	171
1254	16
885	16
1106	205
367	172
4753	157
847	31
108	9
579	38
360	216
276	125
945	35
511	37
636	122
2639	11
302	28
712	97
2004	86
1280	283
203	74
1632	3
340	94
296	58
1581	61
550	226
551	43
118	29
124	104
2884	10
46	97
123	17
40	227
1565	103
949	64
1132	2
365	32
1193	28
1622	117
1377	148
60	45
462	114
310	6
875	188
30	15
2655	337
1613	4
207	41
249	183
651	64
1060	74
4150	33
1288	51
29	36
1473	39
192	40
902	35
880	7
955	42
322	126
864	51
2655	65
376	54
804	62
71	55
686	38
2917	12
469	28
591	11
515	44
351	38
1042	67
714	43
98	154
687	30
168	38
872	154
1555	259
3015	159
1009	147
902	56
781	29
937	8
210	5
2621	145
125	87
147	9
1090	67
685	183
1163	57
130	105
471	129
301	146
727	314
256	31
180	73
818	76
201	16
607	10
199	1
347	446
461	1
23	5
1851	101
110	214
994	15
611	9
710	8
1921	45
859	280
1082	44
105	46
2503	40
870	291
25	192
189	260
94	23
419	71
51	216
320	15
176	8
506	81
451	149
696	171
665	15
2494	115
349	153
2051	233
451	49
376	63
384	54
405	136
629	56
1018	28
1241	12
1000	20
162	51
86	54
559	42
2340	95
604	52
114	126
2296	4
632	30
217	76
509	54
99	61
499	3
794	60
24	41
640	116
350	32
864	15
984	181
221	25
541	26
1245	37
453	40
549	52
797	258
174	35
207	513
175	37
169	7
351	27
249	19
78	212
939	221
1596	133
95	107
371	20
952	57
618	218
1885	306
1088	13
653	166
20	73
673	79
1131	109
463	6
466	93
111	21
444	3
773	9
407	173
1552	9
2484	4
730	88
1464	97
595	138
60	62
1037	10
1137	32
256	64
521	14
1458	86
23	29
136	40
23	183
115	134
1933	101
2762	114
1863	87
533	117
44	93
338	185
205	6
562	291
493	266
301	123
1704	135
574	195
104	46
461	61
456	353
815	178
94	351
1276	96
1096	184
1377	93
178	94
4049	41
345	36
96	137
1282	63
1113	133
416	21
1333	29
329	38
135	281
62	56
1586	43
1718	170
938	69
508	25
530	143
23	103
1275	355
674	7
1115	178
346	2
2119	454
223	56
472	67
264	14
308	11
997	43
4708	51
346	2
1052	360
257	188
1200	138
1630	9
1256	134
1014	26
543	86
184	36
124	15
1953	1
210	74
1229	46
98	248
39	280
513	28
241	15
520	34
5251	111
1085	106
203	59
970	137
1118	43
277	18
808	277
1031	102
199	97
1388	117
243	18
408	10
474	1
2208	57
377	82
270	33
754	21
160	293
966	173
621	33
3678	10
140	69
133	95
2711	20
1813	334
1580	70
25	44
212	76
1391	79
1907	113
269	9
496	49
2684	292
181	128
246	30
1285	183
265	44
855	42
2545	55
1701	92
3049	78
914	34
2202	427
753	202
2273	467
716	192
1605	205
1133	84
124	154
909	101
443	106
352	89
469	145
1008	98
1483	69
1196	13
28	2
549	134
624	90
1738	103
1389	15
427	97
192	190
1967	21
877	97
983	71
1934	165
1381	90
484	29
1103	101
4653	183
3321	92
318	35
487	162
283	31
1346	98
99	398
1014	12
1790	50
833	124
1130	104
1421	55
25	77
2665	27
821	201
817	1
307	118
24	62
294	33
154	38
3395	122
644	18
479	44
2095	21
249	37
616	27
2917	38
1006	27
50	237
1293	67
1528	102
24	59
320	43
426	57
934	55
26	36
899	2
1154	38
171	46
50	137
411	84
408	67
553	29
1202	125
225	119
174	89
280	165
403	114
548	32
954	41
376	90
5339	45
1227	127
140	40
911	7
224	136
24	50
222	17
1223	103
1853	76
107	29
130	53
208	5
152	366
62	2
324	411
352	13
549	62
400	12
113	96
2227	59
1112	2
451	78
527	61
281	95
1499	112
200	24
1788	40
237	54
208	96
1322	9
25	41
248	10
862	92
2065	105
317	158
458	146
56	9
235	198
708	56
2730	54
298	56
1707	21
205	360
51	11
793	82
1266	339
284	91
152	127
22	115
141	34
672	79
377	1
558	63
1229	149
1839	208
197	109
879	24
163	40
2569	50
1198	232
534	42
1834	113
314	250
808	43
154	95
185	96
2267	192
495	26
1992	16
195	88
581	31
433	7
636	65
470	214
2337	42
120	38
29	17
1049	158
1232	42
750	485
542	24
312	113
94	18
1101	35
391	131
625	42
225	20
3103	58
224	48
45	324
393	15
227	21
2063	82
405	132
427	39
972	247
165	57
2798	68
1790	64
424	24
603	83
340	133
2185	97
30	64
415	148
331	12
613	13
719	130
2595	91
898	140
502	27
111	32
113	29
356	6
2269	35
479	290
561	236
29	40
84	124
555	189
657	279
539	130
687	19
2182	66
50	125
270	7
1122	47
645	54
1306	2
25	10
453	28
428	356
170	102
1190	82
254	74
2798	65
257	197
1991	35
445	27
129	4
971	216
127	921
2507	4
257	50
212	44
126	159
697	76
328	40
109	57
390	18
1063	224
555	128
58	87
742	91
106	277
155	191
1939	6
341	112
285	138
106	152
197	82
458	120
909	29
2022	203
723	40
324	105
1795	112
770	243
711	60
566	55
279	128
1753	51
1800	78
699	224
294	418
2093	118
396	44
726	78
732	322
24	7
2089	21
2043	66
1274	154
489	24
890	28
315	32
478	26
992	52
411	138
390	36
903	68
124	180
901	181
2338	107
167	168
24	38
447	213
171	108
434	138
1112	17
568	189
655	3
1438	15
354	94
70	15
534	206
413	95
245	143
204	136
452	161
398	18
269	6
216	88
95	39
29	14
1793	167
205	236
685	97
1125	169
1292	15
496	256
96	220
2384	44
1384	55
50	11
216	23
143	24
206	6
368	86
2718	3
998	28
1192	262
42	13
30	38
13	21
543	84
2061	8
662	312
165	285
843	37
2766	103
1313	87
998	17
959	11
173	35
3387	98
812	28
1235	80
1938	45
1563	142
98	117
464	16
2185	23
119	96
582	47
143	45
27	62
9	14
182	68
1294	126
428	49
163	64
256	37
1151	68
513	34
162	110
1550	1
252	174
1112	128
584	232
158	50
251	25
131	20
611	49
400	14
745	78
105	7
667	289
533	131
364	84
302	224
331	69
442	471
377	235
1342	65
610	89
22	165
738	114
185	43
966	153
995	128
188	6
1744	22
517	45
45	48
214	23
380	51
195	17
24	106
23	9
101	366
351	3
507	48
1257	6
512	5
2792	105
753	52
127	21
334	86
2734	18
3661	86
544	56
804	30
1946	89
316	8
1214	429
825	54
210	26
224	565
106	49
1410	3
2581	12
599	13
102	147
695	69
1778	257
27	57
251	36
179	11
336	37
888	391
22	219
1770	135
382	119
490	218
579	9
1108	139
1912	27
280	26
655	90
213	114
568	95
1643	365
832	19
728	13
1428	76
634	71
44	256
771	79
175	157
485	66
402	110
361	71
714	13
24	352
596	44
24	47
303	77
443	184
873	9
279	31
138	211
784	17
676	80
35	3
38	35
1376	6
173	148
1415	151
25	136
1214	17
1959	214
56	68
641	60
279	15
3413	60
105	75
95	189
677	91
2269	49
428	12
1531	88
66	450
349	69
516	98
526	2
672	298
1037	350
1361	144
420	89
487	30
636	105
1876	4
564	27
133	28
965	70
354	830
288	56
599	38
237	77
272	98
23	57
224	443
863	47
927	48
238	116
198	67
1012	2
115	39
2242	8
27	71
2193	143
325	4
1010	18
161	68
1337	9
348	105
457	131
1054	22
816	8
389	158
1934	208
703	150
1660	164
24	40
1211	58
324	1
628	116
52	9
403	71
587	19
2296	134
1061	53
1518	202
2386	126
830	75
212	45
814	169
353	82
245	42
1107	279
249	106
25	10
811	46
151	98
193	26
65	38
683	160
489	1
370	258
109	111
276	12
970	110
1140	14
679	17
127	72
1345	160
14	31
359	124
378	112
442	15
22	50
1024	15
207	37
351	203
1074	112
404	212
2056	163
1027	64
167	306
575	80
1964	25
5247	68
1343	218
551	27
143	56
415	212
533	278
76	82
246	40
2053	294
548	72
272	312
154	43
735	61
677	44
3229	122
749	87
111	73
105	173
3537	44
56	14
550	16
1976	82
106	8
377	7
1035	9
1547	72
382	83
705	18
308	90
373	83
2377	63
295	97
214	58
1038	52
173	299
760	7
300	97
1072	120
1973	6
110	8
588	29
372	168
423	122
389	438
1999	78
751	262
2716	123
28	196
227	172
507	54
404	19
345	20
1414	210
498	59
549	61
1211	12
891	14
1440	77
1894	48
1151	48
597	105
188	61
4378	27
23	77
154	37
141	155
123	199
513	282
362	54
678	24
1713	48
2505	227
3979	111
580	230
1549	26
1520	271
688	218
2020	39
311	8
245	35
1857	69
350	184
328	125
238	262
24	56
926	190
388	194
44	13
142	16
1818	59
1444	109
484	111
825	12
613	51
2158	128
33	89
607	19
722	87
565	237
238	121
2052	114
276	65
25	182
81	146
605	258
1031	105
584	91
48	33
895	17
691	2
746	17
1309	18
113	152
219	38
5300	77
309	69
1164	83
1133	179
412	409
659	39
270	41
611	22
25	27
237	14
1574	50
2290	43
1980	8
441	204
1430	101
1101	32
1860	60
22	16
300	43
25	83
1607	209
26	2
14	35
13	3
348	97
1268	7
1150	26
890	18
933	159
316	135
611	129
1060	95
774	205
759	64
861	206
1134	246
1834	6
94	60
1535	378
1619	19
665	394
465	58
1735	13
1575	55
391	77
407	288
580	32
764	11
21	76
1406	404
596	115
647	191
1086	212
1025	153
390	20
365	72
313	327
689	5
1150	106
25	11
2272	51
136	1
776	122
1359	148
774	275
1351	147
437	77
664	79
1283	206
633	270
169	25
862	109
1497	19
642	449
3161	131
493	16
1448	295
301	42
630	163
2108	146
382	42
301	151
2358	120
226	130
257	56
1368	49
1293	14
767	99
584	139
733	47
2179	643
280	169
103	12
283	2
193	194
1010	208
551	61
1625	31
506	140
1239	24
2422	171
1138	100
619	229
1043	242
1734	34
147	23
232	34
44	140
190	69
1162	108
1149	26
658	53
559	1
1735	18
106	48
2523	55
389	71
104	4
137	69
436	89
368	55
1122	176
364	11
1999	12
408	25
678	106
448	216
95	4
455	155
1888	75
874	66
24	74
1573	109
390	99
2220	51
1272	293
306	83
1835	70
848	99
2213	49
26	106
1783	1
734	38
224	30
497	69
2504	49
1351	96
1109	229
2428	145
911	70
1431	33
689	160
1554	328
922	34
632	203
987	9
168	104
217	1
714	7
1245	38
2165	45
975	359
24	95
288	29
1712	62
1894	156
1084	90
528	97
643	65
1652	308
1056	8
171	35
2052	70
1817	2
430	103
184	62
24	28
349	9
412	257
140	157
2208	197
276	43
2759	183
2383	80
785	1
410	1
608	11
87	21
626	32
324	143
34	118
93	50
117	35
768	38
1500	36
24	10
993	26
569	59
296	289
23	156
840	248
564	1
1644	61
225	46
1722	187
501	84
376	58
23	81
773	50
1248	31
87	65
1302	24
382	102
226	294
728	93
974	20
1405	29
123	203
2526	30
511	89
209	142
2546	14
1194	178
139	226
1025	110
1375	449
392	151
515	1
470	198
682	75
1309	208
254	134
878	61
289	190
114	8
711	114
1243	54
690	132
102	12
889	117
157	266
1814	703
256	106
809	91
285	18
671	197
3158	88
97	143
1661	15
691	228
220	82
409	236
140	227
1133	69
54	32
20	249
1330	79
1371	31
351	478
1519	56
23	47
263	111
2275	277
547	105
1227	60
177	97
303	166
438	540
1289	79
667	8
1412	13
767	37
1225	16
82	263
226	4
924	18
51	46
898	45
351	289
1779	25
155	83
779	7
463	1
1193	12
397	39
1798	218
641	106
328	12
841	135
876	35
700	20
324	229
459	227
215	63
420	6
2650	95
269	245
173	90
126	95
24	140
358	112
414	65
220	262
117	99
145	71
277	22
49	2
1088	5
677	187
701	9
154	54
214	38
155	190
731	12
409	136
22	448
1150	101
775	311
4646	62
1068	38
239	74
644	329
392	73
2113	86
97	9
595	151
1283	216
89	18
189	4
467	8
1180	110
95	11
2503	44
926	139
851	105
271	92
1077	195
449	57
784	94
630	21
1645	59
182	24
95	184
319	196
558	24
633	45
4367	133
2894	11
2125	140
2228	82
602	25
209	16
371	28
950	48
321	65
248	53
29	30
677	76
1248	13
528	199
142	63
277	49
183	45
1316	137
247	153
79	213
590	69
82	21
1184	227
581	190
222	25
564	42
1810	224
470	82
439	52
1602	132
37	20
257	221
556	73
1271	13
400	15
2918	50
388	153
946	61
94	59
214	19
414	9
25	108
1471	27
25	129
152	1
777	54
110	109
85	34
289	128
1708	34
2652	78
430	35
900	29
1099	116
651	1
1067	46
1086	22
1032	55
1390	99
435	82
282	74
789	126
3573	6
1185	46
304	362
29	7
250	16
131	165
416	164
877	387
1334	25
1116	79
949	37
352	65
770	266
604	173
320	170
106	76
1988	252
635	180
34	15
476	60
550	125
340	43
290	13
851	67
585	12
24	7
520	60
179	92
405	124
464	203
129	34
23	49
2062	230
524	47
431	5
839	35
495	95
810	268
276	402
1543	95
184	154
329	62
909	37
283	80
234	47
1285	45
470	245
740	79
260	47
420	86
1776	67
642	56
91	119
93	252
83	167
100	341
2775	53
939	30
510	36
1051	144
2441	39
3189	45
20	41
427	175
657	79
2678	248
83	6
765	62
1527	68
2355	175
210	294
39	78
155	258
898	9
643	16
1175	45
50	18
235	43
1693	152
137	97
236	69
769	24
394	534
125	24
740	204
29	154
29	103
1565	61
103	200
1646	66
1820	33
1152	24
1129	33
566	153
393	152
129	39
639	40
179	139
1252	273
717	6
582	84
144	333
94	111
779	46
858	306
397	69
3019	55
3043	154
2211	5
469	170
481	13
298	73
25	84
311	41
152	50
95	18
830	94
289	15
122	43
65	46
642	21
688	7
4038	27
1112	109
223	213
111	12
746	211
1210	123
1047	126
332	13
947	14
1888	12
482	27
1495	223
546	39
813	7
1747	28
1889	288
237	3
237	210
33	52
299	45
534	139
109	264
1222	40
730	178
641	452
175	34
269	398
2178	112
1273	153
114	51
112	141
880	35
251	16
953	32
24	94
383	132
662	28
1225	16
153	39
1547	11
247	69
225	5
84	265
194	182
3966	29
442	62
493	77
1175	224
183	83
1958	69
1598	16
24	55
211	44
271	41
158	2
627	235
646	35
436	10
147	9
424	88
1223	8
693	100
1457	79
948	102
26	164
1898	318
488	446
171	76
379	50
218	18
229	122
367	47
182	5
555	354
3603	132
144	67
543	92
473	97
22	146
375	50
1167	15
1586	30
642	145
1070	36
113	8
1304	120
617	209
26	159
1224	42
181	25
1086	39
101	103
2721	53
30	9
355	9
574	69
147	151
673	212
90	54
1945	94
591	22
365	50
413	185
1469	468
2120	74
322	1
935	148
1243	163
214	191
443	31
618	13
1037	49
774	91
673	103
93	52
1814	255
746	41
856	38
435	17
1514	95
407	111
134	169
2323	22
295	81
527	130
296	3
107	112
25	152
640	387
95	28
885	32
1845	36
2175	3
471	14
255	35
2158	173
1277	71
1196	253
926	62
608	44
850	66
227	58
1434	61
24	93
9	49
3289	150
100	73
1636	5
752	77
1130	92
22	88
689	123
95	9
24	218
381	22
3664	75
3449	90
277	124
627	134
1460	105
94	83
1044	45
216	147
1732	35
652	41
616	204
1541	57
84	48
1023	13
134	21
139	144
614	73
50	150
193	145
288	187
149	27
664	84
676	5
343	82
390	297
740	1
2225	267
554	63
1103	17
128	38
997	10
751	3
1335	116
82	24
103	33
195	95
695	96
1722	109
23	112
2154	272
2101	206
1051	176
318	2
2608	48
722	151
1337	13
2731	103
311	50
1227	292
454	32
2138	2
1149	302
96	21
854	162
24	21
8	21
175	119
171	4
136	5
1125	109
1219	113
331	4
117	23
365	8
95	316
951	53
208	57
543	136
1179	247
901	176
49	213
470	143
3385	59
614	86
543	33
229	65
418	89
672	22
275	19
357	35
377	26
447	101
211	52
932	19
1549	54
1029	59
24	53
786	129
2278	136
49	141
348	30
1087	19
820	154
237	15
875	155
1325	52
31	44
206	5
484	116
1110	34
1128	62
456	77
927	87
572	111
199	110
618	194
971	77
760	38
1107	157
516	82
1068	6
1229	43
248	434
590	29
288	217
1540	64
3749	157
1136	167
1345	46
1162	22
1060	85
95	233
2404	10
903	145
2294	156
253	194
120	93
1764	385
1706	66
1454	41
264	106
764	87
1406	158
2177	58
199	432
2168	317
1439	38
908	26
708	2
1111	622
122	178
836	48
433	97
929	187
290	7
24	361
604	91
175	17
94	53
879	56
155	24
1436	33
2077	228
25	153
197	103
1422	101
