0	30
719	99
306	27
222	80
134	13
110	138
100	124
75	110
118	97
1767	21
183	4
295	88
422	50
287	68
464	325
99	144
102	53
55	19
58	100
230	10
187	6
424	385
131	20
168	135
164	23
482	72
82	23
80	91
359	156
210	379
171	227
123	92
115	132
229	8
292	159
215	57
106	260
339	20
364	127
250	22
56	110
93	61
120	43
399	8
277	127
181	131
90	91
120	132
185	320
343	121
164	15
381	47
122	57
779	157
441	68
147	79
123	98
107	86
443	285
212	27
291	83
128	185
439	358
481	27
648	277
149	43
457	12
428	180
545	87
530	135
3610	86
268	24
184	59
539	54
111	35
109	3
222	13
166	360
147	207
191	72
168	219
161	6
632	31
150	109
364	8
680	19
463	2
372	132
243	8
211	68
3841	58
467	179
145	190
162	29
125	43
307	628
716	125
426	110
740	278
390	125
285	66
155	114
204	16
161	80
304	258
126	35
978	132
136	60
1323	60
520	69
350	5
467	7
291	189
124	51
98	22
338	9
422	254
195	35
290	145
128	35
384	3
415	28
117	36
58	97
244	17
257	83
157	177
379	57
239	6
113	147
146	34
426	18
164	110
139	98
316	35
306	16
290	148
104	57
306	102
65	2
101	111
435	35
533	279
775	3
761	120
158	124
145	333
121	40
105	94
145	313
210	31
152	402
59	7
88	102
129	152
187	33
192	98
265	118
216	131
45	14
427	22
47	164
257	340
45	49
180	260
49	231
30	139
55	91
266	20
295	122
197	5
74	168
221	10
289	191
216	254
58	111
127	324
248	186
277	103
123	55
153	166
217	155
169	147
369	57
239	196
135	15
165	14
67	1
61	68
92	277
104	12
73	89
156	179
96	33
535	6
118	170
105	54
252	33
320	78
305	34
3780	1
178	473
40	241
32	93
28	43
29	91
29	87
29	632
29	43
41	67
29	88
28	19
27	12
28	99
26	8
27	40
26	68
31	6
30	12
29	47
29	39
32	39
33	150
590	30
216	298
122	142
147	5
139	24
609	69
189	26
126	130
471	56
123	86
251	69
152	193
228	81
54	83
25	22
213	31
41	420
545	90
799	163
61	7
167	320
41	100
121	5
43	116
28	55
126	67
43	126
220	39
198	37
375	187
49	50
132	14
374	196
642	59
483	122
145	128
159	75
209	443
144	149
176	98
140	33
166	56
149	30
59	55
113	10
195	93
198	82
252	79
92	340
37	112
28	53
734	60
68	308
153	217
300	325
296	24
477	29
29	14
305	49
33	114
135	74
33	357
394	79
140	130
211	393
97	24
199	28
129	113
34	241
355	31
24	18
41	125
40	226
322	31
38	17
44	175
122	69
420	220
231	59
33	74
138	20
43	45
188	54
92	56
220	125
641	44
36	4
382	5
67	3
42	17
52	51
169	173
196	211
152	263
22	26
91	19
295	66
135	151
363	190
253	24
40	172
293	36
224	24
133	39
186	20
169	245
37	115
111	22
319	41
96	112
211	99
38	93
173	187
130	204
367	40
495	48
198	137
122	76
150	379
266	6
61	52
120	21
62	26
100	10
242	268
211	56
79	204
229	15
250	89
301	36
191	93
103	28
345	9
168	107
46	26
189	59
160	46
56	11
715	69
73	110
33	90
463	324
147	69
37	116
90	142
417	98
142	154
48	201
20	656
115	39
152	162
221	112
92	115
250	20
623	44
148	523
37	94
19	29
16	113
110	13
153	19
231	319
114	115
307	32
108	28
287	15
206	44
62	35
180	93
199	118
164	29
82	119
159	278
66	48
404	162
342	4
261	36
41	39
62	151
104	91
223	108
215	113
153	17
231	55
60	299
41	77
245	43
79	277
562	24
34	86
140	65
258	63
305	96
26	13
198	200
101	33
227	58
42	92
43	84
196	333
226	43
102	159
161	344
117	24
241	11
379	36
234	48
96	330
310	74
66	101
347	88
35	23
91	112
121	30
45	10
104	376
196	105
108	44
319	164
160	18
182	59
500	97
190	11
656	101
685	49
113	185
177	29
121	164
99	265
337	12
227	84
269	41
351	267
98	123
50	21
119	1
36	134
54	46
26	56
116	18
330	52
144	37
73	73
58	63
122	153
249	127
219	76
31	154
155	153
154	16
34	34
87	49
220	83
383	29
160	170
322	86
135	73
123	18
382	16
163	209
31	64
46	69
518	52
146	98
30	7
305	703
157	82
509	30
668	118
195	67
182	594
40	56
186	38
199	96
56	24
39	200
326	357
208	114
35	22
22	55
130	21
44	115
483	3
139	66
40	10
256	50
361	67
34	94
31	85
140	99
204	73
344	56
52	86
220	3
486	30
283	243
148	219
396	24
245	9
49	12
488	20
135	60
198	181
87	39
239	158
31	192
302	381
247	9
151	16
31	108
404	209
957	123
73	523
62	123
255	66
236	22
296	35
228	10
572	178
37	244
22	65
126	22
48	41
191	140
35	151
165	69
78	49
223	43
143	43
91	40
365	77
429	10
415	23
60	49
50	103
196	98
100	44
332	50
54	57
83	62
64	29
239	15
107	6
54	153
44	63
128	1
781	168
50	30
117	242
176	11
237	4
439	36
257	245
262	22
331	62
26	151
26	78
28	185
53	92
155	21
29	74
87	183
51	298
89	19
295	35
48	329
232	177
55	40
330	18
52	11
114	171
109	451
137	17
38	16
220	123
86	27
28	2
221	13
191	4
145	122
29	16
88	45
218	22
450	31
45	46
79	2
100	51
32	169
358	49
28	102
111	31
426	51
329	68
163	130
153	107
102	432
106	263
139	8
631	121
116	123
129	6
250	282
665	126
332	34
17	75
40	20
333	69
430	150
32	1
20	63
80	63
28	60
184	266
218	18
320	158
261	202
153	36
525	29
472	14
35	139
18	196
558	114
539	47
495	4
147	7
249	291
70	37
98	76
388	6
479	77
28	16
583	13
55	10
50	100
30	14
688	389
52	10
104	174
55	195
192	106
101	181
28	88
86	39
25	268
42	18
102	134
431	95
187	19
29	12
193	125
36	60
86	1
297	177
258	122
94	98
102	90
37	71
109	29
543	80
29	206
869	158
120	2
83	2
856	58
112	16
173	102
159	235
40	265
23	151
202	34
188	133
109	78
213	20
161	132
171	20
253	181
272	23
35	34
47	80
71	62
53	6
248	80
75	525
432	66
329	155
199	50
78	10
306	223
106	47
61	335
33	20
276	44
240	45
25	141
52	4
183	7
30	82
114	135
282	146
30	124
202	17
138	86
145	84
761	128
25	17
171	32
108	507
25	351
143	148
345	99
675	170
25	191
338	38
162	31
144	170
145	119
54	30
30	123
83	222
109	33
18	35
192	10
25	101
100	15
233	109
368	6
204	30
88	7
136	55
208	273
27	41
18	6
314	222
159	45
596	90
152	35
528	24
310	102
67	68
104	428
1170	8
701	61
98	147
150	49
166	18
34	90
221	24
54	29
92	103
180	310
111	67
55	10
134	161
58	212
25	130
18	125
304	29
27	35
161	141
43	4
147	64
232	54
128	161
27	45
103	15
565	60
112	109
65	91
268	21
181	37
298	118
445	41
16	92
72	57
27	29
119	79
495	24
276	25
232	5
368	71
119	65
162	249
150	223
29	136
328	11
148	61
422	17
234	29
56	291
77	14
119	21
43	85
249	232
106	17
196	15
42	31
173	5
162	148
698	30
36	108
24	185
439	314
73	70
32	39
340	83
26	29
219	75
129	683
290	31
132	170
532	19
150	26
325	11
88	146
153	66
36	21
172	54
347	297
29	23
23	33
283	156
133	37
271	239
53	58
60	102
59	202
42	159
253	73
221	53
226	27
128	206
107	26
52	157
473	156
44	245
178	266
21	159
93	138
122	95
485	38
144	10
267	27
144	84
314	6
42	197
155	96
48	187
173	20
101	20
105	134
31	74
312	56
36	63
192	57
400	51
111	2
480	16
552	277
150	13
220	42
165	137
43	95
169	191
224	71
15	260
312	82
25	239
139	88
92	60
55	65
284	12
24	35
253	144
26	263
220	107
40	40
54	19
206	288
21	60
12	19
156	19
34	65
260	3
92	467
258	234
63	83
321	44
180	124
372	101
38	54
55	275
354	65
120	24
122	56
248	11
41	110
174	108
213	48
132	322
272	244
135	95
198	112
49	111
403	48
48	7
117	218
248	22
319	112
132	55
49	38
133	328
677	13
19	5
189	23
207	226
328	98
152	23
174	15
270	84
49	9
176	143
28	17
176	64
46	64
162	129
28	10
216	290
24	35
200	131
218	59
123	102
765	194
30	239
165	30
473	176
119	55
43	47
138	50
140	312
357	14
307	138
92	117
24	291
546	95
131	148
308	46
274	118
128	2
100	286
100	186
25	5
17	65
214	23
47	122
27	217
70	188
134	48
294	315
419	160
25	74
155	188
221	64
405	13
298	19
46	28
183	134
39	229
144	46
17	256
168	40
428	32
104	90
235	48
176	99
87	155
128	2
402	57
26	13
278	13
31	194
409	39
219	13
125	51
114	45
33	53
267	158
104	22
643	122
66	63
176	231
413	14
253	85
101	91
34	7
351	23
773	12
26	40
261	85
145	102
43	52
182	97
33	22
48	203
428	21
168	103
173	86
214	27
24	41
356	29
27	37
129	65
100	235
538	229
32	144
169	12
118	25
27	107
296	88
390	94
435	45
26	35
13	254
11	272
142	98
28	60
318	23
24	434
248	38
242	138
159	191
719	1
65	123
283	35
325	104
60	194
262	6
317	42
62	314
45	18
333	21
83	243
49	128
105	14
116	268
448	90
303	157
111	113
31	30
48	8
100	23
61	134
162	444
227	111
58	85
156	6
43	25
29	149
465	51
25	224
21	293
213	211
259	62
304	39
395	136
17	101
840	91
122	132
393	20
24	27
164	397
15	393
189	19
159	26
101	88
187	24
216	7
24	86
151	325
24	80
120	125
40	92
323	209
229	108
115	8
318	91
41	158
148	39
19	21
79	56
226	119
29	61
33	37
50	4
119	39
252	16
45	46
141	127
19	167
120	182
124	56
469	128
68	119
61	179
274	15
257	4
35	91
127	71
513	130
222	191
213	39
51	49
273	7
194	347
61	80
46	114
65	512
419	62
730	75
148	115
305	78
24	48
183	142
85	36
119	113
28	34
14	155
71	39
41	23
339	142
144	207
272	12
59	58
72	152
37	24
125	76
269	339
291	57
29	6
149	377
288	20
253	3
30	32
120	5
38	222
106	37
120	81
29	55
13	66
100	51
301	4
52	24
60	48
151	55
77	116
467	275
179	46
379	17
131	17
26	79
721	138
35	66
206	165
24	19
188	365
35	50
183	150
139	90
261	186
245	12
52	49
308	130
138	53
192	95
126	197
78	151
241	101
33	105
196	137
203	76
140	22
152	130
43	15
103	94
272	227
312	49
328	38
55	25
39	64
299	242
37	37
484	134
115	5
31	99
90	98
77	177
87	116
48	152
660	22
27	246
460	213
168	7
75	67
25	298
101	86
29	48
291	1
316	4
31	29
56	113
303	162
169	354
35	127
540	310
114	53
322	34
33	163
126	58
743	107
37	56
28	29
236	187
36	46
133	6
218	157
579	103
201	21
557	135
183	122
37	77
171	98
45	60
286	39
134	97
214	73
32	51
188	42
50	98
780	25
397	244
325	75
57	88
279	12
143	74
74	34
156	50
123	76
95	205
443	139
241	97
26	226
42	19
253	31
159	51
291	41
17	341
22	114
132	135
29	16
87	81
29	142
86	18
24	137
255	110
169	32
177	56
390	95
92	14
33	345
133	45
27	131
170	54
88	105
436	19
29	364
240	8
273	184
132	3
208	83
52	61
175	105
173	296
40	128
93	252
52	10
294	51
330	5
239	45
128	188
36	79
323	271
236	87
51	44
247	2
77	52
105	243
51	203
59	125
93	59
46	127
207	52
111	104
429	184
105	154
307	24
673	168
209	8
296	59
180	144
126	31
146	28
453	50
397	35
134	37
38	71
114	459
122	40
133	150
329	101
343	19
552	1
39	143
96	52
290	73
78	26
37	11
142	399
171	103
146	266
29	33
210	157
479	394
644	75
117	101
159	160
69	124
66	45
82	23
52	128
195	79
82	81
617	56
25	147
106	7
253	258
145	437
340	145
29	23
87	17
42	237
54	5
28	17
17	69
461	92
304	17
280	106
224	252
745	2
253	152
99	80
170	116
223	17
359	16
100	4
194	18
284	225
29	1
217	247
181	39
172	1
179	49
164	127
428	87
203	16
231	4
581	50
139	84
153	192
157	12
45	13
218	269
237	18
272	112
25	90
382	73
304	41
30	80
26	44
126	23
216	15
226	156
255	65
421	425
276	73
29	202
27	7
99	5
24	5
18	322
103	129
32	32
27	9
202	107
43	76
135	32
18	103
145	8
232	31
38	11
234	56
32	23
163	27
45	82
857	187
118	69
55	38
260	74
198	161
256	21
463	16
174	49
79	72
390	229
113	579
50	108
135	259
297	94
433	246
153	15
70	44
131	171
178	40
163	237
164	59
99	41
116	209
192	14
108	116
25	41
108	26
216	16
231	180
99	128
289	129
443	41
274	34
25	459
466	37
54	2
35	175
42	7
21	75
89	45
427	55
24	159
26	39
470	18
125	69
144	112
71	72
219	14
107	60
166	64
144	121
559	116
160	159
414	133
58	343
21	24
460	112
282	27
99	11
279	64
126	50
211	47
109	21
146	245
30	51
204	168
101	12
110	1
239	159
315	175
178	36
185	119
150	84
107	37
435	4
74	73
239	325
366	14
51	85
187	24
201	5
207	177
90	59
147	36
316	128
124	292
30	17
92	45
31	328
34	31
159	162
104	185
679	16
43	12
22	54
165	31
1240	183
147	57
48	37
152	74
304	90
189	420
39	55
311	211
39	12
126	108
105	256
162	245
98	367
148	59
206	20
245	287
27	117
89	225
760	45
273	211
194	52
254	194
55	32
194	46
55	71
145	29
214	64
317	6
271	15
20	117
26	72
639	6
102	12
202	100
57	65
203	26
291	9
24	23
612	63
31	1
34	242
144	9
181	133
516	198
229	3
131	92
485	34
36	3
615	15
678	41
18	182
85	114
182	190
183	26
311	33
41	87
275	76
15	577
183	154
275	207
26	151
154	162
247	139
195	11
177	175
217	267
31	5
647	160
111	18
217	15
137	15
98	86
332	19
110	79
406	81
163	7
185	77
24	44
48	100
35	250
196	6
285	61
214	37
138	200
130	53
192	137
120	189
70	41
384	233
256	14
196	22
435	32
745	22
58	223
184	116
27	40
423	199
402	76
611	37
96	55
237	31
238	196
81	18
92	21
154	65
125	38
32	78
28	14
94	72
31	4
102	51
246	211
90	112
208	332
56	136
44	97
81	240
24	67
118	57
54	86
324	147
301	151
25	614
427	45
30	231
246	72
166	25
145	57
24	39
126	417
440	298
282	33
140	99
225	61
24	369
263	13
58	112
46	65
234	82
122	120
409	62
131	53
92	13
183	56
45	92
107	239
226	24
148	127
84	77
155	36
237	37
74	193
108	121
235	155
183	68
71	50
440	121
26	318
325	47
22	13
226	1
221	11
39	52
54	47
130	10
279	3
103	56
51	245
184	46
147	86
88	268
94	49
20	82
787	327
57	23
390	111
239	173
112	243
26	73
584	4
27	1
86	20
564	119
106	285
286	112
56	141
120	17
141	14
41	38
558	168
534	33
178	57
16	15
94	37
140	167
139	114
165	349
349	216
109	278
35	116
93	74
476	47
25	335
776	4
112	4
28	29
221	2
139	37
39	115
801	64
82	254
140	32
551	83
27	68
310	141
403	349
20	35
78	164
26	16
107	10
24	82
26	29
165	25
151	18
25	188
306	17
121	56
306	32
53	152
101	166
49	89
119	52
60	42
238	290
495	201
60	97
48	77
203	36
26	34
481	121
390	102
114	17
118	126
95	528
103	4
196	166
153	11
458	26
191	42
23	64
422	252
357	182
114	94
159	268
93	28
358	8
652	105
184	26
24	37
319	274
525	22
106	1
192	12
396	41
120	45
47	162
72	34
466	6
232	28
169	100
113	56
336	101
30	77
196	353
239	21
120	123
43	56
29	292
111	122
379	212
18	72
91	3
56	258
306	337
161	66
100	221
468	6
26	57
95	214
177	113
147	27
199	84
504	83
26	151
33	21
44	28
460	189
38	187
90	165
37	120
124	261
232	65
73	123
50	6
226	155
174	1
16	127
85	209
180	92
36	247
101	201
93	38
354	14
253	19
27	25
78	105
118	64
91	109
326	57
59	33
118	122
446	46
100	12
233	96
162	20
141	12
849	99
908	99
100	71
469	283
57	87
24	56
222	111
225	160
47	9
88	365
95	31
27	47
248	37
54	79
152	76
339	129
56	49
44	19
30	168
190	170
30	37
231	22
159	234
473	3
555	195
146	32
315	22
571	196
50	99
242	113
83	183
45	59
462	95
535	131
463	24
140	97
355	199
29	57
189	204
36	77
95	333
25	46
232	23
99	26
123	9
211	223
27	12
28	28
94	107
181	28
187	168
29	151
70	95
81	98
206	26
478	50
371	72
26	11
567	61
179	170
26	148
194	4
468	42
153	315
28	70
401	168
95	247
447	107
216	117
192	200
232	4
258	39
300	227
73	128
234	81
47	34
169	10
20	13
136	20
38	455
117	268
541	35
342	95
390	99
186	188
30	1
14	156
276	136
31	36
124	455
33	19
157	65
31	21
346	33
653	23
123	26
30	11
196	46
30	31
151	93
222	106
283	25
564	179
24	54
291	352
23	62
187	20
33	2
91	88
125	102
44	90
109	252
54	51
273	6
154	65
83	104
163	483
432	369
48	87
88	41
97	38
191	38
406	71
108	145
189	65
225	49
85	135
201	325
312	97
675	7
96	110
29	50
115	1
80	1
169	31
281	34
365	4
39	54
163	77
124	94
372	6
405	174
173	306
146	61
96	28
208	71
154	27
24	208
83	46
104	94
166	203
25	76
25	2
436	69
589	452
47	9
88	15
188	326
43	17
914	139
55	144
189	40
151	75
23	63
556	77
24	106
22	8
59	24
185	18
408	672
212	33
129	75
27	16
29	194
138	207
501	23
249	20
130	165
129	105
353	68
221	152
552	9
184	146
71	126
203	64
269	52
29	13
495	2
322	196
415	48
74	13
422	89
105	11
182	84
95	66
173	15
236	2
98	5
248	101
210	34
233	50
195	60
74	17
70	45
240	123
63	10
144	1
401	38
222	32
216	67
189	2
95	160
494	139
122	42
40	1
195	107
310	17
361	89
211	107
101	56
38	136
34	63
101	191
101	113
283	51
18	51
227	235
252	125
29	64
185	37
33	42
183	91
48	93
116	154
90	36
160	6
70	233
165	27
160	46
447	11
30	50
22	58
192	138
233	65
32	32
319	11
255	54
40	76
169	166
53	2
131	19
23	106
133	82
193	60
353	286
122	16
41	269
185	341
147	40
39	3
243	57
89	70
179	11
315	163
514	5
658	52
436	312
59	60
48	141
263	4
39	40
103	446
810	146
93	64
62	131
25	227
122	289
209	77
334	46
310	36
176	134
144	54
265	308
245	48
64	220
149	95
561	37
233	207
74	142
688	83
42	88
357	282
236	55
134	2
26	244
205	2
121	130
287	132
188	21
150	19
35	102
253	352
140	84
18	386
457	92
102	17
110	138
24	177
203	18
471	86
438	2
55	38
371	18
187	79
380	141
55	35
415	24
31	138
131	78
42	7
132	74
190	105
45	4
159	125
128	105
74	36
77	193
121	11
32	37
178	399
36	71
156	322
78	46
99	37
97	63
39	107
17	273
69	87
152	123
87	43
202	122
250	20
119	23
197	327
105	170
175	95
325	275
183	219
192	18
375	14
73	357
416	201
149	59
97	9
44	65
173	247
89	181
100	245
82	217
171	38
66	7
208	25
25	47
196	222
102	217
41	165
87	91
369	2
327	105
114	22
162	308
55	134
288	124
355	55
214	124
42	78
41	16
64	176
109	143
113	210
118	37
78	66
53	26
498	158
102	104
224	18
48	34
216	95
132	26
256	3
35	252
25	63
95	18
81	155
53	126
91	51
22	2
18	51
201	33
399	291
350	64
32	199
67	38
293	112
78	71
85	289
328	134
163	213
392	184
87	28
188	96
161	15
71	258
105	142
171	115
35	3
52	58
156	64
226	136
191	87
181	4
314	94
257	130
96	24
409	94
185	61
253	150
22	15
379	12
24	162
323	64
158	685
135	22
112	336
269	116
267	22
308	45
261	89
31	98
55	63
236	9
541	51
272	223
51	210
303	13
35	58
154	2
268	5
136	123
23	45
223	98
28	35
144	26
23	50
208	276
25	129
24	32
234	25
125	1
113	48
562	177
25	13
49	24
24	6
120	33
46	131
91	176
152	34
53	23
256	28
92	31
89	11
134	77
107	7
136	37
109	34
53	21
210	68
79	32
77	20
32	260
86	61
234	114
415	191
23	28
161	5
46	534
134	102
130	306
118	257
132	58
117	108
249	22
273	107
26	22
76	85
97	67
26	316
289	238
456	506
38	109
137	152
61	319
120	4
53	479
187	3
261	3
67	137
71	182
59	10
433	13
241	81
597	24
309	159
239	29
24	42
372	38
55	214
18	213
10	5
125	37
105	263
17	128
84	6
112	6
23	213
367	60
254	136
306	31
284	345
50	116
52	10
217	6
272	54
33	187
101	76
47	50
132	147
97	163
372	55
110	41
28	82
13	95
73	29
196	1
25	86
154	22
355	44
270	19
206	16
172	22
36	92
11	81
90	44
38	356
53	7
367	50
389	165
26	217
77	40
662	113
170	10
24	150
22	96
435	192
148	1
104	150
24	118
155	97
241	55
113	83
169	69
175	27
667	439
29	1
17	37
101	117
160	230
104	42
97	32
55	105
208	67
214	5
249	143
197	3
221	21
102	29
23	80
233	7
91	29
41	78
163	2
31	9
75	68
33	85
151	16
305	11
128	70
41	59
267	71
138	36
120	93
282	30
28	274
231	25
29	36
130	46
127	72
44	72
391	21
179	27
400	44
56	5
88	49
192	15
164	140
109	14
46	142
95	377
59	28
380	66
255	139
25	47
109	61
150	88
171	63
482	273
340	95
104	123
29	110
345	49
149	158
176	190
23	58
324	202
317	98
221	63
98	70
23	95
217	89
27	36
299	53
23	41
17	65
90	37
415	27
30	101
352	26
353	134
148	29
30	27
92	685
191	16
410	8
111	116
26	194
16	50
176	2
311	150
36	23
303	6
248	39
16	151
22	92
238	113
242	130
238	17
231	23
24	402
294	199
111	65
377	33
344	18
133	72
43	109
240	33
604	22
259	10
154	58
78	783
97	104
42	24
82	108
478	23
246	8
145	224
52	43
256	101
28	17
129	62
39	22
276	17
93	177
149	357
206	19
213	67
103	34
75	74
82	72
277	68
215	29
99	222
233	35
191	175
114	131
107	162
199	21
57	91
196	36
124	279
72	45
529	9
482	65
18	216
379	212
215	114
110	13
23	44
552	458
414	207
97	40
108	115
171	10
288	46
260	224
26	1
117	118
420	22
328	19
27	167
111	65
34	6
405	49
215	70
24	20
106	50
24	311
387	13
115	12
418	238
141	27
142	307
248	62
25	36
365	285
133	6
35	129
19	29
81	19
99	302
32	8
97	35
118	191
25	52
497	49
39	34
118	43
28	1
561	66
24	249
160	239
27	78
164	188
23	36
197	160
24	65
25	67
270	178
411	49
19	185
237	15
24	247
502	12
80	159
99	102
24	200
42	146
21	61
454	67
35	273
43	126
121	131
181	46
324	199
135	31
97	16
420	173
36	142
324	37
279	10
332	14
129	34
123	82
100	127
299	5
420	106
65	20
117	12
227	223
250	21
250	4
336	70
335	39
232	36
68	62
180	36
141	17
24	214
298	155
278	59
448	4
274	2
116	40
322	140
139	24
355	216
124	224
154	22
310	19
129	15
87	39
835	119
112	12
70	129
28	186
26	236
268	57
521	5
37	4
406	215
38	60
134	50
413	302
90	20
154	120
150	148
149	114
89	181
563	485
70	45
177	22
154	21
82	43
40	28
170	90
160	349
116	27
60	120
202	335
63	32
92	10
261	76
118	136
350	14
86	75
203	272
73	141
198	248
82	25
71	73
51	77
166	168
306	18
65	317
111	201
381	66
28	49
49	37
173	13
103	101
780	243
142	268
100	84
55	99
224	214
196	3
309	53
110	320
145	108
196	237
202	17
197	535
120	323
814	62
726	167
42	52
97	7
84	59
25	83
178	19
65	185
188	58
315	220
49	103
48	10
122	89
433	7
101	134
73	42
280	107
197	56
92	123
276	150
184	146
44	378
547	231
261	124
148	7
118	17
95	74
119	49
304	154
44	89
245	18
71	3
159	40
292	73
224	2
65	30
315	8
381	1
159	37
143	164
490	192
281	25
143	194
184	157
348	543
314	335
394	2
221	98
113	97
399	35
352	75
1227	8
235	104
269	21
291	8
254	341
162	60
96	82
186	303
37	87
236	12
67	1
159	32
23	158
259	28
119	29
262	70
309	28
275	23
73	211
406	7
102	85
647	45
66	300
159	98
266	68
488	150
106	85
379	51
111	35
134	42
332	22
50	59
157	6
554	24
334	358
29	56
392	52
197	40
127	14
139	40
21	61
88	154
497	179
45	19
199	200
134	61
307	162
244	97
473	3
125	98
247	116
201	2
99	61
264	20
69	3
38	72
172	168
310	301
147	99
76	30
861	269
162	120
182	88
122	144
170	159
40	189
87	287
74	107
62	357
347	52
47	62
238	83
105	57
151	203
139	67
43	73
40	52
150	17
53	171
127	67
179	167
137	183
534	148
42	176
223	72
68	8
21	96
60	101
229	79
19	3
38	399
50	46
55	326
49	166
439	57
220	217
287	52
171	80
173	20
246	57
464	304
23	63
320	5
282	40
205	274
37	723
104	41
112	70
73	90
268	271
198	69
83	87
392	189
69	73
68	160
83	44
111	32
73	47
96	128
335	66
148	174
387	123
385	49
59	10
81	33
54	94
219	87
167	60
93	37
54	79
124	13
26	44
139	164
243	73
276	22
102	123
55	16
119	44
122	21
41	137
34	53
412	179
26	308
196	199
45	181
252	27
578	9
196	148
16	1
324	10
111	198
26	83
261	206
39	10
527	11
165	106
353	56
109	90
236	147
26	3
192	156
48	253
444	9
163	130
495	12
267	18
156	129
162	51
801	42
29	197
12	49
147	52
142	131
85	192
102	37
116	35
68	34
199	68
281	3
782	105
241	45
22	19
14	26
347	4
132	295
81	318
30	60
84	6
27	3
213	66
427	30
99	1
490	205
197	98
132	38
278	172
26	52
105	239
222	377
119	159
417	100
24	63
233	15
505	237
118	44
91	122
222	10
73	151
431	236
456	92
408	254
421	158
169	127
255	206
26	199
523	116
204	224
90	5
130	54
41	492
20	28
135	108
24	46
192	117
97	132
115	272
267	443
26	428
73	190
31	264
229	9
261	95
115	181
122	49
793	48
139	96
24	29
15	2
354	30
22	35
149	244
96	2
192	271
31	142
95	118
342	121
263	46
22	6
111	110
23	340
14	49
108	108
26	41
74	16
118	234
155	510
157	174
59	3
56	88
92	134
161	14
137	80
169	145
137	78
96	12
220	32
97	131
97	68
53	122
167	53
479	174
24	168
229	91
23	63
90	58
130	384
260	51
103	71
26	233
346	37
507	105
265	83
25	155
250	303
179	44
23	163
242	162
300	113
213	58
270	83
116	8
306	30
64	134
147	482
44	89
127	23
118	419
32	294
233	28
33	156
109	44
301	17
307	19
97	257
649	8
141	65
120	100
82	107
59	15
21	26
877	59
123	54
246	37
50	14
764	225
34	11
95	4
53	90
71	86
286	21
84	56
82	23
249	209
183	17
86	37
88	10
459	58
63	1
45	237
30	33
99	171
251	1
459	3
563	101
215	13
57	294
22	61
88	33
94	112
128	47
79	12
112	8
311	44
232	173
186	104
136	302
282	41
372	34
64	159
208	52
139	62
59	115
341	20
63	60
33	259
82	210
17	45
29	62
377	272
129	60
39	14
931	22
121	43
168	41
97	181
22	107
377	183
53	15
545	182
139	199
27	22
85	1
201	9
96	25
29	244
115	77
248	33
29	9
448	33
119	30
35	26
59	214
269	24
1083	28
26	27
39	22
122	163
55	61
348	46
24	52
133	154
416	76
49	137
48	60
151	76
116	27
158	59
49	58
63	13
169	25
147	12
222	56
227	34
86	29
264	32
26	195
86	8
154	222
198	23
30	440
41	55
20	48
95	146
37	39
159	248
95	48
249	20
27	48
89	96
112	28
26	4
173	28
656	214
221	140
28	82
45	37
32	163
364	343
28	261
69	150
27	39
124	271
73	13
21	12
68	40
358	57
260	89
22	147
217	112
151	3
134	5
139	243
109	30
216	202
23	3
391	23
30	197
118	27
90	43
37	213
95	287
58	63
21	20
261	26
22	11
190	155
492	77
237	31
171	334
25	89
126	66
410	148
123	71
138	117
82	93
336	49
216	20
453	38
26	131
194	317
586	22
98	32
255	254
285	490
279	29
216	18
274	98
249	15
126	162
121	235
144	113
149	136
32	8
37	109
47	103
38	24
245	170
676	180
491	243
92	265
312	15
88	4
403	1
234	3
132	558
355	182
648	185
163	153
146	113
150	250
168	234
175	20
68	237
159	99
150	125
116	74
102	61
68	12
67	29
432	118
121	8
110	19
342	160
161	130
38	57
219	132
362	113
115	125
154	194
144	54
209	72
111	87
113	3
197	49
224	398
157	268
416	15
60	151
133	22
105	76
80	2
123	15
175	329
97	12
65	16
23	51
182	11
121	137
237	413
230	238
46	85
50	74
164	87
43	80
30	15
161	126
120	53
174	103
46	210
87	44
51	108
497	344
26	92
78	22
101	208
42	20
3087	72
54	17
19	103
16	95
16	94
42	9
25	68
15	13
17	398
14	37
16	217
15	197
14	69
15	151
477	192
24	41
15	170
14	65
13	105
369	122
451	111
114	194
172	382
199	14
154	89
132	215
143	49
45	70
291	77
253	76
404	19
535	33
90	6
136	126
62	56
263	34
80	45
94	23
218	9
189	45
386	81
66	83
293	76
142	9
83	35
197	165
126	259
366	26
117	41
46	11
383	44
666	159
30	202
132	39
170	19
483	74
177	193
130	151
141	188
183	461
103	158
109	115
26	35
335	107
99	187
27	258
555	106
27	227
150	68
302	5
322	132
52	112
167	348
195	119
108	130
96	38
204	149
28	105
643	223
248	3
31	105
14	2
492	3
198	163
435	20
669	168
37	141
93	63
135	48
25	60
14	41
217	22
713	158
97	12
254	20
26	87
87	515
28	56
89	67
113	11
27	78
593	87
578	38
349	43
278	54
106	54
26	375
11	697
186	337
25	34
185	12
140	42
96	206
27	183
514	149
28	44
164	7
16	38
40	119
29	35
32	97
16	25
108	129
31	25
131	131
26	84
115	15
96	127
238	35
112	9
32	63
44	199
723	21
91	56
95	121
140	51
401	111
213	58
52	52
330	172
26	80
10	48
101	302
147	142
157	236
365	45
109	23
26	115
149	77
25	92
143	253
201	66
399	19
308	144
29	9
427	19
30	253
11	32
40	89
101	72
35	98
372	19
377	119
319	21
80	72
315	124
26	5
101	73
105	130
26	23
142	80
165	120
96	6
132	78
130	211
28	169
506	57
26	74
200	37
277	100
26	264
11	151
117	61
26	167
255	3
97	39
26	32
88	55
35	383
164	23
316	185
170	268
147	49
165	16
330	121
26	20
195	55
25	46
107	79
282	296
222	6
123	12
97	215
230	265
25	82
835	31
104	37
281	2
168	31
200	260
26	84
480	113
29	28
12	320
118	115
184	220
27	11
13	63
247	45
112	388
567	72
182	32
26	101
16	108
42	35
435	24
211	152
531	128
62	30
159	11
376	8
30	40
807	99
236	19
25	66
154	90
184	19
28	168
231	21
261	21
243	60
52	90
19	48
103	499
334	56
36	33
85	55
125	175
324	251
27	55
125	68
274	56
395	160
338	372
26	140
212	199
52	172
20	183
84	262
129	4
26	134
121	171
120	190
109	322
25	7
84	310
137	100
361	63
138	22
333	102
28	223
435	293
30	88
270	97
574	28
98	2
96	193
240	87
351	136
26	135
322	37
109	74
25	28
305	21
53	126
175	95
99	140
96	28
134	511
27	172
187	85
200	133
180	62
259	2
97	122
110	11
25	66
201	96
146	243
515	208
360	10
27	154
156	99
42	126
321	42
708	127
96	38
54	284
351	4
25	44
11	145
405	9
97	272
324	257
553	26
154	124
126	89
64	244
259	71
271	155
88	47
315	183
89	71
173	213
303	27
130	65
96	7
239	3
112	220
110	70
118	167
664	4
26	162
10	80
330	86
325	73
202	178
25	10
84	55
203	37
26	391
121	27
292	18
25	95
191	141
122	35
96	257
143	21
310	604
345	105
35	33
216	2
412	408
97	157
493	277
462	151
25	67
130	5
39	101
176	4
31	10
13	165
176	162
75	55
297	97
33	124
124	77
27	206
335	8
98	1
169	251
1335	71
238	44
40	235
471	81
25	57
338	43
328	15
259	24
180	200
179	31
96	40
263	22
125	8
286	79
26	7
156	32
275	45
242	27
27	46
259	68
227	44
93	147
329	167
29	65
330	83
220	40
163	68
26	152
416	255
170	81
92	157
116	171
242	200
230	112
49	34
341	90
85	24
42	2
184	4
199	164
45	38
224	29
372	42
220	179
109	29
86	43
42	52
41	50
430	14
132	37
112	143
287	16
172	172
108	196
201	119
195	177
26	308
84	24
318	1
16	95
49	144
175	191
29	18
186	184
23	110
413	109
15	306
138	127
150	135
157	261
30	120
10	21
10	121
8	57
106	142
213	20
131	113
199	161
60	232
22	162
190	261
151	48
132	233
235	36
420	3
22	378
12	42
174	87
34	143
13	93
145	21
220	47
30	65
206	14
592	64
36	24
295	53
25	34
36	366
88	272
618	55
443	160
474	179
97	76
202	47
115	41
555	40
52	98
21	48
194	5
30	179
11	103
182	64
176	98
142	53
459	107
25	171
295	4
22	54
358	49
26	164
136	58
96	34
184	38
130	5
136	109
153	17
722	57
86	234
276	29
82	185
38	449
504	107
139	98
632	137
180	1
665	191
28	288
149	75
26	282
177	24
55	339
15	29
84	36
25	3
151	54
36	1
85	24
52	111
136	89
121	61
235	166
27	14
208	131
103	152
122	30
110	30
109	113
287	50
26	202
377	5
26	167
545	1
227	17
264	83
23	167
167	181
364	10
51	44
16	39
270	42
30	45
85	91
36	34
226	90
25	40
203	318
224	7
477	476
120	116
118	111
27	104
98	259
233	58
292	21
116	4
78	153
145	55
49	7
295	17
98	221
368	32
110	234
202	186
61	192
217	292
45	98
60	272
91	59
120	110
110	134
62	150
213	98
50	42
250	42
162	149
138	26
654	44
109	45
26	512
92	43
203	83
350	62
152	27
97	5
600	3
146	56
27	234
192	12
170	9
140	33
360	13
349	68
108	205
53	108
89	87
132	60
283	70
155	14
109	58
26	45
137	144
358	8
53	254
359	248
60	179
91	79
254	84
62	233
359	260
82	68
160	36
58	13
104	179
72	26
188	75
26	81
68	132
81	25
352	67
829	40
25	7
133	88
488	142
184	158
147	124
124	36
86	34
95	163
127	16
97	124
667	52
609	68
102	108
518	315
320	269
336	151
149	60
39	176
293	61
257	424
26	166
11	229
232	158
97	78
351	43
97	106
299	163
96	17
402	187
26	66
168	90
258	9
35	161
11	20
188	44
441	10
385	105
25	47
281	81
33	174
991	142
33	38
13	93
84	53
118	382
45	66
36	17
252	79
186	185
32	32
17	399
19	17
546	51
105	15
29	34
88	19
31	339
174	128
30	118
17	178
133	32
124	2
97	83
47	128
469	43
173	111
695	21
27	131
90	139
275	419
36	56
358	144
528	6
53	54
335	336
168	234
154	289
68	78
339	549
26	64
118	85
136	200
218	2
192	264
142	5
97	42
136	62
53	103
132	171
309	27
198	8
41	9
541	165
144	5
134	107
27	34
551	37
100	222
216	12
25	7
120	168
975	34
299	17
282	42
136	25
374	23
27	48
419	98
114	70
117	171
25	22
238	573
118	64
28	8
12	151
173	31
351	50
24	49
348	55
675	125
225	46
304	4
164	25
299	107
97	90
220	206
531	2
46	22
420	142
22	121
107	30
73	4
141	2
252	176
286	188
174	157
424	150
203	6
27	27
201	350
106	106
27	224
110	341
96	13
100	334
276	132
279	2
40	76
123	103
256	56
34	168
147	58
149	190
111	119
34	106
13	104
284	39
297	18
158	89
51	14
46	185
75	8
333	327
117	104
68	27
271	19
131	100
647	362
253	10
63	8
100	38
91	85
207	32
59	15
298	30
30	232
11	11
9	28
39	5
111	15
264	202
62	171
163	81
116	7
287	355
136	114
120	295
253	1
59	242
194	35
788	136
59	109
584	83
56	4
322	103
138	242
38	123
159	66
81	5
92	97
363	88
208	48
212	95
549	26
121	24
37	7
111	4
185	55
25	80
315	144
490	43
84	147
87	28
28	40
301	81
282	90
26	92
90	119
26	73
183	106
161	38
25	9
109	54
31	57
209	141
34	114
240	225
525	143
78	78
36	157
18	45
10	109
246	4
163	159
346	62
269	39
174	20
101	83
96	4
285	88
399	56
126	35
104	113
97	246
29	71
125	45
59	51
21	46
181	132
154	13
53	293
90	169
323	95
452	60
186	194
245	49
61	166
110	142
106	296
45	202
118	172
139	10
97	96
66	199
188	69
164	56
255	30
302	422
109	112
143	35
79	36
578	11
267	134
55	189
90	4
256	35
461	206
160	60
165	1
39	19
207	16
26	22
48	92
371	59
199	210
26	159
314	86
257	4
27	128
128	123
28	133
15	36
325	35
97	18
117	74
27	202
154	148
27	149
372	11
52	3
235	110
282	36
116	29
230	16
26	298
131	100
129	20
454	85
25	19
180	17
617	50
41	73
116	235
577	114
30	3
11	303
110	27
126	7
26	5
186	22
248	42
539	2
213	49
95	179
107	7
27	17
81	184
305	67
25	38
97	124
161	83
302	52
98	128
51	4
177	110
27	9
174	5
31	19
488	7
109	24
25	42
268	38
26	113
159	37
139	94
25	322
91	21
26	278
217	84
208	243
134	28
32	47
94	8
83	93
14	74
96	58
70	157
175	22
182	323
53	27
88	33
481	36
109	274
75	13
108	26
223	93
404	44
713	82
42	58
183	81
317	207
172	101
37	46
209	183
440	237
147	88
165	17
361	7
385	780
117	27
541	71
104	39
33	195
91	211
23	2
409	222
242	116
25	26
205	19
190	3
265	204
35	49
11	24
42	154
114	39
772	28
243	84
27	6
14	254
15	78
99	19
230	29
25	58
219	191
25	371
122	176
318	464
24	131
23	97
207	69
153	577
187	44
25	24
167	192
318	9
99	157
343	127
25	30
90	215
220	106
237	140
24	27
156	75
534	164
31	67
47	188
248	47
361	79
43	11
20	144
134	17
54	110
21	308
83	4
254	148
174	56
212	227
26	174
72	259
135	27
107	61
72	194
155	21
41	243
97	229
291	65
571	4
426	33
177	197
298	58
64	30
39	3
64	72
128	11
298	93
69	94
97	26
18	51
306	96
218	8
183	144
26	92
252	29
170	5
127	110
96	62
14	32
374	27
521	38
177	165
210	164
128	32
202	95
123	7
155	125
577	19
250	32
95	7
776	7
299	76
120	216
119	25
213	32
25	37
100	99
106	95
343	46
172	81
203	78
167	29
26	166
103	287
25	7
27	372
189	204
29	7
11	78
350	254
97	251
557	649
26	57
449	129
26	57
104	110
25	38
85	244
236	24
311	35
33	50
122	175
377	112
19	51
334	99
605	1
316	148
451	144
288	259
744	19
227	12
204	85
942	33
204	313
42	85
139	146
458	189
213	32
303	185
128	89
499	9
149	82
114	139
30	74
195	86
333	170
185	35
108	9
242	69
175	107
65	32
460	144
658	3
154	152
93	95
30	132
141	98
145	87
18	160
9	318
25	2
108	17
444	102
863	18
27	283
328	33
29	58
1413	3
24	212
14	221
13	27
33	22
24	3
10	96
9	39
9	69
8	45
12	88
13	10
89	1
27	68
395	36
199	137
330	169
25	163
134	215
336	42
28	218
131	30
156	53
166	69
14	35
20	19
110	303
93	40
258	291
365	184
246	126
25	197
346	96
161	18
211	38
25	32
139	239
586	21
358	104
215	8
98	228
97	92
24	39
139	228
351	227
26	81
418	215
115	3
45	100
15	4
9	13
225	63
28	150
251	82
97	156
186	322
458	3
112	326
132	68
26	187
101	33
297	1
25	78
16	66
88	30
128	8
27	82
40	53
577	25
121	157
50	26
13	336
25	115
322	39
23	27
343	18
226	37
25	55
399	73
57	8
102	98
115	14
134	24
108	236
320	130
50	48
546	38
129	52
292	11
51	11
293	18
116	167
145	98
264	36
52	62
72	23
115	160
476	146
255	18
52	106
31	23
86	33
516	22
24	25
98	26
438	155
26	311
304	157
28	189
10	75
203	52
181	186
319	405
101	153
26	271
161	53
96	42
126	35
25	54
97	20
26	6
469	40
41	5
88	33
394	49
113	12
27	65
185	25
458	214
25	35
551	88
330	91
141	71
154	43
24	34
219	43
184	84
647	334
157	138
133	7
192	14
186	5
33	65
204	118
126	4
16	13
28	22
27	256
213	22
158	212
172	131
337	20
25	83
155	319
381	22
186	144
52	333
43	12
92	5
156	11
29	142
14	74
342	15
27	74
92	97
473	2
98	158
50	73
283	106
265	2
292	106
103	15
377	79
29	133
127	36
221	4
75	84
66	242
55	114
264	31
103	139
399	258
50	216
131	37
172	44
228	22
332	18
149	21
61	21
229	107
22	66
229	43
14	15
179	5
52	24
618	123
294	63
257	72
190	250
204	164
471	11
564	59
209	219
101	121
460	59
28	19
11	3
355	409
372	11
153	96
287	80
354	197
105	28
105	33
26	11
168	104
26	95
632	24
222	181
191	200
96	48
145	58
436	23
24	78
148	76
163	56
139	73
108	21
51	34
88	51
26	11
301	75
26	204
44	34
88	41
96	88
141	320
156	88
169	190
245	332
96	6
108	143
25	85
11	181
25	89
352	41
214	59
291	2
34	135
293	13
164	38
25	47
134	512
118	18
27	53
323	23
163	38
24	41
612	145
228	91
134	58
177	13
156	111
115	19
788	49
24	77
9	10
215	50
90	76
58	150
225	450
306	510
298	142
44	726
204	42
154	175
23	365
86	59
22	17
401	1
229	43
355	11
393	109
29	106
11	7
138	28
238	59
762	72
92	94
415	209
41	128
408	130
335	153
243	294
34	25
202	436
103	85
25	64
707	41
48	143
42	107
29	167
240	192
148	155
25	5
145	187
25	26
243	87
31	31
85	99
299	143
398	30
108	4
25	60
218	35
27	33
16	55
102	28
141	6
25	283
144	50
94	47
21	259
302	177
526	58
21	215
72	9
305	100
49	73
108	26
288	95
266	121
111	8
170	439
79	20
225	106
165	107
183	63
211	37
119	49
192	48
264	223
167	87
91	59
408	6
119	104
41	62
378	134
89	47
68	32
312	59
226	100
39	52
15	46
370	56
26	93
100	23
118	198
144	126
308	66
137	102
60	384
53	22
68	5
235	8
334	26
107	59
102	1
208	1
168	68
26	9
282	186
198	422
266	81
26	284
184	130
109	49
26	3
286	13
25	310
100	84
410	12
84	141
124	92
23	32
49	50
174	155
367	42
27	49
330	169
308	1
138	120
168	45
179	43
118	74
157	105
221	344
82	80
168	38
21	34
15	61
152	206
21	112
53	9
149	17
232	266
86	125
105	144
167	195
78	149
81	22
38	229
83	30
99	311
57	73
107	38
129	39
66	102
146	452
324	77
68	120
211	49
123	142
194	276
414	117
28	343
747	138
366	171
109	2
243	68
108	83
25	15
84	81
25	124
122	473
393	9
279	253
23	110
555	77
360	43
18	76
156	54
25	57
269	44
28	369
11	127
143	49
431	138
96	112
139	139
27	153
571	182
320	123
180	194
28	58
152	127
84	391
120	50
835	333
217	319
44	67
130	175
201	120
80	145
178	309
198	8
76	211
123	26
244	132
72	213
149	183
20	291
124	52
51	54
228	353
361	4
26	6
10	12
85	29
38	103
109	165
423	137
26	33
41	360
134	9
25	5
536	39
314	59
162	39
171	206
52	15
279	84
154	94
207	97
403	152
24	16
91	125
141	72
25	58
106	129
28	154
118	162
155	70
278	121
159	17
34	40
71	35
455	91
24	380
161	74
96	19
274	60
22	53
85	169
14	39
83	47
388	121
112	47
202	138
27	156
361	18
135	162
54	114
28	106
33	116
154	87
24	120
326	34
403	174
42	22
407	670
143	71
48	140
87	105
116	59
74	115
304	16
46	83
109	21
136	6
232	42
299	285
220	82
248	339
150	116
170	47
92	46
26	16
89	32
466	174
232	100
30	22
94	63
291	49
362	28
259	69
253	86
121	61
184	165
345	51
242	135
159	79
175	23
77	3
98	164
173	56
109	25
516	68
108	86
583	20
270	208
421	150
49	105
185	49
27	166
137	24
25	26
510	11
36	88
194	167
143	68
27	29
11	122
95	45
136	124
29	102
11	6
196	117
229	61
28	33
131	26
125	527
170	63
295	47
95	31
782	85
170	20
60	100
142	130
55	70
504	41
428	21
23	68
14	466
199	284
170	94
23	111
247	59
171	37
74	27
61	21
268	5
360	125
76	18
175	38
254	70
22	171
40	41
262	95
69	36
141	149
18	104
75	217
87	40
152	230
380	99
82	27
345	58
45	40
671	2
126	82
100	10
699	7
264	216
131	123
121	7
45	149
38	35
59	253
896	248
71	14
37	227
181	6
75	13
270	5
349	1
172	96
99	69
22	11
352	10
22	125
32	38
88	87
129	128
330	111
161	53
2037	180
50	81
15	15
13	45
13	17
13	120
14	57
12	6
13	22
13	124
13	105
13	158
13	269
91	36
605	54
88	401
147	14
206	7
108	226
233	332
444	60
95	15
37	108
65	45
60	21
452	245
93	20
45	27
49	48
77	110
70	140
21	134
301	31
40	127
218	60
208	117
161	140
54	35
270	2
379	62
41	417
30	79
18	273
117	115
24	15
198	174
555	22
147	130
63	76
177	108
115	42
177	239
146	38
119	109
331	90
62	21
263	109
80	341
308	149
305	6
132	29
104	22
265	32
227	17
87	191
50	36
435	4
494	46
25	45
59	9
15	52
185	138
190	21
27	105
123	254
157	53
259	46
353	3
23	93
117	1
25	21
40	48
367	31
308	22
51	20
31	154
40	229
19	12
327	25
94	184
155	53
239	20
365	1
138	298
30	336
159	63
26	38
104	125
129	5
265	11
150	96
532	146
110	17
776	229
780	436
308	14
185	221
27	121
98	208
25	38
230	38
195	155
128	148
212	361
202	110
25	75
265	39
31	324
397	101
22	50
368	152
21	126
49	4
22	89
93	6
735	163
318	78
146	60
381	55
25	234
492	140
96	59
353	3
25	74
39	32
88	141
108	87
52	100
88	96
104	46
35	9
177	23
194	3
31	10
221	116
213	285
424	311
27	42
777	62
220	97
511	2
370	20
27	79
337	131
22	357
85	146
22	89
226	41
124	61
223	120
221	77
135	5
204	25
296	54
99	224
168	188
244	108
24	8
204	43
108	61
25	57
40	3
524	126
210	41
22	16
270	46
22	10
218	202
553	22
522	150
287	143
515	21
137	47
132	22
60	67
93	268
281	107
33	121
358	234
109	89
26	317
332	336
106	348
19	29
93	220
453	498
63	7
295	73
178	128
29	41
13	74
241	102
31	93
84	175
224	6
47	2
230	11
31	53
79	21
30	11
700	53
718	100
121	87
35	244
64	2
94	276
67	20
343	41
269	55
283	20
77	235
205	63
65	30
162	31
117	362
148	39
573	233
82	34
187	387
97	5
67	61
56	57
82	141
53	37
50	430
26	194
24	125
129	46
524	35
121	78
157	66
64	58
294	30
299	119
70	107
66	6
62	187
55	214
193	67
161	13
61	14
189	206
574	105
72	106
204	30
28	86
203	28
547	215
471	183
118	24
136	436
101	45
293	51
67	14
21	124
45	23
65	31
197	60
89	251
94	19
110	24
657	49
79	205
67	23
166	61
170	78
339	47
66	29
289	90
200	195
117	57
185	33
20	131
71	40
1240	163
47	35
16	53
14	161
14	66
14	164
14	135
14	24
14	7
14	60
13	22
13	42
13	14
36	67
13	28
132	4
66	61
324	12
212	170
97	102
149	52
71	86
253	3
171	140
149	242
80	104
19	50
32	33
286	111
31	15
108	30
140	60
76	45
424	380
175	57
299	123
139	161
221	68
56	265
100	158
162	26
23	318
641	34
394	12
125	270
22	31
105	8
42	121
26	19
287	462
169	63
64	287
135	160
399	267
214	153
76	80
20	154
56	15
28	63
164	2
41	64
30	190
431	71
311	18
380	13
165	44
155	432
41	17
28	212
53	48
78	213
104	40
20	56
103	11
256	7
144	189
20	34
289	273
37	15
137	17
35	298
363	59
57	13
1139	52
226	308
331	54
128	192
99	25
381	115
688	5
32	226
18	159
3596	258
47	17
14	32
13	89
13	149
13	47
12	22
13	50
22	45
12	26
13	16
12	46
12	41
13	66
12	23
13	77
12	42
13	47
13	317
13	20
157	37
528	61
161	99
341	87
390	113
382	55
82	11
95	97
39	54
18	195
54	6
451	85
42	113
441	399
169	27
517	59
297	4
108	27
211	439
20	83
331	148
129	203
67	113
131	30
426	120
448	58
64	145
45	27
398	20
23	96
496	36
108	301
354	18
411	65
20	15
199	48
52	238
263	91
126	45
152	48
545	47
219	17
83	36
44	69
322	48
98	79
73	8
200	5
106	29
179	248
328	284
257	155
26	42
112	123
37	286
128	10
86	78
30	40
39	18
352	179
19	101
237	156
87	225
70	242
31	8
119	9
80	26
151	27
242	36
32	293
121	326
599	93
95	33
111	20
144	76
116	179
628	23
286	32
138	76
176	44
61	24
38	29
29	35
173	55
381	46
166	56
311	167
51	67
101	107
25	123
105	152
33	58
123	30
362	106
133	14
518	372
119	64
465	17
420	62
598	335
270	34
236	478
210	916
85	139
254	87
110	181
398	101
167	19
25	23
462	71
95	28
118	253
824	35
371	9
164	237
42	308
103	229
132	14
151	123
411	5
149	88
37	93
120	61
24	206
85	246
25	303
227	223
179	171
145	217
127	69
25	58
141	217
110	95
145	390
279	77
386	194
95	60
167	173
178	487
206	139
242	184
465	50
24	34
285	37
323	79
258	30
263	37
24	27
206	104
24	74
30	22
170	176
215	146
24	4
147	1
23	23
131	23
24	12
116	10
51	119
19	98
227	18
51	22
31	80
35	280
133	19
59	82
78	67
103	59
65	46
48	54
69	11
49	16
178	209
380	24
141	161
181	2
20	33
216	81
208	73
418	300
51	234
498	17
22	100
354	59
473	127
221	77
116	14
20	20
84	165
25	26
228	100
116	88
27	27
289	203
25	61
181	191
357	27
32	32
12	193
9	66
39	117
137	69
319	37
169	68
323	97
95	21
24	15
91	287
613	27
51	239
103	85
40	129
241	55
441	35
318	1
224	130
165	77
162	127
583	82
250	81
63	28
421	87
204	191
51	52
15	111
190	46
33	182
152	274
25	66
259	62
34	42
87	235
95	62
205	21
95	236
151	233
28	192
11	139
432	32
201	93
80	30
367	21
170	126
39	11
354	32
129	35
191	29
90	46
113	11
128	195
64	21
34	357
133	75
143	18
191	132
119	1
90	21
32	16
196	24
363	23
208	3
33	274
417	18
24	35
111	211
178	38
344	364
193	10
37	80
305	132
54	389
79	203
442	113
29	75
175	143
345	326
405	1
95	45
98	14
697	80
143	1
14	258
37	142
158	147
25	14
292	2
307	70
98	314
294	20
25	217
10	168
159	104
25	26
154	222
211	104
283	30
168	164
182	15
159	204
107	2
24	24
84	12
130	226
116	76
35	2
407	235
225	279
27	148
10	164
9	50
143	360
482	40
81	34
223	78
35	298
323	112
249	23
144	42
859	1
383	79
573	291
339	248
317	226
23	42
279	19
617	74
19	105
9	41
8	55
762	65
99	100
278	125
24	1
10	395
312	40
379	38
26	101
16	193
9	90
97	173
225	101
188	13
209	241
24	46
168	354
26	149
485	84
398	34
189	81
112	175
646	19
78	163
198	215
225	89
98	198
171	18
145	195
1293	14
25	53
188	44
26	124
251	119
29	170
263	20
38	34
170	39
29	359
83	139
432	124
61	20
121	84
31	39
316	209
263	7
32	37
13	134
454	43
96	217
338	35
41	89
107	399
29	87
68	43
350	109
258	78
147	32
25	173
470	344
25	101
85	3
98	212
1452	79
27	167
101	74
25	232
254	17
25	44
240	124
25	27
91	8
116	46
33	153
50	31
88	54
333	223
24	18
348	64
51	63
127	144
25	56
132	93
25	56
217	18
199	293
24	60
393	135
225	161
96	58
423	105
24	65
174	16
40	32
88	139
261	2
95	129
174	75
24	46
101	36
24	52
10	4
319	2
231	7
28	149
11	152
428	110
246	9
206	133
96	143
350	180
145	8
190	54
24	181
261	91
24	59
731	4
27	52
115	50
45	3
153	67
59	26
44	87
138	118
114	22
43	117
28	24
160	11
287	35
127	74
358	41
298	2
26	75
11	104
89	34
96	21
245	138
25	72
167	26
372	50
177	16
148	245
241	73
273	234
352	91
117	15
24	20
211	73
34	14
42	455
490	2
299	227
126	205
52	93
18	53
43	108
121	262
339	13
75	230
17	21
104	161
170	94
383	32
17	5
197	50
194	128
104	105
23	20
206	43
669	89
190	416
39	67
230	87
26	35
10	96
291	155
204	25
251	50
114	86
120	131
95	30
277	100
119	44
26	103
315	17
458	20
26	86
177	36
268	51
314	344
28	7
12	129
116	216
109	20
96	160
98	81
323	72
25	126
315	1
478	91
26	35
10	7
87	89
137	28
184	173
24	49
98	33
24	49
773	144
228	63
222	124
29	33
176	90
74	184
431	117
280	32
384	206
283	361
48	130
333	50
50	86
138	9
19	387
14	107
33	35
58	196
426	548
112	28
66	15
39	38
189	33
48	20
134	32
40	20
603	233
33	231
161	156
129	6
123	125
369	19
70	126
212	236
204	20
26	109
196	34
1007	39
116	136
380	1
125	2
95	22
25	48
203	39
308	102
236	212
25	45
109	15
25	282
185	1
17	36
10	165
215	19
97	29
487	57
24	132
51	33
256	32
95	111
96	122
148	32
284	59
36	188
305	23
122	174
26	75
118	506
198	33
133	4
97	10
137	23
128	482
23	35
25	430
39	112
234	64
25	129
9	63
180	49
35	467
131	153
345	61
21	73
9	72
93	297
44	13
355	175
433	10
98	13
61	70
316	157
172	10
275	67
147	46
282	52
20	51
219	152
63	12
115	161
267	51
259	34
301	438
25	26
207	82
173	152
297	206
371	64
26	82
15	144
286	52
150	15
207	61
234	30
392	48
109	36
30	44
16	11
40	393
18	28
27	2
168	166
78	10
180	319
276	18
188	70
131	35
67	183
128	82
192	58
317	92
228	81
140	73
366	12
48	125
143	18
155	84
195	87
40	17
421	57
175	128
320	69
174	112
24	26
117	20
331	60
26	78
104	350
340	218
213	124
195	65
26	351
734	96
27	179
25	155
98	137
191	164
27	24
129	216
27	12
92	160
27	173
99	108
25	60
110	225
26	183
10	3
196	36
259	138
25	233
291	95
24	10
40	179
114	57
548	97
97	45
187	58
24	185
84	40
143	73
156	189
50	66
147	151
148	11
106	3
687	25
104	48
95	85
113	128
50	17
337	7
25	119
197	302
108	146
23	180
333	113
136	39
24	174
92	11
98	108
440	12
95	28
31	75
231	56
24	40
14	16
87	11
96	294
128	19
24	363
148	98
25	6
435	159
351	65
249	5
127	108
438	65
95	38
96	99
95	53
390	114
123	25
248	305
128	147
294	985
195	430
142	42
198	22
206	112
25	72
69	25
24	170
336	14
247	224
248	68
24	18
15	28
86	34
51	69
141	85
121	109
24	72
338	70
34	111
128	230
232	24
87	526
79	180
85	161
33	66
59	23
622	104
783	126
229	47
84	22
208	366
38	1
28	218
30	21
211	119
34	261
33	8
316	216
128	127
634	63
33	271
84	125
889	58
35	92
159	34
81	37
105	110
100	76
578	13
167	22
220	87
239	9
53	120
29	26
34	87
90	84
15	22
185	9
436	32
384	139
162	9
32	81
126	196
42	82
28	118
288	5
40	17
127	195
428	36
134	16
444	118
63	64
48	93
270	161
50	1
50	17
279	75
45	71
68	63
427	49
37	45
167	135
123	359
461	2
341	56
650	45
138	38
273	12
343	52
187	245
267	8
181	106
125	260
129	53
32	1
56	50
30	15
89	109
318	16
12	22
541	25
133	203
110	7
279	214
29	14
29	60
189	350
209	81
127	37
197	195
366	111
202	39
569	154
53	9
237	199
496	171
142	53
186	172
396	2
25	144
668	4
25	125
249	119
27	6
431	3
120	48
94	2
36	78
105	20
26	75
111	76
159	115
134	250
129	110
40	312
397	133
25	34
140	92
143	44
51	183
234	43
25	146
84	126
431	3
74	54
207	10
26	12
492	94
66	89
321	269
24	40
31	133
103	579
26	2
178	54
262	32
794	67
129	88
173	49
23	101
210	32
150	302
112	68
269	6
126	4
206	30
31	50
79	172
221	131
26	327
157	60
25	73
715	428
28	157
139	142
174	89
195	136
28	67
14	90
91	143
25	68
128	249
272	5
26	48
39	50
135	59
41	23
358	77
48	119
78	343
42	54
132	34
329	74
587	106
138	29
148	96
39	24
521	18
232	101
485	119
346	146
329	49
208	47
238	145
103	13
441	12
133	66
25	127
40	2
24	18
246	33
41	10
84	128
104	54
191	228
223	19
87	50
206	454
24	22
193	150
94	141
164	54
418	152
48	198
50	30
369	6
222	64
162	13
129	18
36	90
77	39
37	40
28	122
318	88
232	10
42	61
76	25
99	25
102	17
38	238
335	64
87	110
158	331
302	249
61	187
175	114
97	67
32	5
287	364
29	63
720	35
26	109
397	170
150	39
20	104
47	70
18	66
54	39
615	229
470	100
469	27
251	3
320	18
291	102
210	126
94	9
129	97
33	62
589	126
125	130
117	33
48	213
53	77
268	188
2083	98
49	114
14	30
14	199
13	296
13	28
18	19
12	5
12	1
13	137
28	19
20	264
15	267
12	11
102	32
178	161
163	19
796	154
482	30
440	9
49	17
33	59
38	75
216	231
27	1
396	75
154	44
28	4
142	98
265	32
178	32
63	1
235	99
322	218
137	101
315	35
66	23
127	67
218	29
49	20
30	67
127	4
558	55
187	1
340	218
274	240
232	12
63	63
693	64
269	152
71	78
81	1
240	95
33	111
532	55
721	115
562	137
49	80
38	140
179	70
82	1
39	5
104	51
808	210
193	49
31	2
112	42
109	5
31	26
15	20
172	86
210	79
69	31
62	174
396	171
54	161
220	55
79	111
201	142
396	86
45	71
46	320
344	13
265	25
173	91
21	59
13	29
298	73
161	59
142	107
209	293
100	29
97	24
247	168
74	240
147	77
236	60
49	52
226	9
98	12
26	19
85	243
175	55
153	25
253	90
25	475
9	60
804	244
94	29
163	47
243	32
25	77
10	16
239	101
145	126
34	129
211	49
134	33
891	245
841	31
155	92
27	8
10	122
242	6
312	16
23	47
129	3
413	18
135	54
124	188
83	191
59	103
55	79
515	8
63	143
100	206
78	227
59	261
356	127
286	180
232	61
97	24
50	50
148	99
252	99
481	11
132	14
192	50
435	80
290	33
84	55
87	123
185	33
51	635
48	208
117	39
139	120
199	50
24	78
24	114
495	99
118	29
271	128
447	138
48	65
14	8
131	43
25	321
121	21
24	40
111	382
35	351
1192	44
306	64
46	41
670	2
49	11
43	329
63	24
255	71
407	27
342	70
213	88
188	63
13	62
164	3
84	216
75	85
34	95
146	29
166	77
140	21
114	20
72	14
87	94
195	160
29	46
46	40
256	228
126	57
24	99
10	217
166	91
26	12
91	56
492	85
32	146
224	36
73	149
184	339
98	105
138	171
139	68
25	9
275	30
95	85
204	196
33	348
440	29
24	21
333	87
24	7
85	167
180	201
96	82
114	23
174	287
850	251
24	151
222	13
262	67
114	40
284	66
393	101
284	18
25	284
473	108
24	41
424	34
50	84
110	163
34	1
298	74
24	11
9	67
501	5
119	68
209	37
149	2
292	115
25	3
1081	403
25	201
266	12
201	109
664	98
134	122
24	219
110	175
153	41
172	179
584	15
129	1
21	62
415	19
333	41
95	41
117	174
103	42
152	31
85	42
38	1
317	73
95	15
175	10
41	147
40	124
69	29
80	21
96	13
236	184
91	127
24	123
149	79
228	152
346	27
285	159
184	32
96	34
25	71
40	150
230	86
315	11
266	129
135	260
22	34
526	40
247	45
35	132
395	45
147	20
241	115
141	551
107	7
23	21
131	24
24	260
134	16
481	260
251	58
263	59
24	23
269	157
578	200
521	405
25	97
93	77
139	83
123	49
455	465
21	60
18	10
154	185
24	301
562	160
204	65
24	133
181	7
96	70
24	111
39	6
106	124
24	248
96	96
198	42
107	52
24	66
140	42
125	25
248	84
108	14
26	107
210	130
96	142
167	57
185	5
324	21
73	80
469	484
17	31
61	2
337	71
422	8
656	233
74	20
382	150
226	70
172	70
133	199
497	163
210	34
240	285
727	63
152	35
13	26
9	72
41	76
229	62
205	58
926	112
24	224
24	4
111	55
435	77
167	138
196	4
241	220
352	2
25	320
96	19
140	5
575	20
41	2
260	146
29	67
280	190
134	155
630	147
30	347
362	52
251	119
43	44
16	96
338	125
129	95
475	102
36	83
260	376
50	35
458	121
121	15
83	134
520	18
202	68
126	2
16	107
864	3
59	103
11	49
9	185
205	109
205	108
176	5
97	163
746	59
192	30
147	15
294	7
220	42
347	384
187	102
309	57
385	187
24	441
144	78
109	68
52	192
110	227
157	137
254	131
308	230
141	182
24	15
242	227
134	29
263	82
132	138
78	211
183	19
312	24
47	146
299	65
55	75
131	87
37	352
56	85
226	12
17	21
287	24
51	54
81	4
283	314
21	34
321	90
344	112
93	16
20	23
9	180
143	129
24	5
449	67
152	82
156	106
39	63
457	46
26	56
39	14
113	51
149	254
30	28
370	240
183	10
215	134
95	22
15	41
103	230
162	12
478	39
96	16
529	64
256	15
104	39
217	204
24	168
9	230
114	77
94	31
25	12
435	112
24	124
98	356
24	73
92	16
37	6
165	39
214	239
25	79
462	183
153	61
237	126
301	20
456	17
214	15
91	41
209	284
161	214
163	10
331	72
426	10
117	20
24	76
182	181
96	83
208	83
64	71
201	96
24	51
103	333
228	188
24	10
239	40
187	81
280	89
35	67
125	182
503	25
202	444
144	4
23	4
110	190
111	129
120	82
85	10
274	16
468	4
167	161
39	170
133	81
631	49
220	15
211	107
24	2
224	44
25	4
187	14
104	28
165	111
311	100
23	2
320	479
23	29
79	88
123	21
188	40
581	208
16	401
38	54
472	233
720	50
136	81
238	275
249	171
236	60
26	203
150	81
218	434
14	3
141	38
242	11
82	246
159	49
320	58
157	48
94	7
33	87
321	83
27	92
10	151
123	193
260	66
50	273
25	38
84	41
283	10
237	68
28	166
10	8
108	170
210	81
24	57
92	369
145	114
25	214
319	99
270	90
637	38
25	75
298	177
180	109
199	25
109	79
24	85
98	18
24	41
93	36
141	212
409	55
370	42
123	43
24	138
269	116
367	175
107	151
249	94
39	114
218	7
134	159
109	267
69	96
173	44
14	163
146	31
408	72
161	38
144	32
39	196
301	57
98	139
54	8
118	84
44	131
193	11
246	272
231	127
502	6
67	168
111	13
63	65
553	58
56	223
29	102
347	38
41	58
657	10
81	476
161	410
22	51
83	24
133	45
50	73
121	39
186	197
22	150
370	206
400	48
143	9
122	37
24	3
216	59
26	18
351	85
121	36
51	8
37	75
453	138
476	65
243	101
117	114
50	9
20	14
291	109
335	4
34	91
142	39
24	64
469	20
25	188
118	48
25	117
519	188
163	99
51	111
86	30
131	78
103	15
25	41
408	20
24	184
682	68
110	64
151	53
23	14
168	58
49	57
436	262
26	37
15	305
207	123
31	6
131	47
284	29
132	393
267	215
322	27
70	98
110	7
375	40
244	197
299	27
109	36
84	31
29	44
113	9
156	154
307	50
151	36
160	124
119	43
433	236
333	73
94	5
196	51
105	221
21	12
394	10
35	159
85	218
205	173
24	90
138	8
24	37
296	313
60	116
182	12
268	30
201	157
79	58
61	106
255	204
63	146
249	82
413	22
331	10
26	4
214	105
244	21
560	6
52	111
305	39
206	80
22	169
108	25
26	259
196	24
26	111
171	157
528	21
107	100
51	99
407	213
25	47
435	78
241	357
283	297
95	31
259	48
274	303
411	21
44	18
144	38
60	51
23	16
74	142
426	44
262	28
681	159
240	85
34	96
197	121
137	15
95	76
213	73
24	41
9	2
20	45
236	106
340	55
284	161
156	17
155	129
163	71
43	181
204	55
214	85
144	23
15	9
116	176
124	11
236	386
23	32
234	21
160	49
189	171
222	28
25	103
150	372
25	13
395	13
317	12
34	69
159	150
24	382
10	100
228	29
449	414
261	334
207	227
61	15
306	42
70	5
88	110
139	169
51	104
437	9
127	13
13	33
155	313
51	167
454	105
225	58
24	2
144	85
591	107
226	92
57	39
71	220
77	1
297	11
36	291
1107	9
104	38
348	50
39	34
130	163
25	35
361	38
434	220
961	22
148	7
206	84
25	161
185	50
268	60
52	74
107	58
208	15
154	278
174	65
281	2
25	108
87	115
25	8
168	223
26	229
10	42
136	122
23	15
217	164
283	50
24	12
84	21
108	4
24	19
29	92
39	85
226	121
32	99
182	191
247	19
170	61
24	165
882	160
139	28
530	16
203	26
218	44
24	24
121	145
561	67
168	196
200	53
198	24
21	25
151	164
23	6
10	553
84	200
81	221
177	182
25	19
68	94
23	4
103	104
22	99
180	48
748	103
24	338
141	6
32	422
271	172
237	9
34	12
288	16
25	39
235	215
63	81
65	72
48	18
247	75
70	226
172	27
223	66
71	48
545	100
46	33
213	39
25	61
375	21
333	67
95	169
176	53
141	21
134	104
50	114
212	23
97	119
201	51
95	31
30	299
503	329
173	52
423	154
22	56
253	128
27	2
10	177
39	8
266	8
95	378
120	116
95	34
171	95
95	183
39	2
146	34
184	45
333	41
204	118
197	353
51	170
19	10
861	45
133	123
334	44
36	185
28	31
162	25
447	26
353	29
87	45
26	55
310	118
346	70
142	23
251	3
179	49
25	7
10	24
124	78
234	24
122	35
167	215
24	303
496	68
25	346
39	37
329	41
190	163
24	155
193	86
25	16
232	42
26	139
449	9
219	239
112	319
97	81
342	173
26	97
183	28
243	103
325	13
205	12
36	17
413	66
340	150
271	87
176	214
197	157
61	145
83	62
89	49
195	94
824	185
429	67
255	53
14	182
150	36
144	18
23	46
287	51
403	333
51	6
90	135
268	197
470	52
24	10
719	88
25	127
89	43
244	5
24	20
473	108
98	54
215	58
25	107
149	45
267	251
567	198
109	361
92	116
40	67
143	157
26	12
78	18
98	182
113	31
212	35
24	43
291	89
514	64
186	64
195	73
381	287
50	27
338	90
103	383
24	72
251	447
149	162
22	209
29	22
167	85
21	36
216	83
347	62
213	13
25	404
86	313
25	115
162	161
27	102
12	17
111	18
600	60
295	14
321	5
503	182
24	24
322	64
24	504
84	65
197	8
485	112
318	93
50	69
27	38
165	13
155	228
24	51
66	55
35	188
38	140
217	1
22	35
290	137
87	142
364	58
73	321
105	69
150	175
112	260
50	390
85	206
129	15
77	53
176	87
22	126
74	49
80	34
13	10
256	118
94	77
84	7
269	151
156	160
63	240
19	49
174	156
51	99
107	25
120	29
24	147
139	105
24	7
103	34
29	103
10	55
191	322
31	61
56	23
180	106
110	223
94	22
235	61
36	46
104	18
538	21
180	57
108	6
156	73
111	54
157	29
200	200
243	167
204	75
173	90
117	35
114	231
163	20
21	28
348	25
187	8
443	72
15	43
541	147
134	100
140	71
27	178
92	2
27	39
308	374
99	4
118	49
228	290
115	22
26	153
10	14
85	42
282	13
25	51
352	73
156	176
92	17
172	84
117	43
422	78
165	304
132	91
389	22
127	88
24	26
205	66
24	66
13	41
13	138
9	69
776	184
111	161
31	231
547	123
15	1
83	7
95	28
114	293
160	86
160	56
201	20
27	128
11	410
470	17
128	8
200	6
93	111
132	21
87	98
40	77
68	12
77	290
79	32
48	117
311	97
383	82
224	250
209	106
62	148
45	3
98	32
443	3
318	182
117	73
466	16
121	254
38	106
139	61
21	15
128	82
21	98
205	47
276	149
22	131
83	44
245	217
119	109
165	167
657	92
95	57
26	138
169	255
158	155
434	15
104	27
113	218
401	52
26	142
181	46
291	51
130	18
174	157
95	113
96	47
25	6
232	23
213	78
123	4
101	208
167	20
14	110
104	89
405	6
263	15
426	163
107	131
151	52
37	68
19	164
146	96
134	73
206	142
107	102
217	79
13	51
80	186
13	158
211	32
13	71
96	73
156	104
102	11
483	18
386	39
167	29
69	208
238	51
360	1
146	8
338	68
56	114
64	200
98	451
29	92
63	14
334	25
62	206
332	26
84	91
193	9
309	111
22	260
25	123
134	47
184	107
49	27
99	30
33	188
11	94
374	157
17	7
9	30
167	201
20	99
105	55
23	226
488	65
179	126
25	131
125	189
94	414
79	147
146	9
636	39
32	7
13	16
146	418
229	48
159	39
41	139
156	58
25	32
20	383
430	29
131	38
15	85
123	138
112	80
117	225
35	127
152	127
21	18
295	90
21	55
9	63
179	207
238	98
37	131
192	261
24	44
185	138
42	20
126	102
30	40
90	10
26	130
519	119
87	28
245	18
30	125
317	115
135	16
96	144
30	10
136	52
24	36
91	130
26	409
392	31
162	182
228	50
728	18
24	95
190	113
229	24
29	109
29	92
13	320
444	27
702	38
24	214
116	91
28	114
80	113
386	24
256	3
27	10
138	548
380	77
113	46
275	278
220	21
50	29
32	43
232	112
24	16
14	33
11	57
8	6
27	15
113	48
235	306
67	15
115	34
349	66
25	81
67	62
170	13
25	217
279	28
99	31
16	7
132	152
24	88
107	34
95	153
133	5
123	124
184	14
55	70
156	180
135	223
26	39
90	89
27	80
92	58
26	16
861	188
325	40
52	49
238	120
50	91
89	4
39	93
93	74
98	88
20	2
325	430
155	43
100	515
116	161
216	171
98	142
373	50
267	83
172	10
30	78
146	267
373	43
152	248
209	43
24	51
10	58
149	99
24	37
68	172
131	9
16	96
241	260
466	101
190	146
102	48
218	131
501	357
33	7
386	88
268	33
147	49
245	19
132	258
258	125
21	4
371	22
117	135
118	144
68	133
200	95
40	40
128	152
25	127
123	202
25	183
252	171
175	226
313	128
221	146
24	65
181	182
24	22
149	107
50	163
92	38
97	58
25	80
438	205
516	21
26	191
346	40
95	555
218	54
25	103
98	111
24	36
85	118
104	149
50	259
93	1
147	92
658	264
24	33
87	57
297	104
95	155
34	16
355	120
24	23
163	43
289	17
26	495
169	85
207	38
50	38
131	89
179	355
145	90
69	120
24	46
140	222
26	114
15	111
381	26
25	97
24	53
329	24
233	12
167	59
24	9
183	22
40	56
301	55
37	64
176	46
168	188
95	8
143	5
216	30
21	36
82	142
103	31
128	94
243	2
88	17
419	71
182	51
143	250
95	82
52	128
243	248
16	146
236	124
88	185
125	78
83	44
308	53
39	27
102	115
187	152
85	19
16	67
116	51
580	43
23	14
162	112
22	36
89	133
263	301
552	72
94	10
106	26
82	171
310	16
193	16
217	205
95	172
938	157
185	31
24	9
110	38
96	216
25	125
240	35
102	37
130	122
519	11
34	28
179	97
405	86
260	283
25	74
375	3
51	94
87	58
321	61
113	226
126	43
28	29
11	104
627	10
25	97
9	17
9	227
300	103
188	64
213	2
50	32
258	28
332	117
292	148
23	45
85	114
50	6
203	188
63	15
477	337
327	4
24	41
111	183
153	64
212	74
824	33
273	51
27	36
273	39
24	40
240	35
181	7
194	42
51	126
204	51
527	65
102	54
176	62
51	55
140	38
623	12
96	28
114	11
111	44
86	38
207	67
160	43
25	154
142	30
24	38
168	154
307	259
611	159
208	147
181	56
157	29
193	8
24	5
594	145
29	87
10	9
250	67
137	183
238	57
23	105
136	129
32	146
193	314
38	31
48	73
187	76
25	16
177	10
26	1
122	446
107	1
24	5
380	101
25	214
193	15
128	9
147	8
400	45
180	280
208	44
18	46
532	40
217	291
20	192
9	260
66	23
98	71
13	216
65	15
25	8
123	81
94	149
145	171
135	15
505	115
73	153
416	233
93	49
79	63
80	54
86	136
129	56
209	28
258	12
199	20
23	51
33	54
142	42
472	95
123	52
13	126
479	4
134	30
68	76
88	54
16	61
145	3
210	60
12	41
92	116
74	32
176	15
205	181
67	25
85	26
248	37
96	40
122	52
155	258
26	35
97	513
24	37
86	7
50	27
41	19
18	212
240	221
323	133
13	107
82	20
210	57
134	218
387	306
227	13
139	166
19	73
168	79
234	109
97	6
101	93
21	21
104	3
163	9
96	173
319	9
500	4
149	88
294	97
141	138
24	62
194	10
228	32
34	64
129	14
317	86
28	29
10	40
22	183
24	134
441	101
565	114
316	87
135	117
24	93
20	185
96	6
123	291
101	266
30	123
371	135
133	195
23	46
87	61
98	353
180	178
29	351
242	96
226	184
278	93
24	94
857	41
50	36
20	137
316	63
228	133
94	21
273	29
50	38
18	281
85	56
296	43
347	170
192	69
104	25
124	143
24	103
237	355
139	7
228	178
50	2
452	454
25	56
153	67
23	14
127	11
204	43
956	51
51	2
243	360
28	188
281	138
501	9
219	134
223	26
129	86
59	36
44	15
435	1
60	74
271	46
50	248
24	280
93	28
68	15
127	34
1092	111
246	106
21	59
223	137
226	43
29	18
201	277
215	102
29	97
344	117
25	18
145	10
99	1
445	57
95	82
24	33
213	21
26	293
243	173
122	33
729	10
22	69
86	95
542	20
369	334
332	70
28	44
10	76
320	79
381	113
23	9
167	49
529	292
25	128
84	30
258	183
24	44
238	42
513	55
343	92
616	78
187	34
445	427
152	202
455	467
143	192
318	205
242	84
24	154
151	101
113	106
82	89
111	145
213	98
317	69
259	13
61	2
142	134
189	90
334	103
307	15
116	97
101	190
421	21
172	97
205	71
392	165
303	90
103	29
226	101
914	183
677	92
71	35
110	162
70	31
318	98
26	398
198	12
360	50
165	124
209	104
343	55
25	77
512	27
169	201
167	1
41	118
17	62
110	33
23	38
740	122
112	18
106	44
454	21
37	37
170	27
606	38
207	27
27	237
242	67
327	102
26	59
14	43
160	57
182	55
23	36
174	2
236	38
24	46
84	137
39	84
115	67
115	29
247	125
25	119
105	89
25	165
122	114
111	32
196	41
50	90
1096	45
253	127
22	40
223	7
26	136
39	50
86	17
248	103
388	76
28	29
10	53
83	5
23	366
39	2
91	411
50	13
129	62
107	12
24	96
421	59
229	2
94	78
109	61
33	95
353	112
38	24
417	40
29	54
104	96
291	9
32	41
11	10
212	92
416	105
51	158
132	146
27	9
11	198
182	56
543	54
35	56
363	21
26	360
108	11
167	82
270	339
79	91
48	127
48	115
35	34
155	79
86	1
124	63
255	149
404	208
22	109
205	24
21	40
543	50
220	232
140	42
368	113
46	250
185	43
24	95
87	96
457	192
102	26
405	16
26	88
165	31
95	7
131	65
99	214
485	42
25	38
9	17
238	158
250	42
154	485
113	24
51	113
18	18
273	35
95	131
126	42
26	20
671	58
26	48
85	324
50	15
87	21
416	82
95	132
96	39
202	247
23	57
606	68
361	64
94	24
119	83
51	133
472	97
23	64
29	148
99	12
127	13
151	130
522	91
185	140
116	27
28	32
9	29
107	6
470	35
124	290
120	236
18	40
9	124
130	189
138	279
124	130
136	19
458	66
25	125
15	7
278	47
138	54
268	2
23	10
83	28
96	356
25	102
287	82
23	74
622	65
24	197
464	35
62	27
31	4
229	216
23	921
525	4
40	50
107	44
24	159
120	76
89	40
35	57
100	18
231	224
118	128
18	87
162	91
47	277
50	191
405	6
91	112
78	138
48	152
49	82
110	120
197	29
425	203
163	40
84	105
377	112
220	243
145	60
120	55
37	128
380	51
346	78
155	224
33	418
467	118
95	44
149	78
132	322
34	7
466	21
413	66
268	154
91	24
210	28
50	32
117	26
204	52
90	138
84	36
187	68
23	180
228	181
480	107
24	168
10	38
99	213
24	108
136	138
226	17
118	189
134	3
286	15
51	94
18	15
166	206
95	95
32	143
78	136
127	161
64	18
104	6
25	88
99	39
25	14
340	167
26	236
194	97
229	169
261	15
116	256
24	220
458	44
297	55
27	11
10	23
85	24
26	6
121	86
532	3
199	28
133	262
24	13
120	38
32	21
92	84
416	8
130	312
22	285
203	37
559	103
257	87
207	17
180	11
24	35
712	98
177	28
233	80
407	45
338	142
46	117
116	16
485	23
22	96
172	47
27	45
10	62
8	14
67	68
264	126
86	49
25	64
99	37
231	68
160	34
24	110
323	1
35	174
270	128
115	232
24	50
102	25
22	20
142	49
95	14
164	78
23	7
131	289
111	131
95	84
25	224
126	69
96	471
95	235
268	65
138	89
24	165
130	114
23	43
221	153
192	128
25	6
395	22
122	45
27	48
10	23
137	51
26	17
40	106
12	9
73	366
58	3
124	48
257	6
108	5
547	105
166	52
23	21
40	86
573	18
731	86
118	56
156	30
392	89
49	8
266	429
167	54
26	26
117	565
24	49
274	3
521	12
138	13
24	147
130	69
372	257
24	57
15	36
97	11
50	37
214	391
24	219
336	135
95	119
99	218
109	9
246	139
387	27
39	26
161	90
45	114
154	95
348	365
168	19
150	13
289	76
144	71
24	256
140	79
24	157
131	66
84	110
77	71
156	13
14	352
129	44
13	47
65	77
96	184
175	9
69	31
15	211
201	17
145	80
78	3
25	35
280	6
63	148
307	151
70	136
257	17
426	214
21	68
146	60
58	15
694	60
18	75
70	189
143	91
457	49
89	12
355	88
14	450
24	69
108	98
108	2
140	298
215	350
276	144
88	89
102	30
131	105
382	4
113	27
17	28
238	70
79	830
68	56
122	38
68	77
80	98
16	57
12	443
213	47
186	48
69	116
37	67
215	2
16	39
491	8
14	71
433	143
69	4
206	18
20	68
314	9
40	105
133	131
213	22
169	8
84	158
382	208
160	150
350	164
28	40
224	58
50	1
149	116
16	9
96	71
116	19
449	134
230	53
289	202
481	126
186	75
25	45
221	169
51	82
87	42
212	279
41	106
18	10
195	46
17	98
126	26
24	38
121	160
99	1
108	258
25	111
15	12
243	110
229	14
148	17
24	72
279	160
23	31
29	124
108	112
283	15
15	50
8	15
53	37
91	203
236	112
99	212
430	163
230	64
51	306
134	80
422	25
1065	68
297	218
115	27
23	56
127	212
121	278
25	82
15	40
443	294
173	72
24	312
94	43
152	61
140	44
661	122
156	87
22	73
9	173
750	44
23	14
117	16
434	82
27	8
14	7
275	9
317	72
88	83
147	18
51	90
96	83
479	63
36	97
84	58
209	52
26	299
201	7
36	97
250	120
418	6
23	8
106	29
95	168
96	122
51	438
428	78
155	262
559	123
28	196
13	172
155	54
95	19
50	20
310	210
92	59
129	61
261	12
181	14
293	77
381	48
234	48
125	105
21	61
907	27
28	77
15	37
56	155
32	199
118	282
85	54
144	24
353	48
508	227
928	111
170	230
303	26
338	271
143	218
412	39
50	8
87	35
378	69
96	184
25	125
122	262
24	56
174	190
70	194
25	13
87	16
351	59
295	109
114	111
166	12
131	51
428	128
30	89
118	19
171	87
116	237
31	121
446	114
35	65
26	182
86	146
129	258
210	105
170	91
24	33
129	17
137	2
153	17
279	18
25	152
15	38
1123	77
30	69
262	83
232	179
98	409
136	39
31	41
161	22
20	27
98	14
320	50
464	43
400	8
97	204
289	101
244	32
426	60
25	16
36	43
10	83
101	209
144	2
107	35
24	3
40	97
278	7
220	26
183	18
193	159
50	135
1321	129
16	95
9	205
8	64
8	206
9	246
200	6
24	60
302	378
323	19
135	394
94	58
344	13
320	55
95	77
95	288
118	32
167	11
24	76
265	404
111	115
134	191
221	212
208	153
95	20
51	72
91	327
142	5
248	106
24	11
445	51
24	1
150	122
271	148
150	275
253	147
102	77
123	79
269	206
123	270
36	25
181	109
321	19
130	449
657	131
111	16
299	295
35	42
165	163
413	146
51	42
88	151
478	120
26	130
109	56
277	49
263	14
159	99
103	139
186	47
440	643
36	169
38	12
78	2
25	194
278	208
102	61
316	31
99	140
250	24
490	171
229	100
130	229
211	242
341	34
26	23
85	34
21	140
38	69
252	108
238	26
136	53
118	1
367	18
23	48
477	55
108	71
27	4
10	69
116	89
50	55
247	176
94	11
400	12
94	25
141	106
107	216
24	4
85	155
383	75
188	66
24	74
307	109
51	99
472	51
261	293
24	83
432	70
174	99
458	49
24	106
334	1
153	38
25	30
159	69
502	49
275	96
227	229
494	145
187	70
331	33
149	160
310	328
190	34
114	203
217	9
57	104
60	1
160	7
270	38
484	45
212	359
26	95
14	29
404	62
387	156
218	90
110	97
141	65
326	308
217	8
26	35
482	70
351	2
96	103
25	62
39	28
86	9
99	257
23	157
483	197
31	43
608	183
494	80
163	1
86	1
140	11
24	21
106	32
40	143
18	118
68	50
22	35
200	38
334	36
24	10
194	26
118	59
35	289
16	156
225	248
116	1
333	61
25	46
403	187
102	84
107	58
25	81
123	50
273	31
24	65
231	24
53	102
88	294
125	93
186	20
287	29
51	203
532	30
101	89
32	142
568	14
244	178
23	226
216	110
283	449
95	151
99	1
37	198
182	75
207	208
130	134
171	61
36	190
89	8
145	114
267	54
171	132
29	12
149	117
29	266
427	703
31	106
233	91
29	18
213	197
638	88
68	143
337	15
160	228
67	82
105	236
44	227
234	69
60	32
47	249
289	79
270	31
79	478
312	56
24	47
24	111
506	277
117	105
250	60
26	97
114	166
96	540
263	79
138	8
289	13
148	37
269	16
29	263
10	4
243	18
24	46
160	45
51	289
382	25
23	83
202	7
98	1
242	12
95	39
376	218
129	106
50	12
193	135
180	35
144	20
51	229
121	227
47	63
105	6
533	95
34	245
111	90
24	95
10	140
85	112
95	65
26	262
89	99
23	71
113	22
24	2
195	5
138	187
145	9
22	54
96	38
24	190
135	12
107	136
25	448
210	101
157	311
936	62
216	38
24	74
192	329
96	73
441	86
23	9
109	151
266	216
27	18
10	4
134	8
242	110
24	11
492	44
191	139
175	105
31	92
270	195
95	57
165	94
129	21
334	59
20	24
10	184
104	196
114	24
126	45
870	133
584	11
436	140
456	82
132	25
49	16
83	28
199	48
78	65
58	53
21	30
192	76
256	13
113	199
25	63
105	49
25	45
315	137
32	153
49	213
227	69
24	21
184	227
117	190
25	25
176	42
365	224
100	82
95	52
336	132
26	20
15	221
166	73
256	13
95	15
584	50
95	153
202	61
27	59
12	19
154	9
25	108
282	27
27	129
10	1
199	54
24	109
9	34
85	128
335	34
537	78
95	35
175	29
225	116
134	1
218	46
223	22
201	55
282	99
94	82
42	74
212	126
699	6
234	46
37	362
27	7
102	16
22	165
102	164
181	387
270	25
227	79
194	37
94	65
141	266
125	173
50	170
20	76
457	252
174	180
24	15
15	60
169	125
50	43
86	13
174	67
114	12
30	7
105	60
27	92
126	124
99	203
21	34
41	49
405	230
111	47
87	5
178	35
109	95
159	268
69	402
313	95
37	154
74	62
186	37
68	80
68	47
247	45
98	245
141	79
73	47
102	86
391	67
148	56
59	119
53	252
71	167
37	341
568	53
198	30
127	36
220	144
497	39
733	45
28	41
15	175
168	79
553	248
24	6
144	62
315	68
454	175
26	294
87	78
22	258
196	9
134	16
251	45
26	18
14	43
394	152
24	97
93	69
156	24
107	534
24	24
155	204
25	154
10	103
311	61
25	200
322	66
364	33
235	24
224	33
116	153
107	152
24	39
118	40
24	139
300	273
180	6
123	84
24	333
68	111
154	46
183	306
82	69
601	55
628	154
440	5
104	170
99	13
35	73
14	84
117	41
23	50
83	18
159	94
31	15
94	43
14	46
121	21
143	7
800	27
238	109
26	213
87	12
128	211
290	123
213	126
50	13
215	14
397	12
122	27
322	223
127	39
182	7
361	28
431	288
71	3
58	210
31	52
93	45
139	139
32	264
278	40
152	178
134	452
25	34
105	398
416	112
280	153
56	51
44	141
196	35
77	16
193	32
46	94
94	132
152	28
290	16
25	39
348	11
31	69
74	5
33	265
95	182
819	29
86	62
118	77
236	224
23	83
420	69
331	16
20	55
23	44
91	41
24	2
178	235
132	35
144	10
24	9
14	88
303	8
136	100
292	79
204	102
25	164
358	318
116	446
24	76
83	50
25	18
97	122
107	47
24	5
107	354
726	132
22	67
155	92
111	97
24	146
28	50
265	15
326	30
134	145
226	36
23	8
245	120
133	209
24	159
222	42
27	25
252	39
23	103
569	53
27	9
65	9
120	69
33	151
162	212
62	54
399	94
136	22
78	50
96	185
308	468
450	74
67	1
198	148
255	163
62	191
98	31
144	13
214	49
175	91
140	103
46	52
370	255
168	41
178	38
107	17
329	95
87	111
49	169
469	22
81	81
112	130
78	3
36	112
22	152
119	387
19	28
201	32
374	36
442	3
97	14
60	35
451	173
275	71
257	253
200	62
136	44
191	66
60	58
303	61
25	93
13	49
645	150
32	73
352	5
161	77
256	92
19	88
125	123
80	9
30	218
75	22
738	75
693	90
65	124
137	134
302	105
38	83
218	45
51	147
354	35
139	41
139	204
314	57
78	48
223	13
45	21
50	144
163	73
19	150
36	145
66	187
50	27
142	84
156	5
75	82
99	297
154	1
467	267
126	63
245	17
35	38
215	10
157	3
284	116
27	24
27	33
45	95
137	96
369	109
18	112
424	272
445	206
213	176
82	2
525	48
165	151
272	13
595	103
31	50
277	292
95	32
432	2
247	302
23	21
171	162
26	21
12	21
9	119
86	4
23	5
266	109
245	113
44	4
60	23
96	8
57	316
243	53
21	57
143	136
239	247
186	176
18	213
111	143
684	59
126	86
127	33
66	65
98	89
155	22
77	19
88	35
97	26
107	101
60	52
200	19
363	54
211	59
24	53
149	129
476	136
24	141
30	30
236	19
197	154
22	15
207	155
266	52
20	44
45	5
90	116
248	34
243	62
114	77
206	87
137	111
69	110
143	194
237	77
174	38
244	157
124	82
234	6
267	43
73	434
139	29
80	217
325	64
817	157
224	167
271	46
240	22
266	85
25	233
428	10
187	145
464	156
37	194
63	93
389	385
340	66
281	41
65	106
169	87
279	158
444	58
25	432
491	317
290	38
182	26
147	2
238	622
24	178
165	48
95	97
192	187
34	7
34	361
154	91
25	17
84	53
175	56
37	24
322	33
427	228
30	153
11	103
324	101
