-100470
808970
5841270
6761490
7615070
8469630
9326150
10181690
11048010
11955490
12956070
13870410
14837670
15753970
16585990
17486610
18318630
19148690
19978750
20808810
21639850
22468930
23299970
24129050
24960090
25790150
26619230
27452230
28282290
29111370
29941430
30770510
31601550
32431610
33260690
34089770
34923750
35752830
36582890
37413930
38243010
39073070
39902150
40735150
41565210
42395270
43225330
44054410
44884470
45713550
46543610
47372690
48202750
49033790
49863850
50693910
51523970
52354030
53184090
54014150
54845190
55675250
56505310
57335370
58164450
58994510
59826530
60655610
61486650
62317690
63146770
63976830
64806890
65642830
66472890
67302950
68134970
68965030
69795090
70625150
71454230
72284290
73114350
73943430
74773490
75603550
76432630
77261710
78091770
78921830
79751890
80582930
81412990
82244030
83074090
83907090
84743030
85576030
86410010
87240070
88071110
88903130
89734170
90567170
91400170
92229250
93061270
93891330
94721390
95553410
96383470
97213530
98045550
98875610
99705670
100537690
101368730
102198790
103027870
103856950
104687010
105518050
106349090
107180130
108011170
108843190
109674230
110505270
111336310
112167350
112998390
113829430
114660470
115490530
116321570
117152610
117984630
118815670
119646710
120476770
121308790
122141790
122972830
123803870
124634910
125464970
126295030
127126070
127958090
128788150
129620170
130453170
131284210
132116230
132951190
133783210
134615230
135449210
136282210
137114230
137948210
138784150
139617150
140450150
141283150
142116150
142947190
143786070
144617110
145449130
146281150
147122970
147954990
148790930
149624910
150457910
151290910
152122930
152953970
153785990
154618990
155452970
156285970
157143470
157976470
158813390
159653250
160484290
161317290
162152250
162985250
163818250
164649290
165481310
166314310
167146330
167979330
168813310
169647290
170478330
171311330
172144330
172976350
173809350
174651170
175515530
176348530
177180550
178012570
178845570
179677590
180508630
181342610
182173650
183004690
183835730
184665790
185498790
186329830
187158910
187988970
188821970
189654970
190486010
191317050
192148090
192979130
193810170
194641210
195472250
196303290
197134330
197964390
198796410
199627450
200458490
201290510
202123510
202954550
203785590
204616630
205447670
206278710
207109750
207941770
208774770
209605810
210436850
211268870
212099910
212930950
213761990
214592050
215425050
216256090
217087130
217919150
218750190
219582210
220412270
221243310
222074350
222905390
223738390
224573350
225403410
226234450
227066470
227898490
228731490
229562530
230393570
231227550
232059570
232890610
233722630
234553670
235385690
236218690
237049730
237881750
238712790
239543830
240374870
241206890
242039890
242870930
243701970
244533010
245364050
246196070
247028090
247859130
248690170
249521210
250352250
251183290
252014330
252844390
253675430
254506470
255340450
256171490
257003510
257834550
258664610
259496630
260327670
261158710
261989750
262820790
263653790
264484830
265315870
266146910
266978930
267809970
268643950
269474010
270305050
271136090
271967130
272798170
273630190
274461230
275292270
276124290
276957290
277788330
278620350
279451390
280289290
281126210
281960190
282793190
283624230
284455270
285292190
286122250
286961130
287792170
288625170
289456210
290289210
291120250
291951290
292782330
293613370
294444410
295277410
296110410
296941450
297772490
298603530
299434570
300265610
301096650
301929650
302760690
303591730
304422770
305254790
306086810
306917850
307750850
308583850
309414890
310246910
311077950
311908990
312740030
313570090
314402110
315233150
316065170
316896210
317729210
318561230
319391290
320222330
321055330
321890290
322721330
323552370
324382430
325214450
326045490
326877510
327729130
328587610
329446090
330305550
331159130
332012710
332872170
333725750
334580310
335443690
336287470
337119490
337988750
338855070
339720410
340584770
341450110
342314470
343184710
344048090
344913430
345742510
346570610
347398710
348227790
349057850
349884970
350714050
351542150
352370250
353198350
354026450
354853570
355682650
356509770
357337870
358165970
358994070
359822170
360649290
361478370
362308430
363136530
363964630
364793710
365620830
366448930
367278010
368106110
368934210
369762310
370590410
371417530
372246610
373074710
373908690
374736790
375567830
376394950
377223050
378051150
378878270
379706370
380537410
381368450
382195570
383023670
383851770
384679870
385507970
386336070
387163190
387991290
388821350
389649450
390477550
391304670
392135710
392962830
393789950
394619030
395447130
396278170
397106270
397934370
398761490
399589590
400417690
401245790
402075850
402904930
403733030
404562110
405390210
406218310
407046410
407873530
408701630
409529730
410357830
411185930
412013050
412841150
413668270
414497350
415327410
416155510
416983610
417811710
418638830
419468890
420296990
421125090
421955150
422783250
423612330
424439450
425267550
426095650
426923750
427751850
428581910
429412950
430240070
431068170
431896270
432724370
433553450
434382530
435210630
436037750
436865850
437693950
438522050
439350150
440177270
441005370
441835430
442662550
443491630
444319730
445147830
445974950
446803050
447631150
448458270
449286370
450114470
450944530
451771650
452599750
453428830
454256930
455086990
455915090
456742210
457570310
458398410
459226510
460054610
460882710
461713750
462540870
463369950
464198050
465026150
465854250
466682350
467510450
468340510
469168610
469996710
470824810
471654870
472487870
473316950
474146030
474975110
475803210
476631310
477459410
478286530
479117570
479945670
480774750
481606770
482436830
483278650
484107730
484936810
485764910
486593990
487422090
488251170
489078290
489907370
490735470
491562590
492391670
493219770
494050810
494879890
495708970
496537070
497365170
498193270
499021370
499848490
500676590
501504690
502332790
503160890
503988990
504816110
505644210
506471330
507299430
508129490
508956610
509784710
510611830
511439930
512269010
513096130
513924230
514752330
515579450
516407550
517235650
518063750
518891850
519718970
520549030
521378110
522207190
523035290
523863390
524691490
525518610
526346710
527174810
528003890
528831990
529661070
530490150
531318250
532163990
532997970
533826070
534657110
535485210
536314290
537142390
537974410
538802510
539631590
540459690
541289750
542117850
542945950
543774050
544603130
545432210
546260310
547088410
547917490
548745590
549574670
550402770
551231850
552059950
552888050
553715170
554543270
555371370
556200450
557027570
557855670
558685730
559513830
560341930
561172970
562001070
562829170
563658250
564485370
565313470
566141570
566970650
567798750
568626850
569457890
570285990
571114090
571943170
572770290
573599370
574431390
575259490
576088570
576918630
577746730
578573850
579402930
580230050
581059130
581888210
582716310
583543430
584372510
585203550
586040470
586869550
587699610
588527710
589358750
590186850
591013970
591842070
592670170
593497290
594325390
595152510
595982570
596809690
597636810
598464910
599292030
600120130
600950190
601777310
602604430
603431550
604259650
605086770
605914870
606743950
607572050
608400150
609228250
610056350
610884450
611712550
612539670
613367770
614197830
615025930
615854030
616681150
617509250
618336370
619164470
619993550
620821650
621649750
622476870
623303990
624132090
624960190
625790250
626618350
627448410
628276510
629104610
629933690
630762770
631590870
632419950
633248050
634076150
634905230
635734310
636561430
637388550
638216650
639045730
639873830
640702910
641532970
642360090
643187210
644014330
644840470
645667590
646494710
647320850
648147970
648976070
649803190
650629330
651457430
652284550
653111670
653940750
654769830
655595970
656423090
657250210
658077330
658904450
659732550
660558690
661385810
662212930
663039070
663866190
664693310
665519450
666346570
667190350
668026290
668854390
669680530
670508630
671333790
672160910
672987050
673814170
674640310
675469390
676295530
677121670
677947810
678774930
679602050
680430150
681256290
682082430
682910530
683737650
684564770
685393850
686220970
687058870
687886970
688715070
689542190
690370290
691197410
692027470
692853610
693683670
694510790
695338890
696166010
696993130
697820250
698648350
699476450
700304550
701130690
701964670
702794730
703620870
704448970
705277070
706104190
706932290
707761370
708588490
709416590
710243710
711071810
711898930
712727030
713565910
714393030
715220150
716056090
716884190
717711310
718539410
719365550
720194630
721022730
721850830
722677950
723506050
724336110
725163230
725990350
726817470
727644590
728470730
729304710
730131830
730957970
731785090
732614170
733443250
734275270
735121010
735949110
736775250
737602370
738440270
739277190
740105290
740941230
741769330
742596450
743424550
744254610
745083690
745913750
746741850
747569950
748397070
749223210
750049350
750875490
751701630
752528750
753355870
754182990
755012070
755839190
756676110
757512050
758341130
759168250
760000270
760827390
761656470
762483590
763310710
764138810
764966910
765794030
766624090
767451210
768278330
769106430
769934530
770761650
771590730
772417850
773249870
774078950
774906070
775733190
776561290
777396250
778232190
779060290
779887410
780715510
781543610
782371710
783198830
784025950
784853070
785679210
786509270
787337370
788164490
788991610
789818730
790647810
791474930
792303030
793131130
793958250
794785370
795613470
796441570
797269670
798097770
798931750
799767690
800595790
801423890
802251010
803079110
803907210
804737270
805564390
806408170
807236270
808064370
808892470
809720570
810546710
811373830
812200950
813030030
813857150
814685250
815513350
816340470
817167590
817997650
818825750
819653850
820480970
821307110
822137170
822966250
823793370
824621470
825449570
826279630
827105770
827934850
828760990
829589090
830417190
831246270
832072410
832901490
833728610
834554750
