-132442
923258
9684038
10592858
11440478
12349298
13348898
14539238
15514358
16450718
17509478
18367298
19205738
20044178
20881598
21719018
22604378
23443838
24287378
25121738
25956098
26790458
27625838
28460198
29294558
30128918
30966338
31801718
32636078
33470438
34304798
35139158
35973518
36808898
37643258
38477618
39312998
40148378
40982738
41818118
42652478
43487858
44322218
45158618
45993998
46828358
47662718
48497078
49332458
50166818
51001178
51835538
52670918
53505278
54386558
55271918
56153198
57040598
57920858
58803158
59683418
60565718
61448018
62285438
63120818
63956198
64790558
65625938
66461318
67295678
68138198
68972558
69807938
70642298
71479718
72314078
73151498
73986878
74822258
75656618
76491998
77326358
78160718
78995078
79830458
80664818
81500198
82335578
83169938
84005318
84839678
85674038
86510438
87345818
88180178
89015558
89849918
90685298
91519658
92354018
93189398
94024778
94859138
95693498
96528878
97364258
98198618
99033998
99871418
100705778
101541158
102376538
103211918
104055458
104890838
105726218
106560578
107395958
108230318
109066718
109902098
110737478
111571838
112408238
113246678
114081038
114916418
115750778
116588198
117423578
118257938
119093318
119928698
120763058
121598438
122433818
123271238
124106618
124940978
125776358
126613778
127451198
128287598
129125018
129961418
130797818
131634218
132475718
133310078
134145458
134980838
135816218
136651598
137485958
138323378
139159778
139999238
140836658
141674078
142510478
143347898
144184298
145021718
145859138
146695538
147532958
148369358
149206778
150044198
150880598
151716998
152554418
153393878
154230278
155067698
155907158
156744578
157581998
158416358
159253778
160091198
160928618
161765018
162602438
163518398
164463938
165332978
166176518
167025158
167891138
168746918
169600658
170453378
171305078
172158818
173014598
173866298
174722078
175571738
176417318
177271058
178127858
178983638
179836358
180702338
181561178
182409818
183265598
184121378
184976138
185830898
186677498
187521038
188364578
189273398
190174058
191084918
191989658
192864818
193722638
194576378
195422978
196274678
197131478
197968898
198805298
199642718
200480138
201316538
202153958
202990358
203826758
204664178
205501598
206339018
207176438
208015898
208852298
209689718
210527138
211365578
212201978
213051638
213889058
214726478
215564918
216402338
217239758
218076158
218913578
219750998
220588418
221427878
222265298
223102718
223940138
224777558
225614978
226451378
227288798
228126218
228963638
229801058
230637458
231479978
232315358
233150738
233986118
234824558
235659938
236499398
237334778
238170158
239004518
239841938
240679358
241516778
242354198
243190598
244028018
244865438
245701838
246539258
247374638
248212058
249046418
249889958
250725338
251561738
252398138
253234538
254081138
254918558
255755978
256592378
257429798
258267218
259103618
259941038
260777438
261616898
262454318
263291738
264129158
264966578
265802978
266639378
267476798
268321358
269159798
269995178
270830558
271675118
272511518
273347918
274184318
275021738
275859158
276694538
277540118
278376518
279212918
280048298
280884698
281720078
282556478
283391858
284228258
285064658
285901058
286737458
287573858
288413318
289249718
290085098
290921498
291756878
292596338
293431718
294268118
295104518
295939898
296776298
297612698
298449098
299283458
300118838
300964418
301801838
302637218
303472598
304306958
305142338
305979758
306817178
307654598
308492018
309332498
310179098
311015498
311852918
312690338
313527758
314365178
315204638
316042058
316879478
317717918
318555338
319391738
320229158
321066578
321903998
322740398
323577818
324424418
325261838
326099258
326936678
327774098
328613558
329450978
330288398
331125818
331963238
332799638
333645218
334482638
335319038
336156458
336993878
337831298
338668718
339511238
340348658
341186078
342025538
342861938
343699358
344536778
345374198
346211618
347049038
347903798
348741218
349582718
350429318
351266738
352104158
352941578
353778998
354617438
355457918
356296358
357135818
357974258
358813718
359674598
360508958
361342298
362176658
363011018
363844358
364678718
365513078
366347438
367181798
368016158
368852558
369685898
370520258
371353598
372187958
373021298
373855658
374691038
375525398
376359758
377193098
378027458
378861818
379696178
380530538
381364898
382208438
383041778
383876138
384710498
385544858
386378198
387212558
388046918
388880258
389714618
390547958
391382318
392216678
393050018
393884378
394717718
395554118
396387458
397221818
398056178
398890538
399723878
400558238
401391578
402225938
403060298
403893638
404727998
405561338
406394678
407229038
408064418
408900818
409734158
410568518
411402878
412236218
413070578
413904938
414738278
415576718
416410058
417255638
418089998
418924358
419765858
420599198
421433558
422269958
423104318
423937658
424772018
425606378
426439718
427274078
428108438
428942798
429777158
430611518
431444858
432279218
433113578
433946918
434781278
435617678
436451018
437285378
438118718
438953078
439787438
440621798
441455138
442289498
443122838
443964338
444798698
445633058
446466398
447300758
448135118
448971518
449805878
450640238
451473578
452307938
453142298
453976658
454811018
455645378
456478718
457313078
458147438
458981798
459824318
460661738
461498138
462336578
463171958
464006318
464839658
465672998
466505318
467339678
468171998
469004318
469836638
470668958
471508418
472341758
473176118
474010478
474844838
475681238
476514578
477348938
478182278
479016638
479850998
480684338
481518698
482353058
483187418
484020758
484855118
485688458
486522818
487357178
488190518
489026918
489861278
490695638
491529998
492364358
493198718
494033078
494866418
495700778
496535138
497368478
498202838
499037198
499873598
500707958
501541298
502378718
503212058
504046418
504880778
505715138
506548478
507382838
508217198
509050538
509884898
510718238
511552598
512386958
513220298
514054658
514889018
515725418
516558758
517394138
518228498
519062858
519896198
520730558
521564918
522399278
523232618
524066978
524900318
525734678
526569038
527404418
528239798
529076198
529910558
530743898
531578258
532412618
533245958
534080318
534915698
535749038
536581358
537417758
538250078
539082398
539913698
540748058
541581398
542418818
543252158
544086518
544920878
545754218
546590618
547424978
548259338
549093698
549927038
550761398
551596778
552430118
553265498
554098838
554933198
555772658
556612118
557446478
558280838
559114178
559948538
560781878
561617258
562451618
563285978
564119318
564964898
565799258
566633618
567466958
568301318
569136698
569971058
570804398
571638758
572472098
573306458
574139798
574974158
575807498
576641858
577475198
578309558
579143918
579977258
580811618
581644958
582484418
583318778
584152118
584985458
585818798
586652138
587494658
588329018
589162358
590004878
590838218
591672578
592506938
593340278
594174638
595007978
595843358
596677718
597511058
598344398
599178758
600013118
600847478
601682858
602516198
603350558
604183898
605017238
605866898
606705338
607539698
608373038
609209438
610043798
610877138
611710478
612543818
613378178
614211518
615045878
615880238
616713578
617547938
618381278
619215638
620051018
620884358
621718718
622554098
623388458
624222818
625056158
625889498
626722838
627557198
628391558
629225918
630059258
630893618
631726958
632561318
633394658
634229018
635062358
635898758
636733118
637566458
638400818
639235178
640068518
640901858
641735198
642569558
643403918
644237258
645071618
645904958
646739318
647575718
648409058
649246478
650079818
650918258
651752618
652587998
653422358
654257738
655092098
655927478
656762858
657597218
658432598
659266958
660100298
660933638
661765958
662601338
663434678
664268018
665101358
665936738
666770078
667602398
668435738
669269078
670102418
670935758
671769098
672601418
673435778
674269118
675105518
675940898
676774238
677607578
678439898
679273238
680106578
680939918
681773258
682605578
683438918
684275318
685108658
685941998
686781458
687612758
688444058
689277398
690109718
690939998
691772318
692603618
693434918
694268258
695101598
695934938
696775418
697616918
698450258
699283598
700116938
700949258
701782598
702617978
703451318
704284658
705117998
705950318
706783658
707616998
708450338
709282658
710117018
710950358
711783698
712617038
713450378
714284738
715118078
715953458
716786798
717619118
718452458
719285798
720119138
720952478
721786838
722620178
723453518
724286858
725120198
725953538
726785858
727619198
728452538
729287918
730121258
730953578
731786918
732619238
733452578
734285918
735119258
735951578
736784918
737618258
738451598
739283918
740117258
740950598
741782918
742618298
743453678
744287018
745119338
745952678
746786018
747619358
748452698
749286038
750118358
750951698
751785038
752633678
753467018
754300358
755135738
755998658
756833018
757667378
758501738
759335078
760169438
761026238
761859578
762692918
763527278
764360618
765193958
766028318
766861658
767694998
768530378
769363718
770197058
771030398
771863738
772697078
773530418
774364778
775198118
776031458
776863778
777700178
778532498
779364818
780198158
781031498
781866878
782700218
783533558
784366898
785200238
786033578
786867938
787701278
788535638
789369998
790203338
791036678
791868998
792704378
793537718
794371058
795204398
796038758
796872098
797705438
798538778
799372118
800205458
801039818
801873158
802706498
803539838
804373178
805207538
806040878
806874218
807710618
808550078
809383418
810216758
811050098
811883438
812717798
813553178
814386518
815219858
816053198
816889598
817722938
818556278
819389618
820222958
821056298
821889638
822722978
823565498
824399858
825233198
826074698
826911098
827744438
828577778
829411118
830244458
831078818
831941738
832776098
833609438
834442778
835275098
836108438
836942798
837775118
838607438
839441798
840277178
841110518
841944878
842778218
843611558
844444898
845278238
