-117792
966528
1934208
9546048
10486728
11351808
12273048
13202928
14204088
15135048
16049808
17012088
17871768
18729288
19592208
20433528
21270528
22107528
22942368
23846328
24682248
25517088
26350848
27185688
28020528
28858608
29701008
30535848
31370688
32204448
33038208
33873048
34706808
35540568
36375408
37209168
38044008
38885328
39719088
40552848
41387688
42221448
43055208
43893288
44727048
45560808
46394568
47228328
48063168
48896928
49731768
50565528
51399288
52233048
53067888
53900568
54735408
55569168
56402928
57243168
58075848
58910688
59744448
60579288
61413048
62246808
63080568
63915408
64749168
65582928
66417768
67251528
68085288
68919048
69752808
70586568
71423568
72264888
73099728
73933488
74767248
75604248
76441248
77275008
78109848
78943608
79777368
80611128
81445968
82280808
83116728
83953728
84790728
85625568
86459328
87293088
88126848
88961688
89796528
90629208
91462968
92297808
93132648
93969648
94803408
95637168
96472008
97305768
98141688
98976528
99811368
100645128
101478888
102312648
103147488
103981248
104816088
105648768
106483608
107317368
108152208
108985968
109820808
110655648
111493728
112331808
113165568
113999328
114834168
115669008
116502768
117337608
118172448
119008368
119842128
120678048
121512888
122349888
123184728
124018488
124856568
125692488
126528408
127363248
128199168
129035088
129869928
130705848
131539608
132375528
133212528
134054928
134890848
135725688
136562688
137399688
138244248
139079088
139913928
140749848
141585768
142420608
143255448
144091368
144926208
145761048
146596968
147432888
148268808
149104728
149939568
150774408
151612488
152448408
153283248
154119168
154955088
155791008
156625848
157460688
158297688
159132528
159968448
160802208
161638128
162474048
163308888
164145888
164983968
165819888
166655808
167491728
168326568
169163568
169998408
170834328
171669168
172505088
173341008
174176928
175012848
175847688
176683608
177518448
178356528
179192448
180028368
180864288
181703448
182539368
183374208
184210128
185046048
185881968
186716808
187552728
188387568
189223488
190065888
190905048
191745288
192583368
193419288
194254128
195093288
195929208
196764048
197598888
198434808
199269648
200105568
200944728
201779568
202615488
203451408
204287328
205125408
205961328
206797248
207636408
208472328
209307168
210143088
210979008
211820328
212660568
213496488
214332408
215168328
216007488
216842328
217677168
218515248
219352248
220187088
221026248
221862168
222698088
223532928
224368848
225204768
226040688
226886328
227720088
228554928
229389768
230224608
231059448
231896448
232734528
233574768
234409608
235244448
236080368
236915208
237758688
238602168
239437008
240271848
241106688
241941528
242775288
243610128
244446048
245288448
246124368
246961368
247797288
248632128
249469128
250302888
251137728
251971488
252806328
253640088
254474928
255311928
256146768
256981608
257816448
258653448
259488288
260323128
261156888
261991728
262826568
263661408
264495168
265330008
266164848
267001848
267839928
268673688
269508528
270343368
271186848
272023848
272858688
273694608
274529448
275363208
276199128
277036128
277870968
278705808
279540648
280378728
281215728
282050568
282886488
283721328
284557248
285396408
286231248
287066088
287903088
288740088
289590048
290425968
291261888
292097808
292933728
293771808
294607728
295442568
296278488
297131688
297966528
298805688
299643768
300480768
301322088
302158008
302993928
303828768
304673328
305509248
306345168
307182168
308017008
308851848
309687768
310523688
311359608
312197688
313031448
313867368
314703288
315539208
316374048
317208888
318044808
318880728
319715568
320551488
321386328
322222248
323067888
323901648
324737568
325574568
326410488
327248568
328083408
328919328
329754168
330599808
331434648
332270568
333106488
333941328
334775088
335611008
336448008
337287168
338122008
338988168
339851088
340715088
341574768
342433368
343290888
344148408
345003768
345858048
346704768
347547168
348387408
349240608
350076528
350911368
351746208
352584288
353421288
354259368
355094208
355929048
356763888
357599808
358434648
359269488
360105408
360941328
361776168
362612088
363446928
364282848
365127408
365964408
366798168
367633008
368468928
369302688
370137528
370972368
371807208
372645288
373480128
374314968
375148728
375984648
376820568
377654328
378489168
379327248
380161008
380995848
381830688
382665528
383500368
384340608
385175448
386010288
386845128
387679968
388514808
389349648
390190968
391035528
391870368
392707368
393542208
394375968
395210808
396045648
396880488
397715328
398553408
399387168
400222008
401056848
401891688
402727608
403562448
404397288
405232128
406077768
406913688
407749608
408584448
409420368
410255208
411090048
411925968
412760808
413596728
414432648
415268568
416110968
416956608
417791448
418626288
419463288
420298128
421132968
421967808
422802648
423637488
424484208
425319048
426153888
426988728
427832208
428667048
429501888
430335648
431170488
432005328
432842328
433677168
434512008
435356568
436191408
437026248
437861088
438695928
439530768
440365608
441200448
442035288
442870128
443704968
444540888
445375728
446212728
447047568
447882408
448717248
449552088
450390168
451223928
452058768
452893608
453728448
454564368
455401368
456236208
457072128
457906968
458741808
459578808
460423368
461267928
462111408
462946248
463785408
464620248
465455088
466289928
467124768
467959608
468794448
469629288
470464128
471298968
472133808
472971888
473805648
474640488
475475328
476313408
477148248
477983088
478817928
479662488
480498408
481333248
482168088
483002928
483837768
484672608
485507448
486345528
487180368
488015208
488850048
489683808
490519728
491353488
492188328
493024248
493859088
494693928
495528768
496363608
497198448
498033288
498868128
499705128
500539968
501374808
502209648
503044488
503879328
504714168
505558728
506393568
507228408
508063248
508898088
509732928
510567768
511402608
512238528
513075528
513910368
514745208
515581128
516415968
517250808
518084568
518920488
519755328
520593408
521428248
522262008
523097928
523932768
524768688
525603528
526440528
527276448
528111288
528946128
529779888
530614728
531449568
532284408
533119248
533954088
534788928
535623768
536458608
537294528
538141248
538983648
539828208
540661968
541493568
542326248
543156768
543989448
544821048
545651568
546482088
547314768
548146368
548977968
549808488
550644408
551476008
552306528
553141368
553995648
554829408
555661008
556498008
557330688
558179568
559016568
559849248
560681928
561512448
562342968
563173488
564005088
564835608
565666128
566499888
567331488
568163088
568993608
569825208
570656808
571497048
572327568
573160248
573997248
574829928
575662608
576494208
577325808
578157408
578992248
579826008
580657608
581490288
582331608
583162128
583992648
584823168
585654768
586486368
587315808
588147408
588977928
589809528
590638968
591470568
592301088
593135928
593965368
594796968
595627488
596456928
597290688
598121208
598961448
599793048
600624648
601455168
602286768
603117288
603947808
604778328
605608848
606444768
607276368
608106888
608937408
609769008
610599528
611431128
612260568
613091088
613921608
614753208
615582648
616413168
617243688
618077448
618907968
619741728
620572248
621402768
622234368
623064888
623895408
624725928
625556448
626386968
627217488
628048008
628878528
629710128
630540648
631371168
632202768
633038688
633868128
634699728
635530248
636360768
637190208
638021808
638852328
639683928
640513368
641343888
642174408
643006008
643836528
644667048
645498648
646332408
647162928
648002088
648838008
649668528
650499048
651336048
652166568
652998168
653830848
654662448
655492968
656326728
657159408
657989928
658821528
659654208
660484728
661315248
662145768
662975208
663804648
664635168
665465688
666296208
667126728
667957248
668787768
669619368
670449888
671279328
672109848
672942528
673771968
674602488
675433008
676263528
677094048
677924568
678755088
679585608
680417208
681247728
682078248
682907688
683738208
684568728
685399248
686230848
687063528
687892968
688723488
689552928
690383448
691216128
692045568
692876088
693705528
694536048
695365488
696196008
697025448
697857048
698686488
699519168
700348608
701179128
702008568
702838008
703668528
704497968
705328488
706157928
706987368
707817888
708648408
709477848
710308368
711137808
711968328
712799928
713630448
714479328
715318488
716149008
716979528
717810048
718640568
719471088
720300528
721129968
721960488
722791008
723622608
724453128
725282568
726115248
726946848
727775208
728605728
729436248
730266768
731096208
731926728
732756168
733586688
734419368
735248808
736078248
736908768
737739288
738568728
739400328
740230848
741063528
741894048
742723488
743554008
744384528
745217208
746046648
746877168
747707688
748538208
749366568
750197088
751027608
751865688
752697288
753527808
754357248
755192088
756073368
756903888
757735488
758566008
759396528
760225968
761058648
761889168
762720768
763550208
764380728
765210168
766043928
766874448
767703888
768534408
769363848
770194368
771022728
771852168
772681608
773514288
774344808
775182888
776013408
776843928
777674448
778504968
779338728
780169248
780999768
781829208
782659728
783490248
784320768
785150208
785981808
786829608
787661208
788491728
789321168
790151688
790982208
791812728
792643248
793474848
794303208
795136968
795966408
796796928
797627448
798456888
799287408
800116848
800946288
801776808
802606248
803435688
804266208
805095648
805933728
806763168
807593688
808424208
809254728
810085248
810916848
811747368
812577888
813408408
814237848
815069448
815899968
816730488
817569648
818400168
819230688
820060128
820890648
821721168
822566808
823397328
824228928
825058368
825889968
826719408
827551008
828382608
829212048
830042568
830873088
831703608
832531968
833362488
834193008
835023528
835851888
836682408
837514008
838344528
839177208
840006648
840837168
841666608
