-165856
760984
1650704
9517824
10450464
11292624
12157984
13062784
13962944
14982584
15959304
16864104
17728304
18676024
19602864
20448504
21292984
22133984
23035304
23877464
24718464
25560624
26400464
27241464
28082464
28923464
29767944
30610104
31452264
32293264
33135424
33977584
34819744
35660744
36502904
37345064
38187224
39028224
39870384
40711384
41551224
42392224
43232064
44075384
44916384
45756224
46597224
47437064
48278064
49119064
49958904
50803384
51643224
52484224
53324064
54165064
55006064
55845904
56685744
57527904
58367744
59207584
60050904
60890744
61731744
62571584
63411424
64251264
65091104
65929784
66769624
67609464
68449304
69289144
70128984
70968824
71809824
72649664
73488344
74328184
75168024
76007864
76855824
77695664
78535504
79375344
80216344
81056184
81896024
82737024
83576864
84420184
85262344
86102184
86942024
87781864
88622864
89462704
90302544
91142384
91982224
92822064
93661904
94501744
95340424
96180264
97020104
97859944
98703264
99543104
100382944
101223944
102063784
102903624
103743464
104583304
105423144
106262984
107102824
107942664
108787144
109626984
110466824
111306664
112148824
112988664
113828504
114669504
115509344
116349184
117189024
118030024
118871024
119710864
120551864
121391704
122231544
123071384
123912384
124752224
125595544
126435384
127276384
128117384
128958384
129798224
130639224
131480224
132321224
133165704
134006704
134847704
135688704
136528544
137369544
138210544
139053864
139896024
140738184
141580344
142425984
143266984
144107984
144948984
145789984
146632144
147473144
148315304
149157464
149997304
150839464
151680464
152523784
153364784
154205784
155056064
155905184
156750824
157592984
158435144
159277304
160120624
160960464
161802624
162643624
163493904
164333744
165174744
166018064
166859064
167700064
168541064
169382064
170223064
171064064
171932904
172775064
173616064
174458224
175299224
176141384
176983544
177825704
178667864
179513504
180356824
181197824
182039984
182882144
183723144
184565304
185406304
186247304
187089464
187930464
188771464
189613624
190454624
191295624
192137784
192981104
193822104
194664264
195505264
196346264
197188424
198028264
198870424
199711424
200554744
201395744
202237904
203078904
203923384
204764384
205606544
206449864
207290864
208131864
208974024
209815024
210656024
211497024
212338024
213183664
214024664
214865664
215707824
216548824
217389824
218231984
219072984
219916304
220758464
221599464
222440464
223281464
224122464
224964624
225804464
226646624
227487624
228328624
229169624
230010624
230852784
231693784
232534784
233379264
234220264
235061264
235902264
236744424
237588904
238435704
239276704
240117704
240958704
241799704
242640704
243481704
244322704
245164864
246005864
246851504
247692504
248533504
249374504
250215504
251056504
251898664
252739664
253582984
254423984
255264984
256110624
256950464
257792624
258634784
259475784
260319104
261161264
262002264
262853704
263694704
264536864
265382504
266222344
267063344
267905504
268746504
269587504
270428504
271270664
272111664
272952664
273797144
274639304
275479144
276321304
277162304
278003304
278844304
279685304
280526304
281368464
282209464
283050464
283890304
284732464
285573464
286414464
287257784
288102264
288943264
289797024
290638024
291480184
292321184
293162184
294003184
294844184
295685184
296527344
297368344
298212824
299058464
299899464
300743944
301584944
302424784
303265784
304106784
304948944
305789944
306632104
307473104
308318744
309159744
310000744
310845224
311685064
312526064
313368224
314211544
315053704
315895864
316736864
317581344
318423504
319264504
320106664
320947664
321788664
322630824
323471824
324313984
325154984
325995984
326838144
327681464
328530584
329370424
330211424
331053584
331894584
332735584
333577744
334418744
335260904
336101904
336944064
337785064
338635344
339476344
340320824
341165304
342007464
342848464
343689464
344531624
345372624
346213624
347055784
347907224
348748224
349589224
350430224
351272384
352136584
352981064
353824384
354670024
355513344
356356664
357208104
358050264
358892424
359735744
360577904
361420064
362257584
363095104
363933784
364771304
365615784
366463744
367301264
368142264
368980944
369818464
370655984
371493504
372332184
373169704
374007224
374847064
375685744
376523264
377361944
378199464
379036984
379875664
380714344
381555344
382392864
383230384
384067904
384905424
385742944
386581624
387419144
388256664
389095344
389932864
390770384
391609064
392446584
393284104
394121624
394962624
395808264
396645784
397483304
398321984
399159504
399998184
400839184
401676704
402515384
403352904
404190424
405027944
405875904
406714584
407552104
408391944
409234104
410071624
410910304
411747824
412585344
413424024
414261544
415100224
415937744
416776424
417613944
418450304
419288984
420126504
420968664
421809664
422648344
423488184
424326864
425164384
426001904
426840584
427678104
428515624
429354304
430191824
431029344
431868024
432705544
433543064
434381744
435222744
436069544
436917504
437756184
438594864
439432384
440269904
441108584
441946104
442784784
443622304
444459824
445307784
446145304
446983984
447821504
448665984
449504664
450342184
451180864
452025344
452862864
453700384
454539064
455376584
456215264
457052784
457890304
458728984
459566504
460405184
461242704
462083704
462922384
463763384
464600904
465439584
466277104
467114624
467953304
468790824
469629504
470467024
471303384
472142064
472979584
473818264
474655784
475495624
476334304
477172984
478011664
478849184
479690184
480528864
481366384
482205064
483042584
483880104
484718784
485557464
486394984
487233664
488072344
488912184
489750864
490597664
491437504
492275024
493112544
493950064
494787584
495626264
496464944
497301304
498139984
498977504
499824304
500662984
501500504
502341504
503183664
504021184
504869144
505708984
506545344
507384024
508221544
509060224
509897744
510735264
511573944
512413784
513252464
514091144
514927504
515768504
516606024
517444704
518285704
519123224
519961904
520799424
521638104
522475624
523313144
524150664
524988184
525826864
526669024
527507704
528345224
529185064
530033024
530870544
531709224
532545584
533384264
534221784
535060464
535897984
536735504
537573024
538410544
539258504
540097184
540933544
541772224
542622504
543461184
544298704
545137384
545974904
546812424
547651104
548488624
549326144
550163664
551001184
551839864
552677384
553514904
554373304
555210824
556050664
556888184
557726864
558564384
559401904
560239424
561076944
561915624
562753144
563590664
564429344
565266864
566105544
566943064
567780584
568619264
569469544
570305904
571150384
571987904
572826584
573664104
574501624
575339144
576175504
577013024
577850544
578697344
579536024
580373544
581212224
582053224
582894224
583731744
584569264
585407944
586245464
587084144
587922824
588760344
589599024
590436544
591274064
592111584
592949104
593804024
594641544
595479064
596320064
597161064
597998584
598836104
599673624
600511144
601348664
602186184
603023704
603861224
604698744
605536264
606374944
607213624
608051144
608888664
609729664
610568344
611404704
612250344
613087864
613925384
614762904
615600424
616439104
617276624
618114144
618951664
619789184
620626704
621464224
622301744
623141584
623980264
624818944
625657624
626496304
627336144
628173664
629012344
629851024
630689704
631528384
632367064
633205744
634044424
634883104
635722944
636563944
637401464
638238984
639077664
639915184
640752704
641590224
642427744
643265264
644102784
644940304
645776664
646614184
647451704
648290384
649127904
649968904
650806424
651642784
652482624
653323624
654161144
655000984
655838504
656676024
657514704
658352224
659189744
660027264
660864784
661703464
662540984
663379664
664218344
665055864
665894544
666735544
667573064
668416384
669253904
670091424
670928944
671766464
672603984
673441504
674279024
675116544
675954064
676793904
677631424
678468944
679307624
680153264
680991944
681839904
682678584
683517264
684355944
685193464
686032144
686870824
687710664
688549344
689386864
690226704
691063064
691899424
692736944
693573304
694410824
695247184
696083544
696923384
697759744
698596104
699433624
700269984
701107504
701945024
702781384
703621224
704457584
705293944
706131464
706967824
707804184
708641704
709488504
710324864
711161224
712001064
712838584
713676104
714512464
715348824
716185184
717025024
717862544
718698904
719536424
720372784
721210304
722046664
722883024
723720544
724556904
725394424
726230784
727071784
727908144
728745664
729582024
730423024
731260544
732095744
732933264
733769624
734605984
735443504
736279864
737127824
737981584
738831864
739668224
740508064
741346744
742185424
743024104
743866264
744713064
745550584
746386944
747224464
748061984
748899504
749735864
750573384
751420184
752257704
753095224
753931584
754769104
755605464
756442984
757281664
758120344
758956704
759793064
760630584
761466944
762304464
763141984
763979504
764817024
765653384
766494384
767330744
768168264
769004624
769840984
770680824
771517184
772354704
773192224
774028584
774866104
775702464
776538824
777376344
778212704
779050224
779893544
780731064
781572064
782408424
783250584
784104344
784943024
785780544
786620384
787457904
788295424
789132944
789971624
790807984
791645504
792483024
793320544
794158064
794994424
795831944
796672944
797509304
798346824
799183184
800019544
800857064
801692264
802529784
803366144
804202504
805040024
805876384
806712744
807550264
808386624
809224144
810106904
810951384
811788904
812626424
813465104
814311904
815149424
815989264
816826784
817664304
818501824
819338184
820175704
821020184
821857704
822694064
823530424
824367944
825204304
826041824
826878184
827716864
828553224
829393064
830229424
831066944
831904464
832741984
833580664
834417024
835254544
836094384
836930744
837769424
838606944
839443304
840281984
841119504
841955864
842795704
843633224
844470744
845307104
846144624
846980984
