-188533
706667
5500667
6425867
7339067
8246267
9151067
10061867
10970267
11884667
12801467
13724267
14753867
15622667
16599467
17487467
18355067
19288667
20187467
21059867
21903467
22745867
23587067
24429467
25270667
26110667
26956667
27800267
28641467
29487467
30331067
31174667
32029067
32873867
33718667
34562267
35405867
36261467
37102667
37948667
38797067
39640667
40483067
41327867
42181067
43029467
43874267
44716667
45559067
46405067
47247467
48089867
48931067
49774667
50615867
51455867
52297067
53139467
53981867
54825467
55670267
56511467
57351467
58192667
59032667
59873867
60713867
61555067
62396267
63236267
64089467
64930667
65771867
66611867
67453067
68293067
69135467
69976667
70816667
71656667
72511067
73351067
74191067
75032267
75872267
76712267
77553467
78393467
79233467
80086667
80927867
81769067
82612667
83452667
84292667
85135067
85975067
86816267
87656267
88497467
89348267
90189467
91029467
91869467
92710667
93553067
94394267
95235467
96077867
96919067
97759067
98600267
99440267
100281467
101122667
101963867
102805067
103645067
104491067
105333467
106174667
107015867
107855867
108697067
109540667
110380667
111221867
112061867
112903067
113743067
114584267
115425467
116265467
117106667
117947867
118787867
119629067
120472667
121366667
122210267
123053867
123895067
124737467
125578667
126419867
127261067
128101067
128951867
129791867
130631867
131473067
132313067
133154267
133994267
134836667
135718667
136564667
137405867
138245867
139087067
139927067
140767067
141608267
142448267
143290667
144131867
144971867
145813067
146653067
147493067
148334267
149174267
150016667
150859067
151703867
152546267
153387467
154229867
155079467
155920667
156761867
157601867
158441867
159289067
160141067
160981067
161821067
162662267
163505867
164347067
165188267
166028267
166868267
167708267
168548267
169388267
170229467
171069467
171910667
172751867
173593067
174433067
175273067
176113067
176957867
177797867
178639067
179480267
180321467
181162667
182003867
182845067
183685067
184525067
185366267
186207467
187047467
187888667
188728667
189569867
190413467
191253467
192094667
192934667
193775867
194615867
195455867
196297067
197138267
197978267
198819467
199659467
200500667
201340667
202181867
203021867
203864267
204705467
205545467
206386667
207226667
208070267
208910267
209751467
210591467
211431467
212272667
213115067
213956267
214797467
215637467
216482267
217331867
218173067
219013067
219854267
220694267
221535467
222376667
223216667
224057867
224903867
225746267
226587467
227428667
228268667
229109867
229949867
230793467
231634667
232477067
233318267
234158267
234999467
235840667
236680667
237521867
238363067
239205467
240045467
240887867
241729067
242569067
243410267
244252667
245138267
245980667
246821867
247663067
248503067
249344267
250185467
251025467
251926667
252772667
253617467
254459867
255302267
256144667
256993067
257837867
258679067
259574267
260416667
261257867
262102667
262942667
263782667
264625067
265465067
266306267
267147467
267988667
268829867
269671067
270512267
271354667
272195867
273037067
273878267
274719467
275560667
276401867
277241867
278083067
278923067
279764267
280605467
281446667
282287867
283138667
283979867
284823467
285663467
286511867
287415467
288257867
289097867
289939067
290780267
291620267
292461467
293306267
294146267
294987467
295828667
296669867
297509867
298354667
299194667
300035867
300880667
301721867
302564267
303405467
304246667
305087867
305929067
306769067
307610267
308492267
309333467
310174667
311015867
311860667
312701867
313541867
314381867
315233867
316083467
316924667
317765867
318607067
319448267
320288267
321129467
321974267
322817867
323659067
324503867
325347467
326188667
327029867
327869867
328711067
329552267
330393467
331234667
332075867
332917067
333757067
334609067
335450267
336334667
337177067
338018267
338890667
339731867
340575467
341419067
342261467
343103867
343946267
344788667
345649067
346490267
347331467
348172667
349013867
349855067
350741867
351583067
352427867
353271467
354112667
354961067
355813067
356684267
357525467
358369067
359211467
360053867
360897467
361739867
362581067
363423467
364329467
365179067
366027467
366885467
367725467
368563067
369399467
370237067
371074667
371911067
372748667
373587467
374425067
375262667
376107467
376945067
377782667
378619067
379460267
380297867
381135467
381973067
382810667
383647067
384488267
385328267
386165867
387003467
387841067
388677467
389516267
390352667
391190267
392035067
392878667
393716267
394553867
395391467
396229067
397065467
397903067
398750267
399587867
400425467
401263067
402100667
402937067
403774667
404611067
405463067
406309067
407146667
407984267
408821867
409658267
410494667
411332267
412181867
413020667
413858267
414694667
415532267
416368667
417206267
418042667
418924667
419765867
420603467
421441067
422279867
423117467
423953867
424799867
425644667
426487067
427324667
428162267
428999867
429837467
430675067
431511467
432356267
433197467
434035067
434876267
435712667
436550267
437387867
438224267
439067867
439906667
440747867
441584267
442423067
443259467
444097067
444934667
445784267
446627867
447465467
448304267
449140667
449978267
450814667
451652267
452503067
453340667
454179467
455017067
455854667
456692267
457529867
458367467
459251867
460101467
460939067
461777867
462615467
463451867
464289467
465125867
465969467
466808267
467645867
468487067
469323467
470161067
470998667
471835067
472679867
473521067
474357467
475195067
476032667
476873867
477710267
478547867
479392667
480231467
481069067
481906667
482744267
483581867
484418267
485260667
486109067
486950267
487787867
488625467
489461867
490299467
491137067
491973467
492823067
493661867
494499467
495335867
496174667
497012267
497848667
498685067
499571867
500413067
501250667
502090667
502927067
503764667
504602267
505438667
506296667
507134267
507971867
508808267
509647067
510488267
511325867
512162267
513004667
513844667
514683467
515522267
516358667
517196267
518032667
518872667
519718667
520557467
521395067
522231467
523069067
523906667
524744267
525580667
526427867
527272667
528109067
528946667
529784267
530620667
531458267
532295867
533179067
534017867
534855467
535696667
536533067
537370667
538208267
539044667
539885867
540727067
541563467
542402267
543239867
544084667
544922267
545759867
546601067
547439867
548277467
549115067
549952667
550789067
551626667
552463067
553309067
554150267
554987867
555824267
556660667
557498267
558335867
559173467
560023067
560860667
561698267
562535867
563372267
564209867
565046267
565883867
566767067
567609467
568447067
569288267
570124667
570962267
571799867
572636267
573479867
574318667
575155067
575992667
576830267
577671467
578509067
579345467
580189067
581030267
581867867
582705467
583543067
584379467
585217067
586054667
586905467
587743067
588581867
589418267
590255867
591093467
591929867
592767467
593620667
594463067
595299467
596137067
596974667
597812267
598676267
599515067
600361067
601198667
602035067
602877467
603713867
604550267
605391467
606227867
607070267
607907867
608745467
609581867
610418267
611255867
612092267
612928667
613780667
614618267
615455867
616293467
617129867
617966267
618807467
619643867
620527067
621365867
622202267
623039867
623876267
624712667
625549067
626386667
627229067
628075067
628911467
629749067
630586667
631423067
632261867
633099467
633947867
634785467
635624267
636460667
637298267
638134667
638972267
639808667
640660667
641498267
642334667
643171067
644008667
644845067
645685067
646520267
647403467
648241067
649078667
649916267
650752667
651589067
652431467
653272667
654117467
654955067
655792667
656629067
657465467
658303067
659141867
659979467
660826667
661669067
662506667
663344267
664181867
665019467
665855867
666692267
667574267
668413067
669249467
670090667
670927067
671764667
672604667
673441067
674282267
675119867
675956267
676793867
677630267
678471467
679307867
680144267
680987867
681825467
682663067
683499467
684335867
685172267
686012267
686848667
687700667
688539467
689375867
690212267
691048667
691886267
692741867
693580667
694430267
695272667
696111467
696950267
697787867
698625467
699466667
700305467
701155067
701993867
702830267
703670267
704505467
705341867
706179467
707015867
707863067
708699467
709535867
710372267
711208667
712045067
712883867
713720267
714599867
715437467
716275067
717111467
717947867
718784267
719621867
720458267
721304267
722141867
722978267
723814667
724649867
725487467
726326267
727162667
728042267
728884667
729721067
730557467
731393867
732230267
733065467
733901867
734747867
735584267
736421867
737257067
738093467
738928667
739768667
740605067
741455867
742293467
743129867
743966267
744801467
745637867
746473067
747309467
748192667
749030267
749866667
750703067
751539467
752374667
753213467
754049867
754899467
755737067
756573467
757409867
758246267
759082667
759919067
760755467
761638667
762479867
763316267
764152667
764989067
765825467
766664267
767500667
768345467
769183067
770019467
770855867
771692267
772528667
773365067
774201467
775081067
775918667
776755067
777590267
778427867
779264267
780104267
780940667
781783067
782621867
783458267
784294667
785131067
785967467
786803867
787640267
788519867
789357467
790193867
791030267
791866667
792703067
793539467
794375867
795225467
796083467
796919867
797757467
798598667
799442267
800288267
801141467
801979067
802816667
803677067
804517067
805353467
806197067
807033467
807869867
808708667
809546267
810382667
811219067
812055467
812895467
813731867
814567067
815405867
816243467
817079867
817916267
818752667
819589067
820424267
821261867
822105467
822943067
823779467
824655467
825493067
826331867
827168267
828004667
828844667
829687067
830522267
831359867
832196267
833032667
833869067
834704267
835552667
836390267
837226667
838061867
838898267
839734667
840571067
841407467
842258267
843095867
843932267
844768667
845606267
