-100659
863421
5201261
6101901
6941181
7776301
8612461
9447581
10282701
11140701
12066301
12927421
13882141
14773421
15634541
16490461
17468061
18307341
19145581
19984861
20823101
21660301
22497501
23334701
24171901
25009101
25849421
26687661
27523821
28361021
29197181
30034381
30878861
31716061
32552221
33389421
34225581
35061741
35897901
36736141
37572301
38408461
39244621
40083901
40920061
41756221
42592381
43429581
44265741
45101901
45938061
46780461
47616621
48451741
49287901
50123021
50958141
51794301
52629421
53466621
54302781
55137901
55973021
56809181
57645341
58480461
59316621
60152781
60988941
61824061
62660221
63503661
64339821
65175981
66011101
66848301
67685501
68521661
69365101
70200221
71036381
71871501
72706621
73542781
74378941
75214061
76050221
76885341
77721501
78557661
79392781
80228941
81067181
81902301
82738461
83573581
84419101
85257341
86093501
86928621
87764781
88600941
89437101
90272221
91108381
91944541
92779661
93628301
94467581
95303741
96139901
96976061
97812221
98647341
99483501
100319661
101155821
101991981
102828141
103663261
104499421
105335581
106171741
107008941
107847181
108683341
109519501
110355661
111191821
112027981
112865181
113701341
114538541
115374701
116211901
117049101
117885261
118721421
119564861
120402061
121241341
122077501
122915741
123752941
124589101
125425261
126262461
127098621
127935821
128771981
129609181
130445341
131281501
132118701
132954861
133792061
134631341
135468541
136304701
137141901
137979101
138815261
139651421
140488621
141324781
142161981
142998141
143835341
144671501
145508701
146344861
147181021
148020301
148857501
149693661
150530861
151367021
152204221
153040381
153879661
154716861
155553021
156390221
157226381
158066701
158902861
159739021
160579341
161418621
162254781
163091981
163928141
164765341
165602541
166438701
167275901
168113101
168950301
169786461
170623661
171460861
172298061
173135261
173971421
174810701
175647901
176484061
177321261
178157421
178994621
179831821
180667981
181505181
182342381
183178541
184015741
184852941
185689101
186526301
187363501
188206941
189044141
189880301
190717501
191558861
192396061
193234301
194071501
194908701
195745901
196582061
197419261
198258541
199095741
199931901
200770141
201610461
202446621
203283821
204119981
204957181
205794381
206630541
207467741
208304941
209141101
209978301
210814461
211651661
212487821
213326061
214163261
215002541
215839741
216675901
217512061
218349261
219185421
220022621
220858781
221695981
222536301
223373501
224210701
225048941
225886141
226722301
227559501
228397741
229234941
230072141
230908301
231745501
232581661
233418861
234256061
235092221
235929421
236766621
237603821
238439981
239281341
240118541
240955741
241795021
242632221
243469421
244305581
245142781
245979981
246817181
247653341
248490541
249327741
250163901
251002141
251839341
252678621
253515821
254353021
255191261
256028461
256867741
257704941
258541101
259378301
260214461
261051661
261888861
262726061
263562221
264400461
265237661
266073821
266911021
267747181
268586461
269423661
270260861
271098061
271934221
272771421
273608621
274444781
275281981
276118141
276955341
277792541
278628701
279465901
280302061
281139261
281978541
282814701
283651901
284488061
285329421
286166621
287006941
287844141
288681341
289517501
290355741
291201261
292038461
292875661
293711821
294565661
295404941
296242141
297079341
297916541
298752701
299589901
300428141
301264301
302104621
302941821
303779021
304615181
305452381
306289581
307126781
307962941
308802221
309639421
310476621
311312781
312149981
312987181
313824381
314660541
315497741
316334941
317178381
318015581
318851741
319688941
320534461
321371661
322209901
323047101
323883261
324729821
325565981
326403181
327240381
328077581
328913741
329750941
330588141
331425341
332262541
333101821
333940061
334781421
335621741
336459981
337298221
338137501
338974701
339813981
340652221
341501901
342335981
343173181
344006221
344840301
345674381
346507421
347344621
348177661
349013821
349847901
350681981
351515021
352349101
353183181
354017261
354851341
355684381
356518461
357351501
358185581
359019661
359853741
360687821
361520861
362357021
363191101
364025181
364858221
365692301
366526381
367360461
368194541
369027581
369861661
370694701
371527741
372361821
373194861
374028941
374863021
375700221
376534301
377367341
378201421
379034461
379868541
380702621
381536701
382370781
383204861
384038941
384871981
385706061
386540141
387373181
388207261
389043421
389876461
390710541
391544621
392378701
393211741
394045821
394879901
395712941
396547021
397381101
398215181
399048221
399882301
400724701
401558781
402393901
403227981
404062061
404896141
405729181
406565341
407399421
408234541
409068621
409904781
410738861
411575021
412409101
413243181
414076221
414910301
415747501
416582621
417416701
418250781
419087981
419922061
420756141
421590221
422423261
423260461
424093501
424927581
425760621
426603021
427436061
428270141
429107341
429940381
430791101
431625181
432459261
433293341
434127421
434969821
435803901
436637981
437472061
438313421
439147501
439981581
440815661
441649741
442486941
443321021
444154061
444989181
445822221
446656301
447490381
448324461
449158541
449992621
450825661
451659741
452493821
453327901
454160941
454995021
455831181
456665261
457499341
458332381
459166461
459999501
460833581
461667661
462501741
463335821
464169901
465008141
465845341
466680461
467515581
468350701
469187901
470021981
470856061
471690141
472523181
473358301
474192381
475026461
475859501
476693581
477527661
478363821
479197901
480030941
480865021
481699101
482537341
483371421
484205501
485039581
485875741
486709821
487543901
488377981
489212061
490046141
490880221
491713261
492547341
493381421
494215501
495049581
495886781
496720861
497554941
498389021
499223101
500056141
500889181
501723261
502556301
503390381
504224461
505058541
505891581
506725661
507559741
508393821
509229981
510064061
510899181
511733261
512567341
513400381
514234461
515068541
515902621
516736701
517570781
518403821
519237901
520071981
520906061
521740141
522576301
523410381
524244461
525078541
525912621
526746701
527579741
528413821
529247901
530080941
530915021
531748061
532582141
533415181
534249261
535083341
535919501
536753581
537587661
538420701
539254781
540088861
540922941
541755981
542594221
543428301
544262381
545096461
545930541
546763581
547597661
548431741
549267901
550101981
550937101
551772221
552605261
553439341
554272381
555106461
555940541
556773581
557607661
558443821
559276861
560110941
560943981
561778061
562618381
563451421
564284461
565117501
565951581
566790861
567624941
568457981
569292061
570125101
570958141
571792221
572625261
573459341
574292381
575126461
575961581
576794621
577629741
578462781
579295821
580129901
580962941
581795981
582630061
583472461
584305501
585139581
585973661
586806701
587640781
588473821
589309981
590143021
590977101
591811181
592644221
593477261
594311341
595144381
595979501
596813581
597647661
598480701
599314781
600148861
600982941
601815981
602652141
603485181
604319261
605152301
605985341
606819421
607653501
608486541
609320621
610153661
610987741
611820781
612654861
613487901
614324061
615159181
615995341
616828381
617662461
618496541
619330621
620163661
620997741
621831821
622664861
623498941
624333021
625166061
626000141
626834221
627668301
628501341
629338541
630171581
631004621
631838701
632671741
633505821
634338861
635172941
636005981
636840061
637674141
638509261
639343341
640178461
641012541
641847661
642689021
643524141
644358221
645197501
646031581
646867741
647700781
648533821
649365821
650199901
651036061
651870141
652702141
653535181
654368221
655201261
656036381
656869421
657702461
658535501
659368541
660201581
661034621
661867661
662700701
663533741
664366781
665198781
666031821
666864861
667697901
668529901
669365021
670198061
671031101
671864141
672697181
673530221
674363261
675196301
676029341
676861341
677694381
678527421
679360461
680193501
681026541
681859581
682694701
683526701
684359741
685191741
686024781
686857821
687690861
688522861
689355901
690188941
691021981
691855021
692688061
693520061
694353101
695186141
696021261
696854301
697686301
698519341
699352381
700185421
701018461
701851501
702684541
703517581
704349581
705182621
706015661
706848701
707690061
708524141
709360301
710193341
711026381
711858381
712691421
713524461
714357501
715189501
716022541
716855581
717688621
718523741
719356781
720189821
721022861
721855901
722691021
723524061
724356061
725189101
726022141
726855181
727687181
728520221
729353261
730186301
731019341
731852381
732685421
733518461
734351501
735184541
736029021
736861021
737694061
738527101
739360141
740192141
741032461
741865501
742698541
743531581
744378141
745212221
746047341
746881421
747718621
748552701
749388861
750223981
751057021
751894221
752727261
753561341
754395421
755229501
756065661
756898701
757731741
758564781
759397821
760230861
761063901
761896941
762732061
763565101
764398141
765231181
766064221
766897261
767730301
768563341
769396381
770229421
771061421
771894461
772727501
773560541
774393581
775226621
776062781
776895821
777728861
778560861
779393901
780226941
781059981
781893021
782726061
783559101
784392141
785225181
786058221
786891261
787724301
788557341
789390381
790222381
791055421
791888461
792721501
793554541
794387581
795220621
796053661
796886701
797719741
798552781
799388941
800221981
801055021
801888061
802727341
803560381
804393421
805226461
806060541
806894621
807729741
808563821
809396861
810230941
811063981
811897021
812732141
813565181
814398221
815231261
816064301
816898381
817731421
818564461
819397501
820231581
821066701
821899741
822733821
823567901
824401981
825236061
826069101
826904221
827740381
828574461
829409581
830257181
831097501
831932621
832767741
833602861
834440061
835274141
836108221
836942301
837776381
838610461
