-100928
1107712
1993792
8811712
9727552
10595392
11487232
12341632
13194112
14080192
15022912
15917632
16843072
17751232
18643072
19475392
20306752
21136192
21965632
22794112
23623552
24452992
25282432
26111872
26942272
27774592
28607872
29436352
30266752
31096192
31925632
32755072
33585472
34414912
35247232
36076672
36906112
37735552
38565952
39395392
40224832
41055232
41884672
42716032
43545472
44374912
45204352
46033792
46863232
47691712
48522112
49351552
50180992
51010432
51839872
52669312
53497792
54327232
55156672
55988032
56817472
57647872
58477312
59309632
60138112
60967552
61796992
62626432
63454912
64292032
65121472
65950912
66780352
67610752
68440192
69270592
70101952
70931392
71759872
72589312
73418752
74249152
75078592
75908032
76737472
77567872
78396352
79225792
80056192
80895232
81725632
82555072
83389312
84217792
85048192
85877632
86707072
87536512
88365952
89195392
90027712
90857152
91686592
92516032
93345472
94174912
95004352
95834752
96666112
97496512
98327872
99158272
99988672
100818112
101647552
102476992
103306432
104135872
104966272
105796672
106628032
107458432
108288832
109117312
109949632
110780032
111610432
112439872
113270272
114099712
114929152
115761472
116591872
117422272
118252672
119083072
119914432
120746752
121577152
122407552
123240832
124071232
124902592
125733952
126564352
127394752
128225152
129056512
129887872
130718272
131551552
132381952
133214272
134045632
134876992
135707392
136539712
137371072
138201472
139031872
139862272
140692672
141542272
142397632
143256832
144110272
144968512
145816192
146663872
147498112
148334272
149170432
150008512
150842752
151676992
152512192
153345472
154178752
155011072
155844352
156678592
157513792
158346112
159179392
160012672
160845952
161678272
162513472
163350592
164185792
165020032
165858112
166692352
167526592
168361792
169196032
170031232
170865472
171700672
172534912
173369152
174206272
175041472
175875712
176712832
177547072
178382272
179216512
180051712
180886912
181722112
182557312
183391552
184225792
185063872
185899072
186736192
187571392
188405632
189240832
190077952
190911232
191744512
192577792
193410112
194245312
195079552
195914752
196748992
197584192
198419392
199252672
200084992
200918272
201753472
202586752
203421952
204257152
205090432
205924672
206758912
207594112
208428352
209263552
210097792
210932992
211767232
212602432
213437632
214272832
215108032
215942272
216779392
217613632
218448832
219284032
220118272
220953472
221788672
222623872
223462912
224299072
225138112
225973312
226807552
227642752
228477952
229312192
230149312
230984512
231819712
232653952
233489152
234323392
235158592
235992832
236828032
237663232
238497472
239333632
240168832
241004032
241839232
242677312
243514432
244349632
245184832
246019072
246854272
247689472
248524672
249359872
250195072
251030272
251865472
252700672
253535872
254370112
255205312
256040512
256877632
257712832
258547072
259382272
260217472
261052672
261886912
262722112
263556352
264391552
265226752
266060992
266896192
267730432
268565632
269400832
270236992
271072192
271907392
272741632
273576832
274411072
275246272
276081472
276916672
277750912
278586112
279420352
280254592
281089792
281928832
282763072
283600192
284435392
285270592
286105792
286940992
287780992
288616192
289451392
290286592
291121792
291956032
292791232
293626432
294461632
295297792
296132032
296970112
297805312
298640512
299475712
300309952
301145152
301980352
302815552
303650752
304484992
305320192
306155392
306997312
307832512
308668672
309504832
310341952
311178112
312015232
312851392
313687552
314523712
315359872
316196032
317032192
317868352
318703552
319539712
320374912
321218752
322053952
322889152
323727232
324561472
325396672
326232832
327068032
327903232
328770112
329625472
330483712
331338112
332193472
333045952
333903232
334760512
335612032
336460672
337315072
338164672
339018112
339854272
340682752
341509312
342336832
343165312
343992832
344820352
345648832
346475392
347305792
348131392
348958912
349786432
350615872
351443392
352271872
353099392
353926912
354754432
355582912
356411392
357238912
358066432
358893952
359720512
360548992
361376512
362204032
363031552
363860992
364689472
365516992
366344512
367172992
368001472
368829952
369658432
370486912
371318272
372147712
372976192
373804672
374634112
375462592
376292032
377126272
377954752
378785152
379615552
380443072
381273472
382100992
382928512
383756032
384584512
385412032
386239552
387067072
387894592
388723072
389552512
390381952
391209472
392036992
392864512
393692992
394520512
395348032
396174592
397002112
397834432
398661952
399490432
400317952
401145472
401972992
402800512
403630912
404459392
405286912
406114432
406941952
407768512
408596032
409423552
410252992
411080512
411908032
412737472
413564992
414391552
415220032
416047552
416876992
417705472
418533952
419361472
420190912
421019392
421846912
422674432
423502912
424330432
425163712
425991232
426818752
427647232
428474752
429302272
430132672
430960192
431793472
432620032
433454272
434289472
435117952
435945472
436773952
437601472
438428032
439256512
440084032
440910592
441751552
442581952
443413312
444241792
445069312
445897792
446725312
447552832
448380352
449208832
450038272
450865792
451694272
452522752
453350272
454177792
455005312
455832832
456662272
457489792
458317312
459144832
459972352
460801792
461629312
462464512
463299712
464128192
464955712
465785152
466612672
467440192
468272512
469100032
469929472
470757952
471586432
472413952
473242432
474069952
474896512
475724032
476555392
477382912
478219072
479054272
479883712
480711232
481538752
482367232
483196672
484024192
484851712
485679232
486523072
487350592
488179072
489006592
489836032
490665472
491493952
492322432
493149952
493982272
494812672
495642112
496474432
497303872
498132352
498960832
499791232
500620672
501450112
502279552
503108992
503936512
504764032
505591552
506419072
507246592
508074112
508902592
509732992
510560512
511388032
512215552
513043072
513871552
514699072
515526592
516356992
517184512
518012032
518840512
519668032
520495552
521323072
522151552
522982912
523810432
524637952
525465472
526292992
527120512
527948992
528778432
529605952
530434432
531261952
532089472
532916992
533744512
534572992
535399552
536229952
537057472
537885952
538714432
539548672
540376192
541203712
542031232
542859712
543687232
544518592
545347072
546175552
547004032
547830592
548658112
549489472
550316992
551144512
551971072
552799552
553626112
554453632
555281152
556107712
556936192
557767552
558604672
559431232
560259712
561088192
561916672
562746112
563573632
564403072
565233472
566060032
566888512
567716032
568542592
569370112
570197632
571025152
571853632
572680192
573507712
574335232
575162752
575993152
576820672
577647232
578474752
579302272
580129792
580957312
581784832
582612352
583445632
584282752
585115072
585954112
586794112
587624512
588462592
589293952
590125312
590957632
591788992
592621312
593452672
594284032
595116352
595950592
596782912
597614272
598445632
599277952
600109312
600940672
601772032
602606272
603437632
604268992
605101312
605932672
606764992
607596352
608430592
609262912
610094272
610925632
611757952
612589312
613419712
614250112
615079552
615911872
616742272
617571712
618402112
619232512
620062912
620895232
621725632
622555072
623385472
624215872
625046272
625875712
626706112
627535552
628365952
629198272
630027712
630858112
631706752
632558272
633419392
634268992
635119552
635972032
636820672
637666432
638512192
639358912
640204672
641054272
641898112
642748672
643583872
644415232
645242752
646070272
646896832
647723392
648549952
649377472
650204032
651030592
651858112
652685632
653512192
654338752
655166272
655996672
656828032
657656512
658483072
659312512
660141952
660968512
661796032
662623552
663451072
664278592
665105152
665931712
666758272
667584832
668411392
669240832
670067392
670893952
671720512
672548032
673375552
674202112
675029632
675856192
676684672
677510272
678337792
679164352
679990912
680818432
681644992
682474432
683303872
684129472
684956992
685783552
686610112
687436672
688263232
689090752
689916352
690742912
691570432
692397952
693224512
694052032
694878592
695707072
696534592
697362112
698188672
699015232
699841792
700669312
701495872
702323392
703149952
703976512
704804032
705630592
706458112
707284672
708114112
708942592
709770112
710597632
711424192
712251712
713078272
713904832
714731392
715558912
716385472
717212032
718039552
718866112
719691712
720520192
721346752
722175232
723002752
723829312
724655872
725482432
726308992
727135552
727962112
728788672
729616192
730442752
731269312
732095872
732922432
733749952
734577472
735405952
736234432
737070592
737897152
738723712
739552192
740391232
741235072
742063552
742891072
743717632
744545152
745372672
746221312
747052672
747882112
748709632
749539072
750368512
751195072
752025472
752852992
753681472
754508992
755335552
756164032
756991552
757818112
758646592
759473152
760331392
761163712
761993152
762820672
763650112
764477632
765307072
766135552
766964032
767797312
768623872
769451392
770277952
771105472
771932992
772759552
773587072
774415552
775243072
776070592
776897152
777725632
778552192
779379712
780206272
781033792
781860352
782687872
783515392
784342912
785169472
785996032
786823552
787651072
788478592
789306112
790133632
790960192
791789632
792616192
793443712
794270272
795097792
795930112
796759552
797588992
798416512
799244032
800073472
800906752
801737152
802572352
803400832
804230272
805057792
805890112
806721472
807573952
808408192
809236672
810064192
810891712
811718272
812545792
813373312
814199872
815027392
815854912
816681472
817508992
818336512
819165952
819992512
820820032
821646592
822473152
823299712
824127232
824953792
825784192
826610752
827437312
828265792
829091392
829917952
830744512
831570112
832400512
833228032
834054592
834881152
835708672
836536192
837362752
