-102756
888344
1816904
13819284
14815684
15662624
16796824
17808064
18767364
19741504
20794084
21638904
22479484
23348684
24187144
25025604
25914944
26752344
27591864
28429264
29265604
30103004
30940404
31776744
32614144
33450484
34291064
35127404
35963744
36801144
37638544
38474884
39312284
40147564
40984964
41821304
42661884
43503524
44339864
45177264
46014664
46852064
47689464
48527924
49365324
50201664
51039064
51875404
52712804
53549144
54386544
55223944
56060284
56896624
57734024
58570364
59406704
60244104
61080444
61918904
62756304
63593704
64430044
65267444
66103784
66940124
67777524
68613864
69451264
70295024
71131364
71968764
72806164
73643564
74479904
75317304
76155764
76992104
77827384
78663724
79499004
80335344
81171684
82006964
82843304
83678584
84514924
85350204
86186544
87021824
87858164
88693444
89531904
90369304
91205644
92040924
92877264
93712544
94548884
95384164
96223684
97060024
97897424
98733764
99569044
100405384
101241724
102077004
102915464
103751804
104588144
105423424
106259764
107098224
107934564
108771964
109609364
110444644
111280984
112117324
112953664
113788944
114625284
115460564
116299024
117135364
117971704
118808044
119644384
120480724
121317064
122154464
122993984
123831384
124667724
125505124
126342524
127178864
128016264
128852604
129692124
130529524
131366924
132203264
133040664
133878064
134715464
135551804
136389204
137226604
138064004
138903524
139740924
140578324
141414664
142252064
143090524
143927924
144765324
145602724
146440124
147276464
148113864
148951264
149787604
150625004
151462404
152298744
153136144
153973544
154810944
155647284
156486804
157324204
158160544
158996884
159834284
160670624
161508024
162345424
163182824
164019164
164856564
165692904
166530304
167367704
168204044
169041444
169882024
170719424
171556824
172394224
173231624
174071144
174912784
175750184
176586524
177423924
178261324
179097664
179935064
180772464
181609864
182447264
183286784
184124184
184961584
185798984
186636384
187473784
188311184
189148584
189985984
190826564
191663964
192501364
193338764
194176164
195013564
195852024
196691544
197528944
198365284
199202684
200040084
200877484
201713824
202551224
203388624
204224964
205063424
205899764
206740344
207577744
208415144
209252544
210092064
210929464
211766864
212604264
213442724
214280124
215116464
215953864
216791264
217628664
218474544
219313004
220150404
220987804
221824144
222661544
223501064
224339524
225177984
226014324
226855964
227693364
228530764
229369224
230206624
231042964
231880364
232717764
233555164
234402104
235239504
236075844
236916424
237753824
238598644
239436044
240273444
241110844
241950364
242786704
243624104
244461504
245298904
246136304
246972644
247815344
248652744
249490144
250329664
251167064
252004464
252841864
253679264
254533624
255372084
256209484
257047944
257885344
258735464
259572864
260410264
261247664
262085064
262924584
263764104
264601504
265438904
266276304
267113704
267952164
268788504
269626964
270464364
271301764
272139164
272983984
273821384
274676804
275514204
276352664
277192184
278029584
278875464
279712864
280550264
281387664
282225064
283065644
283901984
284740444
285577844
286415244
287252644
288090044
288926384
289764844
290605424
291441764
292279164
293116564
293953964
294813624
295651024
296488424
297326884
298163224
299000624
299838024
300676484
301513884
302351284
303191864
304031384
304868784
305706184
306543584
307380984
308222624
309060024
309897424
310734824
311572224
312409624
313247024
314084424
314921824
315759224
316596624
317436144
318274604
319112004
319948344
320786804
321624204
322462664
323300064
324137464
324974864
325812264
326649664
327487064
328324464
329161864
329999264
330856804
331694204
332532664
333370064
334207464
335044864
335882264
336719664
337557064
338394464
339235044
340071384
340908784
341768444
342611144
343452784
344294424
345133944
345972404
346811924
347650384
348488844
349327304
350165764
351008464
351842684
352676904
353511124
354345344
355179564
356012724
356846944
357684344
358518564
359354904
360189124
361023344
361857564
362691784
363524944
364359164
365194444
366027604
366871364
367704524
368537684
369371904
370206124
371044584
371877744
372711964
373546184
374380404
375214624
376047784
376882004
377716224
378549384
379384664
380217824
381052044
381886264
382720484
383553644
384389984
385224204
386058424
386892644
387725804
388560024
389394244
390228464
391061624
391895844
392730064
393563224
394399564
395233784
396068004
396902224
397738564
398574904
399410184
400243344
401077564
401910724
402744944
403578104
404412324
405246544
406080764
406913924
407748144
408582364
409416584
410262464
411099864
411934084
412768304
413601464
414436744
415269904
416104124
416938344
417772564
418606784
419442064
420276284
421110504
421944724
422777884
423612104
424449504
425283724
426116884
426951104
427785324
428620604
429453764
430287984
431122204
431956424
432790644
433624864
434459084
435294364
436128584
436963864
437804444
438638664
439472884
440307104
441142384
441977664
442812944
443648224
444482444
445317724
446153004
446987224
447821444
448656724
449490944
450325164
451161504
451995724
452829944
453664164
454498384
455333664
456167884
457002104
457836324
458670544
459504764
460338984
461173204
462007424
462841644
463675864
464512204
465346424
466180644
467014864
467849084
468683304
469517524
470351744
471185964
472021244
472855464
473688624
474523904
475358124
476192344
477029744
477866084
478700304
479535584
480369804
481202964
482037184
482871404
483705624
484539844
485374064
486209344
487044624
487878844
488713064
489547284
490393164
491248584
492098704
492937164
493771384
494605604
495439824
496274044
497117804
497950964
498785184
499619404
500453624
501297384
502130544
502964764
503798984
504635324
505471664
506304824
507139044
507973264
508806424
509640644
510474864
511308024
512142244
512976464
513809624
514643844
515478064
516319704
517153924
517990264
518824484
519658704
520496104
521334564
522168784
523001944
523836164
524670384
525504604
526338824
527171984
528007264
528842544
529675704
530509924
531346264
532180484
533014704
533847864
534682084
535516304
536349464
537183684
538017904
538851064
539685284
540519504
541353724
542186884
543021104
543855324
544693784
545526944
546361164
547195384
548032784
548867004
549701224
550535444
551369664
552202824
553044464
553878684
554712904
555547124
556381344
557215564
558051904
558886124
559748964
560585304
561420584
562255864
563090084
563924304
564760644
565594864
566430144
567265424
568099644
568937044
569772324
570607604
571441824
572277104
573111324
573945544
574780824
575617164
576451384
577285604
578119824
578954044
579788264
580622484
581456704
582293044
583127264
583963604
584797824
585632044
586466264
587300484
588134704
588968924
589803144
590637364
591472644
592306864
593142144
593976364
594811644
595647984
596481144
597315364
598148524
598982744
599816964
600650124
601485404
602318564
603154904
603989124
604823344
605657564
606491784
607324944
608159164
608995504
609829724
610663944
611498164
612332384
613166604
613999764
614836104
615670324
616504544
617338764
618172984
619007204
619840364
620674584
621508804
622345144
623179364
624013584
624847804
625680964
626515184
627349404
628183624
629018904
629852064
630686284
631520504
632354724
633188944
634022104
634856324
635692664
636526884
637360044
638194264
639028484
639862704
640696924
641530084
642364304
643198524
644032744
644866964
645716024
646552364
647386584
648221864
649061384
649896664
650731944
651566164
652401444
653242024
654077304
654911524
655746804
656579964
657413124
658246284
659079444
659912604
660746824
661588464
662423744
663256904
664090064
664924284
665756384
666590604
667423764
668256924
669090084
669922184
670756404
671589564
672423784
673256944
674089044
674922204
675758544
676591704
677424864
678258024
679090124
679923284
680757504
681592784
682427004
683260164
684093324
684926484
685758584
686591744
687424904
688258064
689101824
689934984
690768144
691601304
692435524
693270804
694103964
694937124
695770284
696603444
697435544
698268704
699101864
699935024
700785144
701618304
702454644
703287804
704120964
704954124
705787284
706620444
707453604
708286764
709119924
709953084
710786244
711619404
712452564
713286784
714119944
714953104
715788384
716621544
717455764
718288924
719122084
719955244
720788404
721621564
722454724
723287884
724128464
724961624
725794784
726627944
727461104
728294264
729130604
729963764
730796924
731630084
732463244
733300644
734133804
734966964
735800124
736633284
737466444
738299604
739132764
739965924
740799084
741632244
742467524
743300684
744140204
744973364
745806524
746639684
747472844
748306004
749139164
749972324
750815024
751648184
752481344
753314504
754151904
755032764
755870164
756704384
757538604
758372824
759207044
760044444
760880784
761713944
762547104
763380264
764213424
765046584
765879744
766713964
767547124
768380284
769216624
770049784
770884004
771720344
772553504
773387724
774220884
775055104
775888264
776721424
777555644
778388804
779221964
780056184
780889344
781722504
782557784
783392004
784227284
785061504
785896784
786749024
787583244
788416404
789250624
790083784
790916944
791750104
792582204
793416424
794249584
795081684
795914844
796748004
797582224
798414324
799251724
800084884
800919104
801751204
802584364
803417524
804250684
805084904
805918064
806751224
807584384
808417544
809257064
810090224
810926564
811760784
812593944
813427104
814263444
815096604
815929764
816763984
817597144
818430304
819263464
820097684
820930844
821764004
822599284
823432444
824266664
825116784
825951004
826785224
827621564
828455784
829290004
830123164
830956324
831789484
832622644
833455804
834288964
835122124
835956344
836789504
837622664
838455824
839288984
840122144
840958484
841791644
842624804
843457964
844291124
845124284
845957444
846789544
847622704
