-100869
807711
9121731
10036011
10889871
11731191
12572511
13412691
14261991
15113571
16022151
16862331
17701371
18541551
19450131
20408871
21270711
22134831
23044551
23885871
24722631
25555971
26392731
27228351
28074231
28909851
29748891
30584511
31418991
32252331
33087951
33923571
34756911
35592531
36427011
37262631
38095971
38932731
39768351
40602831
41437311
42271791
43106271
43946451
44782071
45616551
46452171
47287791
48122271
48957891
49793511
50626851
51462471
52296951
53131431
53964771
54800391
55634871
56475051
57311811
58146291
58981911
59815251
60649731
61485351
62319831
63153171
63987651
64823271
65657751
66491091
67325571
68162331
68995671
69833571
70669191
71507091
72341571
73176051
74011671
74846151
75693171
76527651
77363271
78197751
79031091
79866711
80702331
81536811
82372431
83208051
84042531
84889551
85724031
86559651
87395271
88229751
89065371
89899851
90735471
91569951
92405571
93240051
94074531
94910151
95744631
96580251
97413591
98251491
99087111
99921591
100756071
101590551
102426171
103261791
104096271
104930751
105766371
106600851
107435331
108270951
109105431
109939911
110775531
111613431
112449051
113282391
114139671
114976431
115813191
116648811
117484431
118321191
119154531
119990151
120825771
121661391
122497011
123332631
124167111
125007291
125844051
126684231
127519851
128355471
129191091
130027851
130863471
131699091
132534711
133371471
134207091
135042711
135879471
136716231
137551851
138390891
139226511
140063271
140898891
141734511
142571271
143406891
144245931
145082691
145918311
146755071
147589551
148426311
149263071
150099831
150934311
151773351
152610111
153445731
154281351
155118111
155953731
156792771
157627251
158464011
159300771
160136391
160973151
161811051
162648951
163484571
164322471
165161511
166009671
166844151
167680911
168518811
169357851
170194611
171033651
171870411
172706031
173543931
174380691
175217451
176053071
176889831
177727731
178566771
179402391
180240291
181077051
181922931
182760831
183599871
184437771
185273391
186110151
186948051
187784811
188622711
189460611
190297371
191135271
191974311
192811071
193650111
194486871
195322491
196160391
196996011
197836191
198672951
199508571
200346471
201182091
202018851
202856751
203693511
204529131
205369311
206206071
207053091
207888711
208725471
209564511
210400131
211235751
212073651
212910411
213746031
214582791
215419551
216258591
217094211
217929831
218770011
219606771
220442391
221280291
222117051
222962931
223799691
224636451
225474351
226309971
227147871
227985771
228822531
229658151
230496051
231332811
232172991
233008611
233844231
234682131
235518891
236354511
237192411
238029171
238871631
239709531
240546291
241385331
242220951
243057711
243895611
244731231
245570271
246408171
247244931
248094231
248933271
249775731
250622751
251461791
252298551
253136451
253974351
254811111
255649011
256508571
257361291
258199191
259040511
259878411
260716311
261551931
262389831
263227731
264065631
264902391
265739151
266577051
267414951
268251711
269088471
269926371
270763131
271599891
272440071
273279111
274115871
274952631
275790531
276628431
277465191
278301951
279138711
279975471
280812231
281648991
282485751
283321371
284159271
285001731
285840771
286678671
287519991
288360171
289201491
290038251
290876151
291714051
292553091
293389851
294233451
295071351
295910391
296747151
297585051
298425231
299264271
300102171
300941211
301779111
302615871
303453771
304290531
305127291
305962911
306798531
307635291
308480031
309324771
310162671
311000571
311840751
312679791
313516551
314353311
315188931
316025691
316863591
317700351
318535971
319375011
320210631
321049671
321885291
322723191
323564511
324400131
325235751
326077071
326912691
327749451
328587351
329422971
330262011
331097631
331936671
332774571
333613611
334449231
335287131
336123891
336965211
337800831
338643291
339484611
340320231
341156991
341996031
342862431
343700331
344539371
345378411
346228851
347066751
347905791
348743691
349581591
350416071
351253971
352091871
352935471
353789331
354624951
355460571
356296191
357130671
357964011
358798491
359629551
360464031
361299651
362132991
362965191
363799671
364635291
365470911
366306531
367139871
367975491
368807691
369642171
370476651
371311131
372147891
372983511
373817991
374652471
375504051
376382991
377223171
378081591
378925191
379800711
380638611
381494751
382334931
383184231
384023271
384862311
385711611
386549511
387387411
388237851
389075751
389913651
390752691
391589451
392427351
393268671
394105431
394943331
395781231
396620271
397459311
398297211
399135111
399973011
400809771
401646531
402483291
403320051
404156811
404993571
405830331
406669371
407504991
408341751
409178511
410025531
410862291
411699051
412535811
413372571
414208191
415044951
415881711
416720751
417557511
418393131
419229891
420068931
420905691
421742451
422580351
423417111
424252731
425089491
425927391
426763011
427599771
428436531
429277851
430114611
430951371
431788131
432626031
433466211
434302971
435140871
435978771
436816671
437672811
438510711
439347471
440185371
441022131
441860031
442696791
443534691
444372591
445211631
446048391
446888571
447725331
448563231
449401131
450237891
451075791
451912551
452750451
453588351
454426251
455263011
456100911
456937671
457777851
458614611
459452511
460293831
461131731
461975331
462813231
463651131
464492451
465333771
466170531
467017551
467854311
468691071
469527831
470364591
471201351
472036971
472873731
473716191
474554091
475393131
476229891
477067791
477905691
478743591
479579211
480415971
481252731
482089491
482926251
483763011
484599771
485436531
486276711
487115751
487951371
488789271
489627171
490463931
491300691
492137451
492976491
493814391
494651151
495489051
496326951
497163711
498001611
498838371
499675131
500515311
501352071
502188831
503026731
503863491
504700251
505537011
506373771
507210531
508047291
508884051
509721951
510558711
511395471
512232231
513070131
513909171
514748211
515586111
516422871
517259631
518096391
518933151
519769911
520606671
521443431
522280191
523116951
523953711
524790471
525628371
526465131
527307591
528144351
528979971
529817871
530653491
531490251
532327011
533163771
534000531
534837291
535675191
536511951
537348711
538185471
539024511
539861271
540700311
541538211
542373831
543210591
544048491
544885251
545722011
546558771
547395531
548233431
549070191
549906951
550743711
551580471
552422931
553259691
554101011
554937771
555775671
556612431
557449191
558285951
559123851
559960611
560797371
561635271
562500531
563339571
564176331
565015371
565853271
566688891
567525651
568362411
569199171
570035931
570872691
571709451
572546211
573384111
574220871
575056491
575893251
576730011
577565631
578405811
579242571
580079331
580916091
581752851
582589611
583426371
584263131
585098751
585935511
586772271
587607891
588444651
589281411
590118171
590954931
591793971
592630731
593467491
594305391
595141011
595977771
596814531
597651291
598488051
599324811
600161571
600997191
601833951
602670711
603507471
604345371
605184411
606021171
606857931
607694691
608530311
609370491
610207251
611044011
611880771
612716391
613553151
614389911
615227811
616064571
616901331
617738091
618577131
619413891
620250651
621087411
621926451
622763211
623599971
624436731
625273491
626110251
626947011
627783771
628620531
629457291
630294051
631139931
631980111
632816871
633653631
634490391
635326011
636162771
636999531
637836291
638673051
639509811
640347711
641183331
642020091
642856851
643693611
644530371
645369411
646205031
647052051
647888811
648725571
649563471
650410491
651247251
652084011
652920771
653757531
654595431
655432191
656268951
657106851
657943611
658782651
659619411
660456171
661294071
662133111
662974431
663811191
664647951
665484711
666321471
667159371
667996131
668834031
669670791
670507551
671344311
672185631
673023531
673860291
674697051
675534951
676371711
677208471
678046371
678883131
679719891
680557791
681394551
682231311
683069211
683905971
684745011
685584051
686421951
687258711
688095471
688933371
689770131
690606891
691447071
692283831
693121731
693958491
694795251
695632011
696469911
697306671
698143431
698982471
699819231
700655991
701492751
702329511
703166271
704006451
704843211
705681111
706517871
707355771
708192531
709029291
709867191
710703951
711540711
712380891
713217651
714055551
714893451
715730211
716568111
717404871
718242771
719079531
719916291
720754191
721590951
722427711
723265611
724102371
724939131
725779311
726616071
727452831
728290731
729127491
729965391
730799871
731635491
732469971
733305591
734141211
734975691
735811311
736646931
737483691
738319311
739159491
739996251
740831871
741667491
742501971
743337591
744173211
745007691
745843311
746680071
747516831
748353591
749190351
750027111
750863871
751709751
752548791
753386691
754223451
755070471
755931171
756769071
757606971
758443731
759280491
760118391
760958571
761795331
762633231
763471131
764307891
765145791
765984831
766822731
767660631
768497391
769335291
770173191
771009951
771846711
772684611
773524791
774362691
775199451
776037351
776874111
777710871
778547631
779387811
780225711
781062471
781900371
782738271
783575031
784411791
785249691
786094431
786932331
787769091
788606991
789443751
790281651
791118411
791956311
792793071
793630971
794467731
795305631
796143531
796981431
797818191
798656091
799492851
800330751
801167511
802005411
802842171
803678931
804516831
805353591
806194911
807029391
807865011
808700631
809536251
810370731
811210911
812046531
812882151
813716631
814553391
815391291
816229191
817065951
817902711
818740611
819577371
820432371
821269131
822105891
822942651
823780551
824619591
825457491
826294251
827134431
827971191
828809091
829645851
830482611
831320511
832157271
832995171
833831931
834668691
835506591
836343351
837180111
838020291
838857051
839694951
840531711
841368471
842206371
843043131
843881031
844717791
