-145554
834446
1767406
9630926
10556046
11416206
12273006
13176846
14032526
15045006
15965646
16849326
17793486
18707406
19556366
20405326
21282286
22179406
23014926
23849326
24683726
25517006
26351406
27185806
28021326
28854606
29695726
30530126
31364526
32197806
33032206
33866606
34701006
35537646
36370926
37206446
38038606
38870766
39705166
40538446
41373966
42207246
43040526
43876046
44708206
45540366
46373646
47206926
48039086
48872366
49705646
50540046
51372206
52205486
53038766
53872046
54704206
55537486
56370766
57206286
58038446
58871726
59705006
60538286
61370446
62204846
63038126
63871406
64703566
65536846
66369006
67205646
68042286
68877806
69712206
70546606
71382126
72216526
73052046
73886446
74727566
75563086
76397486
77235246
78067406
78900686
79733966
80571726
81405006
82238286
83071566
83903726
84740366
85573646
86406926
87239086
88072366
88905646
89738926
90574446
91408846
92245486
93078766
93912046
94745326
95579726
96413006
97246286
98082926
98916206
99749486
100582766
101416046
102249326
103082606
103914766
104749166
105582446
106416846
107249006
108082286
108916686
109749966
110583246
111418766
112257646
113092046
113924206
114760846
115594126
116430766
117264046
118098446
118931726
119767246
120600526
121434926
122268206
123101486
123935886
124773646
125608046
126441326
127275726
128111246
128946766
129781166
130616686
131449966
132284366
133117646
133952046
134787566
135620846
136455246
137289646
138126286
138960686
139795086
140629486
141463886
142298286
143132686
143967086
144801486
145634766
146470286
147304686
148142446
148976846
149811246
150645646
151482286
152316686
153151086
153985486
154819886
155654286
156487566
157321966
158156366
158994126
159827406
160661806
161496206
162336206
163170606
164005006
164841646
165676046
166510446
167344846
168179246
169012526
169848046
170682446
171516846
172351246
173185646
174021166
174856686
175689966
176527726
177364366
178203246
179038766
179874286
180709806
181545326
182379726
183215246
184051886
184888526
185722926
186558446
187393966
188229486
189063886
189900526
190736046
191573806
192408206
193244846
194080366
194915886
195750286
196585806
197421326
198256846
199092366
199927886
200763406
201598926
202433326
203268846
204107726
204947726
205783246
206618766
207455406
208294286
209134286
209969806
210806446
211640846
212474126
213308526
214142926
214980686
215815086
216649486
217485006
218321646
219157166
219991566
220825966
221660366
222494766
223329166
224165806
224999086
225834606
226669006
227503406
228337806
229172206
230009966
230846606
231683246
232518766
233355406
234190926
235025326
235859726
236694126
237528526
238362926
239197326
240036206
240871726
241705006
242540526
243376046
244210446
245047086
245881486
246718126
247563726
248403726
249239246
250075886
250921486
251755886
252591406
253426926
254261326
255095726
255930126
256765646
257620206
258457966
259292366
260131246
260965646
261800046
262635566
263471086
264316686
265152206
265987726
266822126
267656526
268490926
269325326
270159726
270997486
271834126
272677486
273514126
274355246
275189646
276026286
276860686
277699566
278533966
279370606
280207246
281040526
281876046
282709326
283545966
284379246
285217006
286053646
286888046
287722446
288557966
289393486
290229006
291063406
291902286
292741166
293575566
294409966
295245486
296081006
296916526
297749806
298588686
299424206
300259726
301093006
301928526
302764046
303599566
304432846
305269486
306103886
306940526
307776046
308612686
309449326
310283726
311117006
311955886
312791406
313635886
314471406
315305806
316143566
316979086
317812366
318649006
319484526
320337966
321173486
322009006
322845646
323680046
324513326
325352206
326186606
327032206
327867726
328702126
329538766
330374286
331208686
332044206
332878606
333716366
334550766
335386286
336221806
337059566
337899566
338738446
339572846
340409486
341245006
342080526
342917166
343778446
344615086
345455086
346292846
347132846
347970606
348807246
349645006
350482766
351320526
352160526
353010606
353841646
354673806
355505966
356338126
357168046
358000206
358832366
359663406
360494446
361326606
362158766
362990926
363820846
364653006
365488526
366319566
367149486
367982766
368813806
369645966
370477006
371308046
372142446
372974606
373804526
374637806
375471086
376312206
377144366
377975406
378810926
379643086
380474126
381307406
382137326
382970606
383802766
384633806
385465966
386295886
387128046
387961326
388792366
389622286
390455566
391286606
392125486
392956526
393787566
394619726
395450766
396282926
397115086
397947246
398790606
399620526
400452686
401285966
402136046
402968206
403800366
404632526
405468046
406300206
407132366
407973486
408807886
409637806
410469966
411302126
412145486
412977646
413809806
414641966
415476366
416308526
417141806
417971726
418807246
419639406
420471566
421304846
422134766
422969166
423800206
424632366
425464526
426296686
427128846
427965486
428796526
429628686
430461966
431295246
432130766
432962926
433795086
434627246
435458286
436290446
437123726
437954766
438786926
439619086
440459086
441301326
442139086
442971246
443804526
444636686
445471086
446303246
447135406
447967566
448798606
449630766
450462926
451299566
452131726
452963886
453798286
454628206
455460366
456292526
457124686
457955726
458790126
459622286
460454446
461285486
462117646
462949806
463781966
464614126
465447406
466280686
467112846
467943886
468776046
469608206
470440366
471271406
472105806
472937966
473800366
474660526
475515086
476353966
477188366
478018286
478851566
479690446
480522606
481353646
482186926
483019086
483862446
484696846
485534606
486367886
487219086
488050126
488885646
489718926
490560046
491392206
492224366
493057646
493888686
494719726
495553006
496385166
497219566
498051726
498887246
499720526
500551566
501383726
502215886
503048046
503879086
504711246
505544526
506376686
507206606
508039886
508872046
509705326
510536366
511369646
512204046
513037326
513867246
514699406
515532686
516364846
517194766
518026926
518860206
519702446
520534606
521367886
522201166
523051246
523883406
524716686
525552206
526393326
527225486
528057646
528890926
529721966
530554126
531386286
532219566
533052846
533885006
534718286
535550446
536381486
537213646
538045806
538880206
539711246
540545646
541377806
542209966
543041006
543874286
544706446
545539726
546370766
547204046
548037326
548870606
549700526
550532686
551370446
552205966
553035886
553869166
554702446
555544686
556375726
557207886
558041166
558882286
559722286
560554446
561388846
562228846
563059886
563893166
564728686
565563086
566395246
567228526
568059566
568892846
569723886
570557166
571388206
572218126
573070446
573903726
574737006
575568046
576400206
577232366
578064526
578898926
579731086
580563246
581395406
582225326
583056366
583889646
584720686
585549486
586381646
587212686
588045966
588875886
589706926
590539086
591370126
592202286
593035566
593866606
594709966
595542126
596376526
597207566
598040846
598870766
599702926
600535086
601367246
602200526
603033806
603865966
604697006
605530286
606362446
607194606
608024526
608855566
609689966
610522126
611353166
612189806
613023086
613855246
614686286
615518446
616349486
617181646
618012686
618847086
619682606
620515886
621348046
622181326
623013486
623845646
624676686
625508846
626339886
627179886
628010926
628846446
629679726
630516366
631347406
632182926
633015086
633848366
634680526
635513806
636345966
637194926
638027086
638859246
639691406
640532526
641364686
642196846
643030126
643860046
644691086
645526606
646357646
647188686
648023086
648855246
649686286
650516206
651348366
652183886
653017166
653848206
654679246
655512526
656343566
657174606
658007886
658841166
659672206
660502126
661338766
662169806
662999726
663828526
664658446
665488366
666318286
667152686
667983726
668815886
669646926
670479086
671310126
672145646
672976686
673808846
674639886
675473166
676303086
677133006
677964046
678795086
679623886
680454926
681285966
682115886
682945806
683775726
684606766
685438926
686268846
687098766
687929806
688760846
689590766
690420686
691250606
692080526
692910446
693741486
694571406
695401326
696231246
697061166
697893326
698725486
699555406
700386446
701216366
702046286
702878446
703708366
704539406
705368206
706198126
707030286
707861326
708693486
709524526
710354446
711185486
712017646
712848686
713677486
714511886
715341806
716172846
717002766
717832686
718662606
719492526
720323566
721152366
721983406
722814446
723644366
724474286
725306446
726138606
726968526
727798446
728628366
729460526
730290446
731120366
731950286
732781326
733614606
734445646
735275566
736107726
736936526
737766446
738598606
739429646
740262926
741092846
741922766
742752686
743582606
744412526
745253646
746085806
746915726
747745646
748577806
749407726
750236526
751067566
751899726
752729646
753558446
754388366
755219406
756050446
756880366
757710286
758540206
759369006
760201166
761031086
761861006
762690926
763521966
764361966
765196366
766029646
766859566
767695086
768575406
769407566
770239726
771070766
771900686
772735086
773566126
774401646
775232686
776061486
776892526
777723566
778557966
779387886
780217806
781047726
781878766
782708686
783537486
784368526
785198446
786028366
786858286
787689326
788519246
789349166
790180206
791020206
791875886
792797646
793638766
794473166
795305326
796137486
796968526
797799566
798631726
799461646
800292686
801123726
801954766
802784686
803614606
804445646
805284526
806114446
806945486
807775406
808607566
809437486
810270766
811101806
811938446
812768366
813599406
814430446
815260366
816090286
816920206
817751246
818581166
819412206
820244366
821077646
821907566
822738606
823574126
824405166
825235086
826066126
826896046
827727086
828557006
829388046
830217966
831047886
831878926
832709966
833541006
834372046
835201966
836031886
836883086
837718606
838549646
839379566
840210606
841039406
