-199453
963207
1925787
10619507
11557687
12405587
13253487
14101387
14946847
15792307
16712187
17640607
18630027
19521847
20494187
21377467
22230247
23139147
24091967
24939867
25795087
26705207
27547007
28390027
29231827
30073627
30920307
31762107
32603907
33446927
34292387
35134187
35977207
36819007
37660807
38503827
39345627
40187427
41029227
41871027
42712827
43554627
44397647
45244327
46086127
46927927
47769727
48611527
49453327
50295127
51136927
51978727
52820527
53662327
54504127
55345927
56187727
57030747
57872547
58716787
59558587
60400387
61242187
62083987
62925787
63767587
64609387
65451187
66291767
67133567
67975367
68818387
69662627
70504427
71346227
72188027
73031047
73874067
74715867
75557667
76399467
77255907
78108687
79004167
79849627
80701187
81542987
82384787
83230247
84072047
84915067
85756867
86601107
87444127
88285927
89127727
89969527
90811327
91654347
92494927
93337947
94179747
95021547
95864567
96706367
97549387
98391187
99232987
100077227
100920247
101762047
102607507
103449307
104292327
105134127
105975927
106817727
107659527
108502547
109344347
110186147
111027947
111869747
112712767
113560667
114402467
115244267
116087287
116929087
117770887
118613907
119455707
120297507
121140527
121982327
122825347
123668367
124511387
125353187
126196207
127041667
127883467
128725267
129568287
130410087
131251887
132094907
132936707
133790707
134632507
135474307
136317327
137159127
138000927
138861027
139705267
140550727
141392527
142235547
143077347
143919147
144760947
145603967
146445767
147287567
148130587
148978487
149821507
150664527
151506327
152351787
153194807
154040267
154882067
155726307
156571767
157416007
158259027
159102047
159947507
160790527
161633547
162476567
163319587
164162607
165005627
165849867
166694107
167543227
168387467
169232927
170077167
170925067
171770527
172614767
173459007
174304467
175148707
175992947
176838407
177683867
178528107
179373567
180217807
181081567
181925807
182771267
183615507
184459747
185305207
186149447
186996127
187841587
188685827
189531287
190376747
191220987
192066447
192911907
193756147
194604047
195448287
196292527
197137987
197982227
198826467
199670707
200516167
201360407
202205867
203052547
203898007
204742247
205591367
206435607
207279847
208127747
208971987
209817447
210661687
211507147
212351387
213195627
214039867
214884107
215729567
216573807
217419267
218263507
219110187
219954427
220798667
221645347
222492027
223337487
224182947
225027187
225871427
226715667
227561127
228405367
229249607
230095067
230940527
231784767
232629007
233474467
234318707
235166607
236012067
236856307
237701767
238544787
239390247
240234487
241079947
241925407
242769647
243615107
244459347
245303587
246147827
246993287
247838747
248685427
249530887
250376347
251219367
252064827
252909067
253754527
254599987
255444227
256289687
257132707
257978167
258823627
259667867
260513327
261357567
262205467
263055807
263901267
264745507
265590967
266436427
267284327
268129787
268974027
269817047
270669827
271515287
272360747
273206207
274050447
274895907
275743807
276588047
277432287
278281407
279126867
279971107
280816567
281662027
282505047
283350507
284194747
285040207
285884447
286729907
287575367
288420827
289271167
290115407
290960867
291805107
292650567
293496027
294340267
295183287
296028747
296874207
297718447
298562687
299409367
300257267
301102727
301945747
302793647
303639107
304484567
305330027
306180367
307033147
307884707
308727727
309571967
310416207
311261667
312104687
312950147
313794387
314636187
315479207
316324667
317167687
318009487
318852507
319707727
320550747
321393767
322236787
323079807
323922827
324765847
325607647
326460427
327303447
328145247
328988267
329833727
330675527
331518547
332364007
333207027
334050047
334891847
335734867
336577887
337420907
338273687
339125247
339968267
340810067
341651867
342493667
343342787
344185807
345028827
345871847
346713647
347555447
348398467
349241487
350083287
350937287
351780307
352622107
353465127
354306927
355152387
355994187
356842087
357694867
358537887
359379687
360222707
361064507
361907527
362749327
363620407
364465867
365310107
366154347
366997367
367840387
368684627
369527647
370386527
371229547
372072567
372919247
373779347
374621147
375461727
376305967
377146547
377990787
378832587
379674387
380514967
381362867
382202227
383050127
383891927
384733727
385598707
386440507
387281087
388121667
388962247
389801607
390642187
391483987
392325787
393163927
394005727
394857287
395696647
396536007
397377807
398218387
399061407
399904427
400745007
401592907
402432267
403271627
404109767
404949127
405788487
406627847
407476967
408315107
409154467
409992607
410834407
411673767
412513127
413352487
414190627
415031207
415870567
416709927
417549287
418387427
419229227
420067367
420906727
421746087
422585447
423423587
424265387
425114507
425952647
426792007
427630147
428468287
429307647
430145787
430985147
431824507
432672407
433511767
434351127
435190487
436029847
436872867
437724427
438563787
439403147
440241287
441080647
441920007
442758147
443598727
444436867
445276227
446116807
446956167
447795527
448633667
449475467
450314827
451155407
451994767
452832907
453672267
454511627
455354647
456192787
457032147
457871507
458709647
459549007
460394467
461232607
462071967
462911327
463750687
464591267
465430627
466283407
467122767
467971887
468810027
469649387
470488747
471328107
472167467
473005607
473855947
474697747
475537107
476375247
477214607
478056407
478895767
479736347
480575707
481415067
482254427
483092567
483931927
484771287
485622847
486460987
487300347
488139707
488977847
489817207
490680967
491522767
492373107
493212467
494050607
494889967
495729327
496568687
497414147
498254727
499097747
499935887
500775247
501614607
502452747
503292107
504142447
504983027
505822387
506661747
507501107
508340467
509179827
510027727
510867087
511706447
512545807
513385167
514229407
515079747
515921547
516770667
517610027
518451827
519291187
520130547
520969907
521814147
522654727
523497747
524335887
525175247
526015827
526853967
527692107
528543667
529381807
530221167
531060527
531902327
532741687
533592027
534431387
535270747
536110107
536949467
537787607
538629407
539479747
540319107
541167007
542007587
542845727
543685087
544524447
545367467
546214147
547054727
547897747
548735887
549575247
550414607
551253967
552092107
552932687
553772047
554611407
555450767
556290127
557128267
557967627
558820407
559658547
560497907
561337267
562175407
563014767
563873647
564713007
565560907
566400267
567239627
568078987
568918347
569757707
570595847
571446187
572291647
573131007
573969147
574818267
575656407
576495767
577337567
578175707
579015067
579854427
580693787
581533147
582372507
583220407
584059767
584899127
585742147
586588827
587429407
588268767
589109347
589958467
590796607
591635967
592475327
593315907
594154047
594993407
595842527
596684327
597523687
598363047
599204847
600042987
600882347
601724147
602562287
603401647
604241007
605080367
605919727
606759087
607609427
608447567
609289367
610131167
610970527
611808667
612669987
613509347
614347487
615185627
616024987
616863127
617702487
618540627
619379987
620229107
621067247
621906607
622744747
623584107
624422247
625270147
626113167
626951307
627790667
628630027
629468167
630307527
631146887
631997227
632835367
633674727
634517747
635355887
636194027
637045587
637887387
638725527
639567327
640405467
641244827
642082967
642922327
643760467
644598607
645436747
646276107
647115467
647956047
648795407
649634767
650494867
651333007
652173587
653016607
653855967
654695327
655535907
656378927
657219507
658058867
658901887
659741247
660580607
661419967
662261767
663101127
663941707
664781067
665620427
666462227
667300367
668150707
668988847
669826987
670666347
671504487
672347507
673189307
674027447
674896087
675734227
676573587
677412947
678251087
679090447
679931027
680771607
681609747
682449107
683287247
684125387
684963527
685802887
686643467
687481607
688320967
689159107
689998467
690837827
691675967
692517767
693358347
694197707
695035847
695875207
696717007
697556367
698406707
699244847
700082987
700924787
701764147
702602287
703440427
704282227
705122807
705963387
706805187
707645767
708485127
709324487
710166287
711016627
711855987
712696567
713537147
714376507
715215867
716055227
716894587
717733947
718573307
719411447
720250807
721088947
721927087
722767667
723605807
724443947
725280867
726119007
726957147
727795287
728645627
729482547
730320687
731158827
731995747
732833887
733675687
734523587
735361727
736199867
737036787
737874927
738713067
739551207
740389347
741227487
742065627
742902547
743740687
744578827
745416967
746253887
747105447
747942367
748780507
749618647
750456787
751293707
752131847
752980967
753819107
754657247
755494167
756332307
757170447
758007367
758847947
759700727
760543747
761385547
762223687
763061827
763899967
764741767
765578687
766416827
767254967
768093107
768931247
769769387
770618507
771456647
772293567
773131707
773972287
774820187
775663207
776501347
777339487
778177627
779015767
779853907
780690827
781528967
782367107
783215007
784053147
784891287
785729427
786567567
787409367
788249947
789099067
789935987
790774127
791613487
792451627
793289767
794126687
794966047
795804187
796642327
797480467
798318607
799155527
799994887
800846447
801685807
802522727
803360867
804203887
805081067
805921647
806759787
807607687
808445827
809285187
810123327
810963907
811802047
812643847
813492967
814337207
815175347
816013487
816854067
817692207
818530347
819369707
820207847
821045987
821884127
822722267
823560407
824398547
825239127
826077267
826915407
827753547
828591687
829429827
830271627
831121967
831960107
832798247
833637607
834475747
835313887
836152027
837001147
837839287
838677427
839514347
840352487
841190627
842033647
842873007
843713587
844551727
845391087
846229227
847067367
847905507
848743647
849592767
850434567
