1	0	100585
2	875	101326
3	1708	101909
4	8729	108930
5	9555	109686
6	10323	110449
7	11088	111280
8	11895	112001
9	12659	112985
10	13563	113754
11	14385	114518
12	15174	115409
13	16017	116186
14	16833	116924
15	17591	117681
16	18349	118471
17	19132	119263
18	19933	120007
19	20679	120751
20	21424	121496
21	22169	122238
22	22913	122983
23	23658	123728
24	24403	124477
25	25149	125218
26	25893	125970
27	26644	126715
28	27389	127460
29	28134	128204
30	28878	128948
31	29623	129694
32	30368	130439
33	31113	131185
34	31860	131930
35	32604	132674
36	33350	133419
37	34093	134161
38	34836	134907
39	35581	135650
40	36325	136399
41	37071	137140
42	37815	137884
43	38559	138630
44	39305	139373
45	40048	140116
46	40791	140860
47	41535	141605
48	42279	142348
49	43022	143092
50	43766	143837
51	44510	144581
52	45255	145324
53	45998	146067
54	46742	146811
55	47486	147555
56	48230	148298
57	48973	149042
58	49717	149786
59	50461	150532
60	51207	151275
61	51950	152019
62	52694	152763
63	53438	153506
64	54182	154249
65	54925	154995
66	55670	155738
67	56414	156482
68	57158	157224
69	57901	157973
70	58645	158713
71	59388	159465
72	60135	160222
73	60882	160958
74	61628	161699
75	62373	162444
76	63118	163190
77	63864	163939
78	64609	164681
79	65355	165426
80	66100	166177
81	66851	166922
82	67597	167667
83	68342	168415
84	69090	169157
85	69833	169905
86	70577	170646
87	71321	171393
88	72069	172138
89	72813	172882
90	73557	173625
91	74301	174368
92	75044	175120
93	75791	175861
94	76535	176604
95	77279	177348
96	78022	178091
97	78766	178835
98	79510	179579
99	80254	180325
100	81000	181070
101	81745	181817
102	82492	182562
103	83236	183305
104	83980	184048
105	84724	184795
106	85469	185541
107	86213	186286
108	86957	187029
109	87704	187774
110	88448	188517
111	89192	189267
112	89936	190004
113	90680	190747
114	91424	191493
115	92168	192235
116	92911	192980
117	93656	193724
118	94400	194470
119	95145	195212
120	95888	195956
121	96632	196716
122	97377	197481
123	98121	198195
124	98865	198937
125	99611	199684
126	100360	200432
127	101105	201208
128	101848	201925
129	102595	202668
130	103339	203412
131	104086	204155
132	104830	204902
133	105575	205644
134	106319	206390
135	107065	207134
136	107809	207881
137	108554	208623
138	109298	209373
139	110042	210116
140	110787	210863
141	111535	211608
142	112280	212354
143	113024	213097
144	113769	213843
145	114515	214621
146	115261	215337
147	116006	216080
148	116752	216825
149	117496	217570
150	118241	218314
151	118985	219059
152	119730	219804
153	120476	220549
154	121220	221296
155	121965	222043
156	122710	222786
157	123457	223531
158	124202	224275
159	124947	225021
160	125692	225766
161	126437	226511
162	127182	227262
163	127927	228000
164	128672	228745
165	129417	229489
166	130161	230234
167	130907	230979
168	131652	231727
169	132400	232475
170	133145	233218
171	133890	233962
172	134635	234743
173	135382	235474
174	136127	236210
175	136872	236956
176	137617	237703
177	138362	238447
178	139107	239192
179	139851	239939
180	140596	240685
181	141341	241431
182	142089	242215
183	142833	243014
184	143578	243815
185	144323	244615
186	145073	245431
187	145818	246214
188	146563	247015
189	147310	247815
190	148055	248615
191	148800	249431
192	149545	250215
193	150290	251015
194	151034	251815
195	151780	252632
196	152525	253416
197	153270	254214
198	154015	255015
199	154760	255815
200	155506	256615
201	156252	257414
202	156996	258216
203	157744	259015
204	158491	259815
205	159240	260615
206	159986	261415
207	160732	262214
208	161478	263015
209	162224	263832
210	162969	264615
211	163715	265431
212	164462	266214
213	165209	267015
214	165954	267814
215	166700	268614
216	167446	269431
217	168192	270214
218	168937	271015
219	169684	271815
220	170430	272618
221	171178	273431
222	171923	274214
223	172670	275015
224	173416	275815
225	174162	276615
226	174907	277431
227	175653	278214
228	176399	279015
229	177145	279815
230	177891	280615
231	178637	281430
232	179383	282215
233	180129	283014
234	180874	283815
235	181620	284615
236	182369	285430
237	183119	286231
238	183865	287015
239	184611	287815
240	185358	288615
241	186107	289430
242	186857	290214
243	187603	291015
244	188350	291815
245	189095	292614
246	189839	293430
247	190584	294215
248	191329	295015
249	192077	295815
250	192822	296616
251	193567	297447
252	194313	298215
253	195060	299014
254	195806	299814
255	196551	300614
256	197296	301431
257	198041	302213
258	198786	303015
259	199531	303815
260	200278	304616
261	201022	305430
262	201768	306215
263	202513	307016
264	203258	307820
265	204003	308643
266	204748	309432
267	205496	310215
268	206243	311015
269	206990	311815
270	207736	312616
271	208483	313431
272	209229	314215
273	209974	315015
274	210719	315815
275	211464	316615
276	212209	317431
277	212954	318214
278	213699	319015
279	214448	319842
280	215194	320615
281	215938	321430
282	216684	322214
283	217430	323015
284	218175	323815
285	218922	324615
286	219667	325431
287	220414	326214
288	221169	327015
289	221919	327815
290	222665	328614
291	223412	329431
292	224167	330226
293	224912	331015
294	225658	331815
295	226404	332615
296	227149	333431
297	227894	334215
298	228639	335014
299	229385	335814
300	230148	336615
301	230896	337430
302	231641	338215
303	232390	339015
304	233135	339815
305	233880	340637
306	234626	341430
307	235372	342214
308	236127	343014
309	236873	343815
310	237619	344615
311	238364	345430
312	239109	346214
313	239854	347015
314	240599	347815
315	241344	348615
316	242092	349430
317	242839	350214
318	243592	351015
319	244339	351814
320	245090	352616
321	245835	353431
322	246582	354214
323	247327	355014
324	248076	355815
325	248821	356614
326	249568	357423
327	250315	358216
328	251059	359015
329	251805	359814
330	252549	360615
331	253296	361423
332	254040	362232
333	254788	363015
334	255535	363817
335	256280	364615
336	257025	365430
337	257771	366214
338	258517	367015
339	259263	367814
340	260008	368615
341	260757	369431
342	261506	370214
343	262251	371015
344	262996	371815
345	263742	373411
346	264488	373451
347	265234	374213
348	265978	375015
349	266727	375815
350	267473	376619
351	268219	377416
352	268963	378214
353	269709	379015
354	270455	379816
355	271201	380615
356	271945	381423
357	272692	382215
358	273437	383015
359	274184	383816
360	274930	384615
361	275677	385425
362	276424	386215
363	277169	387016
364	277913	387815
365	278662	388616
366	279408	389415
367	280162	390216
368	280908	391015
369	281653	391816
370	282401	392615
371	283147	393431
372	283891	394237
373	284638	395015
374	285384	395816
375	286146	396616
376	286892	397415
377	287638	398215
378	288385	399015
379	289130	399815
380	289874	400616
381	290623	401415
382	291368	402215
383	292123	403016
384	292869	403815
385	293614	405392
386	294361	405428
387	295107	406214
388	295852	407015
389	296598	407815
390	297343	408616
391	298091	409415
392	298836	410216
393	299582	411015
394	300328	411816
395	301076	412615
396	301826	413416
397	302575	414215
398	303320	415388
399	304067	415816
400	304813	416615
401	305559	417416
402	306306	418215
403	307075	419015
404	307822	419815
405	308572	420616
406	309320	421416
407	310070	422220
408	310818	423017
409	311565	423815
410	312313	424618
411	313061	425430
412	313809	426214
413	314559	427016
414	315318	427815
415	316060	428615
416	316803	429430
417	317546	430215
418	318289	431014
419	319030	431815
420	319773	432615
421	320516	433430
422	321258	434215
423	322000	435015
424	322743	435815
425	323486	436615
426	324229	437450
427	324970	438215
428	325713	439014
429	326459	439815
430	327201	440614
431	327942	441431
432	328686	442214
433	329428	443015
434	330171	443814
435	330913	444617
436	331655	445431
437	332400	446214
438	333143	447015
439	333884	447815
440	334628	448618
441	335372	449430
442	336123	450215
443	336866	451014
444	337608	451815
445	338354	452614
446	339097	453430
447	339839	454214
448	340583	455015
449	341324	455815
450	342068	456615
451	342811	457430
452	343553	458216
453	344296	459019
454	345037	459815
455	345780	460614
456	346524	461431
457	347266	462213
458	348007	463014
459	348751	463830
460	349493	464616
461	350242	465430
462	350984	466215
463	351726	467014
464	352469	467815
465	353211	468615
466	353954	469443
467	354697	470215
468	355440	471014
469	356193	471814
470	356934	472615
471	357677	473430
472	358421	474214
473	359180	475015
474	359923	475815
475	360666	476614
476	361409	477431
477	362155	478214
478	362898	479014
479	363641	479815
480	364392	480614
481	365137	481431
482	365878	482214
483	366621	483014
484	367364	483814
485	368117	484615
486	368860	485430
487	369603	486214
488	370346	487014
489	371091	487816
490	371834	488615
491	372578	489430
492	373319	490214
493	374065	491014
494	374808	491814
495	375551	492614
496	376295	493431
497	377036	494214
498	377781	495014
499	378523	495814
500	379266	496615
501	380009	497431
502	380752	498214
503	381495	499014
504	382242	499816
505	382984	500615
506	383727	501440
507	384471	502215
508	385215	503015
509	385961	503815
510	386704	504614
511	387447	505431
512	388190	506214
513	388932	507014
514	389675	507815
515	390419	508616
516	391161	509416
517	391904	510215
518	392647	511014
519	393397	511818
520	394149	512629
521	394897	513416
522	395640	514215
523	396384	515016
524	397127	515814
525	397872	516615
526	398615	517414
527	399358	518214
528	400101	519015
529	400843	519814
530	401586	520615
531	402329	521416
532	403076	522215
533	403819	523021
534	404562	523815
535	405307	524615
536	406048	525415
537	406791	526214
538	407534	527015
539	408277	527814
540	409019	528614
541	409764	529415
542	410507	530214
543	411250	531015
544	411992	531815
545	412735	532615
546	413478	533432
547	414221	534214
548	414964	535015
549	415708	535814
550	416452	536615
551	417195	537424
552	417937	538215
553	418680	539015
554	419423	539815
555	420166	540616
556	420908	541416
557	421653	542215
558	422396	543015
559	423166	543834
560	423934	544616
561	424697	545415
562	425446	546215
563	426191	547015
564	426932	547814
565	427676	548616
566	428425	549416
567	429168	550215
568	429910	551015
569	430654	551815
570	431397	552630
571	432150	553415
572	432895	554389
573	433643	555016
574	434387	555815
575	435147	556614
576	435889	557422
577	436635	558213
578	437379	559015
579	438130	559814
580	438873	560615
581	439616	561435
582	440360	562215
583	441102	563015
584	441844	563815
585	442588	564655
586	443331	565416
587	444076	566213
588	444819	567014
589	445565	567814
590	446309	568614
591	447051	569413
592	447794	570215
593	448537	571014
594	449280	571814
595	450022	572614
596	450765	573413
597	451509	574214
598	452252	575015
599	452993	575833
600	453737	576614
601	454480	577414
602	455224	578214
603	455966	579014
604	456710	579814
605	457455	580614
606	458199	581414
607	458940	582213
608	459683	583013
609	460427	583814
610	461170	584615
611	461911	585414
612	462654	586231
613	463398	587014
614	464150	587814
615	464893	588613
616	465637	594371
617	466381	594411
618	467140	594463
619	467883	594511
620	468627	594543
621	469373	594575
622	470124	594606
623	470867	595016
624	471610	595815
625	472354	596626
626	473096	597415
627	473839	598214
628	474582	599015
629	475326	599814
630	476070	600615
631	476813	601415
632	477557	602214
633	478300	603014
634	479042	603814
635	479785	604615
636	480528	605415
637	481273	606213
638	482015	607015
639	482760	607814
640	483503	608614
641	484246	609415
642	484988	610214
643	485732	611014
644	486475	611814
645	487219	612615
646	487961	613414
647	488705	614214
648	489449	615014
649	490193	615814
650	490934	616634
651	491677	617415
652	492425	618214
653	493171	619014
654	493912	619814
655	494656	620614
656	495400	621414
657	496152	622222
658	496894	623014
659	497637	623813
660	498381	624615
661	499132	625414
662	499882	626214
663	500625	627028
664	501370	627815
665	502120	628614
666	502862	629414
667	503606	630213
668	504352	631014
669	505097	631814
670	505840	632614
671	506584	633414
672	507326	634214
673	508070	635014
674	508812	635814
675	509556	636614
676	510298	637426
677	511039	638214
678	511800	639014
679	512544	639813
680	513288	640614
681	514030	641414
682	514773	642214
683	515516	643014
684	516259	643814
685	517004	644614
686	517747	645414
687	518490	646213
688	519233	647014
689	519974	647814
690	520716	648614
691	521460	649415
692	522202	650214
693	522942	651014
694	523685	651814
695	524427	652614
696	525171	653414
697	525912	654213
698	526654	655022
699	527397	655814
700	528139	656614
701	528882	657425
702	529626	658214
703	530368	659015
704	531121	659813
705	531864	660614
706	532609	661414
707	533351	662214
708	534095	663014
709	534836	663815
710	535579	664615
711	536322	665417
712	537065	666213
713	537809	667015
714	538553	667831
715	539296	668614
716	540038	669415
717	540782	670214
718	541525	671014
719	542268	671814
720	543009	672614
721	543751	673415
722	544496	674214
723	545239	675014
724	545981	675814
725	546728	676614
726	547472	677414
727	548215	678216
728	548957	679015
729	549700	679814
730	550442	680619
731	551185	681414
732	551927	682214
733	552672	683015
734	553418	683816
735	554162	684614
736	554905	685414
737	555649	686219
738	556392	687014
739	557135	687814
740	557877	688615
741	558620	689414
742	559362	690214
743	560112	691015
744	560854	691813
745	561600	692614
746	562344	693414
747	563091	694213
748	563833	695013
749	564579	695815
750	565322	696614
751	566066	697415
752	566809	698214
753	567553	699040
754	568296	699814
755	569054	700613
756	569797	701414
757	570540	702213
758	571283	703014
759	572034	703813
760	572777	704615
761	573520	705415
762	574264	706218
763	575005	707065
764	575747	707819
765	576493	708617
766	577235	709415
767	577977	710215
768	578722	711028
769	579465	711815
770	580207	712614
771	580948	713414
772	581691	714214
773	582437	715014
774	583181	715814
775	583923	716613
776	584665	717414
777	585409	718214
778	586151	719014
779	586893	719814
780	587637	720614
781	588381	721430
782	589123	722214
783	589864	723014
784	590611	723814
785	591353	724614
786	592094	725414
787	592834	726213
788	593575	727014
789	594316	727814
790	595057	728613
791	595802	729414
792	596544	730213
793	597287	731014
794	598029	731830
795	598772	732613
796	599514	733414
797	600260	734213
798	601002	735014
799	601745	735814
800	602487	736615
801	603231	737414
802	603972	738213
803	604713	739014
804	605455	739814
805	606197	740613
806	606937	741414
807	607679	742215
808	608421	743013
809	609162	743813
810	609903	744614
811	610644	745413
812	611386	746213
813	612129	747015
814	612870	747814
815	613611	748614
816	614353	749414
817	615095	750214
818	615836	751023
819	616577	751814
820	617318	752613
821	618059	753413
822	618800	754213
823	619542	755014
824	620283	755813
825	621024	756612
826	621765	757413
827	622506	758213
828	623249	759014
829	623992	759814
830	624733	760613
831	625475	761413
832	626216	762212
833	626957	763013
834	627700	763814
835	628441	764614
836	629183	765416
837	629923	766213
838	630664	767014
839	631407	767813
840	632149	768613
841	632892	769413
842	633634	770213
843	634375	771013
844	635117	771812
845	635860	772613
846	636602	773412
847	637342	774213
848	638087	775013
849	638828	775813
850	639570	776613
851	640311	777413
852	641052	778213
853	641793	779013
854	642534	779813
855	643276	780613
856	644016	781413
857	644758	782213
858	645500	783013
859	646241	783813
860	646982	784613
861	647725	785413
862	648468	786213
863	649209	787014
864	649950	787813
865	650691	788614
866	651434	789417
867	652175	790214
868	652916	791013
869	653657	791813
870	654399	792613
871	655143	793413
872	655885	794213
873	656626	795014
874	657369	795814
875	658109	796613
876	658850	797412
877	659593	798212
878	660335	799013
879	661079	799813
880	661820	800613
881	662561	801412
882	663302	802212
883	664043	803013
884	664784	803813
885	665535	804613
886	666278	805413
887	667019	806213
888	667760	807012
889	668503	807814
890	669244	808614
891	669984	809414
892	670726	810214
893	671469	811014
894	672210	811814
895	672950	812614
896	673691	813413
897	674433	814213
898	675175	815013
899	675916	815813
900	676657	816613
901	677398	817413
902	678138	818213
903	678881	819014
904	679622	819812
905	680363	820613
906	681104	821414
907	681846	822213
908	682596	823013
909	683341	823812
910	684085	824613
911	684826	825413
912	685572	826212
913	686358	827013
914	687101	827813
915	687844	828613
916	688586	829413
917	689327	830215
918	690072	831013
919	690814	831813
920	691560	832614
921	692302	833413
922	693042	834213
923	693784	835014
924	694526	835814
925	695271	836614
926	696012	837413
927	696753	838213
928	697494	839012
929	698236	839813
930	698977	840612
931	699717	841413
932	700459	842212
933	701200	843013
934	701941	843813
935	702682	844613
936	703424	845417
937	704165	846215
938	704906	847016
939	705648	847813
940	706398	848613
941	707162	849414
942	707985	850214
943	708736	851014
944	709481	851814
945	710224	852614
946	710967	853413
947	711709	854212
948	712451	855013
949	713194	855814
950	713935	856613
951	714677	857413
952	715419	858213
953	716161	859014
954	716902	859814
955	717643	860613
956	718385	861413
957	719134	862213
958	719875	863013
959	720617	863814
960	721358	864613
961	722101	865415
962	722842	866213
963	723586	867013
964	724328	867813
965	725075	868613
966	725816	869413
967	726558	870213
968	727300	871013
969	728041	871813
970	728782	872614
971	729523	873413
972	730265	874213
973	731006	875013
974	731748	875814
975	732491	876613
976	733235	877413
977	733976	878213
978	734718	879013
979	735464	879813
980	736206	880613
981	736947	881412
982	737689	882212
983	738430	883013
984	739172	883813
985	739913	884613
986	740655	885413
987	741396	886216
988	742137	887013
989	742879	887814
990	743621	888614
991	744363	889414
992	745105	890213
993	745846	891013
994	746587	891813
995	747347	892615
996	748093	893414
997	748835	894213
998	749576	895014
999	750318	895814
1000	751058	896612
