1	0	100496
2	848	101269
3	7693	107947
4	8583	108739
5	9398	109554
6	10216	110371
7	11032	111156
8	11836	112009
9	12675	112781
10	13471	113576
11	14267	114434
12	15094	115367
13	15992	116148
14	16821	116941
15	17621	117732
16	18412	118670
17	19329	119413
18	20105	120211
19	20879	120985
20	21652	121756
21	22424	122531
22	23196	123302
23	23968	124074
24	24740	124847
25	25512	125617
26	26284	126394
27	27060	127165
28	27832	127937
29	28604	128707
30	29375	129480
31	30147	130251
32	30919	131026
33	31692	131797
34	32464	132569
35	33236	133343
36	34011	134115
37	34783	134900
38	35557	135629
39	36330	136399
40	37102	137171
41	37874	137943
42	38646	138712
43	39417	139487
44	40191	140259
45	40963	141038
46	41736	141803
47	42507	142575
48	43279	143346
49	44051	144119
50	44822	144890
51	45595	145661
52	46366	146435
53	47137	147206
54	47909	147978
55	48681	148747
56	49452	149519
57	50224	150291
58	50995	151065
59	51768	151837
60	52542	152609
61	53314	153404
62	54085	154174
63	54857	154945
64	55628	155716
65	56398	156468
66	57171	157237
67	57942	158008
68	58713	158779
69	59483	159549
70	60254	160320
71	61025	161092
72	61797	161865
73	62570	162636
74	63340	163407
75	64111	164178
76	64882	164952
77	65655	165730
78	66434	166501
79	67205	167272
80	67976	168044
81	68747	168813
82	69517	169586
83	70289	170356
84	71060	171130
85	71831	171899
86	72603	172674
87	73374	173442
88	74145	174212
89	74917	174984
90	75688	175754
91	76458	176525
92	77229	177298
93	78003	178069
94	78774	178839
95	79544	179612
96	80315	180382
97	81086	181154
98	81858	181936
99	82629	182695
100	83399	183470
101	84174	184241
102	84945	185057
103	85721	185829
104	86495	186622
105	87284	187397
106	88075	188152
107	88850	188951
108	89624	189754
109	90426	190518
110	91207	191286
111	91983	192055
112	92756	192823
113	93527	193596
114	94300	194369
115	95072	195141
116	95845	195917
117	96616	196684
118	97388	197457
119	98161	198229
120	98933	199001
121	99704	199772
122	100475	200544
123	101247	201316
124	102020	202095
125	102795	202866
126	103569	203639
127	104341	204414
128	105112	205183
129	105883	205953
130	106654	206721
131	107425	207492
132	108196	208268
133	108969	209058
134	109741	209809
135	110513	210605
136	111286	211383
137	112059	212134
138	112835	212915
139	113617	213686
140	114388	214468
141	115167	215238
142	115941	216022
143	116713	216782
144	117485	217556
145	118257	218326
146	119030	219138
147	119805	219915
148	120580	220686
149	121352	221459
150	122126	222198
151	122899	222984
152	123676	223755
153	124448	224528
154	125223	225295
155	125997	226066
156	126769	226843
157	127546	227652
158	128319	228426
159	129091	229199
160	129864	229972
161	130637	230743
162	131409	231518
163	132184	232294
164	132957	233066
165	133732	233824
166	134504	234608
167	135286	235393
168	136062	236167
169	136836	236942
170	137609	237711
171	138380	238483
172	139152	239261
173	139927	240041
174	140708	240813
175	141480	241587
176	142253	242359
177	143026	243132
178	143798	243906
179	144573	244678
180	145345	245451
181	146117	246226
182	146890	246982
183	147671	247776
184	148443	248549
185	149215	249315
186	149988	250080
187	150760	250852
188	151532	251627
189	152307	252399
190	153080	253180
191	153853	253945
192	154626	254715
193	155398	255488
194	156171	256260
195	156943	257038
196	157716	257807
197	158489	258581
198	159261	259353
199	160034	260126
200	160807	260903
201	161585	261677
202	162357	262451
203	163130	263223
204	163903	264013
205	164694	264786
206	165466	265575
207	166240	266350
208	167014	267097
209	167792	267867
210	168568	268638
211	169341	269412
212	170115	270222
213	170889	270969
214	171662	271734
215	172434	272505
216	173208	273282
217	173982	274066
218	174755	274824
219	175527	275598
220	176301	276375
221	177079	277149
222	177853	277953
223	178626	278718
224	179398	279490
225	180171	280250
226	180945	281028
227	181727	281800
228	182499	282575
229	183272	283344
230	184048	284118
231	184822	284891
232	185595	285664
233	186368	286446
234	187142	287226
235	187918	287997
236	188693	288770
237	189467	289545
238	190241	290320
239	191016	291094
240	191791	291899
241	192567	292672
242	193340	293445
243	194113	294185
244	194887	294959
245	195664	295736
246	196436	296506
247	197210	297280
248	197984	298054
249	198758	298826
250	199531	299600
251	200305	300375
252	201079	301165
253	201857	301947
254	202636	302718
255	203410	303493
256	204185	304316
257	204973	305096
258	205757	305874
259	206536	306643
260	207311	307419
261	208085	308169
262	208860	309017
263	209659	309743
264	210434	310516
265	211209	311342
266	211997	312101
267	212772	312878
268	213544	313632
269	214330	314442
270	215114	315222
271	215893	316000
272	216669	316771
273	217442	317554
274	218215	318329
275	218989	319092
276	219762	319874
277	220536	320648
278	221310	321414
279	222084	322188
280	222858	322971
281	223639	323742
282	224411	324518
283	225184	325291
284	225957	326038
285	226738	326810
286	227511	327581
287	228283	328355
288	229058	329128
289	229830	329900
290	230603	330674
291	231377	331447
292	232150	332221
293	232925	332997
294	233700	333769
295	234473	334545
296	235247	335316
297	236020	336090
298	236794	336866
299	237569	337638
300	238341	338414
301	239118	339187
302	239891	339964
303	240667	340736
304	241439	341509
305	242212	342282
306	242985	343056
307	243760	343828
308	244531	344608
309	245306	345383
310	246080	346169
311	246854	346933
312	247627	347705
313	248401	348479
314	249176	349254
315	249951	350027
316	250724	350796
317	251498	351569
318	252272	352342
319	253045	353115
320	253817	353887
321	254591	354660
322	255363	355434
323	256136	356206
324	256908	356978
325	257681	357771
326	258452	358545
327	259225	359316
328	259998	360087
329	260770	360857
330	261542	361622
331	262315	362395
332	263088	363168
333	263863	363944
334	264635	364711
335	265407	365483
336	266180	366254
337	266954	367038
338	267734	367829
339	268515	368597
340	269289	369370
341	270063	370198
342	270851	370956
343	271633	371723
344	272407	372496
345	273180	373271
346	273954	374058
347	274726	374816
348	275499	375591
349	276275	376363
350	277047	377137
351	277820	377909
352	278592	378682
353	279364	379457
354	280138	380236
355	280910	381004
356	281684	381778
357	282457	382550
358	283230	383311
359	284005	384076
360	284778	384847
361	285550	385620
362	286323	386428
363	287096	387202
364	287868	387977
365	288643	388748
366	289416	389522
367	290188	390294
368	290961	391068
369	291734	391850
370	292507	392614
371	293280	393386
372	294052	394159
373	294825	394934
374	295598	395705
375	296370	396477
376	297143	397251
377	297916	398023
378	298689	398796
379	299461	399568
380	300234	400348
381	301009	401117
382	301783	401894
383	302558	402665
384	303331	403438
385	304104	404211
386	304877	404984
387	305650	405756
388	306422	406528
389	307195	407301
390	307973	408057
391	308747	408855
392	309519	409625
393	310292	410398
394	311064	411171
395	311838	411948
396	312614	412747
397	313414	413544
398	314211	414339
399	315007	415134
400	315803	415936
401	316604	416729
402	317398	417524
403	318192	418317
404	318985	419111
405	319779	419908
406	320577	420704
407	321373	421497
408	322164	422288
409	322955	423081
410	323749	423887
411	324541	424613
412	325313	425384
413	326086	426153
414	326855	426925
415	327625	427800
416	328393	428470
417	329162	429232
418	329932	430001
419	330702	430760
420	331470	431533
421	332240	432301
422	333010	433073
423	333784	433853
424	334556	434617
425	335327	435387
426	336097	436159
427	336867	436927
428	337637	437698
429	338408	438467
430	339177	439236
431	339946	440005
432	340715	440773
433	341483	441544
434	342253	442313
435	343023	443083
436	343792	443854
437	344564	444659
438	345333	445430
439	346102	446202
440	346873	446970
441	347643	447738
442	348412	448510
443	349181	449280
444	349951	450054
445	350724	450825
446	351493	451620
447	352263	452388
448	353033	453158
449	353803	453920
450	354575	454675
451	355344	455445
452	356113	456218
453	356887	456990
454	357657	457753
455	358427	458525
456	359197	459293
457	359967	460064
458	360738	460833
459	361507	461624
460	362278	462378
461	363050	463147
462	363820	463927
463	364590	464684
464	365359	465455
465	366129	466224
466	366899	466993
467	367669	467761
468	368437	468531
469	369212	469309
470	369982	470079
471	370751	470847
472	371520	471619
473	372291	472388
474	373061	473158
475	373831	473928
476	374601	474696
477	375372	475466
478	376141	476235
479	376911	477005
480	377680	477780
481	378454	478551
482	379224	479322
483	379995	480092
484	380765	480862
485	381534	481599
486	382305	482365
487	383075	483137
488	383847	483907
489	384617	484676
490	385386	485447
491	386156	486216
492	386926	486988
493	387698	487757
494	388467	488527
495	389236	489296
496	390006	490065
497	390775	490833
498	391543	491605
499	392314	492373
500	393083	493143
501	393853	493913
502	394622	494680
503	395390	495454
504	396164	496225
505	396934	496994
506	397703	497762
507	398472	498533
508	399242	499304
509	400014	500073
510	400783	500842
511	401557	501619
512	402328	502388
513	403097	503157
514	403867	503929
515	404638	504696
516	405407	505466
517	406176	506236
518	406946	507005
519	407715	507775
520	408484	508544
521	409253	509313
522	410023	510083
523	410793	510858
524	411568	511635
525	412340	512400
526	413109	513169
527	413879	513939
528	414648	514746
529	415418	515517
530	416188	516290
531	416957	517056
532	417727	517824
533	418497	518595
534	419267	519366
535	420037	520136
536	420807	520896
537	421582	521645
538	422353	522412
539	423122	523183
540	423892	523954
541	424664	524722
542	425433	525496
543	426203	526262
544	426972	527038
545	427747	527805
546	428515	528582
547	429287	529376
548	430083	530153
549	430857	530927
550	431628	531693
551	432399	532465
552	433171	533237
553	433943	534009
554	434715	534777
555	435484	535549
556	436255	536323
557	437029	537094
558	437800	537869
559	438573	538638
560	439344	539409
561	440114	540178
562	440884	540949
563	441654	541717
564	442423	542487
565	443193	543256
566	443962	544026
567	444732	544794
568	445501	545564
569	446270	546335
570	447040	547104
571	447809	547880
572	448581	548647
573	449353	549417
574	450122	550186
575	450892	550957
576	451662	551766
577	452443	552539
578	453213	553299
579	453982	554051
580	454752	554814
581	455521	555584
582	456290	556355
583	457060	557122
584	457829	557891
585	458598	558661
586	459367	559430
587	460137	560200
588	460906	561004
589	461678	561760
590	462446	562511
591	463217	563280
592	463987	564049
593	464756	564818
594	465525	565588
595	466295	566357
596	467064	567127
597	467834	567896
598	468603	568665
599	469372	569434
600	470141	570204
601	470911	570974
602	471681	571742
603	472450	572512
604	473219	573284
605	473991	574056
606	474762	574823
607	475531	575594
608	476300	576365
609	477069	577132
610	477839	577901
611	478608	578670
612	479377	579440
613	480147	580210
614	480916	580980
615	481686	581748
616	482455	582518
617	483225	583290
618	483997	584062
619	484769	584830
620	485538	585602
621	486309	586374
622	487081	587144
623	487851	587915
624	488620	588683
625	489391	589454
626	490161	590225
627	490932	590996
628	491702	591764
629	492471	592535
630	493242	593305
631	494012	594076
632	494783	594850
633	495556	595619
634	496326	596391
635	497098	597160
636	497867	597932
637	498639	598702
638	499407	599472
639	500179	600243
640	500950	601018
641	501722	601783
642	502491	602553
643	503260	603324
644	504031	604097
645	504803	604899
646	505576	605668
647	506346	606443
648	507123	607206
649	507895	607962
650	508668	608730
651	509437	609502
652	510209	610274
653	510981	611047
654	511753	611815
655	512522	612587
656	513294	613358
657	514065	614156
658	514863	614929
659	515636	615698
660	516406	616470
661	517177	617239
662	517946	618010
663	518717	618778
664	519485	619547
665	520254	620322
666	521029	621093
667	521799	621869
668	522571	622635
669	523342	623405
670	524111	624176
671	524883	624945
672	525652	625716
673	526421	626485
674	527192	627254
675	527961	628025
676	528732	628793
677	529501	629563
678	530270	630334
679	531041	631104
680	531811	631880
681	532582	632650
682	533355	633420
683	534127	634191
684	534898	634961
685	535668	635729
686	536436	636500
687	537207	637269
688	537976	638040
689	538747	638808
690	539516	639578
691	540285	640349
692	541056	641119
693	541826	641888
694	542595	642658
695	543365	643428
696	544134	644199
697	544905	644970
698	545677	645738
699	546446	646511
700	547217	647280
701	547986	648050
702	548757	648818
703	549526	649589
704	550295	650359
705	551066	651137
706	551836	651899
707	552606	652672
708	553376	653439
709	554146	654210
710	554917	654979
711	555686	655753
712	556455	656520
713	557225	657290
714	557997	658061
715	558768	658829
716	559537	659599
717	560306	660370
718	561077	661141
719	561847	661909
720	562616	662680
721	563387	663449
722	564156	664220
723	564927	664990
724	565696	665757
725	566465	666535
726	567236	667300
727	568005	668070
728	568776	668837
729	569544	669610
730	570316	670382
731	571087	671152
732	571856	671922
733	572626	672691
734	573396	673460
735	574166	674232
736	574937	675001
737	575706	675767
738	576475	676539
739	577246	677310
740	578017	678081
741	578787	678852
742	579559	679621
743	580328	680392
744	581099	681163
745	581869	681934
746	582640	682704
747	583411	683476
748	584183	684247
749	584954	685017
750	585723	685784
751	586492	686556
752	587263	687326
753	588033	688097
754	588804	688870
755	589575	689637
756	590344	690408
757	591115	691178
758	591884	691951
759	592657	692720
760	593427	693497
761	594197	694283
762	594990	695103
763	595781	695893
764	596579	696667
765	597373	697457
766	598165	698249
767	598955	699045
768	599752	699832
769	600541	700623
770	601331	701415
771	602122	702201
772	602909	702991
773	603698	703781
774	604488	704663
775	605276	705418
776	606062	706183
777	606842	706948
778	607616	707725
779	608385	708448
780	609154	709215
781	609922	710052
782	610691	710752
783	611458	711556
784	612228	712291
785	612997	713057
786	613765	713825
787	614533	714595
788	615302	715363
789	616071	716132
790	616839	716900
791	617607	717669
792	618375	718437
793	619144	719207
794	619915	719977
795	620684	720744
796	621451	721516
797	622221	722282
798	622989	723051
799	623758	723818
800	624526	724587
801	625294	725359
802	626062	726124
803	626831	726892
804	627600	727661
805	628367	728429
806	629136	729197
807	629904	729966
808	630673	730732
809	631440	731506
810	632212	732275
811	632982	733044
812	633751	733814
813	634522	734584
814	635291	735353
815	636060	736121
816	636829	736890
817	637597	737659
818	638365	738426
819	639133	739195
820	639902	739964
821	640670	740730
822	641438	741503
823	642207	742269
824	642976	743038
825	643745	743817
826	644515	744577
827	645283	745345
828	646052	746114
829	646821	746882
830	647589	747651
831	648357	748418
832	649125	749188
833	649894	749955
834	650662	750722
835	651430	751492
836	652199	752261
837	652968	753030
838	653736	753799
839	654505	754567
840	655274	755335
841	656042	756106
842	656813	756879
843	657582	757643
844	658349	758411
845	659118	759179
846	659886	759947
847	660655	760715
848	661423	761486
849	662193	762254
850	662962	763023
851	663730	763790
852	664498	764559
853	665266	765328
854	666035	766098
855	666803	766872
856	667574	767635
857	668342	768405
858	669113	769174
859	669881	769943
860	670650	770710
861	671418	771481
862	672187	772249
863	672956	773017
864	673725	773784
865	674492	774556
866	675262	775324
867	676031	776092
868	676799	776868
869	677570	777632
870	678339	778400
871	679107	779169
872	679875	779938
873	680644	780704
874	681414	781495
875	682183	782272
876	682952	783041
877	683720	783801
878	684491	784552
879	685260	785349
880	686028	786117
881	686796	786888
882	687567	787657
883	688335	788425
884	689104	789199
885	689878	789973
886	690647	790735
887	691415	791507
888	692184	792279
889	692957	793097
890	693775	793869
891	694545	794667
892	695314	795427
893	696082	796175
894	696852	796945
895	697621	797732
896	698411	798505
897	699183	799278
898	699956	800048
899	700726	800833
900	701494	801557
901	702263	802323
902	703032	803092
903	703801	803908
904	704573	804692
905	705343	805454
906	706111	806205
907	706881	806972
908	707650	807739
909	708418	808543
910	709187	809311
911	709957	810067
912	710727	810823
913	711495	811570
914	712275	812373
915	713045	813159
916	713847	813910
917	714617	814676
918	715385	815445
919	716154	816214
920	716924	816996
921	717705	817764
922	718474	818533
923	719242	819302
924	720011	820074
925	720780	820839
926	721548	821609
927	722318	822378
928	723087	823149
929	723855	823925
930	724624	824717
931	725392	825483
932	726161	826249
933	726930	827028
934	727708	827795
935	728477	828567
936	729245	829336
937	730014	830108
938	730786	830879
939	731560	831623
940	732330	832389
941	733099	833158
942	733868	833930
943	734639	834700
944	735409	835469
945	736177	836237
946	736951	837012
947	737721	837779
948	738489	838548
949	739258	839317
950	740026	840085
951	740795	840866
952	741570	841636
953	742345	842404
954	743114	843173
955	743882	843941
956	744651	844709
957	745419	845478
958	746188	846249
959	746958	847021
960	747729	847786
961	748497	848556
962	749265	849326
963	750036	850095
964	750804	850875
965	751579	851638
966	752347	852427
967	753136	853205
968	753914	853976
969	754685	854742
970	755453	855514
971	756222	856287
972	756996	857058
973	757767	857826
974	758536	858600
975	759309	859370
976	760080	860141
977	760851	860916
978	761621	861679
979	762389	862448
980	763158	863217
981	763927	863986
982	764696	864753
983	765464	865523
984	766233	866291
985	767001	867060
986	767770	867828
987	768538	868597
988	769307	869366
989	770076	870135
990	770845	870906
991	771616	871675
992	772385	872443
993	773153	873212
994	773922	873981
995	774691	874749
996	775460	875523
997	776229	876289
998	776998	877058
999	777768	877826
1000	778536	878594
