1	0	100491
2	792	101011
3	6235	106427
4	7781	113307
5	13926	114003
6	14651	114742
7	15383	115558
8	16170	116277
9	16921	117116
10	17720	117861
11	18467	118622
12	19222	119329
13	19951	120050
14	20673	120774
15	21395	121494
16	22116	122214
17	22837	122935
18	23558	123623
19	24280	124341
20	25001	125062
21	25722	125783
22	26443	126504
23	27163	127225
24	27884	127945
25	28605	128667
26	29326	129389
27	30049	130111
28	30770	130834
29	31492	131553
30	32213	132276
31	32934	132996
32	33655	133717
33	34376	134436
34	35096	135158
35	35817	135882
36	36540	136601
37	37260	137320
38	37980	138040
39	38700	138761
40	39420	139481
41	40139	140266
42	40860	140988
43	41581	141700
44	42303	142400
45	43023	143120
46	43743	143840
47	44464	144565
48	45188	145285
49	45908	146000
50	46645	146718
51	47368	147428
52	48088	148149
53	48808	148872
54	49528	149620
55	50251	150340
56	50970	151062
57	51691	151772
58	52412	152479
59	53131	153196
60	53854	153915
61	54574	154634
62	55294	155354
63	56014	156074
64	56734	156795
65	57454	157515
66	58174	158237
67	58897	158957
68	59617	159678
69	60337	160397
70	61057	161119
71	61778	161840
72	62499	162558
73	63218	163279
74	63938	163999
75	64659	164719
76	65379	165440
77	66100	166172
78	66831	166892
79	67552	167612
80	68272	168334
81	68992	169053
82	69712	169791
83	70451	170529
84	71188	171267
85	71926	172005
86	72664	172743
87	73402	173479
88	74139	174217
89	74877	174958
90	75617	175697
91	76356	176434
92	77094	177211
93	77851	177940
94	78594	178678
95	79336	179402
96	80062	180123
97	80783	180846
98	81505	181565
99	82224	182289
100	82945	183007
101	83665	183726
102	84385	184450
103	85105	185166
104	85826	185886
105	86546	186606
106	87266	187326
107	87986	188046
108	88706	188770
109	89429	189491
110	90149	190212
111	90870	190932
112	91591	191653
113	92311	192371
114	93031	193092
115	93752	193812
116	94472	194532
117	95191	195252
118	95911	195972
119	96632	196692
120	97352	197412
121	98071	198132
122	98792	198855
123	99512	199574
124	100234	200298
125	100957	201059
126	101679	201749
127	102402	202463
128	103122	203184
129	103843	203904
130	104563	204623
131	105284	205344
132	106003	206064
133	106724	206791
134	107445	207507
135	108165	208226
136	108886	208947
137	109606	209667
138	110327	210388
139	111047	211109
140	111768	211832
141	112491	212552
142	113211	213272
143	113932	213998
144	114653	214719
145	115375	215439
146	116095	216161
147	116817	216883
148	117540	217606
149	118261	218327
150	118982	219048
151	119704	219770
152	120425	220491
153	121146	221213
154	121868	221935
155	122589	222656
156	123311	223378
157	124034	224100
158	124756	224821
159	125477	225542
160	126197	226263
161	126918	226985
162	127640	227705
163	128361	228425
164	129081	229147
165	129803	229869
166	130524	230597
167	131253	231320
168	131974	232041
169	132696	232763
170	133417	233483
171	134138	234204
172	134859	234928
173	135583	235652
174	136305	236373
175	137027	237093
176	137748	237815
177	138470	238536
178	139190	239257
179	139912	240009
180	140632	240731
181	141353	241440
182	142073	242141
183	142796	242862
184	143518	243586
185	144242	244307
186	144963	245028
187	145684	245750
188	146405	246478
189	147129	247195
190	147850	247917
191	148571	248642
192	149293	249390
193	150013	250111
194	150734	250833
195	151455	251582
196	152175	252291
197	152896	252994
198	153619	253705
199	154341	254407
200	155062	255128
201	155783	255850
202	156505	256571
203	157226	257294
204	157948	258016
205	158672	258741
206	159396	259462
207	160117	260184
208	160839	260907
209	161561	261627
210	162283	262349
211	163004	263070
212	163726	263820
213	164447	264541
214	165168	265253
215	165890	265975
216	166611	266705
217	167333	267399
218	168053	268139
219	168775	268843
220	169496	269564
221	170219	270288
222	170941	271011
223	171664	271732
224	172385	272452
225	173106	273173
226	173828	273913
227	174550	274617
228	175271	275339
229	175992	276060
230	176714	276780
231	177435	277503
232	178156	278225
233	178878	278946
234	179599	279667
235	180321	280387
236	181042	281113
237	181766	281835
238	182488	282557
239	183211	283279
240	183934	284000
241	184655	284722
242	185377	285442
243	186098	286165
244	186820	286886
245	187541	287607
246	188263	288328
247	188984	289050
248	189706	289771
249	190427	290493
250	191147	291216
251	191870	291936
252	192592	292661
253	193316	293381
254	194037	294103
255	194758	294825
256	195480	295546
257	196201	296267
258	196922	296989
259	197644	297711
260	198366	298431
261	199087	299157
262	199809	299876
263	200531	300606
264	201258	301329
265	201979	302051
266	202702	302772
267	203423	303493
268	204144	304216
269	204868	304938
270	205590	305659
271	206311	306378
272	207032	307101
273	207754	307824
274	208476	308545
275	209196	309263
276	209918	309984
277	210640	310708
278	211362	311428
279	212083	312150
280	212805	312871
281	213527	313595
282	214251	314317
283	214972	315039
284	215694	315763
285	216418	316484
286	217139	317205
287	217861	317927
288	218582	318651
289	219304	319369
290	220025	320092
291	220747	320815
292	221470	321536
293	222191	322259
294	222913	322979
295	223634	323701
296	224356	324421
297	225077	325144
298	225799	325866
299	226521	326592
300	227246	327314
301	227969	328035
302	228691	328760
303	229413	329480
304	230133	330205
305	230855	330925
306	231578	331647
307	232300	332365
308	233021	333090
309	233743	333810
310	234465	334531
311	235186	335252
312	235908	335975
313	236630	336699
314	237352	337417
315	238073	338140
316	238795	338865
317	239520	339588
318	240244	340310
319	240965	341062
320	241688	341784
321	242410	342479
322	243131	343198
323	243853	343919
324	244574	344647
325	245296	345361
326	246017	346083
327	246738	346805
328	247461	347527
329	248181	348248
330	248903	348972
331	249625	349693
332	250346	350414
333	251070	351198
334	251791	351918
335	252512	352632
336	253235	353351
337	253955	354059
338	254676	354745
339	255399	355469
340	256120	356187
341	256841	356908
342	257563	357629
343	258285	358360
344	259015	359083
345	259738	359805
346	260460	360526
347	261181	361249
348	261904	361973
349	262628	362695
350	263350	363416
351	264071	364159
352	264792	364880
353	265513	365612
354	266236	366304
355	266959	367047
356	267680	367794
357	268400	368513
358	269121	369207
359	269843	369955
360	270564	370665
361	271286	371387
362	272006	372093
363	272727	372795
364	273450	373538
365	274172	374258
366	274893	374979
367	275614	375709
368	276334	376401
369	277056	377142
370	277777	377863
371	278498	378582
372	279218	379304
373	279939	380025
374	280660	380747
375	281381	381474
376	282102	382169
377	282825	382892
378	283546	383617
379	284268	384334
380	284989	385058
381	285713	385780
382	286435	386501
383	287156	387223
384	287878	387945
385	288600	388665
386	289321	389387
387	290042	390109
388	290764	390832
389	291487	391552
390	292208	392273
391	292929	392996
392	293651	393717
393	294373	394437
394	295094	395160
395	295816	395885
396	296542	396609
397	297266	397331
398	297987	398075
399	298709	398808
400	299430	399528
401	300151	400247
402	300887	400966
403	301609	401684
404	302330	402402
405	303050	403124
406	303771	403844
407	304491	404566
408	305214	405286
409	305934	406009
410	306657	406731
411	307378	407450
412	308099	408176
413	308825	408908
414	309560	409623
415	310278	410341
416	310996	411061
417	311715	411779
418	312433	412497
419	313151	413214
420	313869	413936
421	314588	414653
422	315306	415368
423	316023	416087
424	316742	416806
425	317461	417523
426	318178	418241
427	318896	418959
428	319614	419680
429	320335	420396
430	321053	421118
431	321772	421836
432	322491	422554
433	323208	423271
434	323926	423989
435	324645	424708
436	325363	425425
437	326081	426144
438	326799	426862
439	327517	427582
440	328238	428302
441	328957	429020
442	329676	429746
443	330398	430460
444	331115	431183
445	331837	431901
446	332556	432619
447	333274	433337
448	333992	434054
449	334710	434773
450	335433	435499
451	336153	436217
452	336873	436939
453	337592	437656
454	338310	438372
455	339028	439093
456	339746	439814
457	340469	440532
458	341187	441285
459	341905	441992
460	342625	442700
461	343346	443409
462	344064	444127
463	344783	444847
464	345501	445564
465	346219	446282
466	346937	447001
467	347655	447719
468	348375	448436
469	349092	449158
470	349810	449873
471	350528	450628
472	351255	451351
473	351975	452070
474	352693	452777
475	353411	453492
476	354128	454211
477	354848	454917
478	355571	455633
479	356289	456353
480	357009	457075
481	357729	457803
482	358458	458524
483	359179	459244
484	359898	459961
485	360616	460690
486	361335	461397
487	362053	462116
488	362772	462836
489	363490	463553
490	364208	464273
491	364926	464991
492	365645	465711
493	366366	466428
494	367084	467149
495	367803	467911
496	368523	468597
497	369246	469312
498	369965	470034
499	370685	470772
500	371405	471476
501	372123	472187
502	372841	472906
503	373560	473622
504	374278	474340
505	374996	475060
506	375714	475779
507	376434	476497
508	377152	477219
509	377873	477937
510	378592	478667
511	379312	479375
512	380030	480098
513	380753	480820
514	381473	481569
515	382191	482256
516	382911	482976
517	383630	483695
518	384349	484412
519	385067	485135
520	385787	485851
521	386506	486569
522	387225	487290
523	387944	488041
524	388663	488732
525	389386	489485
526	390105	490203
527	390825	490924
528	391545	491645
529	392265	492361
530	392984	493082
531	393703	493800
532	394423	494520
533	395142	495240
534	395861	495958
535	396581	496687
536	397301	497397
537	398019	498085
538	398739	498818
539	399457	499517
540	400175	500239
541	400897	500963
542	401617	501680
543	402335	502397
544	403053	503117
545	403772	503835
546	404490	504553
547	405208	505272
548	405926	505991
549	406645	506743
550	407367	507463
551	408085	508180
552	408804	508901
553	409523	509620
554	410244	510337
555	410962	511057
556	411681	511778
557	412402	512500
558	413120	513185
559	413839	513901
560	414557	514620
561	415276	515338
562	415994	516057
563	416713	516777
564	417431	517493
565	418149	518212
566	418867	518930
567	419586	519651
568	420305	520386
569	421022	521109
570	421742	521804
571	422460	522522
572	423178	523282
573	423899	524001
574	424618	524708
575	425336	525397
576	426054	526116
577	426773	526835
578	427491	527552
579	428209	528272
580	428927	528995
581	429646	529708
582	430364	530426
583	431082	531148
584	431801	531865
585	432520	532586
586	433242	533305
587	433959	534023
588	434678	534745
589	435399	535462
590	436117	536181
591	436836	536902
592	437555	537618
593	438274	538337
594	438991	539055
595	439711	539775
596	440430	540493
597	441147	541213
598	441868	541932
599	442586	542651
600	443305	543367
601	444023	544087
602	444742	544806
603	445462	545524
604	446179	546245
605	446900	546964
606	447620	547691
607	448338	548399
608	449055	549124
609	449775	549839
610	450493	550584
611	451211	551305
612	451932	552022
613	452650	552750
614	453379	553468
615	454097	554186
616	454816	554896
617	455535	555616
618	456256	556320
619	456974	557038
620	457693	557760
621	458414	558481
622	459137	559200
623	459856	559920
624	460575	560640
625	461294	561357
626	462013	562077
627	462731	562795
628	463451	563513
629	464168	564236
630	464887	564954
631	465607	565682
632	466325	566391
633	467043	567111
634	467762	567828
635	468480	568553
636	469208	569274
637	469930	569995
638	470650	570725
639	471379	571441
640	472097	572161
641	472815	572880
642	473535	573600
643	474256	574319
644	474974	575037
645	475693	575757
646	476411	576477
647	477129	577194
648	477849	577913
649	478567	578629
650	479286	579349
651	480005	580068
652	480723	580798
653	481451	581514
654	482169	582236
655	482888	582955
656	483608	583680
657	484326	584388
658	485044	585110
659	485763	585828
660	486482	586547
661	487200	587265
662	487920	587984
663	488639	588720
664	489375	589447
665	490092	590157
666	490810	590877
667	491530	591595
668	492251	592316
669	492971	593034
670	493691	593754
671	494408	594474
672	495126	595191
673	495845	595909
674	496563	596625
675	497281	597345
676	498000	598063
677	498718	598783
678	499438	599503
679	500155	600219
680	500873	600939
681	501593	601665
682	502312	602374
683	503029	603094
684	503748	603814
685	504469	604541
686	505197	605266
687	505921	605986
688	506641	606730
689	507381	607443
690	508099	608162
691	508817	608884
692	509537	609601
693	510258	610320
694	510976	611041
695	511697	611760
696	512416	612482
697	513134	613199
698	513855	613916
699	514575	614634
700	515294	615357
701	516017	616080
702	516738	616801
703	517459	617519
704	518178	618238
705	518897	618956
706	519616	619675
707	520335	620394
708	521053	621121
709	521774	621841
710	522493	622592
711	523212	623283
712	523932	623994
713	524650	624718
714	525378	625476
715	526096	626194
716	526816	626915
717	527538	627639
718	528260	628344
719	528994	629091
720	529714	629780
721	530434	630497
722	531152	631220
723	531873	631937
724	532593	632657
725	533312	633377
726	534032	634096
727	534751	634818
728	535472	635535
729	536190	636255
730	536909	636976
731	537629	637712
732	538359	638424
733	539080	639144
734	539798	639863
735	540518	640623
736	541241	641331
737	541959	642024
738	542678	642742
739	543397	643459
740	544114	644179
741	544833	644897
742	545552	645613
743	546270	646333
744	546988	647052
745	547707	647774
746	548427	648514
747	549144	649214
748	549862	649996
749	550591	650733
750	551312	651446
751	552031	652171
752	552751	652877
753	553471	653595
754	554191	654319
755	554910	654998
756	555630	655713
757	556358	656422
758	557077	657141
759	557795	657861
760	558515	658582
761	559238	659301
762	559955	660022
763	560675	660740
764	561394	661459
765	562114	662179
766	562834	662897
767	563552	663625
768	564275	664345
769	564993	665065
770	565711	665782
771	566430	666501
772	567148	667221
773	567867	667936
774	568588	668671
775	569309	669374
776	570029	670094
777	570748	670815
778	571468	671574
779	572186	672252
780	572906	672987
781	573628	673716
782	574355	674417
783	575073	675136
784	575791	675854
785	576509	676570
786	577226	677290
787	577945	678008
788	578663	678726
789	579381	679441
790	580098	680161
791	580816	680882
792	581536	681599
793	582256	682319
794	582974	683037
795	583692	683756
796	584411	684480
797	585130	685194
798	585849	685912
799	586567	686628
800	587284	687347
801	588003	688067
802	588721	688785
803	589440	689535
804	590157	690221
805	590876	690943
806	591596	691668
807	592315	692411
808	593033	693098
809	593753	693850
810	594472	694535
811	595191	695283
812	595910	695996
813	596632	696714
814	597360	697422
815	598078	698142
816	598797	698861
817	599516	699582
818	600236	700299
819	600954	701020
820	601679	701744
821	602399	702460
822	603116	703180
823	603835	703899
824	604554	704651
825	605273	705374
826	605991	706083
827	606711	706834
828	607429	707544
829	608149	708262
830	608868	708965
831	609587	709693
832	610305	710400
833	611023	711122
834	611743	711841
835	612462	712557
836	613180	713244
837	613899	713959
838	614618	714687
839	615336	715394
840	616054	716115
841	616773	716833
842	617491	717549
843	618209	718268
844	618927	718990
845	619648	719708
846	620367	720424
847	621084	721151
848	621803	721864
849	622522	722583
850	623243	723307
851	623961	724021
852	624679	724739
853	625398	725461
854	626115	726183
855	626834	726898
856	627552	727616
857	628271	728334
858	628988	729053
859	629707	729771
860	630425	730490
861	631145	731211
862	631864	731928
863	632582	732655
864	633301	733361
865	634018	734080
866	634737	734798
867	635455	735515
868	636173	736234
869	636892	736954
870	637610	737681
871	638328	738387
872	639046	739107
873	639765	739825
874	640484	740574
875	641200	741283
876	641918	741981
877	642638	742719
878	643374	743433
879	644092	744153
880	644811	744871
881	645530	745591
882	646250	746309
883	646968	747028
884	647687	747767
885	648427	748523
886	649175	749260
887	649915	749981
888	650641	750735
889	651360	751449
890	652086	752162
891	652804	752880
892	653521	753608
893	654246	754312
894	654968	755114
895	655748	755811
896	656469	756529
897	657186	757248
898	657906	757967
899	658625	758706
900	659363	759450
901	660105	760168
902	660825	760887
903	661545	761604
904	662263	762323
905	662981	763042
906	663700	763761
907	664419	764480
908	665139	765199
909	665858	765918
910	666577	766637
911	667294	767354
912	668013	768074
913	668732	768792
914	669450	769509
915	670168	770228
916	670886	770948
917	671606	771674
918	672324	772383
919	673042	773102
920	673761	773823
921	674481	774540
922	675198	775258
923	675916	775979
924	676637	776715
925	677373	777433
926	678092	778153
927	678811	778871
928	679530	779591
929	680250	780310
930	680968	781030
931	681688	781749
932	682407	782469
933	683131	783201
934	683850	783911
935	684570	784628
936	685287	785347
937	686006	786066
938	686724	786785
939	687443	787502
940	688160	788220
941	688879	788939
942	689598	789657
943	690316	790376
944	691034	791097
945	691754	791815
946	692473	792532
947	693190	793250
948	693909	793970
949	694628	794718
950	695354	795443
951	696070	796155
952	696796	796857
953	697514	797575
954	698234	798294
955	698953	799020
956	699679	799742
957	700399	800456
958	701116	801177
959	701835	801896
960	702554	802614
961	703272	803333
962	703992	804052
963	704718	804809
964	705436	805526
965	706152	806241
966	706870	806959
967	707587	807672
968	708305	808381
969	709022	809082
970	709741	809801
971	710459	810518
972	711177	811252
973	711910	811980
974	712629	812706
975	713357	813416
976	714075	814134
977	714792	814855
978	715514	815574
979	716233	816293
980	716952	817012
981	717671	817730
982	718388	818451
983	719106	819166
984	719824	819884
985	720543	820603
986	721261	821322
987	721980	822039
988	722697	822757
989	723416	823477
990	724133	824193
991	724852	824912
992	725570	825629
993	726288	826348
994	727007	827067
995	727726	827786
996	728444	828503
997	729161	829221
998	729880	829939
999	730597	830658
1000	731316	831373
