1	0	100680
2	872	101425
3	6701	106891
4	7506	107600
5	8245	108345
6	8980	109056
7	9716	109791
8	10452	110538
9	11189	111272
10	11928	112112
11	12731	112865
12	13502	113768
13	14357	114462
14	15112	115212
15	15862	115984
16	16625	116788
17	17412	117497
18	18153	118288
19	18946	119025
20	19683	119764
21	20421	120502
22	21158	121236
23	21894	121973
24	22631	122709
25	23368	123447
26	24105	124186
27	24845	124922
28	25582	125659
29	26318	126396
30	27055	127132
31	27792	127869
32	28529	128606
33	29265	129344
34	30002	130081
35	30739	130817
36	31476	131555
37	32213	132290
38	32950	133028
39	33687	133764
40	34423	134504
41	35160	135238
42	35897	135975
43	36634	136714
44	37373	137451
45	38110	138188
46	38846	138924
47	39583	139662
48	40320	140399
49	41057	141134
50	41794	141871
51	42530	142608
52	43267	143344
53	44004	144082
54	44741	144818
55	45477	145555
56	46214	146293
57	46951	147029
58	47688	147767
59	48425	148506
60	49164	149242
61	49901	149980
62	50638	150716
63	51375	151453
64	52111	152189
65	52848	152927
66	53585	153664
67	54322	154401
68	55059	155137
69	55796	155874
70	56532	156618
71	57277	157359
72	58014	158102
73	58757	158834
74	59498	159584
75	60242	160318
76	60978	161062
77	61719	161796
78	62455	162541
79	63201	163276
80	63936	164015
81	64673	164748
82	65409	165490
83	66148	166233
84	66892	166969
85	67628	167705
86	68364	168440
87	69100	169176
88	69835	169913
89	70572	170648
90	71308	171384
91	72043	172120
92	72779	172857
93	73517	173594
94	74254	174333
95	74989	175066
96	75725	175802
97	76461	176538
98	77197	177273
99	77933	178009
100	78669	178745
101	79405	179494
102	80147	180225
103	80883	180960
104	81619	181696
105	82355	182431
106	83091	183167
107	83827	183904
108	84564	184643
109	85302	185380
110	86037	186115
111	86773	186851
112	87510	187588
113	88246	188322
114	88982	189058
115	89718	189795
116	90454	190530
117	91190	191266
118	91926	192003
119	92662	192741
120	93398	193477
121	94137	194214
122	94874	194953
123	95612	195709
124	96397	196486
125	97142	197221
126	97880	197958
127	98617	198695
128	99355	199431
129	100091	200170
130	100828	200906
131	101565	201642
132	102302	202378
133	103037	203115
134	103774	203850
135	104510	204587
136	105246	205323
137	105982	206059
138	106718	206797
139	107454	207532
140	108191	208270
141	108929	209007
142	109666	209744
143	110403	210484
144	111143	211220
145	111880	211957
146	112616	212694
147	113353	213430
148	114089	214167
149	114826	214904
150	115563	215640
151	116299	216377
152	117036	217114
153	117773	217850
154	118509	218587
155	119246	219323
156	119982	220092
157	120721	220891
158	121458	221691
159	122195	222494
160	122932	223294
161	123669	224091
162	124405	224891
163	125146	225691
164	125883	226493
165	126620	227291
166	127357	228091
167	128093	228897
168	128830	229696
169	129567	230506
170	130304	231294
171	131041	232094
172	131778	232894
173	132517	233694
174	133254	234506
175	133990	235295
176	134727	236095
177	135464	236894
178	136201	237695
179	136938	238505
180	137674	239294
181	138411	240095
182	139150	240895
183	139887	241694
184	140624	242505
185	141361	243294
186	142097	244094
187	142834	244894
188	143571	245694
189	144309	246504
190	145046	247294
191	145782	248094
192	146519	248894
193	147256	249695
194	147992	250506
195	148730	251294
196	149467	252096
197	150204	252895
198	150941	253694
199	151678	254506
200	152415	255295
201	153154	256095
202	153891	256895
203	154628	257695
204	155364	258505
205	156104	259295
206	156841	260095
207	157578	260895
208	158315	261695
209	159052	262506
210	159789	263295
211	160526	264095
212	161263	264895
213	162000	265695
214	162737	266504
215	163474	267294
216	164210	268095
217	164948	268895
218	165684	269695
219	166421	270526
220	167158	271295
221	167897	272094
222	168634	272895
223	169370	273695
224	170107	274505
225	170844	275294
226	171581	276095
227	172318	276895
228	173054	277695
229	173794	278505
230	174531	279296
231	175268	280098
232	176005	280895
233	176742	281695
234	177479	282505
235	178215	283294
236	178952	284094
237	179692	284896
238	180429	285695
239	181166	286505
240	181903	287294
241	182640	288095
242	183377	288895
243	184114	289700
244	184851	290506
245	185588	291295
246	186325	292095
247	187062	292897
248	187798	293696
249	188535	294505
250	189272	295294
251	190009	296095
252	190746	296896
253	191485	297695
254	192222	298498
255	192959	299295
256	193696	300095
257	194433	300895
258	195170	301695
259	195907	302497
260	196644	303295
261	197381	304096
262	198121	304897
263	198858	305697
264	199594	306499
265	200332	307295
266	201069	308095
267	201806	308910
268	202543	309697
269	203282	310499
270	204019	311296
271	204756	312095
272	205493	312895
273	206233	313695
274	206974	314497
275	207712	315295
276	208449	316095
277	209186	316895
278	209923	317695
279	210660	318496
280	211398	319295
281	212138	320096
282	212875	320895
283	213612	321695
284	214349	322497
285	215089	323294
286	215826	324094
287	216563	324895
288	217300	325694
289	218037	326496
290	218778	327295
291	219516	328095
292	220254	328895
293	220991	329695
294	221728	330497
295	222465	331294
296	223202	332094
297	223939	332895
298	224676	333695
299	225413	334497
300	226152	335295
301	226891	336109
302	227628	336895
303	228365	337695
304	229103	338497
305	229840	339295
306	230577	340096
307	231314	340895
308	232052	341695
309	232788	342498
310	233525	343294
311	234262	344095
312	234999	344894
313	235736	345695
314	236473	346497
315	237210	347294
316	237947	348095
317	238686	348895
318	239423	349695
319	240160	350497
320	240897	351294
321	241648	352095
322	242385	352894
323	243124	353695
324	243861	354498
325	244599	355295
326	245336	356095
327	246073	356895
328	246810	357695
329	247547	358497
330	248283	359295
331	249021	360096
332	249758	360896
333	250498	361695
334	251243	362497
335	251980	363294
336	252717	364095
337	253454	364896
338	254198	365695
339	254934	366498
340	255671	367294
341	256408	368094
342	257148	368894
343	257889	369696
344	258629	370497
345	259366	371295
346	260103	372105
347	260842	372895
348	261579	373695
349	262319	374500
350	263055	375294
351	263792	376095
352	264529	376894
353	265266	377694
354	266003	378497
355	266740	379298
356	267477	380095
357	268214	380894
358	268951	381695
359	269688	382498
360	270425	383302
361	271162	384095
362	271899	384895
363	272636	385695
364	273373	386497
365	274112	387295
366	274849	388095
367	275588	388895
368	276326	389695
369	277062	390497
370	277799	391295
371	278537	392099
372	279279	392897
373	280014	393694
374	280752	394496
375	281496	395294
376	282242	396095
377	282978	396894
378	283715	397695
379	284452	398497
380	285189	399294
381	285928	400094
382	286666	400895
383	287402	401695
384	288142	402496
385	288879	403294
386	289615	404095
387	290352	404895
388	291090	405694
389	291827	406497
390	292564	407294
391	293301	408095
392	294037	408894
393	294774	409695
394	295511	410496
395	296257	411295
396	296996	412095
397	297736	412894
398	298473	413694
399	299209	414497
400	299946	415295
401	300683	416095
402	301420	416910
403	302157	417695
404	302894	418496
405	303631	419294
406	304389	420096
407	305131	420894
408	305870	421695
409	306609	422497
410	307347	423294
411	308085	424094
412	308822	424894
413	309563	425693
414	310302	426497
415	311040	427294
416	311778	428095
417	312528	428894
418	313262	429696
419	313996	430496
420	314730	431294
421	315464	432094
422	316198	432894
423	316931	433694
424	317666	434500
425	318399	435295
426	319136	436095
427	319870	436895
428	320603	437694
429	321341	438683
430	322075	439296
431	322809	440099
432	323543	440898
433	324277	441745
434	325010	442498
435	325744	443295
436	326478	444094
437	327212	444894
438	327946	445694
439	328679	446497
440	329413	447294
441	330153	448094
442	330887	448896
443	331621	449696
444	332356	450497
445	333092	451294
446	333826	481009
447	334560	481042
448	335294	481073
449	336027	481104
450	336761	481135
451	337496	481166
452	338230	481197
453	338964	481228
454	339698	481259
455	340433	481290
456	341167	481322
457	341901	481359
458	342635	481392
459	343370	481423
460	344104	481456
461	344841	481488
462	345575	481519
463	346309	481550
464	347048	481580
465	347782	481611
466	348516	481641
467	349251	481674
468	349985	481717
469	350719	481749
470	351453	481785
471	352188	481816
472	352922	481847
473	353657	481877
474	354390	481908
475	355127	481939
476	355861	481969
477	356598	482000
478	357332	482030
479	358066	482061
480	358800	482094
481	359534	482125
482	360268	482155
483	361002	482187
484	361736	482498
485	362470	483294
486	363203	484094
487	363938	484895
488	364675	485695
489	365409	486496
490	366147	487294
491	366881	488109
492	367615	488894
493	368352	489695
494	369086	490496
495	369820	491294
496	370554	492094
497	371289	492897
498	372022	493694
499	372757	494497
500	373491	495294
501	374225	496094
502	374960	496894
503	375694	497694
504	376428	498496
505	377163	499293
506	377897	500094
507	378631	500894
508	379366	501694
509	380102	502497
510	380837	503294
511	381572	504094
512	382306	504894
513	383040	505694
514	383774	506498
515	384509	507294
516	385243	508094
517	385977	508896
518	386711	509694
519	387446	510497
520	388180	511294
521	388915	512094
522	389649	512894
523	390383	513694
524	391120	514497
525	391857	515294
526	392591	516094
527	393325	516895
528	394059	517694
529	394794	518496
530	395528	519294
531	396262	520096
532	396996	520894
533	397730	521695
534	398465	522500
535	399198	523294
536	399933	524108
537	400667	524894
538	401402	525694
539	402139	526496
540	402873	527294
541	403610	528095
542	404344	528903
543	405078	529695
544	405813	530497
545	406547	531295
546	407281	532095
547	408015	532895
548	408749	533694
549	409483	534496
550	410217	535295
551	410951	536095
552	411686	536894
553	412420	537695
554	413154	538496
555	413888	539293
556	414622	540094
557	415358	540895
558	416092	541695
559	416826	542502
560	417561	543294
561	418295	544094
562	419029	544895
563	419763	545694
564	420497	546497
565	421231	547294
566	421966	548094
567	422700	548894
568	423435	549694
569	424169	550502
570	424903	551295
571	425639	552095
572	426372	552894
573	427109	553694
574	427843	554496
575	428578	555294
576	429312	556094
577	430046	556894
578	430780	557694
579	431515	558496
580	432249	559294
581	432983	560104
582	433717	560894
583	434452	561694
584	435185	562496
585	435920	563294
586	436654	564094
587	437389	564894
588	438125	565694
589	438862	566496
590	439597	567294
591	440331	568094
592	441065	568894
593	441799	569694
594	442534	570496
595	443268	571293
596	444002	572094
597	444736	572894
598	445470	573694
599	446204	574497
600	446939	575293
601	447673	576094
602	448408	576894
603	449145	577694
604	449879	578496
605	450616	579294
606	451350	580095
607	452092	580894
608	452882	581694
609	453676	582496
610	454464	583293
611	455260	584093
612	456033	584894
613	456768	585694
614	457508	586496
615	458247	587293
616	458988	588096
617	459728	588895
618	460467	589696
619	461207	590497
620	461946	591295
621	462696	592095
622	463432	592897
623	464172	593695
624	464911	594497
625	465645	595294
626	466384	596096
627	467125	596895
628	467867	597696
629	468609	598500
630	469350	599295
631	470089	600096
632	470840	600895
633	471581	601695
634	472395	602496
635	473133	603294
636	473867	604093
637	474618	604894
638	475396	605694
639	476151	606497
640	476886	607294
641	477623	608094
642	478372	608894
643	479134	609694
644	479912	610497
645	480658	611293
646	481410	612095
647	482147	612894
648	482881	613694
649	483616	614496
650	484350	615294
651	485084	616094
652	485818	616894
653	486557	617693
654	487291	618495
655	488024	619294
656	488759	620094
657	489493	620894
658	490228	621694
659	490962	622496
660	491697	623294
661	492431	624094
662	493166	624894
663	493900	625694
664	494634	626496
665	495382	627294
666	496116	628095
667	496851	628893
668	497584	629695
669	498320	630496
670	499055	631293
671	499789	632094
672	500524	632894
673	501258	633693
674	501992	634496
675	502726	635295
676	503460	636094
677	504195	636894
678	504929	637694
679	505663	638496
680	506397	639294
681	507134	640093
682	507869	640894
683	508603	641694
684	509338	642496
685	510075	643294
686	510809	644103
687	511543	644895
688	512277	645694
689	513010	646497
690	513745	647294
691	514478	648095
692	515212	648893
693	515945	649695
694	516679	650497
695	517413	651294
696	518151	652094
697	518885	652894
698	519619	653695
699	520353	654496
700	521087	655294
701	521823	656094
702	522557	656894
703	523291	657694
704	524025	658497
705	524759	659294
706	525493	660094
707	526227	660893
708	526961	661693
709	527696	662497
710	528429	663293
711	529163	664094
712	529897	664894
713	530632	665694
714	531365	666496
715	532099	667294
716	532833	668094
717	533569	668894
718	534304	669694
719	535038	670496
720	535772	671294
721	536506	672094
722	537239	672894
723	537974	673694
724	538708	674496
725	539442	675294
726	540176	676094
727	540910	676894
728	541646	677695
729	542379	678496
730	543113	679294
731	543848	680095
732	544582	680900
733	545318	681694
734	546061	682496
735	546796	683294
736	547530	684094
737	548264	684895
738	548999	685694
739	549733	686497
740	550475	687295
741	551209	688095
742	551943	688894
743	552677	689695
744	553411	690496
745	554148	691294
746	554882	692094
747	555616	692894
748	556350	693696
749	557086	694495
750	557820	695293
751	558554	696094
752	559288	696893
753	560022	697693
754	560756	698496
755	561490	699293
756	562224	700094
757	562958	700893
758	563692	701693
759	564426	702496
760	565160	703333
761	565894	704109
762	566628	704893
763	567362	705693
764	568096	706496
765	568832	707293
766	569566	708093
767	570301	708893
768	571035	709693
769	571772	710495
770	572506	711293
771	573240	712092
772	573975	712893
773	574709	713693
774	575443	714496
775	576177	715293
776	576911	716093
777	577646	716893
778	578379	717693
779	579114	718496
780	579848	719293
781	580584	720094
782	581318	720893
783	582052	721693
784	582786	722495
785	583521	723293
786	584255	724093
787	584989	724893
788	585723	725693
789	586457	726496
790	587190	727293
791	587924	728093
792	588658	728893
793	589393	729695
794	590135	730496
795	590870	731293
796	591605	732094
797	592342	732893
798	593077	733693
799	593812	734495
800	594547	735295
801	595282	736093
802	596016	736893
803	596751	737694
804	597486	738496
805	598235	739302
806	598979	740094
807	599714	740893
808	600449	741695
809	601183	742496
810	601917	743292
811	602650	744092
812	603384	744893
813	604122	745692
814	604855	746494
815	605588	747293
816	606322	748093
817	607055	748893
818	607788	749693
819	608521	750506
820	609254	751292
821	609988	752093
822	610721	752893
823	611455	753693
824	612188	754495
825	612921	755292
826	613654	756093
827	614387	756893
828	615122	757693
829	615858	758495
830	616591	759292
831	617324	760093
832	618058	760892
833	618791	761693
834	619524	762496
835	620257	763292
836	620991	764092
837	621724	764892
838	622457	765693
839	623190	766495
840	623923	767292
841	624657	768092
842	625391	768892
843	626126	769693
844	626860	770495
845	627597	771292
846	628330	772093
847	629063	772893
848	629796	773693
849	630530	774495
850	631263	775292
851	631995	776092
852	632728	776892
853	633461	777692
854	634194	778494
855	634927	779291
856	635661	780094
857	636394	780893
858	637130	781692
859	637863	782495
860	638597	783292
861	639333	784092
862	640066	784900
863	640799	785693
864	641532	786496
865	642266	787291
866	642999	788092
867	643732	788892
868	644465	789693
869	645199	790494
870	645932	791292
871	646665	792092
872	647399	792892
873	648135	793695
874	648868	794495
875	649601	795291
876	650334	796092
877	651071	796892
878	651804	797691
879	652537	798494
880	653271	799292
881	654004	800093
882	654738	800892
883	655471	801692
884	656204	802494
885	656937	803291
886	657671	804092
887	658403	804892
888	659139	805692
889	659873	806494
890	660606	807291
891	661339	808092
892	662073	808892
893	662808	809692
894	663542	810494
895	664275	811292
896	665009	812092
897	665742	812891
898	666475	813693
899	667208	814494
900	667941	815291
901	668675	816092
902	669408	816892
903	670147	817692
904	670880	818494
905	671614	819292
906	672347	820092
907	673081	820892
908	673814	821692
909	674549	822494
910	675283	823292
911	676015	824092
912	676748	824892
913	677488	825692
914	678221	826494
915	678955	827291
916	679689	828092
917	680427	828892
918	681208	829692
919	681943	830495
920	682677	831291
921	683412	832092
922	684148	832891
923	684882	833692
924	685615	834494
925	686376	835293
926	687113	836093
927	687847	836893
928	688581	837693
929	689315	838495
930	690048	839293
931	690782	840093
932	691516	840892
933	692249	841692
934	692982	842495
935	693716	843291
936	694450	844092
937	695183	844892
938	695916	845692
939	696650	846494
940	697384	847292
941	698120	848092
942	698854	848891
943	699588	849692
944	700322	850495
945	701055	851291
946	701789	852092
947	702523	852892
948	703256	853692
949	703990	854494
950	704724	855292
951	705457	856093
952	706191	856893
953	706924	857691
954	707658	858494
955	708391	859291
956	709133	860092
957	709867	860892
958	710601	861692
959	711334	862494
960	712068	863292
961	712800	864091
962	713536	864891
963	714270	865692
964	715003	866494
965	715737	867291
966	716471	868092
967	717204	868892
968	717938	869693
969	718671	870495
970	719405	871293
971	720145	872092
972	720878	872892
973	721611	873692
974	722345	874494
975	723078	875291
976	723812	876092
977	724545	876892
978	725281	877692
979	726015	878494
980	726748	879291
981	727482	880093
982	728215	880892
983	728949	881692
984	729683	882494
985	730417	883292
986	731151	884092
987	731884	884892
988	732618	885693
989	733351	886495
990	734085	887292
991	734818	888092
992	735552	888892
993	736285	889693
994	737021	890495
995	737754	891292
996	738488	892092
997	739221	892892
998	739955	893694
999	740689	894494
1000	741423	895291
