1	0	100516
2	872	101008
3	6164	106409
4	11682	111876
5	12562	112641
6	13370	113612
7	14280	114438
8	15137	115282
9	15980	116178
10	16858	117084
11	17762	117860
12	18566	118672
13	19376	119472
14	20176	120275
15	20979	121076
16	21780	121879
17	22582	122679
18	23383	123479
19	24183	124248
20	24985	125047
21	25785	125846
22	26585	126646
23	27385	127451
24	28184	128246
25	28984	129045
26	29784	129848
27	30587	130677
28	31387	131478
29	32186	132278
30	32987	133068
31	33787	133851
32	34587	134649
33	35387	135451
34	36186	136250
35	36986	137048
36	37786	137847
37	38586	138648
38	39386	139448
39	40185	140275
40	40985	141074
41	41784	141876
42	42585	142677
43	43385	143479
44	44186	144267
45	44986	145049
46	45786	145848
47	46586	146648
48	47386	147449
49	48186	148247
50	48985	149047
51	49785	149846
52	50585	150646
53	51385	151450
54	52184	152247
55	52985	153046
56	53785	153847
57	54585	154646
58	55385	155448
59	56184	156248
60	56986	157047
61	57786	157847
62	58586	158647
63	59386	159448
64	60185	160247
65	60985	161046
66	61785	161848
67	62586	162647
68	63386	163449
69	64185	164246
70	64985	165046
71	65785	165853
72	66592	166653
73	67392	167453
74	68191	168252
75	68991	169054
76	69793	169858
77	70596	170660
78	71399	171461
79	72199	172261
80	72999	173064
81	73800	173862
82	74600	174662
83	75401	175462
84	76200	176261
85	77000	177063
86	77801	177863
87	78601	178666
88	79405	179474
89	80209	180271
90	81009	181070
91	81809	181873
92	82611	182676
93	83415	183476
94	84214	184277
95	85014	185076
96	85815	185881
97	86615	186677
98	87415	187476
99	88214	188275
100	89014	189076
101	89815	189876
102	90615	190677
103	91415	191518
104	92222	192288
105	93024	193123
106	93825	193922
107	94625	194723
108	95425	195524
109	96227	196328
110	97028	197125
111	97828	197925
112	98629	198725
113	99429	199525
114	100228	200326
115	101029	201140
116	101839	201937
117	102640	202737
118	103440	203537
119	104240	204337
120	105040	205139
121	105840	205938
122	106641	206712
123	107443	207505
124	108242	208306
125	109044	209106
126	109844	209907
127	110645	210706
128	111445	211506
129	112244	212312
130	113046	213113
131	113847	213914
132	114649	214715
133	115449	215516
134	116250	216322
135	117051	217153
136	117851	217953
137	118655	218757
138	119457	219559
139	120259	220359
140	121061	221166
141	121866	221968
142	122669	222772
143	123472	223572
144	124274	224343
145	125077	225145
146	125878	225944
147	126679	226747
148	127480	227546
149	128281	228347
150	129082	229150
151	129883	229989
152	130692	230800
153	131495	231609
154	132311	232409
155	133120	233191
156	133923	233993
157	134727	234795
158	135528	235594
159	136329	236397
160	137129	237197
161	137930	237997
162	138732	238800
163	139533	239599
164	140335	240436
165	141134	241234
166	141935	242035
167	142736	242836
168	143538	243636
169	144338	244427
170	145139	245208
171	145940	246007
172	146741	246812
173	147545	247611
174	148346	248411
175	149146	249214
176	149947	250014
177	150748	250817
178	151550	251625
179	152352	252417
180	153152	253220
181	153954	254020
182	154755	254823
183	155556	255624
184	156357	256424
185	157157	257225
186	157959	258048
187	158783	258852
188	159585	259654
189	160389	260459
190	161189	261258
191	161991	262060
192	162793	262861
193	163594	263690
194	164396	264491
195	165196	265292
196	165997	266093
197	166799	266892
198	167606	267675
199	168408	268477
200	169211	269281
201	170014	270082
202	170817	270887
203	171620	271695
204	172428	272499
205	173233	273303
206	174036	274105
207	174840	274910
208	175643	275710
209	176445	276511
210	177245	277313
211	178047	278114
212	178848	278919
213	179653	279720
214	180454	280520
215	181255	281323
216	182056	282124
217	182859	282927
218	183660	283727
219	184462	284528
220	185262	285333
221	186066	286135
222	186867	286938
223	187671	287738
224	188473	288538
225	189273	289341
226	190074	290144
227	190876	290944
228	191677	291746
229	192480	292545
230	193280	293348
231	194082	294148
232	194883	294952
233	195685	295751
234	196486	296554
235	197289	297358
236	198091	298159
237	198894	298962
238	199696	299762
239	200497	300566
240	201301	301370
241	202102	302170
242	202904	302973
243	203706	303773
244	204508	304577
245	205313	305380
246	206113	306179
247	206914	306983
248	207716	307783
249	208517	308583
250	209319	309386
251	210119	310187
252	210922	310993
253	211725	311794
254	212527	312594
255	213329	313397
256	214130	314201
257	214935	315004
258	215737	315804
259	216538	316610
260	217340	317407
261	218140	318207
262	218942	319010
263	219743	319809
264	220544	320610
265	221346	321411
266	222146	322218
267	222948	323018
268	223750	323825
269	224554	324628
270	225355	325435
271	226156	326228
272	226958	327030
273	227759	327831
274	228560	328631
275	229362	329430
276	230162	330232
277	230964	331033
278	231765	331834
279	232567	332635
280	233369	333435
281	234169	334237
282	234971	335037
283	235772	335839
284	236573	336645
285	237377	337446
286	238178	338245
287	238979	339046
288	239781	339848
289	240582	340649
290	241384	341452
291	242184	342252
292	242986	343053
293	243788	343854
294	244589	344657
295	245391	345457
296	246191	346258
297	246993	347060
298	247794	347861
299	248596	348663
300	249397	349466
301	250200	350267
302	251001	351070
303	251803	351873
304	252605	352673
305	253407	353502
306	254207	354303
307	255009	355077
308	255810	355877
309	256612	356678
310	257413	357480
311	258214	358281
312	259015	359082
313	259817	359883
314	260618	360684
315	261419	361486
316	262220	362290
317	263024	363142
318	263825	363923
319	264626	364724
320	265426	365524
321	266226	366315
322	267027	367113
323	267828	367897
324	268631	368698
325	269433	369501
326	270234	370300
327	271035	371102
328	271837	371905
329	272639	372706
330	273440	373506
331	274241	374310
332	275042	375111
333	275846	375913
334	276647	376714
335	277449	377514
336	278250	378321
337	279055	379124
338	279860	379926
339	280662	380728
340	281463	381528
341	282264	382331
342	283066	383132
343	283868	383934
344	284669	384736
345	285471	385536
346	286271	386339
347	287073	387138
348	287874	387944
349	288678	388752
350	289480	389564
351	290280	390355
352	291082	391150
353	291884	391952
354	292686	392753
355	293488	393555
356	294291	394380
357	295093	395190
358	295894	395991
359	296695	396797
360	297497	397597
361	298301	398398
362	299102	399177
363	299903	399984
364	300705	400780
365	301509	401588
366	302316	402385
367	303117	403185
368	303918	403987
369	304720	404788
370	305521	405597
371	306323	406391
372	307124	407192
373	307925	407994
374	308726	408795
375	309528	409594
376	310329	410397
377	311130	411199
378	311931	412001
379	312734	412803
380	313535	413604
381	314339	414411
382	315140	415208
383	315941	416010
384	316743	416815
385	317544	417611
386	318346	418413
387	319146	419214
388	319947	420017
389	320749	420818
390	321550	421626
391	322352	422420
392	323153	423239
393	323967	424043
394	324768	424848
395	325573	425657
396	326374	426455
397	327178	427256
398	327980	428055
399	328781	428861
400	329582	429657
401	330382	430458
402	331184	431258
403	331985	432056
404	332786	432852
405	333584	433650
406	334382	434450
407	335180	435245
408	335978	436044
409	336776	436843
410	337575	437640
411	338373	438436
412	339171	439238
413	339971	440037
414	340769	440834
415	341567	441638
416	342366	442429
417	343164	443229
418	343962	444028
419	344760	444826
420	345559	445629
421	346357	446419
422	347154	447219
423	347952	448018
424	348751	448815
425	349549	449613
426	350347	450411
427	351145	451210
428	351943	452014
429	352745	452842
430	353543	453648
431	354349	454449
432	355154	455221
433	355953	456018
434	356751	456817
435	357550	457613
436	358348	458411
437	359145	459210
438	359943	460009
439	360742	460807
440	361540	461603
441	362339	462438
442	363136	463234
443	363934	464002
444	364734	464803
445	365536	465600
446	366335	466401
447	367133	467198
448	367931	467996
449	368729	468794
450	369527	469591
451	370325	470389
452	371123	471188
453	371921	471987
454	372720	472786
455	373519	473583
456	374318	474384
457	375117	475183
458	375917	475982
459	376715	476814
460	377514	477584
461	378318	478416
462	379116	479217
463	379917	480016
464	380717	480815
465	381519	481624
466	382320	482417
467	383118	483218
468	383918	484016
469	384717	484815
470	385517	485616
471	386316	486415
472	387114	487213
473	387913	487989
474	388716	488799
475	389522	489656
476	390322	490423
477	391123	491222
478	391923	492024
479	392724	492824
480	393524	493627
481	394324	494388
482	395122	495197
483	395921	495983
484	396719	496783
485	397518	497581
486	398317	498382
487	399115	499178
488	399913	499977
489	400711	500777
490	401510	501583
491	402314	502378
492	403112	503179
493	403912	503976
494	404711	504777
495	405509	505575
496	406310	506373
497	407108	507173
498	407906	507970
499	408704	508770
500	409502	509568
501	410303	510366
502	411101	511167
503	411899	511964
504	412698	512763
505	413496	513562
506	414297	514360
507	415094	515167
508	415900	515966
509	416701	516766
510	417499	517570
511	418300	518363
512	419097	519163
513	419896	519963
514	420697	520764
515	421496	521566
516	422301	522365
517	423099	523165
518	423897	523961
519	424695	524763
520	425494	525559
521	426294	526358
522	427092	527158
523	427891	527955
524	428689	528756
525	429489	529554
526	430290	530353
527	431088	531153
528	431886	531981
529	432685	532780
530	433484	533549
531	434281	534345
532	435079	535144
533	435877	535943
534	436675	536742
535	437474	537537
536	438271	538334
537	439069	539134
538	439867	539930
539	440665	540730
540	441463	541529
541	442263	542328
542	443062	543128
543	443860	543924
544	444658	544724
545	445457	545520
546	446254	546318
547	447052	547118
548	447851	547916
549	448649	548714
550	449447	549511
551	450244	550308
552	451042	551108
553	451840	551908
554	452640	552705
555	453438	553502
556	454236	554302
557	455036	555101
558	455834	555898
559	456633	556725
560	457431	557523
561	458228	558320
562	459026	559120
563	459824	559908
564	460623	560707
565	461421	561486
566	462218	562283
567	463017	563083
568	463815	563879
569	464614	564679
570	465412	565475
571	466209	566273
572	467007	567076
573	467808	567872
574	468606	568672
575	469405	569468
576	470202	570266
577	471000	571081
578	471799	571866
579	472598	572663
580	473396	573460
581	474194	574259
582	474992	575057
583	475790	575870
584	476589	576659
585	477387	577452
586	478184	578247
587	478982	579049
588	479784	579849
589	480584	580648
590	481383	581447
591	482180	582245
592	482979	583043
593	483778	583841
594	484576	584640
595	485374	585436
596	486172	586234
597	486970	587035
598	487768	587831
599	488566	588630
600	489364	589426
601	490162	590225
602	490960	591024
603	491758	591823
604	492557	592625
605	493358	593419
606	494155	594218
607	494954	595017
608	495752	595815
609	496550	596613
610	497349	597412
611	498146	598209
612	498944	599007
613	499742	599805
614	500540	600602
615	501338	601400
616	502136	602203
617	502935	602998
618	503733	603796
619	504531	604594
620	505329	605394
621	506129	606193
622	506928	606991
623	507726	607790
624	508525	608587
625	509323	609386
626	510121	610184
627	510919	610982
628	511717	611782
629	512517	612579
630	513315	613377
631	514112	614175
632	514911	614974
633	515709	615775
634	516507	616575
635	517307	617378
636	518105	618176
637	518906	618972
638	519704	619772
639	520503	620572
640	521304	621369
641	522101	622169
642	522900	622967
643	523699	623764
644	524498	624563
645	525298	625368
646	526102	626167
647	526900	626964
648	527699	627763
649	528497	628563
650	529298	629361
651	530096	630161
652	530894	630959
653	531695	631809
654	532509	632608
655	533311	633377
656	534109	634174
657	534907	634972
658	535704	635769
659	536503	636570
660	537303	637366
661	538100	638165
662	538898	638961
663	539696	639761
664	540494	640559
665	541294	641359
666	542094	642160
667	542893	642956
668	543691	643755
669	544489	644553
670	545289	645353
671	546086	646151
672	546884	646977
673	547682	647775
674	548480	648563
675	549278	649342
676	550075	650140
677	550873	650936
678	551671	651738
679	552470	652532
680	553267	653330
681	554065	654132
682	554865	654929
683	555663	655728
684	556461	656552
685	557258	657373
686	558056	658152
687	558853	658948
688	559651	659747
689	560448	660530
690	561244	661310
691	562043	662109
692	562842	662905
693	563640	663705
694	564438	664502
695	565235	665299
696	566033	666116
697	566831	666924
698	567631	667695
699	568429	668520
700	569226	669292
701	570024	670107
702	570822	670914
703	571620	671715
704	572420	672512
705	573217	673300
706	574015	674080
707	574813	674877
708	575611	675683
709	576409	676475
710	577207	677270
711	578005	678069
712	578803	678866
713	579601	679670
714	580404	680467
715	581201	681264
716	582000	682066
717	582799	682862
718	583597	683661
719	584395	684458
720	585192	685256
721	585990	686054
722	586788	686853
723	587585	687650
724	588383	688451
725	589181	689244
726	589979	690043
727	590777	690839
728	591575	691640
729	592373	692438
730	593173	693236
731	593971	694036
732	594769	694834
733	595567	695634
734	596365	696427
735	597162	697224
736	597960	698024
737	598758	698821
738	599556	699625
739	600354	700416
740	601151	701214
741	601949	702016
742	602748	702811
743	603546	703608
744	604344	704407
745	605141	705206
746	605941	706006
747	606740	706802
748	607538	707600
749	608336	708400
750	609133	709196
751	609931	709995
752	610729	710792
753	611527	711590
754	612326	712390
755	613123	713186
756	613921	713986
757	614719	714784
758	615517	715587
759	616314	716386
760	617111	717180
761	617908	717985
762	618707	718784
763	619505	719576
764	620305	720375
765	621101	721169
766	621898	721975
767	622701	722770
768	623498	723567
769	624300	724365
770	625097	725161
771	625894	725958
772	626692	726755
773	627489	727552
774	628288	728352
775	629086	729150
776	629883	729947
777	630681	730747
778	631480	731542
779	632277	732342
780	633075	733139
781	633873	733936
782	634670	734734
783	635467	735529
784	636263	736342
785	637061	737126
786	637858	737921
787	638655	738718
788	639452	739514
789	640249	740312
790	641046	741109
791	641843	741908
792	642641	742705
793	643439	743502
794	644237	744300
795	645035	745097
796	645832	745895
797	646629	746692
798	647427	747519
799	648223	748345
800	649019	749085
801	649818	749881
802	650615	750679
803	651413	751475
804	652210	752275
805	653008	753071
806	653805	753867
807	654602	754665
808	655400	755463
809	656196	756260
810	656996	757082
811	657793	757886
812	658591	758682
813	659388	759484
814	660185	760267
815	660982	761046
816	661779	761842
817	662577	762668
818	663375	763439
819	664171	764238
820	664971	765054
821	665769	765890
822	666566	766689
823	667363	767461
824	668164	768277
825	668962	769086
826	669762	769873
827	670560	770671
828	671356	771470
829	672153	772268
830	672952	773066
831	673749	773852
832	674547	774629
833	675345	775409
834	676142	776204
835	676939	777003
836	677737	777798
837	678534	778597
838	679331	779397
839	680131	780193
840	680928	780991
841	681725	781792
842	682526	782587
843	683323	783386
844	684120	784186
845	684918	784982
846	685715	785777
847	686512	786575
848	687312	787375
849	688108	788170
850	688905	788969
851	689703	789765
852	690500	790564
853	691300	791363
854	692097	792160
855	692895	792958
856	693692	793754
857	694489	794556
858	695292	795355
859	696089	796151
860	696886	796950
861	697684	797745
862	698481	798542
863	699278	799341
864	700075	800136
865	700872	800936
866	701669	801734
867	702468	802531
868	703264	803327
869	704061	804123
870	704859	804922
871	705656	805718
872	706453	806514
873	707250	807314
874	708049	808111
875	708846	808909
876	709644	809707
877	710442	810501
878	711238	811299
879	712036	812097
880	712834	812895
881	713631	813691
882	714429	814494
883	715231	815297
884	716029	816090
885	716827	816888
886	717624	817695
887	718427	818541
888	719270	819334
889	720069	820133
890	720870	820931
891	721668	821731
892	722467	822527
893	723265	823325
894	724063	824130
895	724864	824924
896	725662	825722
897	726460	826519
898	727256	827316
899	728054	828114
900	728852	828911
901	729649	829709
902	730447	830506
903	731244	831303
904	732041	832102
905	732840	832902
906	733640	833699
907	734437	834497
908	735234	835329
909	736032	836092
910	736829	836893
911	737628	837688
912	738426	838486
913	739223	839282
914	740021	840080
915	740818	840877
916	741616	841676
917	742414	842473
918	743211	843270
919	744009	844069
920	744806	844896
921	745604	845673
922	746404	846494
923	747201	847291
924	747998	848121
925	748796	848909
926	749593	849685
927	750392	850487
928	751189	851280
929	751986	852080
930	752785	852876
931	753583	853673
932	754380	854474
933	755177	855267
934	755975	856065
935	756772	856863
936	757569	857692
937	758367	858491
938	759163	859285
939	759960	860073
940	760757	860867
941	761554	861651
942	762354	862443
943	763150	863270
944	763946	864067
945	764743	864864
946	765540	865661
947	766337	866448
948	767133	867255
949	767930	868043
950	768727	868838
951	769524	869632
952	770321	870437
953	771117	871200
954	771919	871997
955	772716	872798
956	773513	873595
957	774313	874391
958	775109	875170
959	775907	875971
960	776708	876768
961	777506	877568
962	778306	878365
963	779103	879171
964	779907	879968
965	780705	880765
966	781503	881569
967	782307	882366
968	783104	883168
969	783906	883971
970	784708	884768
971	785505	885571
972	786305	886364
973	787102	887164
974	787900	887959
975	788697	888760
976	789497	889559
977	790298	890357
978	791095	891154
979	791892	891953
980	792690	892750
981	793488	893546
982	794287	894346
983	795084	895144
984	795882	895941
985	796679	896738
986	797477	897536
987	798273	898333
988	799071	899130
989	799868	899928
990	800666	900725
991	801464	901524
992	802262	902325
993	803060	903120
994	803858	903917
995	804656	904715
996	805453	905511
997	806249	906308
998	807047	907106
999	807844	907903
1000	808642	908700
