1	0	100505
2	831	100989
3	7728	107954
4	9682	112381
5	13035	113124
6	13815	113991
7	14642	114873
8	15507	115643
9	16314	116462
10	17126	117366
11	17990	118143
12	18795	118914
13	19574	119738
14	20398	120498
15	21161	121255
16	21919	122014
17	22676	122787
18	23447	123545
19	24205	124301
20	24963	125060
21	25721	125819
22	26478	126576
23	27236	127333
24	27994	128078
25	28752	128836
26	29510	129578
27	30272	130334
28	31031	131093
29	31788	131850
30	32546	132608
31	33304	133369
32	34062	134121
33	34819	134884
34	35580	135642
35	36337	136401
36	37098	137157
37	37855	137945
38	38613	138704
39	39371	139452
40	40129	140199
41	40891	140956
42	41650	141714
43	42408	142474
44	43169	143230
45	43928	143989
46	44685	144747
47	45443	145504
48	46201	146261
49	46958	147020
50	47715	147778
51	48473	148535
52	49231	149297
53	49989	150049
54	50746	150811
55	51504	151567
56	52263	152323
57	53020	153084
58	53778	153840
59	54535	154600
60	55295	155361
61	56053	156113
62	56810	156873
63	57569	157631
64	58327	158408
65	59084	159146
66	59841	159904
67	60600	160664
68	61358	161421
69	62116	162176
70	62873	162936
71	63631	163694
72	64389	164454
73	65147	165216
74	65907	165977
75	66672	166762
76	67430	167538
77	68198	168286
78	68957	169044
79	69715	169804
80	70473	170564
81	71231	171321
82	71989	172077
83	72747	172824
84	73505	173568
85	74263	174323
86	75020	175082
87	75778	175840
88	76536	176596
89	77293	177360
90	78052	178112
91	78809	178871
92	79567	179631
93	80327	180390
94	81086	181145
95	81843	181906
96	82601	182663
97	83359	183422
98	84117	184177
99	84875	184939
100	85635	185698
101	86393	186458
102	87154	187221
103	87914	187976
104	88672	188734
105	89430	189492
106	90188	190249
107	90947	191010
108	91704	191769
109	92465	192529
110	93223	193283
111	93981	194042
112	94738	194800
113	95496	195558
114	96254	196314
115	97012	197074
116	97769	197830
117	98528	198590
118	99285	199348
119	100043	200104
120	100801	200875
121	101560	201628
122	102319	202383
123	103078	203138
124	103836	203900
125	104596	204659
126	105354	205417
127	106114	206174
128	106872	206936
129	107631	207693
130	108390	208457
131	109149	209216
132	109910	209970
133	110667	210731
134	111425	211487
135	112184	212245
136	112942	213009
137	113701	213769
138	114460	214530
139	115219	215285
140	115978	216045
141	116739	216806
142	117498	217564
143	118257	218322
144	119016	219083
145	119774	219840
146	120533	220603
147	121293	221361
148	122052	222117
149	122811	222883
150	123574	223642
151	124334	224402
152	125093	225158
153	125851	225917
154	126610	226678
155	127369	227436
156	128129	228204
157	128892	228960
158	129651	229717
159	130410	230479
160	131170	231236
161	131929	231995
162	132688	232756
163	133447	233515
164	134206	234272
165	134965	235035
166	135727	235793
167	136486	236557
168	137249	237345
169	138007	238106
170	138766	238865
171	139525	239611
172	140283	240361
173	141046	241116
174	141809	241875
175	142568	242636
176	143327	243395
177	144086	244151
178	144845	244912
179	145604	245669
180	146362	246430
181	147121	247194
182	147880	247946
183	148639	248706
184	149398	249468
185	150162	250229
186	150922	250991
187	151681	251747
188	152440	252510
189	153201	253267
190	153961	254028
191	154719	254788
192	155478	255545
193	156238	256303
194	156997	257064
195	157756	257853
196	158514	258604
197	159275	259343
198	160036	260102
199	160795	260865
200	161555	261623
201	162315	262384
202	163075	263139
203	163833	263902
204	164592	264662
205	165354	265420
206	166113	266178
207	166872	266961
208	167630	267729
209	168389	268486
210	169148	269244
211	169908	270003
212	170666	270765
213	171426	271523
214	172184	272270
215	172943	273028
216	173701	273769
217	174460	274528
218	175219	275285
219	175979	276044
220	176737	276807
221	177498	277565
222	178258	278323
223	179017	279084
224	179775	279844
225	180535	280604
226	181295	281366
227	182057	282123
228	182817	282885
229	183577	283645
230	184336	284404
231	185095	285164
232	185857	285923
233	186616	286686
234	187378	287444
235	188137	288206
236	188899	288968
237	189660	289727
238	190419	290488
239	191179	291245
240	191939	292004
241	192697	292765
242	193456	293524
243	194216	294281
244	194975	295042
245	195733	295799
246	196493	296561
247	197252	297318
248	198012	298077
249	198770	298838
250	199529	299598
251	200288	300364
252	201048	301116
253	201810	301876
254	202569	302637
255	203329	303396
256	204088	304153
257	204847	304915
258	205606	305672
259	206365	306433
260	207124	307192
261	207883	307949
262	208642	308710
263	209402	309468
264	210162	310228
265	210922	310990
266	211681	311748
267	212440	312508
268	213199	313268
269	213962	314029
270	214720	314795
271	215482	315558
272	216245	316315
273	217005	317078
274	217764	317834
275	218523	318594
276	219282	319351
277	220042	320112
278	220800	320898
279	221560	321657
280	222320	322416
281	223079	323179
282	223842	323929
283	224602	324685
284	225361	325432
285	226123	326195
286	226889	326957
287	227648	327716
288	228407	328474
289	229167	329234
290	229926	329994
291	230685	330753
292	231445	331513
293	232204	332270
294	232963	333029
295	233722	333790
296	234481	334548
297	235240	335311
298	236002	336069
299	236761	336830
300	237523	337594
301	238285	338353
302	239044	339111
303	239803	339871
304	240562	340630
305	241322	341390
306	242081	342147
307	242840	342907
308	243599	343668
309	244359	344426
310	245118	345184
311	245877	345945
312	246636	346702
313	247395	347464
314	248155	348226
315	248916	348983
316	249675	349747
317	250437	350506
318	251197	351267
319	251957	352023
320	252716	352782
321	253475	353543
322	254234	354300
323	254993	355059
324	255752	355848
325	256511	356606
326	257269	357365
327	258029	358124
328	258787	358883
329	259546	359643
330	260306	360401
331	261066	361148
332	261824	361910
333	262586	362668
334	263345	363429
335	264104	364190
336	264863	364931
337	265622	365690
338	266381	366452
339	267145	367218
340	267909	367978
341	268669	368735
342	269428	369496
343	270187	370255
344	270947	371014
345	271706	371774
346	272465	372533
347	273225	373293
348	273984	374052
349	274745	374812
350	275505	375573
351	276264	376330
352	277023	377089
353	277782	377851
354	278541	378611
355	279301	379369
356	280060	380126
357	280819	380887
358	281579	381648
359	282339	382405
360	283098	383164
361	283857	383925
362	284617	384684
363	285376	385447
364	286138	386212
365	286902	386972
366	287664	387733
367	288424	388493
368	289186	389253
369	289946	390014
370	290704	390773
371	291464	391533
372	292224	392290
373	292983	393050
374	293742	393811
375	294502	394569
376	295261	395329
377	296020	396087
378	296779	396846
379	297538	397607
380	298298	398368
381	299059	399125
382	299818	399888
383	300577	400646
384	301337	401408
385	302097	402164
386	302856	402946
387	303615	403684
388	304374	404443
389	305134	405203
390	305895	405964
391	306654	406723
392	307414	407483
393	308173	408240
394	308932	409002
395	309694	409764
396	310454	410525
397	311216	411304
398	311995	412086
399	312779	412872
400	313565	413656
401	314348	414481
402	315164	415243
403	315926	416006
404	316689	416764
405	317449	417525
406	318209	418283
407	318968	419043
408	319729	419805
409	320489	420604
410	321263	421364
411	322021	422116
412	322776	422877
413	323536	423634
414	324293	424375
415	325050	425114
416	325806	425873
417	326564	426628
418	327321	427387
419	328078	428141
420	328834	428901
421	329591	429658
422	330349	430415
423	331106	431171
424	331863	431929
425	332620	432685
426	333377	433444
427	334134	434199
428	334891	434958
429	335650	435716
430	336407	436473
431	337165	437229
432	337921	437987
433	338678	438743
434	339435	439501
435	340193	440257
436	340949	441015
437	341707	441774
438	342464	442530
439	343221	443287
440	343978	444042
441	344735	444799
442	345492	445586
443	346249	446345
444	347008	447121
445	347771	447866
446	348528	448613
447	349286	449356
448	350043	450106
449	350799	450866
450	351557	451623
451	352314	452379
452	353071	453135
453	353828	453895
454	354586	454650
455	355343	455442
456	356099	456201
457	356855	456951
458	357611	457709
459	358367	458463
460	359123	459221
461	359881	459979
462	360637	460724
463	361395	461478
464	362151	462232
465	362907	462987
466	363662	463748
467	364419	464504
468	365175	465242
469	365933	465999
470	366690	466755
471	367447	467517
472	368204	468274
473	368964	469029
474	369721	469789
475	370478	470546
476	371236	471308
477	371998	472067
478	372759	472825
479	373517	473583
480	374274	474338
481	375031	475095
482	375787	475854
483	376544	476609
484	377301	477368
485	378058	478122
486	378815	478880
487	379572	479639
488	380329	480396
489	381087	481151
490	381844	481912
491	382601	482666
492	383358	483427
493	384118	484186
494	384874	484939
495	385631	485698
496	386388	486453
497	387145	487210
498	387902	487969
499	388659	488725
500	389416	489492
501	390174	490239
502	390930	490997
503	391688	491755
504	392445	492510
505	393202	493271
506	393959	494024
507	394716	494781
508	395473	495541
509	396232	496300
510	396992	497056
511	397749	497816
512	398506	498572
513	399264	499331
514	400021	500087
515	400778	500845
516	401536	501603
517	402293	502361
518	403050	503115
519	403807	503876
520	404564	504629
521	405321	505388
522	406078	506142
523	406834	506899
524	407591	507660
525	408351	508416
526	409108	509172
527	409864	509932
528	410621	510690
529	411379	511447
530	412137	512201
531	412893	512958
532	413650	513716
533	414406	514471
534	415164	515227
535	415919	515984
536	416675	516740
537	417432	517497
538	418188	518252
539	418944	519007
540	419700	519767
541	420458	520524
542	421215	521280
543	421971	522035
544	422727	522792
545	423483	523549
546	424239	524309
547	425002	525066
548	425758	525825
549	426514	526578
550	427271	527336
551	428027	528090
552	428783	528847
553	429539	529604
554	430295	530365
555	431052	531115
556	431808	531875
557	432566	532630
558	433322	533388
559	434079	534142
560	434835	534898
561	435591	535656
562	436347	536410
563	437103	537166
564	437858	537924
565	438614	538678
566	439371	539436
567	440127	540194
568	440883	540948
569	441640	541705
570	442396	542461
571	443153	543217
572	443909	543977
573	444667	544731
574	445424	545521
575	446180	546276
576	446935	547078
577	447690	547786
578	448446	548542
579	449201	549285
580	449956	550024
581	450714	550795
582	451471	551536
583	452227	552292
584	452986	553049
585	453742	553807
586	454498	554562
587	455256	555339
588	456011	556079
589	456771	556835
590	457528	557593
591	458284	558347
592	459041	559102
593	459796	559860
594	460552	560621
595	461314	561379
596	462071	562135
597	462829	562893
598	463586	563653
599	464345	564408
600	465101	565165
601	465859	565925
602	466617	566684
603	467377	567465
604	468157	568241
605	468926	568999
606	469691	569757
607	470448	570514
608	471206	571273
609	471962	572026
610	472719	572784
611	473475	573540
612	474232	574297
613	474991	575053
614	475746	575811
615	476502	576565
616	477258	577323
617	478015	578077
618	478770	578834
619	479527	579592
620	480283	580350
621	481043	581106
622	481799	581865
623	482556	582619
624	483312	583378
625	484069	584130
626	484824	584887
627	485580	585645
628	486337	586400
629	487093	587155
630	487848	587913
631	488605	588672
632	489361	589429
633	490117	590185
634	490873	590940
635	491630	591697
636	492386	592453
637	493144	593210
638	493900	593967
639	494656	594723
640	495413	595479
641	496169	596234
642	496924	596989
643	497680	597745
644	498436	598499
645	499192	599255
646	499948	600016
647	500706	600772
648	501464	601535
649	502227	602293
650	502986	603049
651	503743	603807
652	504499	604564
653	505258	605322
654	506014	606077
655	506770	606833
656	507526	607591
657	508283	608346
658	509039	609101
659	509795	609863
660	510553	610619
661	511311	611377
662	512068	612130
663	512823	612886
664	513579	613644
665	514336	614399
666	515092	615153
667	515847	615912
668	516603	616668
669	517362	617426
670	518118	618184
671	518873	618936
672	519629	619694
673	520385	620450
674	521142	621205
675	521898	621962
676	522654	622717
677	523410	623475
678	524166	624230
679	524921	624984
680	525677	625742
681	526433	626496
682	527189	627253
683	527945	628010
684	528701	628766
685	529460	629524
686	530216	630278
687	530972	631036
688	531728	631793
689	532484	632547
690	533240	633307
691	533999	634061
692	534754	634817
693	535510	635576
694	536267	636329
695	537023	637086
696	537778	637842
697	538534	638597
698	539291	639357
699	540047	640108
700	540802	640868
701	541561	641625
702	542317	642380
703	543073	643135
704	543828	643893
705	544584	644648
706	545341	645405
707	546097	646162
708	546853	646916
709	547609	647676
710	548365	648428
711	549122	649187
712	549877	649943
713	550633	650697
714	551390	651456
715	552147	652210
716	552902	652967
717	553661	653725
718	554417	654480
719	555173	655236
720	555929	655993
721	556685	656748
722	557441	657506
723	558197	658259
724	558953	659016
725	559709	659773
726	560465	660530
727	561222	661287
728	561978	662041
729	562734	662797
730	563490	663555
731	564246	664312
732	565005	665070
733	565763	665828
734	566519	666582
735	567275	667340
736	568032	668097
737	568790	668853
738	569546	669613
739	570303	670370
740	571060	671122
741	571816	671880
742	572572	672635
743	573328	673393
744	574084	674146
745	574840	674902
746	575596	675660
747	576352	676414
748	577108	677172
749	577866	677930
750	578622	678685
751	579378	679443
752	580134	680197
753	580889	680954
754	581646	681714
755	582402	682465
756	583159	683221
757	583914	683978
758	584670	684733
759	585426	685493
760	586182	686245
761	586937	687000
762	587693	687758
763	588449	688520
764	589206	689280
765	589962	690034
766	590718	690790
767	591474	691551
768	592233	692306
769	592991	693060
770	593746	693817
771	594501	694570
772	595257	695328
773	596012	696079
774	596766	696836
775	597522	697590
776	598280	698342
777	599035	699097
778	599790	699856
779	600546	700611
780	601302	701408
781	602060	702121
782	602815	702892
783	603570	703634
784	604326	704388
785	605082	705142
786	605836	705900
787	606592	706653
788	607347	707411
789	608103	708165
790	608858	708920
791	609614	709677
792	610369	710442
793	611135	711197
794	611890	711955
795	612647	712711
796	613404	713472
797	614164	714226
798	614920	714983
799	615676	715742
800	616434	716497
801	617191	717253
802	617945	718011
803	618702	718766
804	619459	719524
805	620217	720278
806	620971	721037
807	621729	721795
808	622487	722552
809	623244	723310
810	624002	724066
811	624758	724822
812	625515	725584
813	626276	726340
814	627032	727093
815	627787	727850
816	628542	728604
817	629298	729363
818	630054	730114
819	630808	730871
820	631565	731628
821	632320	732382
822	633076	733136
823	633830	733894
824	634586	734648
825	635342	735414
826	636097	736160
827	636852	736914
828	637607	737673
829	638365	738428
830	639121	739186
831	639876	739939
832	640631	740695
833	641387	741451
834	642143	742205
835	642898	742960
836	643653	743717
837	644408	744474
838	645164	745226
839	645919	745982
840	646674	746737
841	647430	747493
842	648186	748247
843	648940	749001
844	649695	749763
845	650453	750517
846	651209	751275
847	651964	752026
848	652719	752781
849	653475	753538
850	654230	754294
851	654988	755050
852	655743	755807
853	656499	756560
854	657254	757318
855	658010	758071
856	658764	758826
857	659520	759584
858	660276	760337
859	661032	761094
860	661787	761852
861	662544	762606
862	663300	763365
863	664055	764115
864	664810	764872
865	665565	765629
866	666321	766384
867	667076	767137
868	667831	767894
869	668586	768651
870	669345	769405
871	670100	770161
872	670856	770917
873	671612	771672
874	672367	772427
875	673123	773185
876	673877	773940
877	674635	774695
878	675391	775451
879	676146	776205
880	676901	776961
881	677657	777716
882	678412	778471
883	679167	779226
884	679922	779981
885	680678	780739
886	681434	781500
887	682196	782256
888	682951	783011
889	683707	783766
890	684463	784534
891	685230	785293
892	685989	786052
893	686747	786808
894	687503	787565
895	688260	788321
896	689016	789076
897	689772	789836
898	690531	790593
899	691288	791348
900	692044	792103
901	692800	792860
902	693555	793615
903	694311	794371
904	695067	795125
905	695822	795882
906	696578	796638
907	697334	797394
908	698090	798150
909	698847	798910
910	699604	799668
911	700361	800424
912	701119	801182
913	701874	801935
914	702631	802691
915	703388	803448
916	704145	804205
917	704900	804959
918	705655	805715
919	706411	806471
920	707167	807226
921	707922	807981
922	708678	808737
923	709434	809493
924	710190	810251
925	710947	811008
926	711704	811763
927	712459	812519
928	713215	813274
929	713970	814029
930	714726	814785
931	715481	815541
932	716237	816299
933	716996	817054
934	717750	817810
935	718506	818565
936	719262	819321
937	720018	820076
938	720773	820833
939	721529	821589
940	722285	822344
941	723041	823099
942	723796	823887
943	724551	824613
944	725306	825366
945	726062	826121
946	726817	826877
947	727573	827633
948	728329	828389
949	729085	829143
950	729840	829901
951	730595	830656
952	731352	831412
953	732108	832167
954	732863	832922
955	733619	833680
956	734374	834440
957	735136	835195
958	735891	835952
959	736647	836707
960	737403	837464
961	738159	838218
962	738914	838975
963	739671	839731
964	740427	840488
965	741184	841243
966	741939	841998
967	742695	842754
968	743457	843527
969	744215	844295
970	744988	845050
971	745745	845806
972	746500	846559
973	747256	847315
974	748011	848070
975	748766	848826
976	749521	849581
977	750277	850340
978	751033	851095
979	751791	851850
980	752546	852605
981	753302	853363
982	754057	854115
983	754812	854871
984	755568	855627
985	756323	856383
986	757079	857137
987	757834	857895
988	758589	858649
989	759345	859404
990	760100	860160
991	760855	860917
992	761611	861671
993	762367	862426
994	763122	863190
995	763879	863940
996	764635	864696
997	765390	865450
998	766146	866205
999	766901	866960
1000	767656	867715
