1	0
2	908
3	10000
4	10887
5	11706
6	12493
7	13310
8	14234
9	15192
10	16143
11	17064
12	18003
13	18928
14	19743
15	20654
16	21467
17	22279
18	23091
19	23899
20	24718
21	25535
22	26312
23	27072
24	27831
25	28588
26	29346
27	30108
28	30865
29	31631
30	32388
31	33147
32	33906
33	34675
34	35431
35	36190
36	36948
37	37705
38	38462
39	39219
40	39977
41	40734
42	41491
43	42248
44	43009
45	43766
46	44523
47	45281
48	46039
49	46797
50	47553
51	48311
52	49068
53	49826
54	50583
55	51340
56	52097
57	52856
58	53613
59	54370
60	55130
61	55887
62	56644
63	57401
64	58158
65	58916
66	59675
67	60432
68	61189
69	61946
70	62704
71	63461
72	64218
73	64975
74	65733
75	66498
76	67256
77	68015
78	68773
79	69530
80	70287
81	71044
82	71803
83	72559
84	73317
85	74075
86	74832
87	75589
88	76347
89	77104
90	77861
91	78618
92	79375
93	80135
94	80892
95	81649
96	82407
97	83165
98	83922
99	84682
100	85439
101	86196
102	86954
103	87711
104	88468
105	89226
106	89983
107	90740
108	91497
109	92257
110	93015
111	93773
112	94530
113	95287
114	96045
115	96802
116	97558
117	98316
118	99073
119	99830
120	100587
121	101345
122	102103
123	102862
124	103619
125	104379
126	105137
127	105894
128	106652
129	107409
130	108167
131	108924
132	109684
133	110441
134	111200
135	111958
136	112718
137	113476
138	114234
139	114994
140	115753
141	116513
142	117272
143	118030
144	118790
145	119548
146	120307
147	121065
148	121824
149	122582
150	123342
151	124101
152	124859
153	125618
154	126375
155	127136
156	127896
157	128659
158	129419
159	130177
160	130935
161	131692
162	132450
163	133222
164	133982
165	134743
166	135503
167	136263
168	137022
169	137782
170	138541
171	139299
172	140065
173	140841
174	141601
175	142360
176	143120
177	143880
178	144638
179	145398
180	146158
181	146916
182	147678
183	148437
184	149195
185	149954
186	150712
187	151470
188	152229
189	152992
190	153751
191	154509
192	155267
193	156026
194	156785
195	157544
196	158303
197	159062
198	159821
199	160579
200	161337
201	162096
202	162856
203	163614
204	164373
205	165134
206	165893
207	166651
208	167409
209	168167
210	168927
211	169687
212	170445
213	171213
214	171973
215	172733
216	173491
217	174250
218	175009
219	175768
220	176527
221	177288
222	178047
223	178806
224	179564
225	180323
226	181081
227	181844
228	182602
229	183362
230	184121
231	184880
232	185639
233	186398
234	187157
235	187916
236	188676
237	189437
238	190196
239	190954
240	191712
241	192470
242	193229
243	193987
244	194745
245	195502
246	196260
247	197019
248	197777
249	198534
250	199293
251	200052
252	200810
253	201571
254	202333
255	203093
256	203852
257	204620
258	205379
259	206138
260	206897
261	207658
262	208416
263	209176
264	209936
265	210695
266	211453
267	212213
268	212973
269	213737
270	214495
271	215258
272	216022
273	216782
274	217540
275	218300
276	219060
277	219819
278	220578
279	221337
280	222096
281	222855
282	223612
283	224370
284	225129
285	225890
286	226655
287	227414
288	228173
289	228931
290	229689
291	230447
292	231205
293	231963
294	232722
295	233481
296	234241
297	234999
298	235759
299	236518
300	237277
301	238039
302	238798
303	239557
304	240316
305	241075
306	241832
307	242607
308	243367
309	244125
310	244883
311	245640
312	246398
313	247157
314	247914
315	248674
316	249431
317	250191
318	250949
319	251707
320	252464
321	253223
322	253982
323	254740
324	255498
325	256257
326	257016
327	257775
328	258533
329	259293
330	260051
331	260810
332	261568
333	262328
334	263089
335	263848
336	264606
337	265365
338	266124
339	266887
340	267648
341	268407
342	269166
343	269927
344	270687
345	271454
346	272211
347	272970
348	273728
349	274490
350	275249
351	276008
352	276767
353	277525
354	278284
355	279043
356	279802
357	280560
358	281319
359	282078
360	282837
361	283596
362	284355
363	285114
364	285873
365	286633
366	287392
367	288151
368	288912
369	289673
370	290432
371	291193
372	291953
373	292713
374	293472
375	294231
376	294990
377	295749
378	296507
379	297266
380	298025
381	298786
382	299546
383	300305
384	301064
385	301823
386	302581
387	303341
388	304100
389	304859
390	305618
391	306376
392	307136
393	307895
394	308655
395	309417
396	310176
397	310937
398	311716
399	312501
400	313285
401	314067
402	314852
403	315634
404	316418
405	317202
406	317984
407	318763
408	319544
409	320324
410	321100
411	321879
412	322675
413	323436
414	324193
415	324949
416	325704
417	326460
418	327215
419	327971
420	328727
421	329482
422	330237
423	330992
424	331748
425	332504
426	333260
427	334016
428	334771
429	335529
430	336285
431	337041
432	337797
433	338552
434	339307
435	340064
436	340819
437	341573
438	342328
439	343085
440	343839
441	344594
442	345349
443	346104
444	346859
445	347618
446	348373
447	349129
448	349885
449	350639
450	351395
451	352150
452	352905
453	353662
454	354416
455	355172
456	355927
457	356682
458	357437
459	358193
460	358948
461	359706
462	360461
463	361218
464	361982
465	362738
466	363493
467	364249
468	365003
469	365758
470	366512
471	367268
472	368023
473	368778
474	369531
475	370286
476	371041
477	371799
478	372553
479	373310
480	374065
481	374830
482	375585
483	376341
484	377096
485	377850
486	378605
487	379361
488	380117
489	380873
490	381628
491	382384
492	383140
493	383899
494	384656
495	385411
496	386167
497	386923
498	387680
499	388435
500	389192
501	389947
502	390704
503	391459
504	392215
505	392971
506	393727
507	394482
508	395238
509	395996
510	396752
511	397507
512	398263
513	399019
514	399775
515	400530
516	401286
517	402042
518	402799
519	403554
520	404311
521	405067
522	405821
523	406576
524	407331
525	408089
526	408844
527	409600
528	410356
529	411112
530	411867
531	412623
532	413379
533	414135
534	414890
535	415646
536	416402
537	417157
538	417914
539	418671
540	419427
541	420185
542	420941
543	421696
544	422451
545	423208
546	423967
547	424723
548	425478
549	426233
550	426993
551	427749
552	428505
553	429261
554	430016
555	430772
556	431528
557	432286
558	433043
559	433799
560	434554
561	435310
562	436065
563	436821
564	437577
565	438332
566	439090
567	439846
568	440601
569	441358
570	442114
571	442872
572	443627
573	444386
574	445144
575	445900
576	446657
577	447413
578	448168
579	448924
580	449682
581	450437
582	451193
583	451949
584	452706
585	453461
586	454217
587	454973
588	455728
589	456486
590	457242
591	457998
592	458753
593	459508
594	460264
595	461020
596	461776
597	462530
598	463287
599	464043
600	464799
601	465554
602	466310
603	467066
604	467822
605	468580
606	469335
607	470091
608	470847
609	471604
610	472358
611	473116
612	473872
613	474627
614	475383
615	476138
616	476894
617	477649
618	478405
619	479161
620	479916
621	480676
622	481432
623	482187
624	482944
625	483700
626	484455
627	485211
628	485966
629	486723
630	487478
631	488234
632	488989
633	489745
634	490501
635	491256
636	492012
637	492772
638	493527
639	494282
640	495038
641	495793
642	496548
643	497304
644	498060
645	498816
646	499570
647	500327
648	501083
649	501839
650	502594
651	503350
652	504106
653	504864
654	505619
655	506374
656	507133
657	507889
658	508645
659	509401
660	510157
661	510912
662	511671
663	512426
664	513182
665	513938
666	514694
667	515450
668	516205
669	516984
670	517741
671	518496
672	519251
673	520008
674	520763
675	521518
676	522273
677	523030
678	523785
679	524540
680	525296
681	526051
682	526810
683	527573
684	528331
685	529086
686	529842
687	530597
688	531352
689	532108
690	532866
691	533630
692	534386
693	535143
694	535899
695	536666
696	537421
697	538177
698	538936
699	539692
700	540447
701	541202
702	541958
703	542713
704	543468
705	544224
706	544979
707	545735
708	546490
709	547245
710	548000
711	548756
712	549511
713	550266
714	551023
715	551779
716	552534
717	553291
718	554046
719	554802
720	555556
721	556312
722	557068
723	557823
724	558579
725	559334
726	560090
727	560845
728	561600
729	562356
730	563114
731	563870
732	564625
733	565380
734	566135
735	566891
736	567646
737	568401
738	569156
739	569912
740	570670
741	571425
742	572182
743	572938
744	573694
745	574449
746	575206
747	575962
748	576717
749	577472
750	578227
751	578983
752	579738
753	580493
754	581248
755	582004
756	582759
757	583516
758	584271
759	585027
760	585782
761	586537
762	587295
763	588050
764	588806
765	589561
766	590316
767	591076
768	591832
769	592586
770	593343
771	594099
772	594856
773	595611
774	596367
775	597122
776	597877
777	598657
778	599441
779	600221
780	600998
781	601776
782	602551
783	603328
784	604105
785	604879
786	605656
787	606430
788	607205
789	607978
790	608754
791	609527
792	610304
793	611067
794	611826
795	612581
796	613337
797	614092
798	614847
799	615602
800	616356
801	617114
802	617869
803	618623
804	619378
805	620133
806	620888
807	621642
808	622397
809	623152
810	623910
811	624667
812	625421
813	626176
814	626931
815	627686
816	628440
817	629196
818	629950
819	630705
820	631459
821	632214
822	632970
823	633725
824	634479
825	635234
826	635991
827	636746
828	637501
829	638256
830	639011
831	639765
832	640520
833	641275
834	642030
835	642786
836	643540
837	644295
838	645050
839	645804
840	646558
841	647313
842	648070
843	648825
844	649580
845	650334
846	651089
847	651844
848	652599
849	653354
850	654109
851	654865
852	655619
853	656373
854	657129
855	657884
856	658639
857	659394
858	660152
859	660907
860	661664
861	662419
862	663175
863	663930
864	664685
865	665439
866	666194
867	666949
868	667704
869	668458
870	669213
871	669967
872	670723
873	671477
874	672235
875	672991
876	673746
877	674501
878	675256
879	676010
880	676765
881	677520
882	678275
883	679030
884	679785
885	680539
886	681294
887	682049
888	682804
889	683558
890	684316
891	685071
892	685826
893	686581
894	687336
895	688091
896	688845
897	689600
898	690355
899	691110
900	691871
901	692625
902	693381
903	694136
904	694895
905	695699
906	696458
907	697214
908	697969
909	698726
910	699481
911	700236
912	701010
913	701769
914	702524
915	703280
916	704035
917	704790
918	705545
919	706300
920	707055
921	707813
922	708567
923	709323
924	710078
925	710840
926	711595
927	712349
928	713106
929	713861
930	714615
931	715371
932	716126
933	716881
934	717635
935	718390
936	719146
937	719901
938	720656
939	721413
940	722167
941	722922
942	723680
943	724440
944	725195
945	725949
946	726704
947	727457
948	728213
949	728967
950	729721
951	730476
952	731231
953	731992
954	732748
955	733502
956	734258
957	735013
958	735768
959	736524
960	737280
961	738035
962	738791
963	739545
964	740300
965	741055
966	741811
967	742566
968	743322
969	744077
970	744833
971	745587
972	746342
973	747098
974	747853
975	748609
976	749364
977	750120
978	750875
979	751630
980	752385
981	753141
982	753896
983	754651
984	755406
985	756161
986	756927
987	757683
988	758438
989	759193
990	759948
991	760706
992	761460
993	762215
994	762971
995	763726
996	764481
997	765235
998	765992
999	766745
1000	767500
