1	0
2	1259
3	2182
4	9284
5	10238
6	11142
7	12071
8	12961
9	13849
10	14772
11	15754
12	16686
13	17650
14	18596
15	19525
16	20392
17	21258
18	22122
19	22986
20	23849
21	24713
22	25577
23	26441
24	27305
25	28170
26	29037
27	29905
28	30768
29	31633
30	32497
31	33361
32	34225
33	35090
34	35954
35	36821
36	37685
37	38549
38	39413
39	40278
40	41142
41	42006
42	42871
43	43735
44	44601
45	45465
46	46329
47	47193
48	48057
49	48921
50	49784
51	50649
52	51513
53	52377
54	53241
55	54105
56	54969
57	55832
58	56696
59	57560
60	58426
61	59290
62	60155
63	61019
64	61886
65	62749
66	63613
67	64477
68	65341
69	66204
70	67076
71	67940
72	68804
73	69668
74	70533
75	71397
76	72262
77	73128
78	73992
79	74855
80	75719
81	76583
82	77448
83	78312
84	79176
85	80040
86	80905
87	81768
88	82632
89	83497
90	84371
91	85236
92	86100
93	86969
94	87832
95	88697
96	89561
97	90425
98	91289
99	92153
100	93017
101	93884
102	94748
103	95612
104	96476
105	97340
106	98204
107	99068
108	99933
109	100799
110	101664
111	102530
112	103395
113	104260
114	105124
115	105988
116	106852
117	107716
118	108580
119	109445
120	110310
121	111176
122	112041
123	112906
124	113769
125	114636
126	115501
127	116366
128	117230
129	118095
130	118959
131	119823
132	120690
133	121555
134	122420
135	123285
136	124150
137	125016
138	125883
139	126748
140	127613
141	128481
142	129346
143	130212
144	131078
145	131943
146	132808
147	133673
148	134539
149	135405
150	136270
151	137138
152	138003
153	138870
154	139736
155	140602
156	141467
157	142334
158	143200
159	144065
160	144930
161	145795
162	146660
163	147545
164	148436
165	149331
166	150220
167	151114
168	151997
169	152880
170	153749
171	154620
172	155491
173	156364
174	157233
175	158102
176	158972
177	159840
178	160708
179	161575
180	162443
181	163312
182	164182
183	165049
184	165917
185	166785
186	167653
187	168520
188	169390
189	170262
190	171132
191	172001
192	172874
193	173743
194	174612
195	175482
196	176351
197	177221
198	178090
199	178960
200	179829
201	180698
202	181570
203	182440
204	183309
205	184181
206	185050
207	185920
208	186789
209	187659
210	188529
211	189399
212	190269
213	191138
214	192007
215	192880
216	193750
217	194622
218	195492
219	196361
220	197231
221	198103
222	198971
223	199839
224	200707
225	201574
226	202444
227	203313
228	204183
229	205052
230	205922
231	206792
232	207660
233	208527
234	209395
235	210265
236	211133
237	212003
238	212873
239	213741
240	214610
241	215479
242	216349
243	217218
244	218088
245	218957
246	219827
247	220696
248	221566
249	222436
250	223306
251	224176
252	225045
253	225917
254	226786
255	227656
256	228526
257	229395
258	230265
259	231135
260	232005
261	232879
262	233750
263	234624
264	235494
265	236363
266	237233
267	238103
268	238972
269	239844
270	240714
271	241584
272	242453
273	243323
274	244192
275	245062
276	245931
277	246801
278	247671
279	248540
280	249411
281	250281
282	251151
283	252021
284	252894
285	253766
286	254636
287	255506
288	256375
289	257245
290	258115
291	258985
292	259855
293	260725
294	261595
295	262465
296	263335
297	264205
298	265074
299	265944
300	266814
301	267686
302	268556
303	269425
304	270295
305	271165
306	272035
307	272904
308	273774
309	274643
310	275513
311	276383
312	277252
313	278122
314	278991
315	279861
316	280731
317	281602
318	282472
319	283342
320	284211
321	285081
322	285950
323	286820
324	287690
325	288560
326	289429
327	290299
328	291168
329	292037
330	292907
331	293781
332	294650
333	295522
334	296392
335	297262
336	298132
337	299002
338	299877
339	300747
340	301617
341	302487
342	303357
343	304226
344	305096
345	305966
346	306836
347	307707
348	308576
349	309449
350	310319
351	311189
352	312059
353	312928
354	313798
355	314668
356	315538
357	316408
358	317277
359	318147
360	319017
361	319894
362	320764
363	321635
364	322506
365	323378
366	324249
367	325121
368	325992
369	326863
370	327734
371	328605
372	329476
373	330347
374	331218
375	332088
376	332959
377	333829
378	334708
379	335578
380	336448
381	337321
382	338190
383	339060
384	339931
385	340801
386	341671
387	342574
388	343465
389	344359
390	345249
391	346140
392	347028
393	347921
394	348814
395	349701
396	350585
397	351475
398	352360
399	353249
400	354120
401	354983
402	355844
403	356706
404	357569
405	358431
406	359293
407	360156
408	361017
409	361882
410	362742
411	363604
412	364466
413	365330
414	366192
415	367055
416	367917
417	368779
418	369641
419	370504
420	371367
421	372229
422	373091
423	373953
424	374814
425	375677
426	376539
427	377401
428	378263
429	379127
430	379990
431	380852
432	381714
433	382577
434	383440
435	384303
436	385166
437	386029
438	386895
439	387759
440	388622
441	389485
442	390349
443	391212
444	392076
445	392945
446	393808
447	394673
448	395538
449	396400
450	397265
451	398127
452	398989
453	399851
454	400714
455	401576
456	402438
457	403300
458	404162
459	405025
460	405889
461	406753
462	407615
463	408477
464	409339
465	410202
466	411064
467	411926
468	412787
469	413649
470	414516
471	415378
472	416241
473	417103
474	417965
475	418827
476	419689
477	420554
478	421417
479	422279
480	423141
481	424003
482	424864
483	425726
484	426588
485	427452
486	428314
487	429176
488	430040
489	430902
490	431763
491	432626
492	433488
493	434352
494	435215
495	436078
496	436940
497	437804
498	438667
499	439529
500	440391
501	441254
502	442116
503	442984
504	443846
505	444708
506	445571
507	446433
508	447295
509	448160
510	449022
511	449890
512	450751
513	451620
514	452490
515	453353
516	454215
517	455078
518	455940
519	456801
520	457664
521	458526
522	459387
523	460263
524	461128
525	461994
526	462857
527	463719
528	464582
529	465444
530	466306
531	467168
532	468031
533	468895
534	469757
535	470620
536	471483
537	472345
538	473207
539	474069
540	474931
541	475795
542	476657
543	477519
544	478381
545	479243
546	480107
547	480969
548	481839
549	482709
550	483572
551	484434
552	485298
553	486160
554	487022
555	487889
556	488751
557	489615
558	490478
559	491341
560	492203
561	493066
562	493928
563	494789
564	495651
565	496517
566	497379
567	498250
568	499120
569	499984
570	500846
571	501708
572	502571
573	503435
574	504297
575	505159
576	506021
577	506900
578	507762
579	508625
580	509487
581	510351
582	511215
583	512078
584	512941
585	513803
586	514670
587	515535
588	516399
589	517266
590	518130
591	518993
592	519856
593	520721
594	521585
595	522449
596	523313
597	524177
598	525039
599	525901
600	526763
601	527625
602	528487
603	529349
604	530212
605	531077
606	531939
607	532801
608	533663
609	534525
610	535388
611	536250
612	537112
613	537977
614	538839
615	539701
616	540564
617	541426
618	542288
619	543150
620	544013
621	544879
622	545741
623	546603
624	547465
625	548327
626	549189
627	550052
628	550916
629	551778
630	552641
631	553503
632	554365
633	555227
634	556089
635	556952
636	557813
637	558678
638	559540
639	560403
640	561266
641	562135
642	562997
643	563859
644	564721
645	565584
646	566446
647	567312
648	568175
649	569038
650	569901
651	570762
652	571624
653	572490
654	573352
655	574214
656	575075
657	575938
658	576799
659	577661
660	578523
661	579384
662	580247
663	581113
664	581985
665	582846
666	583709
667	584572
668	585435
669	586299
670	587161
671	588025
672	588890
673	589751
674	590614
675	591476
676	592337
677	593199
678	594061
679	594923
680	595786
681	596647
682	597509
683	598371
684	599233
685	600098
686	600960
687	601821
688	602683
689	603545
690	604407
691	605269
692	606131
693	606993
694	607861
695	608733
696	609600
697	610474
698	611349
699	612214
700	613087
701	613953
702	614819
703	615686
704	616552
705	617419
706	618285
707	619151
708	620018
709	620887
710	621754
711	622620
712	623486
713	624353
714	625219
715	626085
716	626951
717	627820
718	628686
719	629552
720	630419
721	631285
722	632152
723	633018
724	633887
725	634754
726	635620
727	636486
728	637353
729	638219
730	639084
731	639949
732	640813
733	641680
734	642545
735	643409
736	644274
737	645139
738	646004
739	646871
740	647736
741	648600
742	649465
743	650330
744	651195
745	652059
746	652924
747	653788
748	654653
749	655520
750	656384
751	657249
752	658133
753	659020
754	659917
755	660802
756	661688
757	662576
758	663460
759	664341
760	665222
761	666104
762	666985
763	667870
764	668749
765	669635
766	670505
767	671371
768	672233
769	673095
770	673956
771	674817
772	675678
773	676540
774	677401
775	678262
776	679124
777	679986
778	680847
779	681708
780	682570
781	683435
782	684301
783	685164
784	686025
785	686889
786	687753
787	688614
788	689476
789	690338
790	691200
791	692062
792	692923
793	693784
794	694645
795	695506
796	696367
797	697231
798	698092
799	698953
800	699814
801	700676
802	701538
803	702399
804	703261
805	704122
806	704985
807	705845
808	706707
809	707568
810	708429
811	709291
812	710152
813	711016
814	711880
815	712740
816	713602
817	714463
818	715324
819	716185
820	717046
821	717908
822	718768
823	719629
824	720491
825	721353
826	722214
827	723076
828	723937
829	724800
830	725662
831	726524
832	727385
833	728246
834	729107
835	729969
836	730830
837	731692
838	732553
839	733414
840	734276
841	735137
842	735999
843	736860
844	737724
845	738587
846	739449
847	740311
848	741172
849	742034
850	742895
851	743756
852	744617
853	745479
854	746340
855	747201
856	748063
857	748924
858	749784
859	750647
860	751508
861	752371
862	753233
863	754094
864	754955
865	755816
866	756677
867	757538
868	758399
869	759260
870	760122
871	760983
872	761844
873	762705
874	763566
875	764428
876	765290
877	766153
878	767016
879	767887
880	768748
881	769609
882	770472
883	771346
884	772225
885	773088
886	773950
887	774811
888	775673
889	776535
890	777419
891	778285
892	779149
893	780011
894	780875
895	781739
896	782600
897	783465
898	784327
899	785190
900	786052
901	786913
902	787776
903	788638
904	789499
905	790362
906	791223
907	792117
908	792984
909	793848
910	794710
911	795574
912	796436
913	797300
914	798163
915	799026
916	799894
917	800755
918	801617
919	802478
920	803340
921	804202
922	805063
923	805925
924	806788
925	807650
926	808512
927	809373
928	810236
929	811097
930	811959
931	812820
932	813682
933	814543
934	815405
935	816267
936	817129
937	817990
938	818851
939	819713
940	820575
941	821437
942	822299
943	823161
944	824022
945	824886
946	825747
947	826609
948	827470
949	828332
950	829199
951	830063
952	830927
953	831789
954	832651
955	833515
956	834383
957	835248
958	836118
959	836981
960	837845
961	838707
962	839574
963	840440
964	841328
965	842197
966	843060
967	843922
968	844784
969	845645
970	846507
971	847369
972	848230
973	849092
974	849954
975	850815
976	851677
977	852539
978	853403
979	854264
980	855126
981	855987
982	856848
983	857709
984	858571
985	859432
986	860297
987	861158
988	862019
989	862882
990	863742
991	864603
992	865464
993	866324
994	867189
995	868051
996	868912
997	869773
998	870635
999	871497
1000	872358
