1	0
2	935
3	1811
4	13134
5	14074
6	14873
7	15943
8	16897
9	17802
10	18721
11	19714
12	20511
13	21304
14	22124
15	22915
16	23706
17	24545
18	25335
19	26127
20	26917
21	27706
22	28496
23	29286
24	30075
25	30865
26	31654
27	32447
28	33236
29	34025
30	34815
31	35605
32	36394
33	37184
34	37972
35	38762
36	39551
37	40344
38	41138
39	41927
40	42717
41	43507
42	44297
43	45087
44	45878
45	46668
46	47457
47	48247
48	49036
49	49826
50	50615
51	51405
52	52195
53	52984
54	53773
55	54563
56	55352
57	56141
58	56931
59	57720
60	58511
61	59301
62	60091
63	60880
64	61670
65	62459
66	63248
67	64038
68	64827
69	65617
70	66413
71	67202
72	67992
73	68782
74	69572
75	70361
76	71151
77	71942
78	72731
79	73519
80	74308
81	75096
82	75885
83	76674
84	77462
85	78251
86	79039
87	79828
88	80616
89	81405
90	82193
91	82982
92	83770
93	84561
94	85351
95	86140
96	86928
97	87717
98	88505
99	89294
100	90082
101	90874
102	91663
103	92453
104	93242
105	94030
106	94819
107	95608
108	96396
109	97187
110	97976
111	98765
112	99553
113	100342
114	101133
115	101922
116	102712
117	103502
118	104290
119	105079
120	105868
121	106657
122	107445
123	108234
124	109022
125	109813
126	110602
127	111391
128	112180
129	112969
130	113758
131	114547
132	115337
133	116129
134	116919
135	117708
136	118498
137	119288
138	120077
139	120867
140	121656
141	122448
142	123238
143	124028
144	124817
145	125607
146	126397
147	127187
148	127976
149	128766
150	129556
151	130346
152	131138
153	131928
154	132718
155	133507
156	134297
157	135088
158	135878
159	136668
160	137458
161	138248
162	139037
163	139827
164	140617
165	141406
166	142196
167	142986
168	143775
169	144565
170	145355
171	146145
172	146934
173	147726
174	148516
175	149305
176	150094
177	150884
178	151673
179	152463
180	153253
181	154043
182	154832
183	155622
184	156411
185	157201
186	157991
187	158780
188	159570
189	160363
190	161153
191	161943
192	162733
193	163523
194	164315
195	165109
196	165899
197	166688
198	167478
199	168268
200	169057
201	169847
202	170637
203	171427
204	172217
205	173009
206	173799
207	174589
208	175379
209	176169
210	176959
211	177749
212	178539
213	179329
214	180122
215	180912
216	181702
217	182492
218	183282
219	184072
220	184863
221	185655
222	186445
223	187234
224	188024
225	188814
226	189604
227	190393
228	191183
229	191973
230	192762
231	193553
232	194342
233	195135
234	195925
235	196715
236	197505
237	198297
238	199087
239	199877
240	200667
241	201458
242	202248
243	203037
244	203827
245	204617
246	205407
247	206205
248	206996
249	207786
250	208576
251	209365
252	210155
253	210947
254	211738
255	212529
256	213318
257	214112
258	214902
259	215692
260	216483
261	217273
262	218062
263	218852
264	219642
265	220432
266	221231
267	222021
268	222810
269	223603
270	224393
271	225190
272	225980
273	226770
274	227560
275	228352
276	229141
277	229931
278	230721
279	231511
280	232301
281	233090
282	233885
283	234675
284	235465
285	236257
286	237047
287	237837
288	238627
289	239417
290	240223
291	241014
292	241804
293	242595
294	243385
295	244187
296	244977
297	245767
298	246557
299	247347
300	248139
301	248931
302	249721
303	250511
304	251301
305	252091
306	252882
307	253671
308	254462
309	255252
310	256042
311	256832
312	257629
313	258419
314	259226
315	260016
316	260807
317	261599
318	262389
319	263187
320	263977
321	264767
322	265557
323	266347
324	267140
325	267929
326	268720
327	269510
328	270300
329	271090
330	271880
331	272669
332	273460
333	274253
334	275042
335	275832
336	276622
337	277412
338	278223
339	279013
340	279803
341	280594
342	281383
343	282173
344	282963
345	283754
346	284544
347	285334
348	286127
349	286919
350	287709
351	288499
352	289289
353	290079
354	290873
355	291663
356	292453
357	293243
358	294033
359	294823
360	295613
361	296403
362	297193
363	297983
364	298773
365	299565
366	300356
367	301146
368	301935
369	302726
370	303516
371	304307
372	305097
373	305887
374	306677
375	307467
376	308257
377	309047
378	309837
379	310627
380	311417
381	312226
382	313016
383	313807
384	314597
385	315387
386	316177
387	316967
388	317757
389	318547
390	319337
391	320130
392	320919
393	321709
394	322520
395	323315
396	324109
397	324903
398	325695
399	326486
400	327278
401	328069
402	328860
403	329651
404	330442
405	331237
406	332024
407	332811
408	333598
409	334385
410	335172
411	335958
412	336745
413	337535
414	338322
415	339111
416	339898
417	340685
418	341472
419	342259
420	343045
421	343832
422	344620
423	345406
424	346202
425	346988
426	347774
427	348561
428	349348
429	350139
430	350925
431	351712
432	352499
433	353286
434	354073
435	354859
436	355646
437	356433
438	357219
439	358007
440	358793
441	359580
442	360367
443	361154
444	361940
445	362729
446	363516
447	364303
448	365090
449	365876
450	366663
451	367450
452	368237
453	369023
454	369810
455	370597
456	371383
457	372172
458	372959
459	373746
460	374533
461	375322
462	376111
463	376899
464	377685
465	378472
466	379258
467	380045
468	380831
469	381618
470	382405
471	383192
472	383978
473	384765
474	385552
475	386339
476	387137
477	387927
478	388714
479	389501
480	390287
481	391075
482	391861
483	392648
484	393435
485	394222
486	395009
487	395797
488	396584
489	397371
490	398158
491	398944
492	399731
493	400521
494	401308
495	402094
496	402881
497	403668
498	404456
499	405242
500	406029
501	406816
502	407603
503	408390
504	409177
505	409964
506	410752
507	411539
508	412327
509	413120
510	413907
511	414694
512	415481
513	416269
514	417057
515	417845
516	418633
517	419420
518	420208
519	420996
520	421783
521	422570
522	423358
523	424145
524	424932
525	425721
526	426508
527	427295
528	428082
529	428869
530	429657
531	430444
532	431231
533	432018
534	432805
535	433592
536	434379
537	435166
538	435953
539	436740
540	437527
541	438316
542	439103
543	439890
544	440677
545	441464
546	442251
547	443038
548	443825
549	444612
550	445400
551	446187
552	446973
553	447761
554	448548
555	449335
556	450125
557	450914
558	451701
559	452489
560	453276
561	454062
562	454849
563	455636
564	456423
565	457210
566	457997
567	458785
568	459573
569	460360
570	461147
571	461934
572	462732
573	463539
574	464341
575	465132
576	465919
577	466706
578	467493
579	468280
580	469076
581	469862
582	470649
583	471436
584	472223
585	473019
586	473805
587	474592
588	475379
589	476168
590	476957
591	477743
592	478530
593	479317
594	480103
595	480890
596	481677
597	482463
598	483250
599	484037
600	484823
601	485610
602	486397
603	487191
604	487978
605	488767
606	489554
607	490341
608	491131
609	491922
610	492709
611	493495
612	494282
613	495069
614	495856
615	496643
616	497429
617	498217
618	499005
619	499791
620	500578
621	501367
622	502154
623	502941
624	503727
625	504514
626	505301
627	506087
628	506874
629	507661
630	508447
631	509234
632	510021
633	510808
634	511594
635	512381
636	513168
637	513959
638	514745
639	515532
640	516319
641	517109
642	517896
643	518683
644	519470
645	520257
646	521043
647	521837
648	522624
649	523411
650	524198
651	524985
652	525772
653	526561
654	527348
655	528162
656	528951
657	529739
658	530527
659	531314
660	532101
661	532890
662	533677
663	534465
664	535253
665	536040
666	536830
667	537618
668	538406
669	539193
670	539981
671	540768
672	541555
673	542343
674	543132
675	543919
676	544706
677	545493
678	546280
679	547067
680	547854
681	548641
682	549430
683	550217
684	551006
685	551793
686	552580
687	553367
688	554154
689	554941
690	555728
691	556515
692	557302
693	558090
694	558877
695	559665
696	560452
697	561240
698	562029
699	562815
700	563602
701	564388
702	565175
703	565962
704	566748
705	567536
706	568322
707	569111
708	569898
709	570685
710	571472
711	572259
712	573045
713	573832
714	574621
715	575408
716	576195
717	576982
718	577769
719	578556
720	579342
721	580131
722	580918
723	581705
724	582492
725	583279
726	584066
727	584852
728	585639
729	586426
730	587215
731	588002
732	588789
733	589576
734	590362
735	591149
736	591936
737	592723
738	593511
739	594297
740	595084
741	595871
742	596658
743	597445
744	598231
745	599018
746	599807
747	600594
748	601380
749	602167
750	602954
751	603741
752	604528
753	605314
754	606101
755	606888
756	607675
757	608462
758	609263
759	610052
760	610839
761	611627
762	612419
763	613207
764	613995
765	614782
766	615570
767	616363
768	617151
769	617938
770	618726
771	619512
772	620298
773	621084
774	621870
775	622656
776	623443
777	624237
778	625025
779	625811
780	626597
781	627384
782	628169
783	628956
784	629742
785	630528
786	631314
787	632099
788	632886
789	633672
790	634459
791	635245
792	636030
793	636816
794	637605
795	638391
796	639177
797	639963
798	640748
799	641534
800	642321
801	643109
802	643896
803	644682
804	645468
805	646254
806	647039
807	647825
808	648611
809	649397
810	650193
811	650979
812	651765
813	652551
814	653338
815	654126
816	654912
817	655698
818	656484
819	657270
820	658055
821	658841
822	659627
823	660413
824	661215
825	662001
826	662790
827	663576
828	664362
829	665148
830	665934
831	666720
832	667506
833	668292
834	669078
835	669864
836	670650
837	671436
838	672222
839	673009
840	673795
841	674581
842	675369
843	676155
844	676942
845	677728
846	678514
847	679300
848	680086
849	680872
850	681658
851	682444
852	683237
853	684023
854	684809
855	685595
856	686381
857	687167
858	687956
859	688742
860	689528
861	690314
862	691100
863	691890
864	692676
865	693462
866	694248
867	695034
868	695820
869	696606
870	697392
871	698178
872	698964
873	699750
874	700538
875	701324
876	702116
877	702902
878	703688
879	704474
880	705260
881	706046
882	706832
883	707618
884	708413
885	709199
886	709985
887	710771
888	711561
889	712392
890	713182
891	713969
892	714756
893	715543
894	716330
895	717120
896	717909
897	718695
898	719481
899	720267
900	721053
901	721839
902	722625
903	723412
904	724198
905	724984
906	725773
907	726559
908	727346
909	728135
910	728921
911	729708
912	730494
913	731281
914	732067
915	732853
916	733640
917	734426
918	735212
919	735999
920	736785
921	737571
922	738359
923	739146
924	739934
925	740721
926	741509
927	742313
928	743100
929	743886
930	744673
931	745459
932	746245
933	747031
934	747816
935	748603
936	749389
937	750174
938	750960
939	751746
940	752533
941	753318
942	754108
943	754894
944	755681
945	756466
946	757252
947	758038
948	758824
949	759611
950	760397
951	761183
952	761969
953	762755
954	763547
955	764333
956	765122
957	765909
958	766695
959	767481
960	768270
961	769056
962	769842
963	770629
964	771415
965	772201
966	772987
967	773774
968	774560
969	775346
970	776134
971	776920
972	777707
973	778509
974	779296
975	780083
976	780872
977	781659
978	782446
979	783232
980	784018
981	784804
982	785590
983	786376
984	787162
985	787948
986	788735
987	789521
988	790307
989	791093
990	791879
991	792665
992	793454
993	794240
994	795026
995	795812
996	796598
997	797384
998	798170
999	798955
1000	799741
