1	0
2	848
3	7693
4	8583
5	9398
6	10216
7	11032
8	11836
9	12675
10	13471
11	14267
12	15094
13	15992
14	16821
15	17621
16	18412
17	19329
18	20105
19	20879
20	21652
21	22424
22	23196
23	23968
24	24740
25	25512
26	26284
27	27060
28	27832
29	28604
30	29375
31	30147
32	30919
33	31692
34	32464
35	33236
36	34011
37	34783
38	35557
39	36330
40	37102
41	37874
42	38646
43	39417
44	40191
45	40963
46	41736
47	42507
48	43279
49	44051
50	44822
51	45595
52	46366
53	47137
54	47909
55	48681
56	49452
57	50224
58	50995
59	51768
60	52542
61	53314
62	54085
63	54857
64	55628
65	56398
66	57171
67	57942
68	58713
69	59483
70	60254
71	61025
72	61797
73	62570
74	63340
75	64111
76	64882
77	65655
78	66434
79	67205
80	67976
81	68747
82	69517
83	70289
84	71060
85	71831
86	72603
87	73374
88	74145
89	74917
90	75688
91	76458
92	77229
93	78003
94	78774
95	79544
96	80315
97	81086
98	81858
99	82629
100	83399
101	84174
102	84945
103	85721
104	86495
105	87284
106	88075
107	88850
108	89624
109	90426
110	91207
111	91983
112	92756
113	93527
114	94300
115	95072
116	95845
117	96616
118	97388
119	98161
120	98933
121	99704
122	100475
123	101247
124	102020
125	102795
126	103569
127	104341
128	105112
129	105883
130	106654
131	107425
132	108196
133	108969
134	109741
135	110513
136	111286
137	112059
138	112835
139	113617
140	114388
141	115167
142	115941
143	116713
144	117485
145	118257
146	119030
147	119805
148	120580
149	121352
150	122126
151	122899
152	123676
153	124448
154	125223
155	125997
156	126769
157	127546
158	128319
159	129091
160	129864
161	130637
162	131409
163	132184
164	132957
165	133732
166	134504
167	135286
168	136062
169	136836
170	137609
171	138380
172	139152
173	139927
174	140708
175	141480
176	142253
177	143026
178	143798
179	144573
180	145345
181	146117
182	146890
183	147671
184	148443
185	149215
186	149988
187	150760
188	151532
189	152307
190	153080
191	153853
192	154626
193	155398
194	156171
195	156943
196	157716
197	158489
198	159261
199	160034
200	160807
201	161585
202	162357
203	163130
204	163903
205	164694
206	165466
207	166240
208	167014
209	167792
210	168568
211	169341
212	170115
213	170889
214	171662
215	172434
216	173208
217	173982
218	174755
219	175527
220	176301
221	177079
222	177853
223	178626
224	179398
225	180171
226	180945
227	181727
228	182499
229	183272
230	184048
231	184822
232	185595
233	186368
234	187142
235	187918
236	188693
237	189467
238	190241
239	191016
240	191791
241	192567
242	193340
243	194113
244	194887
245	195664
246	196436
247	197210
248	197984
249	198758
250	199531
251	200305
252	201079
253	201857
254	202636
255	203410
256	204185
257	204973
258	205757
259	206536
260	207311
261	208085
262	208860
263	209659
264	210434
265	211209
266	211997
267	212772
268	213544
269	214330
270	215114
271	215893
272	216669
273	217442
274	218215
275	218989
276	219762
277	220536
278	221310
279	222084
280	222858
281	223639
282	224411
283	225184
284	225957
285	226738
286	227511
287	228283
288	229058
289	229830
290	230603
291	231377
292	232150
293	232925
294	233700
295	234473
296	235247
297	236020
298	236794
299	237569
300	238341
301	239118
302	239891
303	240667
304	241439
305	242212
306	242985
307	243760
308	244531
309	245306
310	246080
311	246854
312	247627
313	248401
314	249176
315	249951
316	250724
317	251498
318	252272
319	253045
320	253817
321	254591
322	255363
323	256136
324	256908
325	257681
326	258452
327	259225
328	259998
329	260770
330	261542
331	262315
332	263088
333	263863
334	264635
335	265407
336	266180
337	266954
338	267734
339	268515
340	269289
341	270063
342	270851
343	271633
344	272407
345	273180
346	273954
347	274726
348	275499
349	276275
350	277047
351	277820
352	278592
353	279364
354	280138
355	280910
356	281684
357	282457
358	283230
359	284005
360	284778
361	285550
362	286323
363	287096
364	287868
365	288643
366	289416
367	290188
368	290961
369	291734
370	292507
371	293280
372	294052
373	294825
374	295598
375	296370
376	297143
377	297916
378	298689
379	299461
380	300234
381	301009
382	301783
383	302558
384	303331
385	304104
386	304877
387	305650
388	306422
389	307195
390	307973
391	308747
392	309519
393	310292
394	311064
395	311838
396	312614
397	313414
398	314211
399	315007
400	315803
401	316604
402	317398
403	318192
404	318985
405	319779
406	320577
407	321373
408	322164
409	322955
410	323749
411	324541
412	325313
413	326086
414	326855
415	327625
416	328393
417	329162
418	329932
419	330702
420	331470
421	332240
422	333010
423	333784
424	334556
425	335327
426	336097
427	336867
428	337637
429	338408
430	339177
431	339946
432	340715
433	341483
434	342253
435	343023
436	343792
437	344564
438	345333
439	346102
440	346873
441	347643
442	348412
443	349181
444	349951
445	350724
446	351493
447	352263
448	353033
449	353803
450	354575
451	355344
452	356113
453	356887
454	357657
455	358427
456	359197
457	359967
458	360738
459	361507
460	362278
461	363050
462	363820
463	364590
464	365359
465	366129
466	366899
467	367669
468	368437
469	369212
470	369982
471	370751
472	371520
473	372291
474	373061
475	373831
476	374601
477	375372
478	376141
479	376911
480	377680
481	378454
482	379224
483	379995
484	380765
485	381534
486	382305
487	383075
488	383847
489	384617
490	385386
491	386156
492	386926
493	387698
494	388467
495	389236
496	390006
497	390775
498	391543
499	392314
500	393083
501	393853
502	394622
503	395390
504	396164
505	396934
506	397703
507	398472
508	399242
509	400014
510	400783
511	401557
512	402328
513	403097
514	403867
515	404638
516	405407
517	406176
518	406946
519	407715
520	408484
521	409253
522	410023
523	410793
524	411568
525	412340
526	413109
527	413879
528	414648
529	415418
530	416188
531	416957
532	417727
533	418497
534	419267
535	420037
536	420807
537	421582
538	422353
539	423122
540	423892
541	424664
542	425433
543	426203
544	426972
545	427747
546	428515
547	429287
548	430083
549	430857
550	431628
551	432399
552	433171
553	433943
554	434715
555	435484
556	436255
557	437029
558	437800
559	438573
560	439344
561	440114
562	440884
563	441654
564	442423
565	443193
566	443962
567	444732
568	445501
569	446270
570	447040
571	447809
572	448581
573	449353
574	450122
575	450892
576	451662
577	452443
578	453213
579	453982
580	454752
581	455521
582	456290
583	457060
584	457829
585	458598
586	459367
587	460137
588	460906
589	461678
590	462446
591	463217
592	463987
593	464756
594	465525
595	466295
596	467064
597	467834
598	468603
599	469372
600	470141
601	470911
602	471681
603	472450
604	473219
605	473991
606	474762
607	475531
608	476300
609	477069
610	477839
611	478608
612	479377
613	480147
614	480916
615	481686
616	482455
617	483225
618	483997
619	484769
620	485538
621	486309
622	487081
623	487851
624	488620
625	489391
626	490161
627	490932
628	491702
629	492471
630	493242
631	494012
632	494783
633	495556
634	496326
635	497098
636	497867
637	498639
638	499407
639	500179
640	500950
641	501722
642	502491
643	503260
644	504031
645	504803
646	505576
647	506346
648	507123
649	507895
650	508668
651	509437
652	510209
653	510981
654	511753
655	512522
656	513294
657	514065
658	514863
659	515636
660	516406
661	517177
662	517946
663	518717
664	519485
665	520254
666	521029
667	521799
668	522571
669	523342
670	524111
671	524883
672	525652
673	526421
674	527192
675	527961
676	528732
677	529501
678	530270
679	531041
680	531811
681	532582
682	533355
683	534127
684	534898
685	535668
686	536436
687	537207
688	537976
689	538747
690	539516
691	540285
692	541056
693	541826
694	542595
695	543365
696	544134
697	544905
698	545677
699	546446
700	547217
701	547986
702	548757
703	549526
704	550295
705	551066
706	551836
707	552606
708	553376
709	554146
710	554917
711	555686
712	556455
713	557225
714	557997
715	558768
716	559537
717	560306
718	561077
719	561847
720	562616
721	563387
722	564156
723	564927
724	565696
725	566465
726	567236
727	568005
728	568776
729	569544
730	570316
731	571087
732	571856
733	572626
734	573396
735	574166
736	574937
737	575706
738	576475
739	577246
740	578017
741	578787
742	579559
743	580328
744	581099
745	581869
746	582640
747	583411
748	584183
749	584954
750	585723
751	586492
752	587263
753	588033
754	588804
755	589575
756	590344
757	591115
758	591884
759	592657
760	593427
761	594197
762	594990
763	595781
764	596579
765	597373
766	598165
767	598955
768	599752
769	600541
770	601331
771	602122
772	602909
773	603698
774	604488
775	605276
776	606062
777	606842
778	607616
779	608385
780	609154
781	609922
782	610691
783	611458
784	612228
785	612997
786	613765
787	614533
788	615302
789	616071
790	616839
791	617607
792	618375
793	619144
794	619915
795	620684
796	621451
797	622221
798	622989
799	623758
800	624526
801	625294
802	626062
803	626831
804	627600
805	628367
806	629136
807	629904
808	630673
809	631440
810	632212
811	632982
812	633751
813	634522
814	635291
815	636060
816	636829
817	637597
818	638365
819	639133
820	639902
821	640670
822	641438
823	642207
824	642976
825	643745
826	644515
827	645283
828	646052
829	646821
830	647589
831	648357
832	649125
833	649894
834	650662
835	651430
836	652199
837	652968
838	653736
839	654505
840	655274
841	656042
842	656813
843	657582
844	658349
845	659118
846	659886
847	660655
848	661423
849	662193
850	662962
851	663730
852	664498
853	665266
854	666035
855	666803
856	667574
857	668342
858	669113
859	669881
860	670650
861	671418
862	672187
863	672956
864	673725
865	674492
866	675262
867	676031
868	676799
869	677570
870	678339
871	679107
872	679875
873	680644
874	681414
875	682183
876	682952
877	683720
878	684491
879	685260
880	686028
881	686796
882	687567
883	688335
884	689104
885	689878
886	690647
887	691415
888	692184
889	692957
890	693775
891	694545
892	695314
893	696082
894	696852
895	697621
896	698411
897	699183
898	699956
899	700726
900	701494
901	702263
902	703032
903	703801
904	704573
905	705343
906	706111
907	706881
908	707650
909	708418
910	709187
911	709957
912	710727
913	711495
914	712275
915	713045
916	713847
917	714617
918	715385
919	716154
920	716924
921	717705
922	718474
923	719242
924	720011
925	720780
926	721548
927	722318
928	723087
929	723855
930	724624
931	725392
932	726161
933	726930
934	727708
935	728477
936	729245
937	730014
938	730786
939	731560
940	732330
941	733099
942	733868
943	734639
944	735409
945	736177
946	736951
947	737721
948	738489
949	739258
950	740026
951	740795
952	741570
953	742345
954	743114
955	743882
956	744651
957	745419
958	746188
959	746958
960	747729
961	748497
962	749265
963	750036
964	750804
965	751579
966	752347
967	753136
968	753914
969	754685
970	755453
971	756222
972	756996
973	757767
974	758536
975	759309
976	760080
977	760851
978	761621
979	762389
980	763158
981	763927
982	764696
983	765464
984	766233
985	767001
986	767770
987	768538
988	769307
989	770076
990	770845
991	771616
992	772385
993	773153
994	773922
995	774691
996	775460
997	776229
998	776998
999	777768
1000	778536
