1	0
2	875
3	1708
4	8729
5	9555
6	10323
7	11088
8	11895
9	12659
10	13563
11	14385
12	15174
13	16017
14	16833
15	17591
16	18349
17	19132
18	19933
19	20679
20	21424
21	22169
22	22913
23	23658
24	24403
25	25149
26	25893
27	26644
28	27389
29	28134
30	28878
31	29623
32	30368
33	31113
34	31860
35	32604
36	33350
37	34093
38	34836
39	35581
40	36325
41	37071
42	37815
43	38559
44	39305
45	40048
46	40791
47	41535
48	42279
49	43022
50	43766
51	44510
52	45255
53	45998
54	46742
55	47486
56	48230
57	48973
58	49717
59	50461
60	51207
61	51950
62	52694
63	53438
64	54182
65	54925
66	55670
67	56414
68	57158
69	57901
70	58645
71	59388
72	60135
73	60882
74	61628
75	62373
76	63118
77	63864
78	64609
79	65355
80	66100
81	66851
82	67597
83	68342
84	69090
85	69833
86	70577
87	71321
88	72069
89	72813
90	73557
91	74301
92	75044
93	75791
94	76535
95	77279
96	78022
97	78766
98	79510
99	80254
100	81000
101	81745
102	82492
103	83236
104	83980
105	84724
106	85469
107	86213
108	86957
109	87704
110	88448
111	89192
112	89936
113	90680
114	91424
115	92168
116	92911
117	93656
118	94400
119	95145
120	95888
121	96632
122	97377
123	98121
124	98865
125	99611
126	100360
127	101105
128	101848
129	102595
130	103339
131	104086
132	104830
133	105575
134	106319
135	107065
136	107809
137	108554
138	109298
139	110042
140	110787
141	111535
142	112280
143	113024
144	113769
145	114515
146	115261
147	116006
148	116752
149	117496
150	118241
151	118985
152	119730
153	120476
154	121220
155	121965
156	122710
157	123457
158	124202
159	124947
160	125692
161	126437
162	127182
163	127927
164	128672
165	129417
166	130161
167	130907
168	131652
169	132400
170	133145
171	133890
172	134635
173	135382
174	136127
175	136872
176	137617
177	138362
178	139107
179	139851
180	140596
181	141341
182	142089
183	142833
184	143578
185	144323
186	145073
187	145818
188	146563
189	147310
190	148055
191	148800
192	149545
193	150290
194	151034
195	151780
196	152525
197	153270
198	154015
199	154760
200	155506
201	156252
202	156996
203	157744
204	158491
205	159240
206	159986
207	160732
208	161478
209	162224
210	162969
211	163715
212	164462
213	165209
214	165954
215	166700
216	167446
217	168192
218	168937
219	169684
220	170430
221	171178
222	171923
223	172670
224	173416
225	174162
226	174907
227	175653
228	176399
229	177145
230	177891
231	178637
232	179383
233	180129
234	180874
235	181620
236	182369
237	183119
238	183865
239	184611
240	185358
241	186107
242	186857
243	187603
244	188350
245	189095
246	189839
247	190584
248	191329
249	192077
250	192822
251	193567
252	194313
253	195060
254	195806
255	196551
256	197296
257	198041
258	198786
259	199531
260	200278
261	201022
262	201768
263	202513
264	203258
265	204003
266	204748
267	205496
268	206243
269	206990
270	207736
271	208483
272	209229
273	209974
274	210719
275	211464
276	212209
277	212954
278	213699
279	214448
280	215194
281	215938
282	216684
283	217430
284	218175
285	218922
286	219667
287	220414
288	221169
289	221919
290	222665
291	223412
292	224167
293	224912
294	225658
295	226404
296	227149
297	227894
298	228639
299	229385
300	230148
301	230896
302	231641
303	232390
304	233135
305	233880
306	234626
307	235372
308	236127
309	236873
310	237619
311	238364
312	239109
313	239854
314	240599
315	241344
316	242092
317	242839
318	243592
319	244339
320	245090
321	245835
322	246582
323	247327
324	248076
325	248821
326	249568
327	250315
328	251059
329	251805
330	252549
331	253296
332	254040
333	254788
334	255535
335	256280
336	257025
337	257771
338	258517
339	259263
340	260008
341	260757
342	261506
343	262251
344	262996
345	263742
346	264488
347	265234
348	265978
349	266727
350	267473
351	268219
352	268963
353	269709
354	270455
355	271201
356	271945
357	272692
358	273437
359	274184
360	274930
361	275677
362	276424
363	277169
364	277913
365	278662
366	279408
367	280162
368	280908
369	281653
370	282401
371	283147
372	283891
373	284638
374	285384
375	286146
376	286892
377	287638
378	288385
379	289130
380	289874
381	290623
382	291368
383	292123
384	292869
385	293614
386	294361
387	295107
388	295852
389	296598
390	297343
391	298091
392	298836
393	299582
394	300328
395	301076
396	301826
397	302575
398	303320
399	304067
400	304813
401	305559
402	306306
403	307075
404	307822
405	308572
406	309320
407	310070
408	310818
409	311565
410	312313
411	313061
412	313809
413	314559
414	315318
415	316060
416	316803
417	317546
418	318289
419	319030
420	319773
421	320516
422	321258
423	322000
424	322743
425	323486
426	324229
427	324970
428	325713
429	326459
430	327201
431	327942
432	328686
433	329428
434	330171
435	330913
436	331655
437	332400
438	333143
439	333884
440	334628
441	335372
442	336123
443	336866
444	337608
445	338354
446	339097
447	339839
448	340583
449	341324
450	342068
451	342811
452	343553
453	344296
454	345037
455	345780
456	346524
457	347266
458	348007
459	348751
460	349493
461	350242
462	350984
463	351726
464	352469
465	353211
466	353954
467	354697
468	355440
469	356193
470	356934
471	357677
472	358421
473	359180
474	359923
475	360666
476	361409
477	362155
478	362898
479	363641
480	364392
481	365137
482	365878
483	366621
484	367364
485	368117
486	368860
487	369603
488	370346
489	371091
490	371834
491	372578
492	373319
493	374065
494	374808
495	375551
496	376295
497	377036
498	377781
499	378523
500	379266
501	380009
502	380752
503	381495
504	382242
505	382984
506	383727
507	384471
508	385215
509	385961
510	386704
511	387447
512	388190
513	388932
514	389675
515	390419
516	391161
517	391904
518	392647
519	393397
520	394149
521	394897
522	395640
523	396384
524	397127
525	397872
526	398615
527	399358
528	400101
529	400843
530	401586
531	402329
532	403076
533	403819
534	404562
535	405307
536	406048
537	406791
538	407534
539	408277
540	409019
541	409764
542	410507
543	411250
544	411992
545	412735
546	413478
547	414221
548	414964
549	415708
550	416452
551	417195
552	417937
553	418680
554	419423
555	420166
556	420908
557	421653
558	422396
559	423166
560	423934
561	424697
562	425446
563	426191
564	426932
565	427676
566	428425
567	429168
568	429910
569	430654
570	431397
571	432150
572	432895
573	433643
574	434387
575	435147
576	435889
577	436635
578	437379
579	438130
580	438873
581	439616
582	440360
583	441102
584	441844
585	442588
586	443331
587	444076
588	444819
589	445565
590	446309
591	447051
592	447794
593	448537
594	449280
595	450022
596	450765
597	451509
598	452252
599	452993
600	453737
601	454480
602	455224
603	455966
604	456710
605	457455
606	458199
607	458940
608	459683
609	460427
610	461170
611	461911
612	462654
613	463398
614	464150
615	464893
616	465637
617	466381
618	467140
619	467883
620	468627
621	469373
622	470124
623	470867
624	471610
625	472354
626	473096
627	473839
628	474582
629	475326
630	476070
631	476813
632	477557
633	478300
634	479042
635	479785
636	480528
637	481273
638	482015
639	482760
640	483503
641	484246
642	484988
643	485732
644	486475
645	487219
646	487961
647	488705
648	489449
649	490193
650	490934
651	491677
652	492425
653	493171
654	493912
655	494656
656	495400
657	496152
658	496894
659	497637
660	498381
661	499132
662	499882
663	500625
664	501370
665	502120
666	502862
667	503606
668	504352
669	505097
670	505840
671	506584
672	507326
673	508070
674	508812
675	509556
676	510298
677	511039
678	511800
679	512544
680	513288
681	514030
682	514773
683	515516
684	516259
685	517004
686	517747
687	518490
688	519233
689	519974
690	520716
691	521460
692	522202
693	522942
694	523685
695	524427
696	525171
697	525912
698	526654
699	527397
700	528139
701	528882
702	529626
703	530368
704	531121
705	531864
706	532609
707	533351
708	534095
709	534836
710	535579
711	536322
712	537065
713	537809
714	538553
715	539296
716	540038
717	540782
718	541525
719	542268
720	543009
721	543751
722	544496
723	545239
724	545981
725	546728
726	547472
727	548215
728	548957
729	549700
730	550442
731	551185
732	551927
733	552672
734	553418
735	554162
736	554905
737	555649
738	556392
739	557135
740	557877
741	558620
742	559362
743	560112
744	560854
745	561600
746	562344
747	563091
748	563833
749	564579
750	565322
751	566066
752	566809
753	567553
754	568296
755	569054
756	569797
757	570540
758	571283
759	572034
760	572777
761	573520
762	574264
763	575005
764	575747
765	576493
766	577235
767	577977
768	578722
769	579465
770	580207
771	580948
772	581691
773	582437
774	583181
775	583923
776	584665
777	585409
778	586151
779	586893
780	587637
781	588381
782	589123
783	589864
784	590611
785	591353
786	592094
787	592834
788	593575
789	594316
790	595057
791	595802
792	596544
793	597287
794	598029
795	598772
796	599514
797	600260
798	601002
799	601745
800	602487
801	603231
802	603972
803	604713
804	605455
805	606197
806	606937
807	607679
808	608421
809	609162
810	609903
811	610644
812	611386
813	612129
814	612870
815	613611
816	614353
817	615095
818	615836
819	616577
820	617318
821	618059
822	618800
823	619542
824	620283
825	621024
826	621765
827	622506
828	623249
829	623992
830	624733
831	625475
832	626216
833	626957
834	627700
835	628441
836	629183
837	629923
838	630664
839	631407
840	632149
841	632892
842	633634
843	634375
844	635117
845	635860
846	636602
847	637342
848	638087
849	638828
850	639570
851	640311
852	641052
853	641793
854	642534
855	643276
856	644016
857	644758
858	645500
859	646241
860	646982
861	647725
862	648468
863	649209
864	649950
865	650691
866	651434
867	652175
868	652916
869	653657
870	654399
871	655143
872	655885
873	656626
874	657369
875	658109
876	658850
877	659593
878	660335
879	661079
880	661820
881	662561
882	663302
883	664043
884	664784
885	665535
886	666278
887	667019
888	667760
889	668503
890	669244
891	669984
892	670726
893	671469
894	672210
895	672950
896	673691
897	674433
898	675175
899	675916
900	676657
901	677398
902	678138
903	678881
904	679622
905	680363
906	681104
907	681846
908	682596
909	683341
910	684085
911	684826
912	685572
913	686358
914	687101
915	687844
916	688586
917	689327
918	690072
919	690814
920	691560
921	692302
922	693042
923	693784
924	694526
925	695271
926	696012
927	696753
928	697494
929	698236
930	698977
931	699717
932	700459
933	701200
934	701941
935	702682
936	703424
937	704165
938	704906
939	705648
940	706398
941	707162
942	707985
943	708736
944	709481
945	710224
946	710967
947	711709
948	712451
949	713194
950	713935
951	714677
952	715419
953	716161
954	716902
955	717643
956	718385
957	719134
958	719875
959	720617
960	721358
961	722101
962	722842
963	723586
964	724328
965	725075
966	725816
967	726558
968	727300
969	728041
970	728782
971	729523
972	730265
973	731006
974	731748
975	732491
976	733235
977	733976
978	734718
979	735464
980	736206
981	736947
982	737689
983	738430
984	739172
985	739913
986	740655
987	741396
988	742137
989	742879
990	743621
991	744363
992	745105
993	745846
994	746587
995	747347
996	748093
997	748835
998	749576
999	750318
1000	751058
