1	0
2	963
3	6851
4	7750
5	8606
6	9462
7	10319
8	11228
9	12118
10	13120
11	14018
12	14889
13	15769
14	16683
15	17523
16	18360
17	19251
18	20086
19	20921
20	21756
21	22592
22	23427
23	24262
24	25097
25	25932
26	26767
27	27605
28	28440
29	29274
30	30108
31	30942
32	31776
33	32611
34	33444
35	34279
36	35113
37	35947
38	36781
39	37615
40	38449
41	39283
42	40117
43	40951
44	41789
45	42673
46	44595
47	45432
48	46275
49	47115
50	47949
51	48785
52	49620
53	50454
54	51288
55	52122
56	52956
57	53790
58	54665
59	55550
60	56433
61	57275
62	58111
63	58946
64	59781
65	60617
66	61452
67	62286
68	63120
69	63954
70	64788
71	65623
72	66464
73	67299
74	68133
75	68968
76	69802
77	70638
78	71472
79	72306
80	73140
81	73974
82	74808
83	75643
84	76477
85	77311
86	78145
87	78979
88	79814
89	80648
90	81482
91	82316
92	83150
93	83987
94	84821
95	85655
96	86489
97	87323
98	88158
99	88992
100	89826
101	90660
102	91494
103	92328
104	93162
105	93997
106	94831
107	95665
108	96500
109	97336
110	98170
111	99004
112	99838
113	100672
114	101516
115	102350
116	103184
117	104019
118	104853
119	105687
120	106522
121	107356
122	108190
123	109025
124	109859
125	110696
126	111531
127	112365
128	113199
129	114036
130	114871
131	115705
132	116540
133	117374
134	118208
135	119049
136	119884
137	120718
138	121553
139	122387
140	123222
141	124062
142	124898
143	125732
144	126568
145	127404
146	128239
147	129073
148	129907
149	130742
150	131578
151	132414
152	133250
153	134086
154	134922
155	135759
156	136595
157	137434
158	138270
159	139107
160	139943
161	140779
162	141615
163	142451
164	143287
165	144122
166	144958
167	145795
168	146631
169	147468
170	148304
171	149140
172	149976
173	150815
174	151650
175	152487
176	153369
177	154278
178	155118
179	155955
180	156791
181	157628
182	158464
183	159300
184	160136
185	160973
186	161810
187	162646
188	163483
189	164321
190	165158
191	165994
192	166830
193	167667
194	168503
195	169340
196	170176
197	171012
198	171849
199	172685
200	173521
201	174357
202	175194
203	176030
204	176866
205	177705
206	178541
207	179377
208	180214
209	181053
210	181889
211	182726
212	183562
213	184399
214	185235
215	186072
216	186908
217	187745
218	188581
219	189422
220	190258
221	191097
222	191933
223	192769
224	193606
225	194442
226	195279
227	196115
228	196952
229	197788
230	198624
231	199460
232	200296
233	201133
234	201970
235	202806
236	203643
237	204483
238	205320
239	206156
240	206993
241	207829
242	208666
243	209502
244	210339
245	211175
246	212012
247	212848
248	213684
249	214521
250	215357
251	216194
252	217030
253	217868
254	218705
255	219541
256	220380
257	221216
258	222056
259	222892
260	223729
261	224565
262	225402
263	226239
264	227075
265	227914
266	228754
267	229591
268	230427
269	231265
270	232102
271	232938
272	233774
273	234610
274	235447
275	236284
276	237120
277	237956
278	238793
279	239630
280	240466
281	241302
282	242139
283	242976
284	243813
285	244652
286	245489
287	246326
288	247162
289	247998
290	248834
291	249670
292	250506
293	251342
294	252179
295	253015
296	253851
297	254688
298	255524
299	256361
300	257197
301	258039
302	258877
303	259713
304	260549
305	261386
306	262222
307	263061
308	263898
309	264734
310	265570
311	266407
312	267243
313	268079
314	268915
315	269752
316	270588
317	271427
318	272263
319	273100
320	273936
321	274772
322	275608
323	276445
324	277281
325	278118
326	278953
327	279789
328	280626
329	281462
330	282298
331	283135
332	283971
333	284815
334	285654
335	286490
336	287327
337	288163
338	289000
339	289836
340	290673
341	291509
342	292346
343	293182
344	294018
345	294855
346	295692
347	296528
348	297365
349	298204
350	299043
351	299879
352	300716
353	301552
354	302388
355	303225
356	304064
357	304900
358	305737
359	306573
360	307410
361	308249
362	309089
363	309926
364	310763
365	311602
366	312438
367	313275
368	314111
369	314947
370	315783
371	316620
372	317456
373	318293
374	319129
375	319968
376	320804
377	321641
378	322478
379	323315
380	324151
381	324990
382	325826
383	326663
384	327499
385	328335
386	329171
387	330007
388	330844
389	331680
390	332530
391	333366
392	334201
393	335043
394	335879
395	336719
396	337556
397	338395
398	339233
399	340070
400	340919
401	341753
402	342586
403	343419
404	344252
405	345086
406	345919
407	346753
408	347586
409	348419
410	349253
411	350087
412	350920
413	351755
414	352589
415	353422
416	354255
417	355088
418	355921
419	356754
420	357588
421	358421
422	359254
423	360087
424	360921
425	361754
426	362587
427	363421
428	364253
429	365089
430	365922
431	366755
432	367588
433	368422
434	369255
435	370088
436	370922
437	371755
438	372588
439	373420
440	374253
441	375085
442	375917
443	376749
444	377582
445	378416
446	379248
447	380080
448	380913
449	381745
450	382577
451	383409
452	384242
453	385074
454	385906
455	386739
456	387571
457	388403
458	389235
459	390068
460	390900
461	391736
462	392568
463	393400
464	394236
465	395069
466	395901
467	396733
468	397566
469	398398
470	399230
471	400065
472	400901
473	401733
474	402566
475	403398
476	404236
477	405071
478	405903
479	406736
480	407568
481	408400
482	409233
483	410065
484	410897
485	411730
486	412562
487	413394
488	414226
489	415064
490	415897
491	416729
492	417561
493	418396
494	419229
495	420067
496	420900
497	421733
498	422566
499	423401
500	424236
501	425070
502	425903
503	426735
504	427567
505	428413
506	429246
507	430079
508	430911
509	431746
510	432578
511	433410
512	434243
513	435086
514	435919
515	436751
516	437583
517	438416
518	439248
519	440081
520	440914
521	441755
522	442588
523	443421
524	444254
525	445088
526	445920
527	446752
528	447585
529	448417
530	449249
531	450081
532	450914
533	451746
534	452578
535	453411
536	454274
537	455113
538	455945
539	456777
540	457610
541	458444
542	459285
543	460117
544	460950
545	461786
546	462618
547	463451
548	464283
549	465116
550	465948
551	466782
552	467614
553	468447
554	469280
555	470112
556	470944
557	471779
558	472611
559	473444
560	474277
561	475109
562	475942
563	476774
564	477606
565	478439
566	479280
567	480112
568	480945
569	481777
570	482609
571	483442
572	484275
573	485110
574	485942
575	486774
576	487607
577	488439
578	489280
579	490112
580	490944
581	491785
582	492617
583	493450
584	494282
585	495115
586	495947
587	496779
588	497611
589	498445
590	499278
591	500110
592	500942
593	501775
594	502607
595	503439
596	504271
597	505104
598	505937
599	506769
600	507602
601	508437
602	509286
603	510119
604	510950
605	511785
606	512617
607	513449
608	514281
609	515113
610	515946
611	516778
612	517611
613	518443
614	519284
615	520121
616	520953
617	521785
618	522618
619	523450
620	524283
621	525118
622	525950
623	526782
624	527615
625	528447
626	529288
627	530120
628	530952
629	531785
630	532617
631	533449
632	534282
633	535114
634	535947
635	536779
636	537612
637	538447
638	539288
639	540120
640	540953
641	541785
642	542617
643	543453
644	544286
645	545119
646	545951
647	546784
648	547617
649	548449
650	549282
651	550115
652	550948
653	551782
654	552614
655	553447
656	554279
657	555112
658	555944
659	556776
660	557609
661	558441
662	559273
663	560105
664	560937
665	561770
666	562602
667	563434
668	564266
669	565101
670	565933
671	566765
672	567597
673	568429
674	569261
675	570094
676	570925
677	571758
678	572590
679	573422
680	574254
681	575086
682	575918
683	576750
684	577582
685	578418
686	579260
687	580092
688	580924
689	581756
690	582588
691	583420
692	584252
693	585084
694	585916
695	586748
696	587581
697	588413
698	589248
699	590080
700	590912
701	591748
702	592581
703	593414
704	594251
705	595086
706	595921
707	596753
708	597585
709	598417
710	599251
711	600084
712	600916
713	601748
714	602580
715	603412
716	604245
717	605079
718	605911
719	606744
720	607576
721	608408
722	609244
723	610076
724	610908
725	611740
726	612572
727	613404
728	614237
729	615069
730	615901
731	616733
732	617566
733	618400
734	619235
735	620067
736	620901
737	621734
738	622566
739	623398
740	624231
741	625069
742	625901
743	626733
744	627565
745	628397
746	629229
747	630064
748	630896
749	631730
750	632562
751	633394
752	634227
753	635065
754	635897
755	636746
756	637579
757	638412
758	639245
759	640078
760	640911
761	641745
762	642578
763	643411
764	644245
765	645081
766	645913
767	646748
768	647580
769	648411
770	649242
771	650074
772	650906
773	651737
774	652569
775	653400
776	654236
777	655068
778	655906
779	656741
780	657573
781	658408
782	659241
783	660074
784	660906
785	661738
786	662569
787	663401
788	664237
789	665069
790	665900
791	666731
792	667563
793	668394
794	669226
795	670060
796	670891
797	671725
798	672556
799	673388
800	674220
801	675058
802	675890
803	676721
804	677553
805	678384
806	679216
807	680050
808	680882
809	681713
810	682544
811	683376
812	684207
813	685048
814	685879
815	686711
816	687542
817	688373
818	689205
819	690039
820	690871
821	691702
822	692533
823	693365
824	694196
825	695028
826	695859
827	696691
828	697522
829	698355
830	699187
831	700018
832	700850
833	701681
834	702512
835	703344
836	704175
837	705006
838	705837
839	706669
840	707500
841	708332
842	709163
843	709994
844	710825
845	711659
846	712490
847	713322
848	714153
849	714985
850	715817
851	716649
852	717480
853	718312
854	719144
855	719975
856	720809
857	721641
858	722473
859	723305
860	724137
861	724971
862	725802
863	726634
864	727466
865	728297
866	729129
867	729961
868	730792
869	731624
870	732455
871	733287
872	734119
873	734950
874	735782
875	736614
876	737446
877	738280
878	739111
879	739943
880	740775
881	741613
882	742445
883	743276
884	744108
885	744952
886	745791
887	746624
888	747457
889	748289
890	749121
891	749954
892	750812
893	751648
894	752480
895	753312
896	754143
897	754976
898	755808
899	756640
900	757472
901	758304
902	759136
903	759969
904	760801
905	761633
906	762465
907	763297
908	764131
909	764963
910	765795
911	766627
912	767466
913	768298
914	769129
915	769961
916	770793
917	771625
918	772458
919	773290
920	774122
921	774953
922	775785
923	776617
924	777451
925	778290
926	779122
927	779954
928	780786
929	781617
930	782449
931	783281
932	784113
933	784944
934	785776
935	786607
936	787439
937	788280
938	789112
939	789943
940	790775
941	791607
942	792438
943	793270
944	794101
945	794933
946	795765
947	796597
948	797428
949	798276
950	799108
951	799939
952	800771
953	801603
954	802434
955	803266
956	804104
957	804936
958	805767
959	806599
960	807437
961	808278
962	809111
963	809943
964	810775
965	811606
966	812438
967	813270
968	814115
969	814947
970	815778
971	816611
972	817442
973	818283
974	819114
975	819946
976	820780
977	821612
978	822445
979	823277
980	824110
981	824941
982	825773
983	826605
984	827436
985	828277
986	829109
987	829940
988	830772
989	831603
990	832435
991	833266
992	834098
993	834929
994	835763
995	836595
996	837427
997	838275
998	839106
999	839939
1000	840771
