1	0
2	830
3	6186
4	6970
5	7685
6	8399
7	9111
8	9823
9	10535
10	11268
11	12042
12	12793
13	13552
14	14403
15	15235
16	15951
17	16686
18	17447
19	18167
20	18877
21	19587
22	20296
23	21007
24	21716
25	22424
26	23133
27	23846
28	24554
29	25264
30	25973
31	26682
32	27392
33	28101
34	28810
35	29518
36	30228
37	30938
38	31647
39	32355
40	33064
41	33773
42	34481
43	35190
44	35902
45	36613
46	37321
47	38030
48	38739
49	39447
50	40156
51	40866
52	41574
53	42283
54	42992
55	43701
56	44410
57	45118
58	45826
59	46534
60	47244
61	47952
62	48661
63	49369
64	50077
65	50786
66	51494
67	52203
68	52914
69	53625
70	54333
71	55041
72	55750
73	56458
74	57166
75	57875
76	58582
77	59293
78	60002
79	60711
80	61419
81	62129
82	62838
83	63545
84	64254
85	64962
86	65671
87	66388
88	67097
89	67806
90	68513
91	69223
92	69932
93	70644
94	71352
95	72060
96	72768
97	73476
98	74184
99	74893
100	75601
101	76309
102	77018
103	77726
104	78434
105	79143
106	79851
107	80559
108	81268
109	81979
110	82687
111	83395
112	84103
113	84811
114	85519
115	86228
116	86936
117	87644
118	88352
119	89060
120	89769
121	90476
122	91186
123	91894
124	92602
125	93312
126	94021
127	94729
128	95437
129	96145
130	96854
131	97561
132	98269
133	98978
134	99686
135	100394
136	101103
137	101812
138	102521
139	103229
140	103938
141	104649
142	105356
143	106065
144	106774
145	107482
146	108191
147	108901
148	109613
149	110322
150	111032
151	111742
152	112451
153	113161
154	113870
155	114580
156	115288
157	116000
158	116709
159	117418
160	118127
161	118837
162	119545
163	120255
164	120965
165	121675
166	122383
167	123093
168	123802
169	124518
170	125230
171	125942
172	126652
173	127365
174	128077
175	128788
176	129497
177	130208
178	130920
179	131635
180	132346
181	133056
182	133765
183	134474
184	135184
185	135893
186	136602
187	137312
188	138021
189	138734
190	139443
191	140152
192	140863
193	141572
194	142282
195	142991
196	143701
197	144409
198	145143
199	145854
200	146563
201	147273
202	147982
203	148692
204	149402
205	150115
206	150826
207	151535
208	152245
209	152958
210	153668
211	154377
212	155087
213	155797
214	156505
215	157215
216	157927
217	158637
218	159346
219	160056
220	160767
221	161479
222	162189
223	162899
224	163612
225	164321
226	165032
227	165742
228	166451
229	167161
230	167871
231	168581
232	169290
233	170003
234	170714
235	171424
236	172135
237	172849
238	173559
239	174270
240	174981
241	175692
242	176402
243	177161
244	177888
245	178598
246	179310
247	180022
248	180736
249	181449
250	182160
251	182871
252	183580
253	184292
254	185003
255	185722
256	186432
257	187142
258	187853
259	188562
260	189273
261	189984
262	190694
263	191404
264	192115
265	192826
266	193535
267	194246
268	194956
269	195668
270	196378
271	197087
272	197797
273	198507
274	199218
275	199930
276	200641
277	201353
278	202067
279	202777
280	203485
281	204195
282	204905
283	205617
284	206326
285	207038
286	207748
287	208458
288	209168
289	209877
290	210586
291	211296
292	212006
293	212716
294	213426
295	214136
296	214846
297	215555
298	216264
299	216974
300	217684
301	218395
302	219105
303	219815
304	220524
305	221235
306	221945
307	222654
308	223363
309	224073
310	224783
311	225493
312	226202
313	226912
314	227625
315	228335
316	229044
317	229756
318	230465
319	231176
320	231886
321	232595
322	233305
323	234015
324	234726
325	235435
326	236145
327	236854
328	237564
329	238274
330	238994
331	239704
332	240413
333	241126
334	241835
335	242545
336	243254
337	243964
338	244674
339	245384
340	246094
341	246804
342	247512
343	248222
344	248931
345	249641
346	250350
347	251061
348	251771
349	252488
350	253204
351	253916
352	254629
353	255338
354	256048
355	256758
356	257468
357	258178
358	258888
359	259597
360	260306
361	261018
362	261729
363	262438
364	263148
365	263860
366	264569
367	265279
368	265988
369	266697
370	267406
371	268116
372	268825
373	269534
374	270244
375	270955
376	271665
377	272374
378	273086
379	273796
380	274505
381	275217
382	275929
383	276639
384	277350
385	278061
386	278772
387	279480
388	280191
389	280901
390	281614
391	282323
392	283033
393	283743
394	284453
395	285164
396	285873
397	286588
398	287298
399	288009
400	288719
401	289428
402	290138
403	290848
404	291558
405	292267
406	292977
407	293687
408	294397
409	295107
410	295826
411	296535
412	297245
413	297958
414	298667
415	299376
416	300087
417	300799
418	301510
419	302221
420	302932
421	303644
422	304354
423	305064
424	305776
425	306488
426	307199
427	307910
428	308620
429	309330
430	310037
431	310744
432	311450
433	312157
434	312863
435	313569
436	314276
437	314982
438	315688
439	316394
440	317100
441	317807
442	318513
443	319220
444	319930
445	320640
446	321347
447	322053
448	322760
449	323465
450	324171
451	324877
452	325583
453	326290
454	326996
455	327702
456	328408
457	329115
458	329821
459	330527
460	331234
461	331943
462	332649
463	333355
464	334062
465	334768
466	335473
467	336180
468	336886
469	337592
470	338299
471	339005
472	339711
473	340417
474	341130
475	341836
476	342542
477	343250
478	343957
479	344663
480	345369
481	346075
482	346782
483	347486
484	348193
485	348899
486	349607
487	350314
488	351021
489	351728
490	352434
491	353144
492	353850
493	354558
494	355264
495	355971
496	356677
497	357392
498	358099
499	358805
500	359510
501	360217
502	360924
503	361633
504	362339
505	363045
506	363752
507	364458
508	365165
509	365872
510	366578
511	367285
512	367992
513	368698
514	369404
515	370111
516	370818
517	371525
518	372231
519	372938
520	373644
521	374350
522	375057
523	375763
524	376469
525	377177
526	377883
527	378589
528	379296
529	380002
530	380709
531	381415
532	382122
533	382828
534	383535
535	384241
536	384948
537	385655
538	386360
539	387067
540	387774
541	388483
542	389189
543	389895
544	390601
545	391308
546	392015
547	392721
548	393427
549	394134
550	394841
551	395547
552	396252
553	396959
554	397666
555	398372
556	399079
557	399788
558	400494
559	401201
560	401907
561	402617
562	403325
563	404031
564	404738
565	405444
566	406154
567	406861
568	407567
569	408273
570	408980
571	409687
572	410393
573	411118
574	411826
575	412532
576	413239
577	413946
578	414652
579	415358
580	416065
581	416772
582	417479
583	418186
584	418892
585	419599
586	420305
587	421012
588	421719
589	422428
590	423135
591	423842
592	424549
593	425255
594	425962
595	426668
596	427374
597	428081
598	428788
599	429494
600	430202
601	430909
602	431619
603	432326
604	433032
605	433741
606	434448
607	435154
608	435862
609	436573
610	437289
611	437996
612	438702
613	439408
614	440115
615	440823
616	441529
617	442236
618	442943
619	443650
620	444357
621	445065
622	445771
623	446478
624	447184
625	447891
626	448598
627	449305
628	450011
629	450719
630	451425
631	452133
632	452840
633	453548
634	454256
635	454963
636	455669
637	456378
638	457084
639	457807
640	458514
641	459221
642	459930
643	460637
644	461353
645	462060
646	462766
647	463472
648	464178
649	464885
650	465591
651	466298
652	467005
653	467715
654	468421
655	469129
656	469835
657	470541
658	471249
659	471956
660	472663
661	473370
662	474077
663	474783
664	475508
665	476218
666	476927
667	477635
668	478341
669	479050
670	479756
671	480462
672	481171
673	481877
674	482583
675	483289
676	483996
677	484702
678	485415
679	486122
680	486829
681	487535
682	488241
683	488948
684	489655
685	490364
686	491071
687	491779
688	492485
689	493192
690	493897
691	494605
692	495312
693	496018
694	496725
695	497431
696	498137
697	498844
698	499550
699	500256
700	500963
701	501671
702	502379
703	503086
704	503792
705	504497
706	505204
707	505909
708	506618
709	507324
710	508030
711	508736
712	509442
713	510149
714	510856
715	511562
716	512267
717	512975
718	513682
719	514387
720	515094
721	515800
722	516506
723	517212
724	517919
725	518627
726	519333
727	520039
728	520746
729	521452
730	522158
731	522864
732	523570
733	524277
734	524984
735	525690
736	526396
737	527102
738	527808
739	528513
740	529220
741	529929
742	530636
743	531342
744	532048
745	532754
746	533460
747	534166
748	534872
749	535580
750	536285
751	536991
752	537698
753	538403
754	539110
755	539816
756	540522
757	541229
758	541936
759	542642
760	543347
761	544054
762	544760
763	545466
764	546172
765	546880
766	547586
767	548291
768	548997
769	549711
770	550417
771	551124
772	551830
773	552536
774	553246
775	553952
776	554658
777	555363
778	556069
779	556776
780	557481
781	558190
782	558896
783	559601
784	560307
785	561014
786	561720
787	562426
788	563133
789	563839
790	564544
791	565251
792	565957
793	566663
794	567368
795	568074
796	568781
797	569488
798	570195
799	570902
800	571610
801	572316
802	573023
803	573729
804	574434
805	575141
806	575847
807	576552
808	577259
809	577965
810	578670
811	579376
812	580082
813	580809
814	581516
815	582223
816	582930
817	583637
818	584344
819	585050
820	585757
821	586463
822	587170
823	587886
824	588593
825	589300
826	590007
827	590714
828	591418
829	592126
830	592832
831	593537
832	594243
833	594949
834	595655
835	596359
836	597064
837	597770
838	598475
839	599181
840	599887
841	600591
842	601298
843	602004
844	602709
845	603416
846	604121
847	604827
848	605532
849	606238
850	606943
851	607649
852	608354
853	609059
854	609765
855	610469
856	611176
857	611882
858	612587
859	613293
860	613998
861	614705
862	615410
863	616116
864	616822
865	617527
866	618232
867	618939
868	619645
869	620350
870	621055
871	621762
872	622467
873	623173
874	623883
875	624588
876	625297
877	626009
878	626715
879	627421
880	628128
881	628835
882	629541
883	630248
884	630955
885	631661
886	632367
887	633072
888	633779
889	634484
890	635192
891	635897
892	636605
893	637313
894	638018
895	638725
896	639430
897	640135
898	640842
899	641547
900	642253
901	642960
902	643666
903	644371
904	645077
905	645784
906	646489
907	647194
908	647900
909	648610
910	649315
911	650021
912	650728
913	651433
914	652139
915	652844
916	653553
917	654259
918	654965
919	655672
920	656377
921	657082
922	657788
923	658495
924	659201
925	659909
926	660621
927	661326
928	662032
929	662739
930	663448
931	664155
932	664862
933	665567
934	666277
935	667014
936	667721
937	668427
938	669135
939	669840
940	670546
941	671253
942	671980
943	672691
944	673396
945	674102
946	674807
947	675512
948	676218
949	676923
950	677631
951	678337
952	679048
953	679765
954	680473
955	681181
956	681893
957	682599
958	683306
959	684016
960	684722
961	685430
962	686137
963	686845
964	687550
965	688256
966	688964
967	689670
968	690377
969	691086
970	691792
971	692497
972	693203
973	693907
974	694616
975	695323
976	696029
977	696735
978	697440
979	698146
980	698851
981	699557
982	700261
983	700967
984	701674
985	702379
986	703084
987	703790
988	704495
989	705201
990	705905
991	706615
992	707321
993	708026
994	708732
995	709438
996	710143
997	710850
998	711555
999	712259
1000	712965
