1	0
2	4753
3	5526
4	6248
5	6969
6	7694
7	8439
8	9164
9	9893
10	10617
11	11373
12	12119
13	12840
14	13549
15	14309
16	15066
17	15777
18	16670
19	17396
20	18133
21	18886
22	19602
23	20304
24	21005
25	21707
26	22409
27	23123
28	23826
29	24527
30	25229
31	25930
32	26631
33	27333
34	28037
35	28738
36	29440
37	30141
38	30843
39	31545
40	32247
41	32948
42	33650
43	34351
44	35058
45	35758
46	36459
47	37160
48	37860
49	38561
50	39262
51	39963
52	40663
53	41364
54	42065
55	42765
56	43467
57	44167
58	44868
59	45568
60	46272
61	46972
62	47673
63	48373
64	49081
65	49782
66	50482
67	51183
68	51884
69	52586
70	53288
71	53989
72	54690
73	55392
74	56110
75	56811
76	57513
77	58216
78	58918
79	59620
80	60321
81	61023
82	61724
83	62426
84	63143
85	63844
86	64545
87	65245
88	65946
89	66656
90	67357
91	68061
92	68770
93	69473
94	70174
95	70874
96	71575
97	72276
98	72977
99	73678
100	74379
101	75089
102	75789
103	76490
104	77191
105	77892
106	78592
107	79293
108	79994
109	80697
110	81398
111	82115
112	82816
113	83518
114	84219
115	84919
116	85620
117	86321
118	87021
119	87722
120	88423
121	89132
122	89833
123	90534
124	91234
125	91937
126	92638
127	93339
128	94043
129	94743
130	95444
131	96145
132	96846
133	97546
134	98247
135	98947
136	99648
137	100349
138	101053
139	101754
140	102455
141	103158
142	103859
143	104560
144	105261
145	105962
146	106663
147	107364
148	108067
149	108769
150	109472
151	110175
152	110878
153	111582
154	112285
155	112987
156	113691
157	114396
158	115116
159	115819
160	116521
161	117224
162	117927
163	118629
164	119333
165	120038
166	120739
167	121440
168	122141
169	122842
170	123545
171	124247
172	124948
173	125652
174	126354
175	127059
176	127761
177	128462
178	129163
179	129864
180	130567
181	131270
182	131972
183	132675
184	133378
185	134090
186	134793
187	135495
188	136198
189	136903
190	137606
191	138309
192	139011
193	139713
194	140416
195	141119
196	141821
197	142524
198	143227
199	143927
200	144629
201	145329
202	146035
203	146738
204	147440
205	148147
206	148850
207	149553
208	150256
209	150959
210	151662
211	152364
212	153067
213	153770
214	154473
215	155175
216	155878
217	156582
218	157284
219	157987
220	158690
221	159396
222	160116
223	160818
224	161521
225	162224
226	162927
227	163629
228	164331
229	165037
230	165740
231	166443
232	167146
233	167849
234	168552
235	169254
236	169957
237	170662
238	171365
239	172068
240	172771
241	173474
242	174177
243	174880
244	175582
245	176283
246	176984
247	177685
248	178386
249	179088
250	179789
251	180491
252	181194
253	181899
254	182602
255	183305
256	184007
257	184708
258	185410
259	186120
260	186820
261	187523
262	188226
263	188929
264	189632
265	190335
266	191042
267	191744
268	192447
269	193150
270	193852
271	194553
272	195256
273	195957
274	196661
275	197364
276	198066
277	198769
278	199472
279	200175
280	200876
281	201577
282	202278
283	202981
284	203683
285	204388
286	205091
287	205794
288	206497
289	207200
290	207902
291	208611
292	209312
293	210013
294	210714
295	211417
296	212128
297	212831
298	213534
299	214237
300	214939
301	215644
302	216347
303	217050
304	217751
305	218452
306	219155
307	219857
308	220560
309	221263
310	221966
311	222669
312	223372
313	224083
314	224783
315	225484
316	226185
317	226890
318	227592
319	228295
320	228998
321	229701
322	230403
323	231106
324	231817
325	232519
326	233220
327	233921
328	234621
329	235324
330	236025
331	236728
332	237431
333	238144
334	238847
335	239550
336	240254
337	240954
338	241655
339	242356
340	243062
341	243763
342	244466
343	245169
344	245872
345	246576
346	247282
347	247985
348	248686
349	249390
350	250107
351	250808
352	251511
353	252214
354	252917
355	253620
356	254323
357	255025
358	255728
359	256431
360	257132
361	257834
362	258535
363	259238
364	259940
365	260646
366	261349
367	262055
368	262757
369	263460
370	264161
371	264862
372	265563
373	266264
374	266965
375	267668
376	268371
377	269073
378	269776
379	270479
380	271182
381	271887
382	272590
383	273293
384	273994
385	274695
386	275395
387	276112
388	276813
389	277514
390	278215
391	278916
392	279617
393	280318
394	281019
395	281722
396	282425
397	283131
398	283832
399	284534
400	285235
401	285936
402	286637
403	287338
404	288042
405	288743
406	289446
407	290148
408	290851
409	291553
410	292256
411	292958
412	293660
413	294365
414	295067
415	295769
416	296472
417	297175
418	297889
419	298590
420	299290
421	299990
422	300690
423	301390
424	302106
425	302806
426	303506
427	304206
428	304906
429	305609
430	306309
431	307009
432	307707
433	308406
434	309106
435	309804
436	310504
437	311204
438	311904
439	312604
440	313305
441	314004
442	314704
443	315411
444	316119
445	316821
446	317523
447	318224
448	318923
449	319623
450	320323
451	321023
452	321723
453	322423
454	323129
455	323828
456	324526
457	325225
458	325923
459	326621
460	327321
461	328035
462	328733
463	329438
464	330136
465	330837
466	331537
467	332235
468	332933
469	333631
470	334331
471	335034
472	335734
473	336434
474	337134
475	337835
476	338535
477	339237
478	339938
479	340638
480	341338
481	342041
482	342741
483	343440
484	344149
485	344850
486	345550
487	346251
488	346950
489	347650
490	348350
491	349056
492	349756
493	350458
494	351158
495	351858
496	352558
497	353258
498	353957
499	354658
500	355358
501	356061
502	356760
503	357460
504	358159
505	358857
506	359555
507	360254
508	360952
509	361654
510	362354
511	363057
512	363755
513	364455
514	365155
515	365854
516	366554
517	367254
518	367954
519	368654
520	369354
521	370056
522	370756
523	371456
524	372154
525	372856
526	373556
527	374256
528	374956
529	375656
530	376356
531	377057
532	377755
533	378453
534	379152
535	379853
536	380553
537	381253
538	381953
539	382653
540	383353
541	384058
542	384758
543	385458
544	386158
545	386858
546	387557
547	388255
548	388955
549	389655
550	390356
551	391058
552	391758
553	392459
554	393157
555	393855
556	394553
557	395256
558	395956
559	396656
560	397356
561	398059
562	398758
563	399458
564	400158
565	400856
566	401562
567	402261
568	402966
569	403665
570	404364
571	405064
572	405764
573	406467
574	407167
575	407866
576	408566
577	409265
578	409963
579	410663
580	411363
581	412063
582	412763
583	413463
584	414163
585	414865
586	415565
587	416265
588	416965
589	417668
590	418368
591	419076
592	419775
593	420475
594	421175
595	421875
596	422575
597	423275
598	423975
599	424673
600	425373
601	426081
602	426781
603	427480
604	428186
605	428888
606	429588
607	430289
608	430988
609	431689
610	432389
611	433094
612	433793
613	434491
614	435191
615	435891
616	436591
617	437291
618	437991
619	438691
620	439391
621	440110
622	440808
623	441506
624	442213
625	442913
626	443612
627	444311
628	445010
629	445710
630	446409
631	447109
632	447809
633	448516
634	449216
635	449914
636	450619
637	451320
638	452018
639	452716
640	453420
641	454128
642	454826
643	455526
644	456224
645	456922
646	457620
647	458318
648	459018
649	459718
650	460417
651	461116
652	461815
653	462517
654	463220
655	463918
656	464618
657	465316
658	466016
659	466714
660	467412
661	468121
662	468821
663	469522
664	470222
665	470922
666	471622
667	472322
668	473021
669	473724
670	474423
671	475122
672	475822
673	476522
674	477221
675	477921
676	478620
677	479320
678	480020
679	480718
680	481416
681	482122
682	482822
683	483521
684	484221
685	484923
686	485623
687	486323
688	487022
689	487722
690	488421
691	489121
692	489821
693	490520
694	491220
695	491920
696	492620
697	493320
698	494019
699	494719
700	495420
701	496130
702	496828
703	497530
704	498228
705	498927
706	499626
707	500326
708	501026
709	501725
710	502425
711	503125
712	503825
713	504524
714	505224
715	505925
716	506624
717	507325
718	508023
719	508723
720	509423
721	510131
722	510832
723	511532
724	512231
725	512931
726	513631
727	514330
728	515033
729	515733
730	516433
731	517132
732	517832
733	518534
734	519234
735	519933
736	520633
737	521333
738	522035
739	522735
740	523434
741	524140
742	524840
743	525540
744	526240
745	526939
746	527639
747	528339
748	529045
749	529748
750	530448
751	531147
752	531848
753	532547
754	533247
755	533947
756	534647
757	535347
758	536049
759	536749
760	537449
761	538149
762	538849
763	539548
764	540248
765	540950
766	541650
767	542350
768	543052
769	543752
770	544455
771	545178
772	545877
773	546576
774	547275
775	547974
776	548674
777	549373
778	550089
779	550788
780	551492
781	552194
782	552893
783	553592
784	554292
785	554991
786	555690
787	556389
788	557088
789	557787
790	558486
791	559185
792	559884
793	560584
794	561283
795	561982
796	562681
797	563383
798	564091
799	564790
800	565489
801	566189
802	566888
803	567587
804	568286
805	568985
806	569685
807	570384
808	571083
809	571782
810	572481
811	573180
812	573879
813	574581
814	575280
815	575979
816	576678
817	577377
818	578084
819	578783
820	579483
821	580182
822	580881
823	581580
824	582279
825	582978
826	583677
827	584376
828	585083
829	585785
830	586484
831	587183
832	587882
833	588581
834	589281
835	589979
836	590679
837	591379
838	592087
839	592786
840	593485
841	594192
842	594891
843	595590
844	596289
845	596991
846	597690
847	598389
848	599097
849	599796
850	600495
851	601194
852	601893
853	602592
854	603291
855	603990
856	604689
857	605388
858	606097
859	606796
860	607495
861	608196
862	608895
863	609595
864	610294
865	610993
866	611692
867	612391
868	613098
869	613797
870	614496
871	615195
872	615894
873	616593
874	617292
875	617991
876	618690
877	619393
878	620109
879	620808
880	621507
881	622206
882	622905
883	623604
884	624304
885	625003
886	625702
887	626401
888	627117
889	627816
890	628515
891	629215
892	629920
893	630622
894	631321
895	632020
896	632730
897	633430
898	634139
899	634839
900	635539
901	636239
902	636939
903	637637
904	638338
905	639044
906	639743
907	640443
908	641142
909	641845
910	642544
911	643244
912	643943
913	644642
914	645341
915	646043
916	646743
917	647442
918	648141
919	648840
920	649539
921	650238
922	650945
923	651644
924	652344
925	653049
926	653748
927	654447
928	655147
929	655846
930	656546
931	657245
932	657944
933	658644
934	659344
935	660047
936	660746
937	661445
938	662144
939	662845
940	663544
941	664244
942	664943
943	665642
944	666343
945	667045
946	667744
947	668444
948	669143
949	669843
950	670542
951	671241
952	671940
953	672639
954	673339
955	674041
956	674740
957	675445
958	676142
959	676840
960	677537
961	678243
962	678942
963	679641
964	680339
965	681039
966	681736
967	682442
968	683140
969	683838
970	684537
971	685236
972	685933
973	686636
974	687340
975	688040
976	688738
977	689440
978	690145
979	690845
980	691543
981	692248
982	692945
983	693642
984	694350
985	695051
986	695749
987	696447
988	697145
989	697845
990	698542
991	699248
992	699946
993	700643
994	701340
995	702047
996	702749
997	703447
998	704152
999	704850
1000	705547
