1	0
2	927
3	5098
4	5964
5	6771
6	7574
7	8378
8	9181
9	9984
10	10809
11	11699
12	12527
13	13445
14	14302
15	15130
16	15953
17	16893
18	17700
19	18506
20	19313
21	20119
22	20924
23	21729
24	22534
25	23339
26	24144
27	24952
28	25758
29	26562
30	27367
31	28171
32	28976
33	29788
34	30593
35	31397
36	32202
37	33006
38	33810
39	34614
40	35420
41	36224
42	37028
43	37832
44	38639
45	39443
46	40247
47	41051
48	41856
49	42660
50	43464
51	44268
52	45078
53	45882
54	46685
55	47489
56	48292
57	49095
58	49899
59	50702
60	51507
61	52311
62	53114
63	53917
64	54721
65	55525
66	56328
67	57132
68	57936
69	58740
70	59543
71	60347
72	61158
73	61962
74	62766
75	63569
76	64374
77	65179
78	65983
79	66794
80	67597
81	68401
82	69204
83	70007
84	70811
85	71615
86	72418
87	73222
88	74025
89	74829
90	75633
91	76436
92	77240
93	78046
94	78849
95	79653
96	80456
97	81269
98	82075
99	82879
100	83682
101	84486
102	85290
103	86094
104	86897
105	87701
106	88505
107	89308
108	90124
109	90931
110	91735
111	92539
112	93343
113	94147
114	94950
115	95754
116	96558
117	97362
118	98166
119	98970
120	99773
121	100577
122	101381
123	102185
124	102990
125	103796
126	104600
127	105404
128	106208
129	107012
130	107816
131	108621
132	109425
133	110230
134	111034
135	111839
136	112644
137	113448
138	114252
139	115063
140	115868
141	116675
142	117479
143	118285
144	119090
145	119894
146	120698
147	121503
148	122307
149	123112
150	123916
151	124721
152	125525
153	126329
154	127134
155	127938
156	128743
157	129550
158	130355
159	131159
160	131964
161	132769
162	133573
163	134377
164	135182
165	135986
166	136791
167	137595
168	138400
169	139204
170	140009
171	140813
172	141617
173	142424
174	143229
175	144033
176	144838
177	145642
178	146447
179	147251
180	148058
181	148863
182	149667
183	150472
184	151276
185	152084
186	152888
187	153692
188	154500
189	155307
190	156111
191	156916
192	157720
193	158525
194	159330
195	160134
196	160939
197	161744
198	162549
199	163353
200	164158
201	164963
202	165768
203	166573
204	167377
205	168184
206	168989
207	169793
208	170598
209	171402
210	172207
211	173012
212	173816
213	174621
214	175426
215	176230
216	177035
217	177840
218	178644
219	179449
220	180254
221	181065
222	181870
223	182674
224	183479
225	184288
226	185093
227	185899
228	186704
229	187509
230	188314
231	189118
232	189923
233	190730
234	191535
235	192339
236	193145
237	193953
238	194757
239	195562
240	196366
241	197171
242	197976
243	198780
244	199585
245	200390
246	201194
247	201999
248	202803
249	203608
250	204412
251	205218
252	206023
253	206830
254	207635
255	208439
256	209243
257	210048
258	210852
259	211657
260	212461
261	213266
262	214074
263	214879
264	215684
265	216490
266	217295
267	218099
268	218904
269	219710
270	220515
271	221320
272	222124
273	222929
274	223733
275	224538
276	225343
277	226147
278	226952
279	227757
280	228562
281	229366
282	230175
283	230980
284	231785
285	232592
286	233397
287	234202
288	235006
289	235811
290	236616
291	237421
292	238225
293	239030
294	239835
295	240639
296	241445
297	242250
298	243057
299	243862
300	244667
301	245473
302	246278
303	247085
304	247890
305	248694
306	249499
307	250303
308	251108
309	251913
310	252718
311	253522
312	254328
313	255133
314	255937
315	256742
316	257546
317	258353
318	259158
319	259963
320	260768
321	261572
322	262377
323	263182
324	263986
325	264791
326	265595
327	266400
328	267205
329	268009
330	268814
331	269618
332	270423
333	271230
334	272034
335	272839
336	273643
337	274452
338	275257
339	276065
340	276870
341	277675
342	278479
343	279285
344	280098
345	280903
346	281708
347	282512
348	283333
349	284140
350	284945
351	285750
352	286555
353	287359
354	288164
355	288970
356	289774
357	290582
358	291387
359	292192
360	292996
361	293801
362	294606
363	295411
364	296215
365	297022
366	297827
367	298632
368	299436
369	300241
370	301046
371	301851
372	302655
373	303460
374	304265
375	305076
376	305881
377	306685
378	307490
379	308303
380	309108
381	309914
382	310719
383	311523
384	312337
385	313141
386	313946
387	314751
388	315556
389	316360
390	317165
391	317970
392	318775
393	319580
394	320387
395	321193
396	322002
397	322810
398	323616
399	324422
400	325229
401	326034
402	326841
403	327647
404	328464
405	329266
406	330071
407	330872
408	331674
409	332476
410	333277
411	334082
412	334883
413	335687
414	336489
415	337291
416	338092
417	338894
418	339696
419	340498
420	341300
421	342101
422	342903
423	343704
424	344506
425	345308
426	346110
427	346912
428	347713
429	348517
430	349319
431	350121
432	350922
433	351724
434	352526
435	353328
436	354130
437	354931
438	355733
439	356534
440	357335
441	358137
442	358938
443	359740
444	360542
445	361347
446	362149
447	362950
448	363752
449	364553
450	365355
451	366157
452	366959
453	367761
454	368563
455	369365
456	370166
457	370968
458	371770
459	372571
460	373373
461	374177
462	374978
463	375780
464	376582
465	377384
466	378185
467	378987
468	379789
469	380590
470	381392
471	382194
472	382996
473	383797
474	384599
475	385409
476	386211
477	387014
478	387816
479	388618
480	389420
481	390221
482	391025
483	391827
484	392630
485	393432
486	394236
487	395038
488	395842
489	396644
490	397446
491	398247
492	399049
493	399854
494	400657
495	401459
496	402261
497	403066
498	403868
499	404670
500	405472
501	406273
502	407078
503	407879
504	408681
505	409482
506	410292
507	411093
508	411895
509	412700
510	413501
511	414319
512	415121
513	415923
514	416725
515	417527
516	418337
517	419139
518	419941
519	420743
520	421552
521	422354
522	423156
523	423958
524	424760
525	425565
526	426367
527	427168
528	427971
529	428772
530	429574
531	430376
532	431178
533	431980
534	432782
535	433583
536	434385
537	435187
538	435989
539	436790
540	437592
541	438396
542	439198
543	440000
544	440801
545	441603
546	442404
547	443206
548	444008
549	444810
550	445612
551	446414
552	447220
553	448025
554	448828
555	449631
556	450434
557	451239
558	452041
559	452843
560	453645
561	454446
562	455249
563	456051
564	456853
565	457654
566	458456
567	459258
568	460062
569	460864
570	461665
571	462467
572	463269
573	464075
574	464877
575	465679
576	466481
577	467285
578	468087
579	468889
580	469691
581	470493
582	471295
583	472097
584	472898
585	473700
586	474502
587	475304
588	476106
589	476911
590	477713
591	478515
592	479317
593	480119
594	480920
595	481721
596	482523
597	483324
598	484126
599	484928
600	485730
601	486531
602	487333
603	488135
604	488937
605	489741
606	490543
607	491346
608	492148
609	492950
610	493751
611	494553
612	495355
613	496157
614	496959
615	497761
616	498562
617	499364
618	500166
619	500968
620	501770
621	502574
622	503376
623	504178
624	504980
625	505782
626	506584
627	507385
628	508187
629	508989
630	509790
631	510592
632	511393
633	512195
634	512996
635	513798
636	514600
637	515404
638	516206
639	517008
640	517809
641	518611
642	519413
643	520215
644	521016
645	521822
646	522624
647	523426
648	524228
649	525030
650	525831
651	526633
652	527435
653	528239
654	529041
655	529844
656	530647
657	531448
658	532250
659	533051
660	533853
661	534655
662	535456
663	536258
664	537062
665	537863
666	538665
667	539466
668	540268
669	541076
670	541877
671	542678
672	543479
673	544281
674	545088
675	545890
676	546691
677	547493
678	548294
679	549095
680	549897
681	550698
682	551500
683	552301
684	553103
685	553906
686	554707
687	555510
688	556311
689	557112
690	557914
691	558715
692	559516
693	560318
694	561128
695	561929
696	562731
697	563533
698	564334
699	565136
700	565937
701	566741
702	567542
703	568344
704	569146
705	569947
706	570748
707	571550
708	572351
709	573154
710	573956
711	574758
712	575559
713	576361
714	577163
715	577965
716	578766
717	579570
718	580371
719	581173
720	581974
721	582775
722	583577
723	584379
724	585180
725	585982
726	586783
727	587585
728	588386
729	589188
730	589989
731	590793
732	591596
733	592400
734	593201
735	594003
736	594805
737	595607
738	596408
739	597210
740	598012
741	598813
742	599615
743	600417
744	601218
745	602020
746	602822
747	603624
748	604425
749	605230
750	606031
751	606832
752	607634
753	608435
754	609237
755	610038
756	610840
757	611641
758	612443
759	613245
760	614048
761	614850
762	615653
763	616455
764	617258
765	618067
766	618870
767	619672
768	620479
769	621281
770	622085
771	622886
772	623687
773	624487
774	625289
775	626093
776	626895
777	627695
778	628496
779	629297
780	630098
781	630901
782	631702
783	632503
784	633304
785	634105
786	634906
787	635707
788	636508
789	637309
790	638110
791	638911
792	639711
793	640512
794	641313
795	642114
796	642914
797	643717
798	644518
799	645319
800	646120
801	646921
802	647722
803	648523
804	649324
805	650125
806	650925
807	651726
808	652527
809	653328
810	654129
811	654930
812	655731
813	656534
814	657334
815	658135
816	658935
817	659736
818	660537
819	661338
820	662138
821	662939
822	663740
823	664541
824	665342
825	666143
826	666943
827	667744
828	668545
829	669348
830	670149
831	670949
832	671750
833	672551
834	673352
835	674153
836	674954
837	675755
838	676556
839	677356
840	678157
841	678958
842	679759
843	680568
844	681370
845	682174
846	682975
847	683776
848	684576
849	685377
850	686178
851	686979
852	687779
853	688580
854	689381
855	690182
856	690985
857	691786
858	692587
859	693388
860	694189
861	694992
862	695793
863	696593
864	697394
865	698195
866	698996
867	699796
868	700597
869	701398
870	702199
871	703000
872	703801
873	704602
874	705403
875	706204
876	707005
877	707817
878	708617
879	709418
880	710219
881	711020
882	711820
883	712628
884	713429
885	714230
886	715031
887	715845
888	716647
889	717450
890	718252
891	719057
892	719859
893	720663
894	721466
895	722267
896	723072
897	723873
898	724675
899	725477
900	726279
901	727083
902	727884
903	728685
904	729486
905	730287
906	731088
907	731889
908	732690
909	733493
910	734294
911	735095
912	735896
913	736697
914	737498
915	738299
916	739100
917	739901
918	740702
919	741502
920	742303
921	743104
922	743905
923	744706
924	745507
925	746311
926	747112
927	747913
928	748713
929	749514
930	750315
931	751116
932	751917
933	752718
934	753519
935	754320
936	755121
937	755922
938	756723
939	757524
940	758325
941	759126
942	759926
943	760727
944	761528
945	762329
946	763130
947	763931
948	764732
949	765533
950	766334
951	767135
952	767936
953	768740
954	769541
955	770342
956	771143
957	771950
958	772751
959	773552
960	774353
961	775155
962	775957
963	776760
964	777562
965	778363
966	779165
967	779966
968	780767
969	781570
970	782371
971	783172
972	783973
973	784774
974	785576
975	786377
976	787178
977	787979
978	788781
979	789584
980	790385
981	791187
982	791989
983	792791
984	793593
985	794394
986	795197
987	796001
988	796803
989	797606
990	798421
991	799229
992	800032
993	800835
994	801638
995	802443
996	803245
997	804047
998	804849
999	805651
1000	806453
