1	0
2	433
3	814
4	1190
5	6070
6	6487
7	7537
8	7912
9	8270
10	8630
11	8985
12	9346
13	9700
14	10057
15	10418
16	10778
17	11140
18	11504
19	11864
20	12223
21	12586
22	12950
23	13315
24	13678
25	14041
26	14405
27	14766
28	15125
29	15483
30	15843
31	16202
32	16560
33	16919
34	17332
35	17691
36	18049
37	18409
38	18767
39	19125
40	19482
41	19840
42	20198
43	20562
44	20921
45	21279
46	21637
47	21995
48	22353
49	22710
50	23068
51	23425
52	23783
53	24140
54	24498
55	24855
56	25213
57	25570
58	25927
59	26287
60	26645
61	27003
62	27361
63	27718
64	28076
65	28433
66	28790
67	29147
68	29505
69	29862
70	30219
71	30576
72	30934
73	31292
74	31649
75	32009
76	32369
77	32727
78	33086
79	33443
80	33800
81	34157
82	34514
83	34871
84	35229
85	35586
86	35944
87	36301
88	36659
89	37018
90	37376
91	37734
92	38093
93	38451
94	38809
95	39167
96	39524
97	39881
98	40238
99	40596
100	40954
