1	0
2	320125068
3	640292746
4	960336167
5	1280377565
6	1600419222
7	1920459001
8	2240549950
9	2560595338
10	2880636395
11	3200720168
12	3520766772
13	3840810143
14	4160852848
15	4480900339
16	4800938109
17	5120980684
18	5441024097
19	5761061996
20	6081103253
21	6401147528
22	6721192088
23	7041235772
24	7361277909
25	7681316116
26	8001356854
27	8321403522
28	8641443972
29	8961486143
30	9281525341
31	9601571627
32	9921610868
33	10241654491
34	10561698174
35	10881736768
36	11201782134
37	11521825205
38	11841866046
39	12161909367
40	12481950478
41	12801989012
42	13122040583
43	13442080111
44	13762120652
45	14082162065
46	14402204795
47	14722244884
48	15042288488
49	15362327671
50	15682367310
51	16002407974
52	16322451828
53	16642496895
54	16962540633
55	17282623285
56	17602662028
57	17922701311
58	18242745159
59	18562788347
60	18882831051
61	19202872847
62	19522912317
63	19842949654
64	20162990676
65	20483033039
66	20803072575
67	21123114823
68	21443158180
69	21763198484
70	22083239029
71	22403282004
72	22723321421
73	23043363224
74	23363403748
75	23683444987
76	24003486501
77	24323527790
78	24643568004
79	24963609622
80	25283648973
81	25603686781
82	25923725514
83	26243774422
84	26563818587
85	26883861433
86	27203905138
87	27523945110
88	27843983181
89	28164029830
90	28484074088
91	28804114910
92	29124157353
93	29444199294
94	29764237391
95	30084279892
96	30404321686
97	30724362170
98	31044404653
99	31364448297
100	31684487803
