1	0	10569
2	893	11134
3	7018	17444
4	7870	18033
5	8650	18790
6	10254	20434
7	11054	21191
8	11846	21944
9	12615	22710
10	13377	23485
11	14149	24344
12	14969	25196
13	15791	25933
14	16566	26688
15	17329	27442
16	18106	28206
17	18865	28964
18	19678	29847
19	20554	30654
20	21361	31438
21	22112	32186
22	22861	32932
23	23608	33680
24	24356	34435
25	25111	35185
26	25860	35940
27	26610	36693
28	27361	37433
29	28110	38182
30	28857	38928
31	29604	39678
32	30352	40426
33	31101	41173
34	31849	41919
35	32596	42668
36	33344	43415
37	34091	44163
38	34838	44909
39	35586	45658
40	36334	46407
41	37082	47154
42	37830	47901
43	38577	48650
44	39327	49399
45	40075	50147
46	40822	50894
47	41570	51642
48	42318	52390
49	43066	53137
50	43813	53884
51	44561	54632
52	45309	55382
53	46057	56132
54	46804	56875
55	47552	57623
56	48300	58371
57	49047	59121
58	49794	59865
59	50542	60615
60	51290	61364
61	52040	62110
62	52787	62858
63	53535	63606
64	54282	64354
65	55030	65103
66	55777	65848
67	56525	66596
68	57272	67344
69	58020	68090
70	58768	68838
71	59515	69586
72	60263	70336
73	61011	71082
74	61759	71829
75	62506	72578
76	63254	73328
77	64004	74074
78	64751	74822
79	65499	75570
80	66247	76321
81	66995	77066
82	67743	77814
83	68491	78568
84	69239	79313
85	69987	80057
86	70734	80807
87	71482	81556
88	72230	82305
89	72979	83049
90	73726	83799
91	74474	84546
92	75223	85297
93	75971	86043
94	76720	86792
95	77467	87550
96	78216	88292
97	78966	89037
98	79714	89786
99	80461	90534
100	81210	91284
101	81961	92033
102	82708	92780
103	83456	93528
104	84205	94279
105	84955	95028
106	85703	95774
107	86451	96523
108	87200	97274
109	87951	98030
110	88703	98774
111	89451	99523
112	90199	100278
113	90954	101027
114	91702	101773
115	92450	102521
116	93198	103272
117	93949	104021
118	94696	104767
119	95444	105516
120	96192	106265
121	96942	107014
122	97690	107761
123	98437	108509
124	99185	109257
125	99933	110007
126	100682	110755
127	101431	111504
128	102180	112251
129	102927	113000
130	103675	113746
131	104423	114495
132	105171	115243
133	105919	115991
134	106667	116738
135	107415	117487
136	108163	118235
137	108911	118982
138	109659	119733
139	110406	120480
140	111155	121227
141	111903	121977
142	112653	122725
143	113401	123473
144	114149	124223
145	114897	124970
146	115645	125716
147	116393	126465
148	117141	127213
149	117889	127960
150	118637	128708
151	119384	129457
152	120133	130205
153	120881	130953
154	121629	131700
155	122377	132449
156	123125	133197
157	123873	133947
158	124623	134694
159	125371	135444
160	126119	136191
161	126867	136938
162	127615	137687
163	128363	138435
164	129111	139183
165	129859	139931
166	130607	140679
167	131355	141427
168	132103	142176
169	132852	142924
170	133601	143672
171	134349	144420
172	135097	145169
173	135846	145919
174	136596	146667
175	137344	147417
176	138093	148165
177	138841	148912
178	139588	149661
179	140337	150411
180	141086	151158
181	141833	151905
182	142581	152653
183	143329	153402
184	144078	154150
185	144826	154897
186	145574	155647
187	146323	156396
188	147071	157143
189	147820	157893
190	148570	158641
191	149318	159390
192	150067	160144
193	150814	160887
194	151562	161635
195	152311	162384
196	153060	163135
197	153807	163879
198	154556	164627
199	155304	165392
200	156061	166140
201	156808	166880
202	157556	167628
203	158305	168378
204	159053	169126
205	159800	169875
206	160551	170624
207	161300	171372
208	162048	172124
209	162796	172868
210	163544	173617
211	164293	174368
212	165044	175122
213	165796	175867
214	166544	176616
215	167293	177365
216	168041	178112
217	168789	178860
218	169537	179609
219	170285	180359
220	171034	181105
221	171782	181856
222	172532	182604
223	173281	183353
224	174030	184106
225	174777	184849
226	175525	185597
227	176274	186345
228	177022	187093
229	177769	187842
230	178517	188589
231	179265	189337
232	180014	190085
233	180761	190834
234	181509	191581
235	182258	192330
236	183006	193077
237	183754	193828
238	184504	194576
239	185253	195324
240	186001	196074
241	186749	196821
242	187497	197590
243	188265	198339
244	189015	199085
245	189763	199834
246	190511	200584
247	191260	201332
248	192008	202079
249	192756	202827
250	193504	203576
251	194252	204325
252	195001	205072
253	195749	205824
254	196499	206571
255	197247	207320
256	197996	208067
257	198744	208815
258	199492	209564
259	200240	210314
260	200989	211060
261	201737	211809
262	202485	212558
263	203234	213308
264	203982	214053
265	204730	214801
266	205478	215550
267	206227	216300
268	206975	217046
269	207723	217797
270	208473	218545
271	209223	219297
272	209971	220042
273	210719	220793
274	211467	221539
275	212216	222292
276	212967	223038
277	213715	223786
278	214463	224535
279	215212	225292
280	215967	226040
281	216717	226789
282	217465	227537
283	218214	228288
284	218965	229036
285	219713	229786
286	220463	230536
287	221212	231286
288	221963	232035
289	222711	232782
290	223459	233531
291	224207	234282
292	224958	235030
293	225706	235778
294	226455	236527
295	227203	237278
296	227955	238025
297	228702	238773
298	229450	239522
299	230198	240277
300	230953	241025
301	231701	241775
302	232451	242525
303	233200	243274
304	233951	244022
305	234699	244770
306	235447	245518
307	236195	246270
308	236946	247017
309	237694	247766
310	238442	248514
311	239191	249264
312	239941	250012
313	240689	250761
314	241437	251509
315	242186	252258
316	242934	253008
317	243681	253757
318	244432	254504
319	245180	255252
320	245928	256001
321	246676	256749
322	247424	257498
323	248172	258244
324	248920	258992
325	249668	259742
326	250416	260490
327	251165	261238
328	251913	261986
329	252661	262754
330	253430	263505
331	254180	264255
332	254928	265001
333	255678	265757
334	256432	266506
335	257181	267254
336	257930	268006
337	258681	268754
338	259430	269505
339	260180	270254
340	260928	271013
341	261689	271759
342	262434	272503
343	263179	273248
344	263924	273994
345	264669	274738
346	265414	275485
347	266160	276228
348	266904	276973
349	267650	277722
350	268397	278466
351	269142	279211
352	269887	279957
353	270632	280701
354	271377	281448
355	272123	282192
356	272867	282936
357	273613	283683
358	274358	284427
359	275103	285172
360	275848	285918
361	276594	286662
362	277338	287409
363	278084	288154
364	278829	288897
365	279574	289654
366	280321	290392
367	281067	291136
368	281812	291883
369	282557	292626
370	283303	293373
371	284048	294121
372	284793	294862
373	285538	295609
374	286284	296354
375	287030	297105
376	287775	297856
377	288531	298600
378	289276	299351
379	290026	300094
380	290771	300840
381	291516	301588
382	292264	302333
383	293009	303076
384	293754	303852
385	294499	304596
386	295244	305333
387	295992	306073
388	296737	306811
389	297482	307654
390	298228	308364
391	298973	309051
392	299718	309798
393	300463	310547
394	301209	311286
395	301957	312029
396	302705	312775
397	303450	313523
398	304198	314299
399	305005	315101
400	305802	315931
401	306612	316709
402	307413	317524
403	308190	318317
404	309031	319133
405	309838	319913
406	310586	320658
407	311333	321404
408	312080	322152
409	312829	322902
410	313574	323643
411	314320	324395
412	315071	325149
413	315857	325937
414	316606	326675
415	317352	327422
416	318098	328168
417	318843	328913
418	319588	329664
419	320341	330413
420	321087	331159
421	321833	331902
422	322578	332647
423	323323	333393
424	324069	334138
425	324813	334882
426	325558	335627
427	326304	336372
428	327049	337122
429	327794	337865
430	328541	338611
431	329287	339356
432	330032	340101
433	330777	340847
434	331522	341592
435	332268	342338
436	333014	343082
437	333759	343827
438	334503	344573
439	335249	345318
440	335994	346063
441	336739	346809
442	337485	347554
443	338230	348308
444	338984	349052
445	339729	349801
446	340477	350547
447	341223	351294
448	341968	352036
449	342713	352782
450	343458	353528
451	344204	354276
452	344953	355021
453	345698	355767
454	346442	356512
455	347188	357257
456	347933	358001
457	348677	358746
458	349423	359492
459	350168	360237
460	350913	360983
461	351658	361729
462	352406	362475
463	353151	363220
464	353896	363965
465	354641	364709
466	355386	365455
467	356131	366200
468	356876	366944
469	357621	367690
470	358366	368435
471	359111	369180
472	359856	369924
473	360601	370671
474	361346	371417
475	362092	372161
476	362837	372905
477	363582	373653
478	364330	374399
479	365076	375210
480	365820	375890
481	366565	376635
482	367311	377380
483	368056	378129
484	368801	378869
485	369546	379615
486	370291	380363
487	371037	381122
488	371794	381863
489	372539	382609
490	373285	383357
491	374030	384105
492	374775	384844
493	375521	385592
494	376268	386337
495	377014	387082
496	377759	387856
497	378504	388578
498	379249	389319
499	379995	390063
500	380740	390811
501	381485	391555
502	382231	392302
503	382977	393044
504	383721	393791
505	384467	394537
506	385212	395284
507	385960	396029
508	386705	396774
509	387451	397524
510	388199	398274
511	388950	399018
512	389695	399772
513	390448	400519
514	391194	401266
515	391942	402011
516	392687	402756
517	393431	403502
518	394177	404246
519	394922	404993
520	395668	405737
521	396412	406482
522	397158	407228
523	397902	407971
524	398647	408716
525	399392	409465
526	400140	410208
527	400885	410955
528	401630	411698
529	402375	412444
530	403120	413189
531	403865	413933
532	404610	414678
533	405355	415424
534	406100	416169
535	406845	416914
536	407590	417661
537	408337	418409
538	409091	419164
539	409839	419909
540	410584	420654
541	411329	421401
542	412077	422147
543	412822	422891
544	413568	423637
545	414313	424382
546	415059	425130
547	415803	425872
548	416549	426620
549	417294	427364
550	418040	428109
551	418785	428854
552	419530	429599
553	420276	430346
554	421022	431090
555	421767	431838
556	422515	432584
557	423260	433331
558	424008	434075
559	424752	434820
560	425498	435566
561	426243	436312
562	426989	437056
563	427733	437803
564	428478	438548
565	429224	439295
566	429969	440038
567	430714	440784
568	431459	441528
569	432204	442277
570	432953	443021
571	433698	443767
572	434443	444512
573	435189	445276
574	435939	446022
575	436684	446764
576	437430	447505
577	438179	448250
578	438925	448994
579	439670	449742
580	440416	450487
581	441162	451230
582	441907	451976
583	442652	452721
584	443397	453467
585	444143	454212
586	444888	454994
587	445662	455737
588	446408	456478
589	447153	457228
590	447904	457974
591	448648	458717
592	449393	459521
593	450138	460227
594	450883	460965
595	451627	461704
596	452372	462457
597	453118	463201
598	453862	463938
599	454607	464689
600	455352	465428
601	456097	466174
602	456842	466921
603	457591	467678
604	458342	468419
605	459089	469204
606	459889	469998
607	460698	470803
608	461460	471552
609	462209	472294
610	462962	473103
611	463805	473886
612	464555	474674
613	465378	475460
614	466129	476210
615	466877	476955
616	467626	477702
617	468373	478452
618	469121	479201
619	469869	479959
620	470616	480692
621	471363	481439
622	472111	482186
623	472858	482932
624	473605	483697
625	474352	484427
626	475099	485174
627	475847	485921
628	476593	486667
629	477341	487415
630	478087	488165
631	478834	488910
632	479581	489655
633	480327	490403
634	481074	491152
635	481823	491899
636	482570	492644
637	483316	493393
638	484063	494141
639	484810	494885
640	485557	495631
641	486303	496378
642	487050	497130
643	487797	497872
644	488545	498621
645	489293	499367
646	490040	500114
647	490787	500862
648	491534	501608
649	492281	502355
650	493028	503106
651	493778	503852
652	494525	504598
653	495272	505345
654	496019	506092
655	496766	506847
656	497520	507594
657	498267	508341
658	499014	509087
659	499761	509835
660	500508	510582
661	501255	511329
662	502002	512075
663	502749	512823
664	503496	513570
665	504243	514317
666	504990	515066
667	505739	515820
668	506486	516560
669	507232	517308
670	507979	518053
671	508726	518800
672	509473	519547
673	510225	520306
674	510973	521048
675	511720	521795
676	512467	522542
677	513214	523293
678	513964	524038
679	514711	524786
680	515458	525540
681	516213	526292
682	516963	527040
683	517713	527788
684	518460	528535
685	519207	529284
686	519957	530031
687	520704	530781
688	521452	531528
689	522200	532279
690	522951	533026
691	523699	533774
692	524447	534522
693	525194	535273
694	525945	536020
695	526693	536768
696	527441	537516
697	528189	538267
698	528940	539017
699	529689	539764
700	530436	540512
701	531184	541258
702	531930	542004
703	532677	542751
704	533423	543497
705	534169	544243
706	534915	544989
707	535661	545737
708	536407	546481
709	537154	547229
710	537900	547974
711	538647	548720
712	539393	549467
713	540139	550213
714	540885	550961
715	541634	551708
716	542380	552454
717	543126	553201
718	543873	553947
719	544619	554693
720	545365	555438
721	546111	556186
722	546857	556931
723	547604	557677
724	548350	558424
725	549096	559170
726	549842	559916
727	550588	560663
728	551335	561408
729	552081	562156
730	552827	562903
731	553575	563648
732	554321	564395
733	555068	565142
734	555814	565895
735	556568	566641
736	557314	567389
737	558060	568138
738	558807	568881
739	559553	569626
740	560301	570383
741	561056	571134
742	561803	571877
743	562549	572623
744	563295	573368
745	564041	574114
746	564788	574863
747	565536	575609
748	566282	576372
749	567044	577117
750	567790	577863
751	568536	578610
752	569283	579357
753	570029	580102
754	570775	580849
755	571521	581595
756	572268	582355
757	573022	583095
758	573768	583842
759	574514	584588
760	575260	585342
761	576006	586079
762	576752	586828
763	577501	587574
764	578247	588336
765	578993	589066
766	579739	589813
767	580485	590563
768	581235	591311
769	581982	592055
770	582728	592802
771	583474	593548
772	584223	594306
773	584969	595042
774	585715	595788
775	586461	596535
776	587207	597286
777	587957	598030
778	588703	598781
779	589452	599527
780	590198	600280
781	590952	601027
782	591698	601773
783	592445	602519
784	593190	603267
785	593939	604014
786	594685	604759
787	595432	605506
788	596178	606253
789	596924	606998
790	597671	607744
791	598417	608491
792	599163	609237
793	599909	609983
794	600656	610732
795	601404	611478
796	602150	612227
797	602897	612971
798	603643	613717
799	604389	614463
800	605135	615210
801	605881	615963
802	606635	616709
803	607381	617455
804	608128	618202
805	608874	618948
806	609620	619694
807	610366	620441
808	611113	621187
809	611859	621933
810	612605	622681
811	613353	623428
812	614099	624174
813	614845	624919
814	615592	625666
815	616338	626412
816	617084	627165
817	617830	627904
818	618576	628657
819	619323	629396
820	620069	630189
821	620815	630890
822	621562	631643
823	622308	632390
824	623063	633143
825	623809	633891
826	624555	634638
827	625311	635388
828	626057	636134
829	626803	636876
830	627549	637627
831	628301	638432
832	629102	639178
833	629850	639924
834	630596	640671
835	631343	641424
836	632090	642165
837	632837	642939
838	633649	643733
839	634404	644480
840	635151	645226
841	635898	645975
842	636648	646722
843	637395	647469
844	638141	648215
845	638887	648960
846	639634	649707
847	640380	650454
848	641126	651201
849	641872	651946
850	642619	652691
851	643365	653438
852	644111	654185
853	644858	654931
854	645605	655679
855	646351	656424
856	647097	657171
857	647844	657919
858	648592	658665
859	649339	659412
860	650085	660165
861	650831	660905
862	651578	661652
863	652325	662397
864	653071	663145
865	653817	663890
866	654564	664637
867	655310	665392
868	656065	666139
869	656812	666885
870	657558	667631
871	658305	668378
872	659051	669132
873	659798	669874
874	660547	670621
875	661301	671383
876	662056	672137
877	662803	672877
878	663550	673623
879	664296	674369
880	665043	675115
881	665789	675862
882	666535	676608
883	667282	677371
884	668037	678110
885	668783	678856
886	669530	679602
887	670276	680350
888	671023	681095
889	671769	681845
890	672518	682591
891	673264	683353
892	674018	684090
893	674764	684837
894	675511	685583
895	676257	686338
896	677004	687076
897	677750	687823
898	678497	688570
899	679243	689332
900	679990	690062
901	680736	690810
902	681483	691556
903	682229	692305
904	682976	693049
905	683723	693798
906	684471	694543
907	685217	695303
908	685966	696039
909	686713	696787
910	687460	697533
911	688206	698313
912	688956	699031
913	689703	699777
914	690450	700524
915	691196	701272
916	691946	702019
917	692693	702765
918	693439	703512
919	694186	704259
920	694932	705006
921	695679	705754
922	696427	706500
923	697173	707246
924	697919	707993
925	698665	708738
926	699412	709484
927	700158	710231
928	700904	710977
929	701651	711723
930	702397	712469
931	703143	713217
932	703889	713962
933	704636	714708
934	705382	715455
935	706128	716201
936	706874	716948
937	707620	717698
938	708367	718443
939	709113	719187
940	709859	719932
941	710605	720679
942	711352	721425
943	712098	722173
944	712844	722917
945	713590	723663
946	714337	724409
947	715083	725155
948	715829	725902
949	716575	726649
950	717322	728064
951	718091	728199
952	718853	728939
953	719608	729686
954	720356	730433
955	721103	731187
956	721851	731927
957	722599	732676
958	723348	733425
959	724096	734175
960	724846	734920
961	725593	735667
962	726340	736414
963	727086	737168
964	727835	737907
965	728580	738653
966	729329	739401
967	730075	740166
968	730823	740899
969	731570	741644
970	732317	742398
971	733071	743146
972	733817	743892
973	734564	744638
974	735310	745392
975	736065	746140
976	736813	746887
977	737560	747634
978	738306	748388
979	739061	749142
980	739807	749882
981	740554	750629
982	741301	751384
983	742057	752137
984	742803	752877
985	743550	753623
986	744301	754382
987	745056	755132
988	745802	755876
989	746549	757024
990	747329	757410
991	748082	758157
992	748829	758903
993	749576	759648
994	750330	760403
995	751076	761149
996	751823	761895
997	752569	762641
998	753315	763395
999	754069	764142
1000	754815	764887
