1	0	10833
2	1084	11346
3	2050	19223
4	10516	20802
5	11493	21721
6	12383	22562
7	13276	23421
8	14163	24377
9	15102	25242
10	16002	26127
11	16892	27099
12	17808	28085
13	18788	28970
14	19700	29824
15	20571	30781
16	21501	31665
17	22401	32550
18	23317	33417
19	24186	34276
20	25054	35145
21	25922	36013
22	26791	36880
23	27658	37750
24	28527	38600
25	29395	39466
26	30262	40334
27	31132	41202
28	32000	42069
29	32868	42937
30	33735	43804
31	34603	44672
32	35474	45561
33	36349	46417
34	37216	47286
35	38084	48157
36	38953	49025
37	39823	49894
38	40692	50763
39	41561	51633
40	42431	52518
41	43307	53377
42	44176	54248
43	45045	55119
44	45917	55988
45	46786	56858
46	47655	57729
47	48525	58597
48	49395	59475
49	50264	60334
50	51133	61204
51	52002	62073
52	52871	62942
53	53740	63814
54	54610	64682
55	55480	65559
56	56357	66429
57	57230	67301
58	58099	68172
59	58968	69042
60	59839	69910
61	60709	70780
62	61578	71649
63	62447	72534
64	63325	73395
65	64194	74264
66	65063	75135
67	65933	76003
68	66802	76873
69	67671	77743
70	68540	78612
71	69410	79480
72	70279	80348
73	71148	81219
74	72017	82087
75	72887	82958
76	73756	83828
77	74627	84699
78	75496	85567
79	76366	86439
80	77238	87311
81	78107	88179
82	78976	89051
83	79845	89917
84	80715	90786
85	81584	91655
86	82453	92548
87	83339	93410
88	84209	94279
89	85078	95150
90	85948	96018
91	86817	96888
92	87686	97760
93	88558	98630
94	89427	99498
95	90297	100398
96	91166	101240
97	92036	102137
98	92905	103007
99	93775	103875
100	94644	104745
101	95513	105614
102	96382	106490
103	97255	107355
104	98123	108226
105	98993	109066
106	99862	109933
107	100732	110803
108	101601	111671
109	102474	112558
110	103350	113419
111	104218	114287
112	105086	115155
113	105953	116025
114	106824	116893
115	107692	117761
116	108560	118632
117	109429	119500
118	110299	120369
119	111168	121240
120	112038	122108
121	112907	122979
122	113777	123847
123	114646	124719
124	115515	125589
125	116387	126475
126	117260	127333
127	118129	128203
128	118999	129072
129	119869	129941
130	120738	130810
131	121608	131679
132	122477	132558
133	123356	133429
134	124229	134300
135	125099	135171
136	125968	136039
137	126838	136910
138	127707	137781
139	128577	138650
140	129447	139521
141	130319	140389
142	131188	141260
143	132058	142129
144	132927	142999
145	133797	143868
146	134667	144738
147	135536	145606
148	136405	146485
149	137275	147346
150	138144	148216
151	139014	149086
152	139883	149956
153	140753	150826
154	141623	151694
155	142493	152573
156	143370	153446
157	144245	154316
158	145115	155187
159	145984	156055
160	146854	156926
161	147724	157796
162	148594	158666
163	149464	159536
164	150333	160404
165	151203	161275
166	152073	162144
167	152943	163015
168	153812	163883
169	154682	164754
170	155552	165622
171	156421	166510
172	157291	167363
173	158163	168234
174	159032	169105
175	159902	169973
176	160772	170843
177	161641	171712
178	162511	172582
179	163380	173453
180	164253	174325
181	165123	175197
182	165993	176064
183	166863	176934
184	167732	177805
185	168602	178675
186	169472	179552
187	170342	180415
188	171213	181288
189	172085	182155
190	172954	183026
191	173824	183895
192	174694	184765
193	175563	185634
194	176433	186521
195	177310	187381
196	178180	188253
197	179050	189123
198	179919	189990
199	180788	190860
200	181658	191729
201	182527	192605
202	183397	193471
203	184267	194336
204	185136	195210
205	186007	196078
206	186877	196948
207	187746	197818
208	188616	198688
209	189486	199557
210	190355	200430
211	191231	201337
212	192105	202206
213	192974	203076
214	193844	203946
215	194714	204818
216	195584	205686
217	196453	206579
218	197339	207440
219	198209	208283
220	199079	209154
221	199952	210022
222	200821	210891
223	201689	211757
224	202557	212626
225	203425	213493
226	204292	214360
227	205160	215229
228	206028	216104
229	206896	216966
230	207764	217836
231	208634	218706
232	209503	219574
233	210373	220447
234	211246	221318
235	212116	222187
236	212986	223060
237	213857	223929
238	214727	224799
239	215597	225667
240	216473	226554
241	217352	227423
242	218222	228293
243	219091	229163
244	219961	230033
245	220830	230902
246	221700	231771
247	222569	232642
248	223439	233510
249	224309	234379
250	225178	235250
251	226048	236119
252	226917	236991
253	227789	237862
254	228659	238731
255	229529	239601
256	230398	240479
257	231267	241339
258	232137	242208
259	233006	243078
260	233875	243946
261	234745	244817
262	235615	245685
263	236484	246564
264	237362	247438
265	238238	248310
266	239108	249181
267	239978	250049
268	240848	250922
269	241720	251791
270	242589	252661
271	243459	253531
272	244329	254399
273	245199	255275
274	246068	256140
275	246938	257010
276	247808	257880
277	248678	258749
278	249547	259623
279	250421	260512
280	251293	261364
281	252163	262233
282	253032	263104
283	253902	263972
284	254771	264845
285	255643	265713
286	256512	266586
287	257382	267461
288	258259	268329
289	259128	269200
290	259998	270068
291	260867	270947
292	261745	271816
293	262615	272686
294	263484	273555
295	264354	274430
296	265223	275295
297	266093	276164
298	266963	277040
299	267832	277906
300	268702	278777
301	269574	279646
302	270443	280532
303	271322	281394
304	272192	282264
305	273061	283133
306	273931	284003
307	274800	284873
308	275670	285740
309	276539	286611
310	277409	287485
311	278282	288352
312	279152	289224
313	280021	290092
314	280891	290962
315	281760	291833
316	282630	292733
317	283501	293603
318	284371	294466
319	285244	295316
320	286113	296185
321	286983	297056
322	287852	297927
323	288722	298800
324	289592	299668
325	290462	300584
326	291348	301931
327	292243	302357
328	293133	303283
329	294023	304161
330	294910	305027
331	295798	305908
332	296688	306781
333	297579	307667
334	298474	308585
335	299376	309455
336	300246	310323
337	301115	311234
338	302001	312096
339	302863	312959
340	303726	313821
341	304588	314683
342	305450	315544
343	306311	316401
344	307177	317242
345	308041	318105
346	308904	318966
347	309766	319828
348	310628	320694
349	311493	321559
350	312358	322430
351	313220	323282
352	314082	324144
353	314944	325006
354	315806	325868
355	316668	326730
356	317529	327593
357	318392	328454
358	319253	329315
359	320115	330177
360	320977	331039
361	321839	331901
362	322701	332763
363	323563	333625
364	324425	334489
365	325288	335350
366	326150	336212
367	327012	337074
368	327874	337938
369	328737	338799
370	329599	339661
371	330461	340525
372	331325	341386
373	332187	342248
374	333048	343130
375	333910	344000
376	334772	344836
377	335634	345696
378	336496	346557
379	337357	347424
380	338218	348284
381	339082	349145
382	339945	350007
383	340807	350869
384	341668	351730
385	342530	352623
386	343391	353494
387	344261	354327
388	345124	355186
389	345985	356048
390	346847	356909
391	347709	357772
392	348571	358636
393	349433	359500
394	350299	360362
395	351161	361222
396	352022	362089
397	352886	362948
398	353748	363812
399	354610	364675
400	355472	365536
401	356336	366399
402	357196	367260
403	358058	368143
404	358920	368986
405	359783	369867
406	360645	370710
407	361507	371592
408	362370	372435
409	363233	373314
410	364094	374187
411	364955	375020
412	365818	375903
413	366682	376766
414	367543	377628
415	368405	378488
416	369265	379348
417	370127	380215
418	370992	381076
419	371854	381938
420	372715	382779
421	373578	383661
422	374440	384522
423	375300	385382
424	376162	386244
425	377023	387105
426	377884	387969
427	378746	388828
428	379608	389692
429	380471	390556
430	381335	391425
431	382196	392260
432	383059	393123
433	383921	393985
434	384784	394847
435	385646	395709
436	386508	396571
437	387370	397432
438	388231	398298
439	389097	399160
440	389959	400022
441	390821	400884
442	391683	401752
443	392552	402615
444	393414	403479
445	394278	404339
446	395140	405202
447	396002	406064
448	396864	406926
449	397726	407790
450	398588	408651
451	399450	409513
452	400312	410374
453	401174	411237
454	402037	412099
455	402898	412961
456	403760	413823
457	404622	414685
458	405484	415548
459	406348	416410
460	407209	417274
461	408073	418138
462	408936	418999
463	409798	419860
464	410660	420722
465	411521	421586
466	412386	422448
467	413247	423310
468	414109	424172
469	414971	425033
470	415832	425895
471	416694	426757
472	417556	427620
473	418419	428481
474	419280	429342
475	420142	430204
476	421004	431070
477	421869	431932
478	422732	432794
479	423594	433658
480	424457	434570
481	425322	435384
482	426184	436247
483	427046	437109
484	427908	437973
485	428771	438834
486	429633	439696
487	430495	440558
488	431357	441425
489	432218	442280
490	433080	443144
491	433942	444004
492	434804	444868
493	435668	445731
494	436530	446593
495	437392	447454
496	438253	448317
497	439116	449179
498	439978	450041
499	440840	450903
500	441702	451764
501	442564	452626
502	443426	453488
503	444287	454349
504	445149	455212
505	446011	456074
506	446873	456936
507	447735	457800
508	448597	458662
509	449461	459526
510	450325	460386
511	451187	461249
512	452049	462111
513	452911	462973
514	453773	463835
515	454635	464697
516	455497	465559
517	456359	466426
518	457220	467282
519	458082	468145
520	458944	469007
521	459806	469869
522	460669	470731
523	461530	471595
524	462395	472459
525	463258	473320
526	464120	474182
527	464982	475044
528	465843	475906
529	466706	476768
530	467568	477631
531	468430	478492
532	469292	479354
533	470154	480216
534	471016	481078
535	471877	481940
536	472739	482802
537	473601	483664
538	474463	484527
539	475327	485389
540	476189	486253
541	477053	487115
542	477915	487979
543	478777	488839
544	479639	489701
545	480501	490563
546	481362	491429
547	482224	492286
548	483085	493148
549	483947	494009
550	484809	494871
551	485671	495733
552	486533	496595
553	487395	497456
554	488256	498319
555	489119	499181
556	489981	500045
557	490845	500909
558	491707	501770
559	492569	502631
560	493430	503492
561	494291	504353
562	495153	505215
563	496015	506077
564	496877	506939
565	497739	507803
566	498602	508664
567	499463	509527
568	500327	510390
569	501190	511254
570	502054	512116
571	502915	512996
572	503777	513853
573	504641	514705
574	505503	515566
575	506365	516427
576	507227	517289
577	508088	518152
578	508951	519043
579	509813	519906
580	510675	520767
581	511537	521631
582	512402	522495
583	513263	523354
584	514125	524217
585	514987	525078
586	515849	525940
587	516711	526801
588	517572	527664
589	518443	528556
590	519304	529416
591	520165	530260
592	521026	531120
593	521887	531981
594	522748	532841
595	523608	533702
596	524469	534566
597	525333	535430
598	526193	536287
599	527054	537148
600	527915	537999
601	528777	538859
602	529638	539720
603	530499	540562
604	531362	541432
605	532225	542287
606	533087	543149
607	533948	544010
608	534810	544872
609	535672	545734
610	536534	546596
611	537395	547479
612	538256	548319
613	539119	549181
614	539981	550042
615	540842	550904
616	541704	551766
617	542566	552627
618	543427	553488
619	544288	554349
620	545150	555214
621	546013	556075
622	546875	556936
623	547737	557809
624	548609	558671
625	549472	559535
626	550336	560401
627	551197	561258
628	552058	562119
629	552920	562981
630	553781	563843
631	554643	564705
632	555505	565568
633	556368	566430
634	557230	567291
635	558091	568154
636	558954	569017
637	559818	569879
638	560679	570741
639	561541	571605
640	562406	572469
641	563267	573328
642	564129	574190
643	564990	575052
644	565852	575913
645	566714	576775
646	567576	577638
647	568438	578499
648	569299	579359
649	570161	580223
650	571022	581083
651	571884	581944
652	572745	582808
653	573609	583670
654	574471	584534
655	575334	585401
656	576195	586256
657	577057	587118
658	577918	587982
659	578781	588842
660	579642	589703
661	580504	590565
662	581365	591426
663	582226	592287
664	583088	593149
665	583950	594011
666	584811	594872
667	585673	595735
668	586535	596598
669	587398	597459
670	588259	598322
671	589122	599186
672	589986	600047
673	590848	600916
674	591710	601776
675	592572	602637
676	593434	603498
677	594295	604359
678	595157	605223
679	596018	606082
680	596880	606944
681	597742	607807
682	598604	608669
683	599466	609558
684	600330	610430
685	601192	611283
686	602054	612124
687	602915	612984
688	603776	613846
689	604637	614710
690	605498	615569
691	606361	616432
692	607222	617288
693	608082	618153
694	608946	619017
695	609809	619905
696	610669	620762
697	611530	621594
698	612393	622464
699	613254	623314
700	614115	624179
701	614979	625040
702	615841	625903
703	616703	626767
704	617567	627630
705	618429	628520
706	619290	629371
707	620151	630215
708	621012	631075
709	621875	631939
710	622738	632800
711	623600	633661
712	624461	634525
713	625325	635387
714	626188	636249
715	627049	637111
716	627912	638037
717	628775	638899
718	629638	639748
719	630499	640582
720	631362	641444
721	632222	642305
722	633085	643167
723	633948	644028
724	634809	644891
725	635672	645752
726	636533	646615
727	637396	647516
728	638264	648376
729	639126	649220
730	639987	650079
731	640848	650929
732	641709	651791
733	642572	652653
734	643433	653512
735	644293	654372
736	645153	655233
737	646014	656094
738	646874	656955
739	647735	657817
740	648597	658660
741	649459	659519
742	650322	660381
743	651183	661245
744	652046	662135
745	652906	662997
746	653769	663858
747	654630	664721
748	655493	665585
749	656356	666439
750	657217	667300
751	658080	668162
752	658942	669024
753	659805	669884
754	660666	670747
755	661529	671641
756	662390	672510
757	663260	673344
758	664122	674225
759	664983	675086
760	665844	675947
761	666704	676805
762	667565	677667
763	668427	678526
764	669287	679390
765	670151	680237
766	671016	681097
767	671877	681959
768	672738	682818
769	673599	683679
770	674459	684539
771	675319	685400
772	676180	686260
773	677040	687120
774	677901	687991
775	678770	688851
776	679631	689693
777	680493	690557
778	681357	691419
779	682218	692278
780	683079	693142
781	683942	694005
782	684806	694868
783	685668	695730
784	686531	696592
785	687392	697471
786	688252	698336
787	689116	699198
788	689979	700042
789	690842	700902
790	691703	701766
791	692566	702628
792	693429	703489
793	694289	704351
794	695152	705212
795	696013	706075
796	696876	706961
797	697741	707843
798	698603	708703
799	699463	709530
800	700329	710390
801	701192	711264
802	702056	712117
803	702918	712978
804	703779	713842
805	704642	714704
806	705504	715567
807	706367	716427
808	707228	717308
809	708089	718171
810	708950	719013
811	709813	719875
812	710676	720740
813	711540	721604
814	712404	722467
815	713265	723327
816	714128	724190
817	714991	725052
818	715853	725916
819	716716	726784
820	717579	727642
821	718442	728503
822	719303	729379
823	720166	730229
824	721029	731091
825	721891	731977
826	722760	732825
827	723621	733683
828	724484	734552
829	725352	735424
830	726217	736326
831	727127	737189
832	727989	738091
833	728853	738917
834	729717	739780
835	730581	740641
836	731442	741516
837	732315	742379
838	733179	743241
839	734042	744103
840	734904	744967
841	735767	745833
842	736630	746694
843	737493	747588
844	738359	748446
845	739220	749285
846	740083	750146
847	740946	751009
848	741809	751872
849	742672	752737
850	743535	753597
851	744398	754458
852	745258	755320
853	746121	756184
854	746984	757096
855	747845	757941
856	748707	758787
857	749567	759630
858	750430	760490
859	751291	761354
860	752156	762218
861	753019	763081
862	753882	763944
863	754745	764806
864	755608	765670
865	756470	766537
866	757338	767427
867	758197	768261
868	759061	769123
869	759924	769986
870	760787	770849
871	761650	771713
872	762514	772576
873	763377	773437
874	764237	774299
875	765101	775164
876	765965	776026
877	766827	776889
878	767690	777757
879	768553	778617
880	769417	779477
881	770277	780367
882	771139	781222
883	772002	782065
884	772865	782927
885	773728	783788
886	774589	784651
887	775452	785511
888	776313	786373
889	777175	787237
890	778038	788101
891	778901	788965
892	779766	789859
893	780627	790748
894	781488	791597
895	782349	792452
896	783210	793290
897	784073	794152
898	784936	795024
899	785800	795885
900	786661	796752
901	787524	797616
902	788388	798467
903	789248	799334
904	790111	800192
905	790973	801084
906	791834	801945
907	792695	802806
908	793559	803665
909	794420	804508
910	795279	805348
911	796142	806226
912	797003	807105
913	797864	807968
914	798725	808807
915	799586	809667
916	800447	810526
917	801306	811387
918	802168	812248
919	803028	813107
920	803890	813969
921	804752	814816
922	805614	815675
923	806475	816561
924	807343	817428
925	808203	818285
926	809064	819127
927	809927	819989
928	810790	820851
929	811652	821716
930	812516	822578
931	813379	823439
932	814239	824301
933	815102	825163
934	815964	826025
935	816826	826888
936	817689	827754
937	818552	828613
938	819414	829476
939	820274	830336
940	821137	831200
941	822000	832062
942	822863	832923
943	823724	833785
944	824586	834648
945	825449	835508
946	826309	836371
947	827172	837232
948	828034	838101
949	828897	838960
950	829760	839822
951	830623	840683
952	831484	841550
953	832351	842411
954	833212	843273
955	834074	844144
956	834943	845004
957	835805	845867
958	836668	846730
959	837531	847623
960	838394	848483
961	839254	849337
962	840118	850181
963	840981	851043
964	841844	851905
965	842706	852766
966	843567	853629
967	844430	854490
968	845291	855352
969	846154	856215
970	847017	857105
971	847878	858001
972	848739	858843
973	849600	859664
974	850463	860527
975	851328	861388
976	852190	862252
977	853052	863127
978	853917	863980
979	854780	864841
980	855642	865704
981	856505	866567
982	857368	867459
983	858227	868311
984	859088	869154
985	859951	870013
986	860814	870876
987	861677	871741
988	862541	872612
989	863412	873475
990	864272	874333
991	865135	875194
992	865996	876057
993	866859	876918
994	867720	877780
995	868582	878641
996	869443	879509
997	870304	880361
998	871164	881223
999	872025	882084
1000	872886	882944
