1	0	10506
2	890	11371
3	6952	17308
4	7882	18064
5	8736	18918
6	9591	19761
7	10443	20576
8	11294	21441
9	12156	22257
10	12995	23091
11	13837	24207
12	14829	25030
13	15724	25954
14	16642	26868
15	17551	27651
16	18369	28466
17	19185	29343
18	20061	30160
19	20877	30958
20	21691	31757
21	22507	32574
22	23324	33391
23	24141	34212
24	24955	35015
25	25770	35836
26	26586	36654
27	27406	37471
28	28222	38287
29	29038	39102
30	29853	39915
31	30667	40731
32	31482	41546
33	32298	42363
34	33113	43178
35	33929	43995
36	34747	44814
37	35565	45631
38	36382	46475
39	37197	47290
40	38013	48106
41	38828	48932
42	39656	49750
43	40484	50558
44	41308	51375
45	42126	52194
46	42944	53007
47	43759	53825
48	44576	54642
49	45393	55457
50	46208	56302
51	47024	57151
52	47839	57961
53	48652	58777
54	49467	59582
55	50281	60376
56	51097	61191
57	51913	62004
58	52727	62812
59	53543	63630
60	54361	64445
61	55177	65260
62	55992	66107
63	56807	66902
64	57621	67716
65	58435	68530
66	59250	69345
67	60064	70160
68	60879	70974
69	61693	71788
70	62507	72595
71	63322	73407
72	64137	74220
73	64951	75034
74	65765	75856
75	66587	76671
76	67401	77469
77	68220	78285
78	69036	79100
79	69851	79914
80	70666	80731
81	71481	81545
82	72296	82362
83	73113	83177
84	73928	83991
85	74743	84807
86	75558	85622
87	76373	86442
88	77189	87255
89	78004	88075
90	78820	88882
91	79634	89713
92	80450	90533
93	81267	91339
94	82083	92149
95	82899	92964
96	83713	93782
97	84531	94600
98	85349	95415
99	86165	96232
100	86981	97050
101	87799	97864
102	88614	98680
103	89429	99505
104	90246	100322
105	91071	101144
106	91893	101960
107	92711	102781
108	93531	103602
109	94353	104423
110	95172	105241
111	95992	106061
112	96811	106878
113	97629	107695
114	98446	108512
115	99263	109329
116	100080	110145
117	100896	110960
118	101712	111778
119	102529	112599
120	103349	113416
121	104167	114233
122	104984	115055
123	105803	115868
124	106619	116688
125	107439	117505
126	108256	118320
127	109072	119136
128	109888	119951
129	110702	120767
130	111518	121583
131	112334	122400
132	113151	123216
133	113967	124034
134	114785	124850
135	115601	125665
136	116416	126481
137	117232	127297
138	118048	128113
139	118863	128927
140	119679	129746
141	120497	130562
142	121313	131378
143	122129	132195
144	122945	133009
145	123760	133825
146	124576	134641
147	125392	135458
148	126208	136273
149	127024	137090
150	127841	137906
151	128656	138724
152	129475	139540
153	130291	140356
154	131107	141172
155	131923	141986
156	132738	142806
157	133557	143625
158	134375	144442
159	135194	145264
160	136009	146075
161	136825	146890
162	137640	147706
163	138456	148522
164	139272	149338
165	140088	150153
166	140904	150968
167	141719	151785
168	142535	152602
169	143351	153417
170	144167	154233
171	144983	155053
172	145801	155868
173	146618	156685
174	147434	157500
175	148250	158316
176	149066	159132
177	149882	159945
178	150697	160763
179	151513	161581
180	152328	162396
181	153145	163212
182	153961	164027
183	154779	164845
184	155595	165661
185	156411	166476
186	157227	167292
187	158042	168108
188	158858	168924
189	159676	169742
190	160492	170557
191	161307	171373
192	162123	172195
193	162940	173004
194	163755	173821
195	164571	174637
196	165387	175453
197	166202	176268
198	167018	177084
199	167834	177898
200	168649	178715
201	169465	179531
202	170281	180347
203	171097	181163
204	171912	181978
205	172730	182797
206	173546	183613
207	174362	184428
208	175178	185244
209	175994	186062
210	176809	186874
211	177625	187691
212	178441	188507
213	179256	189322
214	180072	190137
215	180888	190953
216	181703	191769
217	182519	192585
218	183336	193402
219	184152	194219
220	184970	195047
221	185795	195861
222	186610	196680
223	187430	197496
224	188246	198311
225	189062	199128
226	189878	199941
227	190693	200758
228	191509	201575
229	192325	202391
230	193141	203208
231	193957	204027
232	194775	204839
233	195590	205656
234	196406	206471
235	197222	207288
236	198038	208105
237	198856	208919
238	199671	209745
239	200495	210559
240	201311	211377
241	202127	212193
242	202943	213007
243	203759	213824
244	204574	214641
245	205390	215456
246	206206	216271
247	207022	217089
248	207838	217902
249	208653	218718
250	209469	219535
251	210285	220350
252	211101	221169
253	211919	221982
254	212734	222800
255	213550	223617
256	214367	224432
257	215183	225249
258	215999	226066
259	216815	226878
260	217630	227696
261	218445	228511
262	219261	229327
263	220077	230142
264	220893	230956
265	221708	231774
266	222524	232590
267	223341	233407
268	224156	234224
269	224975	235045
270	225793	235859
271	226608	236673
272	227424	237490
273	228240	238306
274	229056	239126
275	229876	239942
276	230694	240762
277	231511	241579
278	232329	242397
279	233147	243214
280	233964	244038
281	234790	244856
282	235608	245674
283	236424	246489
284	237240	247308
285	238058	248123
286	238874	248937
287	239689	249755
288	240505	250570
289	241321	251387
290	242137	252203
291	242954	253018
292	243769	253835
293	244585	254649
294	245401	255466
295	246216	256281
296	247032	257098
297	247848	257911
298	248663	258728
299	249479	259545
300	250295	260362
301	251113	261180
302	251929	261995
303	252745	262811
304	253561	263627
305	254378	264444
306	255193	265259
307	256009	266076
308	256825	266889
309	257640	267705
310	258456	268522
311	259272	269338
312	260088	270154
313	260904	270967
314	261719	271784
315	262535	272603
316	263352	273421
317	264170	274235
318	264986	275053
319	265805	275868
320	266620	276684
321	267436	277501
322	268251	278316
323	269067	279132
324	269883	279960
325	270698	280793
326	271514	281580
327	272330	282395
328	273147	283233
329	273986	284080
330	274832	284940
331	275672	285773
332	276511	286601
333	277352	287441
334	278193	288280
335	279032	289115
336	279867	289950
337	280702	290785
338	281536	291656
339	282372	292491
340	283209	293328
341	284047	294167
342	284885	294949
343	285701	295764
344	286514	296581
345	287331	297395
346	288145	298207
347	288958	299024
348	289770	299835
349	290586	300648
350	291399	301460
351	292212	302275
352	293025	303087
353	293838	303898
354	294650	304711
355	295462	305524
356	296275	306336
357	297088	307150
358	297901	307960
359	298712	308774
360	299525	309587
361	300338	310399
362	301151	311212
363	301963	312027
364	302781	312845
365	303596	313658
366	304409	314470
367	305221	315283
368	306034	316095
369	306846	316906
370	307658	317720
371	308471	318533
372	309284	319345
373	310096	320158
374	310909	320969
375	311721	321783
376	312534	322597
377	313347	323409
378	314160	324222
379	314973	325036
380	315788	325851
381	316602	326667
382	317418	327480
383	318231	328293
384	319044	329105
385	319857	329916
386	320668	330730
387	321481	331544
388	322293	332356
389	323106	333168
390	323919	333979
391	324731	334794
392	325544	335605
393	326356	336417
394	327169	337234
395	327985	338052
396	328800	338863
397	329614	339675
398	330427	340488
399	331239	341301
400	332051	342115
401	332865	342925
402	333676	343740
403	334491	344553
404	335304	345368
405	336119	346181
406	336932	346993
407	337744	347805
408	338556	348619
409	339369	349431
410	340182	350245
411	340995	351058
412	341808	351871
413	342622	352685
414	343435	353497
415	344248	354309
416	345060	355122
417	345873	355933
418	346685	356756
419	347506	357569
420	348319	358381
421	349132	359194
422	349945	360006
423	350757	360819
424	351570	361632
425	352383	362446
426	353196	363259
427	354009	364072
428	354822	364885
429	355636	365698
430	356449	366511
431	357262	367324
432	358075	368140
433	358887	368948
434	359699	369761
435	360512	370575
436	361325	371387
437	362138	372201
438	362951	373012
439	363763	373825
440	364576	374638
441	365388	375450
442	366201	376263
443	367014	377076
444	367827	377891
445	368642	378704
446	369455	379517
447	370268	380330
448	371081	381142
449	371893	381954
450	372705	382769
451	373519	383581
452	374332	384394
453	375144	385207
454	375957	386018
455	376769	386832
456	377582	387644
457	378395	388457
458	379208	389270
459	380021	390083
460	380834	390924
461	381648	391740
462	382461	392553
463	383274	393365
464	384087	394171
465	384903	394984
466	385717	395780
467	386530	396597
468	387347	397409
469	388159	398221
470	388972	399036
471	389787	399849
472	390599	400661
473	391412	401505
474	392224	402319
475	393036	403130
476	393848	403943
477	394662	404744
478	395474	405537
479	396287	406349
480	397100	407163
481	397913	407973
482	398725	408787
483	399537	409599
484	400350	410413
485	401163	411224
486	401975	412049
487	402794	412857
488	403607	413669
489	404419	414482
490	405232	415300
491	406048	416113
492	406863	416974
493	407677	417740
494	408490	418552
495	409303	419365
496	410116	420179
497	410930	420990
498	411742	421823
499	412554	422637
500	413368	423449
501	414180	424262
502	414992	425072
503	415805	425884
504	416616	426697
505	417429	427510
506	418242	428323
507	419054	429135
508	419867	429947
509	420681	430759
510	421493	431591
511	422305	432405
512	423118	433219
513	423930	434029
514	424741	434841
515	425552	435654
516	426364	436466
517	427176	437277
518	427989	438090
519	428801	438900
520	429613	439712
521	430425	440525
522	431237	441335
523	432048	442148
524	432861	442962
525	433674	443775
526	434486	444588
527	435300	445401
528	436113	446214
529	436925	447025
530	437736	447835
531	438548	448628
532	439362	449459
533	440173	450271
534	440985	451090
535	441799	451898
536	442610	452712
537	443423	453524
538	444235	454335
539	445047	455148
540	445859	455960
541	446672	456773
542	447484	457583
543	448297	458395
544	449108	459206
545	449920	460016
546	450731	460813
547	451543	461624
548	452355	462437
549	453167	463249
550	453979	464065
551	454793	464873
552	455604	465686
553	456416	466502
554	457233	467314
555	458045	468126
556	458857	468939
557	459670	469752
558	460482	470546
559	461296	471357
560	462108	472172
561	462922	472982
562	463734	473797
563	464546	474608
564	465359	475421
565	466171	476233
566	466984	477051
567	467799	477860
568	468611	478673
569	469423	479485
570	470236	480299
571	471049	481131
572	471862	481961
573	472676	482751
574	473490	483553
575	474302	484365
576	475115	485178
577	475928	485988
578	476740	486801
579	477552	487614
580	478364	488426
581	479177	489239
582	479990	490061
583	480802	490884
584	481614	491697
585	482427	492510
586	483240	493302
587	484053	494117
588	484868	494943
589	485693	495759
590	486509	496571
591	487322	497390
592	488138	498200
593	488950	499011
594	489762	499823
595	490575	500637
596	491387	501449
597	492199	502263
598	493013	503074
599	493825	503885
600	494637	504699
601	495450	505511
602	496263	506324
603	497075	507137
604	497887	507950
605	498701	508762
606	499514	509576
607	500326	510387
608	501139	511229
609	501951	512031
610	502763	512827
611	503576	513677
612	504389	514451
613	505201	515263
614	506014	516075
615	506826	516886
616	507638	517699
617	508450	518511
618	509263	519324
619	510075	520140
620	510887	521003
621	511700	521794
622	512512	522594
623	513324	523387
624	514138	524202
625	514950	525010
626	515762	525822
627	516574	526635
628	517386	527447
629	518199	528259
630	519011	529072
631	519823	529883
632	520635	530717
633	521447	531510
634	522260	532323
635	523073	533134
636	523886	533947
637	524699	534760
638	525511	535573
639	526324	536385
640	527136	537197
641	527949	538008
642	528760	538821
643	529573	539633
644	530385	540446
645	531197	541258
646	532010	542074
647	532823	542884
648	533636	543696
649	534448	544511
650	535263	545326
651	536078	546139
652	536891	546972
653	537704	547767
654	538517	548578
655	539329	549391
656	540142	550203
657	540954	551014
658	541766	551826
659	542578	552640
660	543391	553457
661	544209	554273
662	545023	555084
663	545836	555897
664	546649	556730
665	547470	557551
666	548281	558344
667	549095	559156
668	549908	559971
669	550723	560784
670	551535	561596
671	552348	562410
672	553161	563222
673	553973	564038
674	554788	564849
675	555600	565661
676	556412	566474
677	557224	567286
678	558037	568098
679	558849	568909
680	559661	569723
681	560474	570535
682	561286	571347
683	562099	572161
684	562912	572974
685	563726	573806
686	564558	574640
687	565393	575485
688	566228	576309
689	567062	577143
690	567895	577976
691	568727	578809
692	569561	579642
693	570392	580472
694	571223	581303
695	572055	582134
696	572886	582961
697	573714	583793
698	574545	584624
699	575376	585464
700	576209	586278
701	577029	587121
702	577842	587903
703	578654	588714
704	579466	589532
705	580278	590339
706	581090	591150
707	581901	591960
708	582712	592774
709	583525	593586
710	584337	594400
711	585152	595215
712	585967	596029
713	586781	596842
714	587593	597656
715	588408	598470
716	589222	599285
717	590036	600097
718	590848	600907
719	591659	601721
720	592471	602533
721	593284	603344
722	594096	604156
723	594907	604966
724	595718	605777
725	596529	606590
726	597341	607402
727	598153	608213
728	598965	609026
729	599778	609838
730	600590	610650
731	601402	611462
732	602213	612277
733	603028	613089
734	603840	613899
735	604651	614711
736	605463	615523
737	606274	616334
738	607086	617146
739	607897	617956
740	608708	618768
741	609520	619580
742	610332	620391
743	611143	621203
744	611955	622014
745	612766	622828
746	613579	623640
747	614391	624451
748	615203	625265
749	616017	626077
750	616828	626888
751	617639	627699
752	618451	628511
753	619262	629322
754	620074	630134
755	620886	630944
756	621697	631757
757	622508	632571
758	623321	633381
759	624133	634193
760	624944	635004
761	625756	635816
762	626567	636628
763	627379	637439
764	628191	638253
765	629005	639067
766	629817	639878
767	630630	640691
768	631442	641502
769	632254	642316
770	633066	643127
771	633878	643937
772	634689	644752
773	635503	645567
774	636318	646383
775	637130	647193
776	637941	648000
777	638752	648813
778	639564	649625
779	640376	650437
780	641187	651250
781	642001	652068
782	642814	652873
783	643625	653685
784	644437	654497
785	645248	655309
786	646060	656121
787	646872	656932
788	647683	657743
789	648495	658555
790	649306	659367
791	650118	660178
792	650930	660989
793	651741	661801
794	652552	662614
795	653365	663426
796	654177	664239
797	654991	665053
798	655803	665862
799	656614	666675
800	657425	667485
801	658237	668297
802	659048	669109
803	659860	669919
804	660671	670732
805	661483	671544
806	662295	672357
807	663108	673168
808	663920	673980
809	664731	674791
810	665542	675603
811	666354	676414
812	667166	677228
813	667980	678047
814	668794	678858
815	669605	679666
816	670417	680478
817	671229	681290
818	672041	682104
819	672853	682912
820	673664	683761
821	674476	684536
822	675288	685383
823	676099	686161
824	676911	686969
825	677722	687805
826	678534	688609
827	679353	689442
828	680165	690256
829	680979	691072
830	681793	691893
831	682616	692709
832	683440	693503
833	684253	694317
834	685068	695131
835	685883	695945
836	686695	696756
837	687507	697590
838	688337	698400
839	689153	699213
840	689965	700062
841	690778	700869
842	691589	701680
843	692400	702496
844	693214	703295
845	694026	704087
846	694839	704898
847	695650	705710
848	696462	706522
849	697274	707335
850	698086	708178
851	698930	708989
852	699742	709802
853	700554	710614
854	701367	711427
855	702179	712240
856	702992	713052
857	703804	713863
858	704615	714675
859	705427	715490
860	706242	716302
861	707054	717114
862	707866	717924
863	708677	718737
864	709489	719549
865	710301	720361
866	711114	721174
867	711926	721984
868	712737	722798
869	713550	723610
870	714362	724423
871	715175	725235
872	715987	726053
873	716801	726860
874	717612	727672
875	718424	728488
876	719240	729300
877	720052	730112
878	720864	730924
879	721675	731736
880	722488	732549
881	723301	733361
882	724113	734173
883	724925	734984
884	725736	735797
885	726549	736609
886	727361	737421
887	728173	738233
888	728985	739051
889	729804	739864
890	730615	740675
891	731427	741490
892	732242	742304
893	733055	743115
894	733867	743926
895	734679	744741
896	735493	745557
897	736308	746369
898	737120	747181
899	737932	747991
900	738744	748804
901	739556	749617
902	740369	750429
903	741181	751241
904	741993	752053
905	742806	752866
906	743617	753679
907	744429	754493
908	745243	755305
909	746057	756117
910	746868	756927
911	747680	757740
912	748492	758552
913	749304	759364
914	750116	760176
915	750928	760986
916	751739	761799
917	752551	762614
918	753365	763434
919	754186	764246
920	754998	765060
921	755811	765869
922	756622	766682
923	757434	767496
924	758248	768309
925	759060	769120
926	759872	769931
927	760683	770743
928	761495	771556
929	762307	772373
930	763119	773180
931	763931	773990
932	764742	774805
933	765554	775615
934	766366	776427
935	767178	777238
936	767990	778053
937	768801	778864
938	769613	779701
939	770424	780504
940	771236	781298
941	772049	782112
942	772862	782926
943	773677	783738
944	774489	784551
945	775301	785363
946	776113	786176
947	776925	786984
948	777737	787799
949	778549	788611
950	779362	789451
951	780174	790260
952	780987	791059
953	781803	791862
954	782614	792676
955	783427	793495
956	784246	794314
957	785064	795131
958	785882	795947
959	786694	796756
960	787506	797572
961	788322	798386
962	789137	799229
963	789948	800042
964	790758	800821
965	791571	801632
966	792383	802446
967	793197	803260
968	794009	804071
969	794821	804881
970	795632	805693
971	796444	806505
972	797256	807318
973	798068	808128
974	798880	808938
975	799691	809751
976	800503	810564
977	801316	811387
978	802130	812192
979	802943	813001
980	803754	813815
981	804566	814626
982	805378	815438
983	806190	816249
984	807002	817063
985	807814	817872
986	808625	818685
987	809437	819497
988	810249	820309
989	811061	821125
990	811875	821932
991	812686	822765
992	813499	823586
993	814310	824399
994	815124	825212
995	815936	826033
996	816747	826835
997	817558	827645
998	818369	828457
999	819181	829270
1000	819993	830080
