1	0	10720
2	1041	11575
3	6685	16955
4	7624	17730
5	8494	18670
6	9381	19529
7	10263	20394
8	11136	21335
9	12064	22274
10	12939	23047
11	13813	23915
12	14683	24787
13	15547	25750
14	16462	26659
15	17409	27488
16	18262	28393
17	19139	29230
18	19993	30065
19	20843	30914
20	21692	31764
21	22542	32616
22	23392	33460
23	24240	34344
24	25087	35192
25	25935	36039
26	26784	36860
27	27638	37707
28	28487	38557
29	29338	39405
30	30185	40252
31	31033	41102
32	31881	41951
33	32730	42799
34	33579	43684
35	34427	44532
36	35275	45379
37	36122	46228
38	36971	47076
39	37819	47923
40	38667	48772
41	39515	49620
42	40363	50469
43	41212	51288
44	42065	52136
45	42914	52982
46	43762	53831
47	44610	54678
48	45458	55527
49	46306	56374
50	47153	57222
51	48001	58070
52	48849	58917
53	49697	59767
54	50545	60614
55	51393	61462
56	52242	62310
57	53089	63158
58	53937	64005
59	54784	64855
60	55634	65704
61	56483	66553
62	57331	67400
63	58180	68250
64	59029	69099
65	59878	69947
66	60726	70795
67	61574	71644
68	62423	72494
69	63271	73338
70	64118	74186
71	64966	75034
72	65813	75882
73	66661	76730
74	67509	77578
75	68357	78425
76	69204	79275
77	70054	80123
78	70902	80970
79	71750	81819
80	72598	82667
81	73446	83515
82	74294	84364
83	75142	85210
84	75989	86058
85	76838	86909
86	77688	87757
87	78536	88614
88	79387	89458
89	80238	90306
90	81085	91153
91	81933	92002
92	82781	92852
93	83632	93700
94	84480	94548
95	85328	95396
96	86175	96244
97	87023	97092
98	87871	97940
99	88719	98788
100	89567	99636
101	90415	100483
102	91263	101334
103	92114	102184
104	92963	103032
105	93811	103880
106	94659	104728
107	95508	105576
108	96356	106427
109	97208	107276
110	98056	108124
111	98904	108974
112	99752	109820
113	100600	110670
114	101449	111519
115	102298	112366
116	103146	113214
117	103994	114063
118	104842	114911
119	105691	115760
120	106539	116615
121	107387	117459
122	108238	118306
123	109085	119154
124	109933	120004
125	110784	120853
126	111632	121702
127	112481	122550
128	113330	123398
129	114177	124247
130	115026	125095
131	115874	125943
132	116722	126792
133	117571	127640
134	118420	128489
135	119268	129336
136	120116	130184
137	120964	131032
138	121812	131882
139	122661	132730
140	123510	133581
141	124360	134430
142	125210	135278
143	126059	136126
144	126907	136977
145	127758	137827
146	128608	138679
147	129459	139527
148	130308	140375
149	131156	141224
150	132004	142074
151	132853	142925
152	133705	143811
153	134553	144659
154	135402	145510
155	136251	146355
156	137099	147206
157	137949	148055
158	138798	148903
159	139646	149752
160	140495	150600
161	141343	151417
162	142194	152264
163	143043	153112
164	143891	153960
165	144740	154809
166	145588	155657
167	146436	156508
168	147285	157352
169	148132	158201
170	148981	159050
171	149829	159898
172	150677	160748
173	151527	161597
174	152376	162461
175	153227	163296
176	154075	164144
177	154923	164993
178	155772	165840
179	156620	166690
180	157469	167538
181	158317	168386
182	159164	169234
183	160013	170081
184	160861	170931
185	161709	171779
186	162558	172627
187	163407	173476
188	164255	174325
189	165105	175174
190	165953	176022
191	166801	176872
192	167651	177720
193	168499	178568
194	169348	179417
195	170195	180265
196	171043	181113
197	171892	181962
198	172741	182810
199	173589	183659
200	174437	184509
201	175286	185360
202	176133	186203
203	176981	187056
204	177832	187910
205	178689	188759
206	179538	189615
207	180386	190458
208	181237	191305
209	182085	192155
210	182934	193008
211	183788	193861
212	184640	194709
213	185489	195558
214	186337	196405
215	187185	197254
216	188033	198103
217	188882	198951
218	189730	199800
219	190579	200648
220	191427	201507
221	192281	202350
222	193129	203198
223	193978	204046
224	194826	204894
225	195674	205743
226	196522	206600
227	197371	207443
228	198222	208291
229	199069	209138
230	199917	209987
231	200766	210835
232	201614	211684
233	202463	212533
234	203312	213380
235	204159	214228
236	205008	215077
237	205858	215935
238	206715	216785
239	207565	217643
240	208424	218494
241	209273	219341
242	210122	220192
243	210972	221041
244	211821	221891
245	212671	222741
246	213521	223589
247	214369	224441
248	215220	225325
249	216068	226173
250	216917	227022
251	217765	227870
252	218614	228720
253	219465	229570
254	220313	230418
255	221161	231267
256	222010	232117
257	222859	232965
258	223708	233813
259	224556	234661
260	225405	235510
261	226253	236357
262	227101	237208
263	227951	238058
264	228801	238908
265	229650	239755
266	230499	240603
267	231347	241462
268	232195	242271
269	233047	243117
270	233896	244002
271	234744	244851
272	235593	245699
273	236442	246552
274	237291	247395
275	238139	248244
276	238987	249092
277	239835	249941
278	240684	250793
279	241536	251615
280	242390	252460
281	243239	253308
282	244087	254156
283	244935	255004
284	245783	255854
285	246634	256703
286	247482	257551
287	248331	258399
288	249178	259247
289	250027	260096
290	250875	260945
291	251724	261793
292	252573	262642
293	253421	263492
294	254269	264338
295	255117	265186
296	255965	266035
297	256814	266884
298	257663	267732
299	258511	268580
300	259359	269433
301	260212	270281
302	261060	271131
303	261908	271978
304	262757	272827
305	263606	273675
306	264454	274523
307	265303	275371
308	266151	276220
309	266999	277071
310	267850	277919
311	268699	278768
312	269547	279616
313	270396	280465
314	271244	281313
315	272092	282162
316	272941	283013
317	273791	283861
318	274640	284709
319	275489	285558
320	276337	286405
321	277185	287256
322	278036	288108
323	278887	288957
324	279735	289807
325	280586	290656
326	281434	291510
327	282283	292369
328	283149	293242
329	284021	294115
330	284894	294987
331	285767	295863
332	286641	296735
333	287516	297606
334	288386	298492
335	289270	299360
336	290140	300229
337	291009	301100
338	291880	301968
339	292748	302838
340	293618	303692
341	294472	304539
342	295319	305384
343	296163	306229
344	297008	307075
345	297854	307920
346	298699	308765
347	299544	309617
348	300390	310459
349	301238	311303
350	302083	312150
351	302929	312995
352	303774	313839
353	304619	314685
354	305464	315530
355	306309	316374
356	307153	317219
357	307998	318064
358	308844	318909
359	309689	319755
360	310534	320600
361	311379	321460
362	312230	322301
363	313079	323148
364	313927	323997
365	314777	324845
366	315624	325692
367	316471	326537
368	317316	327381
369	318160	328229
370	319009	329075
371	319854	329920
372	320700	330765
373	321545	331618
374	322390	332459
375	323236	333302
376	324080	334145
377	324925	334991
378	325770	335836
379	326615	336681
380	327460	337531
381	328310	338378
382	329158	339224
383	330003	340069
384	330848	340914
385	331693	341760
386	332539	342605
387	333384	343509
388	334232	344302
389	335077	345144
390	335922	345988
391	336767	346836
392	337614	347680
393	338459	348525
394	339304	349372
395	340152	350218
396	340997	351065
397	341844	351914
398	342693	352758
399	343538	353604
400	344383	354458
401	345231	355296
402	346075	356141
403	346920	356986
404	347765	357831
405	348610	358676
406	349455	359522
407	350301	360366
408	351145	361211
409	351990	362057
410	352836	362911
411	353681	363747
412	354526	364594
413	355373	365442
414	356221	366287
415	357065	367131
416	357910	367977
417	358755	368826
418	359605	369671
419	360450	370516
420	361295	371362
421	362140	372208
422	362986	373053
423	363831	373897
424	364676	374742
425	365521	375587
426	366366	376435
427	367213	377278
428	368057	378125
429	368905	378970
430	369750	379817
431	370596	380663
432	371442	381514
433	372288	382356
434	373135	383203
435	373982	384049
436	374828	384896
437	375675	385741
438	376520	386587
439	377367	387438
440	378217	388286
441	379065	389133
442	379912	389987
443	380766	390834
444	381613	391681
445	382461	392530
446	383309	393375
447	384155	394221
448	385000	395068
449	385847	395914
450	386692	396760
451	387539	397605
452	388384	398459
453	389232	399299
454	390078	400145
455	390923	400991
456	391770	401840
457	392619	402687
458	393466	403532
459	394311	404376
460	395155	405224
461	396003	406070
462	396849	406917
463	397696	407764
464	398543	408616
465	399390	409462
466	400236	410303
467	401082	411150
468	401928	411997
469	402776	412842
470	403621	413689
471	404468	414538
472	405317	415382
473	406162	416229
474	407008	417075
475	407854	417922
476	408701	418771
477	409549	419617
478	410396	420462
479	411241	421307
480	412086	422205
481	412933	423002
482	413780	423848
483	414627	424696
484	415472	425542
485	416321	426386
486	417166	427234
487	418013	428081
488	418860	428926
489	419705	429773
490	420552	430621
491	421398	431465
492	422244	432313
493	423092	433161
494	423939	434006
495	424786	434856
496	425636	435703
497	426483	436548
498	427329	437396
499	428176	438244
500	429024	439091
501	429871	439938
502	430718	440784
503	431564	441632
504	432411	442478
505	433257	443325
506	434103	444207
507	434949	445053
508	435795	445902
509	436644	446747
510	437489	447593
511	438336	448439
512	439181	449284
513	440027	450130
514	440873	450977
515	441719	451791
516	442567	452635
517	443414	453482
518	444260	454332
519	445106	455175
520	445953	456021
521	446800	456866
522	447646	457713
523	448492	458566
524	449339	459407
525	450186	460254
526	451033	461098
527	451878	461946
528	452725	462793
529	453579	464325
530	454429	464502
531	455275	465340
532	456119	466187
533	456966	467034
534	457813	467880
535	458659	468725
536	459505	469572
537	460351	470418
538	461196	471265
539	462043	472117
540	462891	472960
541	463739	473806
542	464585	474653
543	465431	475501
544	466277	476345
545	467123	477190
546	467968	478037
547	468815	478883
548	469662	479736
549	470510	480576
550	471355	481420
551	472199	482268
552	473047	483114
553	473893	483961
554	474740	484807
555	475587	485654
556	476434	486504
557	477281	487349
558	478129	488202
559	478977	489046
560	479825	489893
561	480672	490739
562	481519	491587
563	482366	492435
564	483213	493279
565	484058	494126
566	484905	494972
567	485752	495825
568	486600	496666
569	487446	497512
570	488291	498358
571	489137	499205
572	489984	500056
573	490833	500901
574	491680	501753
575	492533	502601
576	493392	503469
577	494248	504322
578	495098	505166
579	495945	506015
580	496793	506860
581	497639	507707
582	498486	508555
583	499334	509403
584	500182	510254
585	501032	511100
586	501879	511953
587	502727	512795
588	503574	513649
589	504429	514497
590	505274	515341
591	506120	516188
592	506967	517034
593	507813	517880
594	508660	518727
595	509507	519589
596	510355	520435
597	511209	521287
598	512058	522136
599	512907	522984
600	513757	523833
601	514606	524682
602	515455	525548
603	516304	526381
604	517154	527234
605	518005	528083
606	518854	528931
607	519703	529782
608	520553	530633
609	521403	531481
610	522253	532331
611	523104	533195
612	523952	534026
613	524801	534877
614	525657	535767
615	526524	536599
616	527373	537455
617	528227	538311
618	529083	539161
619	529934	540011
620	530784	540860
621	531634	541717
622	532483	542557
623	533331	543410
624	534181	544258
625	535031	545108
626	535880	545957
627	536730	546805
628	537579	547654
629	538428	548510
630	539284	549358
631	540133	550206
632	540981	551057
633	541830	551908
634	542680	552756
635	543528	553614
636	544379	554463
637	545234	555313
638	546085	556161
639	546935	557009
640	547783	557857
641	548632	558706
642	549480	559591
643	550355	560431
644	551203	561282
645	552054	562133
646	552905	562982
647	553755	563832
648	554605	564679
649	555453	565544
650	556302	566376
651	557150	567226
652	557999	568078
653	558851	568926
654	559699	569777
655	560549	570626
656	561399	571476
657	562250	572326
658	563100	573173
659	563948	574022
660	564796	574871
661	565645	575756
662	566520	576595
663	567368	577450
664	568222	578300
665	569072	579148
666	569922	579999
667	570772	580847
668	571620	581715
669	572471	582554
670	573320	583395
671	574169	584245
672	575018	585102
673	575874	585951
674	576725	586800
675	577575	587652
676	578426	588505
677	579277	589349
678	580126	590198
679	580974	591047
680	581823	591899
681	582672	592748
682	583521	593598
683	584371	594452
684	585225	599531
685	586097	599574
686	586967	599620
687	587833	599662
688	588696	599698
689	589559	599728
690	590442	600563
691	591308	601442
692	592173	602294
693	593041	603159
694	593906	604023
695	594771	604875
696	595633	605737
697	596496	606600
698	597358	607472
699	598237	608306
700	599083	609149
701	599929	609994
702	600774	610839
703	601618	611685
704	602465	612529
705	603309	613374
706	604153	614218
707	604997	615063
708	605841	615913
709	606688	616753
710	607532	617597
711	608377	618444
712	609223	619288
713	610067	620131
714	610911	620975
715	611755	621820
716	612600	622667
717	613447	623547
718	614295	624365
719	615142	625206
720	615987	626050
721	616831	626894
722	617675	627739
723	618519	628582
724	619363	629438
725	620209	630274
726	621054	631118
727	621898	631970
728	622745	632811
729	623590	633655
730	624434	634500
731	625279	635378
732	626123	636224
733	626970	637069
734	627814	637917
735	628661	638763
736	629507	639590
737	630355	640432
738	631208	641284
739	632056	642133
740	632905	642981
741	633754	643830
742	634603	644678
743	635451	645530
744	636299	646373
745	637147	647220
746	637995	648070
747	638844	648919
748	639693	649770
749	640544	650619
750	641396	651481
751	642255	652332
752	643105	653181
753	643953	654029
754	644802	654877
755	645650	655727
756	646500	656574
757	647349	657424
758	648197	658273
759	649047	659122
760	649895	659973
761	650745	660821
762	651593	661694
763	652442	662518
764	653291	663371
765	654142	664220
766	654991	665071
767	655843	665918
768	656691	666773
769	657538	667613
770	658387	668472
771	659238	669312
772	660085	670160
773	660933	671008
774	661781	671857
775	662630	672704
776	663478	673563
777	664327	674404
778	665178	675254
779	666028	676104
780	666877	676953
781	667727	677801
782	668575	678649
783	669423	679501
784	670271	680346
785	671119	681194
786	671967	682043
787	672816	682889
788	673663	683737
789	674511	684584
790	675359	685435
791	676209	686282
792	677057	687130
793	677905	687981
794	678754	688829
795	679603	689680
796	680453	690534
797	681305	691381
798	682155	692231
799	683006	693079
800	683854	693927
801	684701	694774
802	685549	695650
803	686414	696489
804	687262	697336
805	688110	698187
806	688960	699036
807	689810	699886
808	690661	700736
809	691510	701583
810	692358	702433
811	693210	703283
812	694058	704134
813	694908	704981
814	695756	705833
815	696605	706682
816	697455	707531
817	698304	708380
818	699154	709227
819	700001	710081
820	700849	710923
821	701697	711811
822	702545	712618
823	703392	713465
824	704240	714313
825	705088	715169
826	705942	716027
827	706790	716864
828	707638	717713
829	708488	718565
830	709340	719467
831	710238	720312
832	711087	721161
833	711936	722010
834	712784	722867
835	713633	723708
836	714483	724576
837	715351	725428
838	716199	726272
839	717047	727120
840	717895	727970
841	718743	728820
842	719592	729668
843	720441	730517
844	721291	731364
845	722140	732214
846	722988	733063
847	723837	733911
848	724685	734758
849	725533	735690
850	726455	736529
851	727303	737376
852	728152	738228
853	729002	739080
854	729853	739932
855	730703	740779
856	731553	741626
857	732401	742474
858	733249	743322
859	734097	744175
860	734949	745023
861	735797	745870
862	736645	746718
863	737493	747566
864	738341	748414
865	739189	749262
866	740037	750110
867	740885	750958
868	741733	751808
869	742581	752657
870	743430	753507
871	744278	754352
872	745126	755200
873	745974	756047
874	746822	756895
875	747670	757756
876	748520	758593
877	749368	759472
878	750246	760320
879	751094	761168
880	751942	762019
881	752792	762869
882	753642	763718
883	754492	764568
884	755342	765423
885	756190	766263
886	757038	767111
887	757886	767961
888	758734	768808
889	759583	769658
890	760432	770509
891	761281	771356
892	762131	772206
893	762981	773054
894	763829	773903
895	764678	774751
896	765526	775632
897	766392	776465
898	767240	777313
899	768088	778163
900	768937	779013
901	769787	779861
902	770636	780710
903	771485	781573
904	772336	782410
905	773184	783258
906	774032	784108
907	774881	784959
908	775732	785808
909	776582	786657
910	777431	787509
911	778283	788354
912	779131	789205
913	779980	790054
914	780828	790902
915	781680	791773
916	782546	792621
917	783395	793469
918	784243	794324
919	785099	795173
920	785948	796022
921	786796	796870
922	787645	797727
923	788493	798569
924	789343	799445
925	790218	800293
926	791067	801141
927	791915	801991
928	792765	802840
929	793614	803687
930	794462	804535
931	795310	805382
932	796159	806232
933	797007	807079
934	797855	807930
935	798704	808778
936	799553	809627
937	800402	810476
938	801251	811324
939	802100	812174
940	802949	813023
941	803798	813871
942	804646	814720
943	805497	815598
944	806363	816440
945	807215	817288
946	808064	818137
947	808913	818986
948	809762	819834
949	810610	820681
950	811458	821549
951	812306	822381
952	813155	823229
953	814003	824079
954	814852	824928
955	815701	825783
956	816557	826632
957	817406	827479
958	818254	828327
959	819102	829175
960	819950	830024
961	820798	830874
962	821648	831734
963	822506	832583
964	823356	833430
965	824208	834281
966	825057	835130
967	825905	835979
968	826754	836828
969	827604	837695
970	828453	838528
971	829302	839377
972	830151	840228
973	831002	841078
974	831851	841927
975	832701	842776
976	833551	843624
977	834399	844474
978	835249	845322
979	836097	846171
980	836944	847018
981	837792	847869
982	838642	848719
983	839492	849567
984	840342	850416
985	841192	851263
986	842039	852120
987	842888	852961
988	843736	853810
989	844584	854660
990	845433	855517
991	846290	856365
992	847140	857215
993	847989	858065
994	848841	858916
995	849691	859763
996	850539	860619
997	851386	861470
998	852240	862312
999	853088	863160
1000	853936	864010
