1	0
2	893
3	7018
4	7870
5	8650
6	10254
7	11054
8	11846
9	12615
10	13377
11	14149
12	14969
13	15791
14	16566
15	17329
16	18106
17	18865
18	19678
19	20554
20	21361
21	22112
22	22861
23	23608
24	24356
25	25111
26	25860
27	26610
28	27361
29	28110
30	28857
31	29604
32	30352
33	31101
34	31849
35	32596
36	33344
37	34091
38	34838
39	35586
40	36334
41	37082
42	37830
43	38577
44	39327
45	40075
46	40822
47	41570
48	42318
49	43066
50	43813
51	44561
52	45309
53	46057
54	46804
55	47552
56	48300
57	49047
58	49794
59	50542
60	51290
61	52040
62	52787
63	53535
64	54282
65	55030
66	55777
67	56525
68	57272
69	58020
70	58768
71	59515
72	60263
73	61011
74	61759
75	62506
76	63254
77	64004
78	64751
79	65499
80	66247
81	66995
82	67743
83	68491
84	69239
85	69987
86	70734
87	71482
88	72230
89	72979
90	73726
91	74474
92	75223
93	75971
94	76720
95	77467
96	78216
97	78966
98	79714
99	80461
100	81210
101	81961
102	82708
103	83456
104	84205
105	84955
106	85703
107	86451
108	87200
109	87951
110	88703
111	89451
112	90199
113	90954
114	91702
115	92450
116	93198
117	93949
118	94696
119	95444
120	96192
121	96942
122	97690
123	98437
124	99185
125	99933
126	100682
127	101431
128	102180
129	102927
130	103675
131	104423
132	105171
133	105919
134	106667
135	107415
136	108163
137	108911
138	109659
139	110406
140	111155
141	111903
142	112653
143	113401
144	114149
145	114897
146	115645
147	116393
148	117141
149	117889
150	118637
151	119384
152	120133
153	120881
154	121629
155	122377
156	123125
157	123873
158	124623
159	125371
160	126119
161	126867
162	127615
163	128363
164	129111
165	129859
166	130607
167	131355
168	132103
169	132852
170	133601
171	134349
172	135097
173	135846
174	136596
175	137344
176	138093
177	138841
178	139588
179	140337
180	141086
181	141833
182	142581
183	143329
184	144078
185	144826
186	145574
187	146323
188	147071
189	147820
190	148570
191	149318
192	150067
193	150814
194	151562
195	152311
196	153060
197	153807
198	154556
199	155304
200	156061
201	156808
202	157556
203	158305
204	159053
205	159800
206	160551
207	161300
208	162048
209	162796
210	163544
211	164293
212	165044
213	165796
214	166544
215	167293
216	168041
217	168789
218	169537
219	170285
220	171034
221	171782
222	172532
223	173281
224	174030
225	174777
226	175525
227	176274
228	177022
229	177769
230	178517
231	179265
232	180014
233	180761
234	181509
235	182258
236	183006
237	183754
238	184504
239	185253
240	186001
241	186749
242	187497
243	188265
244	189015
245	189763
246	190511
247	191260
248	192008
249	192756
250	193504
251	194252
252	195001
253	195749
254	196499
255	197247
256	197996
257	198744
258	199492
259	200240
260	200989
261	201737
262	202485
263	203234
264	203982
265	204730
266	205478
267	206227
268	206975
269	207723
270	208473
271	209223
272	209971
273	210719
274	211467
275	212216
276	212967
277	213715
278	214463
279	215212
280	215967
281	216717
282	217465
283	218214
284	218965
285	219713
286	220463
287	221212
288	221963
289	222711
290	223459
291	224207
292	224958
293	225706
294	226455
295	227203
296	227955
297	228702
298	229450
299	230198
300	230953
301	231701
302	232451
303	233200
304	233951
305	234699
306	235447
307	236195
308	236946
309	237694
310	238442
311	239191
312	239941
313	240689
314	241437
315	242186
316	242934
317	243681
318	244432
319	245180
320	245928
321	246676
322	247424
323	248172
324	248920
325	249668
326	250416
327	251165
328	251913
329	252661
330	253430
331	254180
332	254928
333	255678
334	256432
335	257181
336	257930
337	258681
338	259430
339	260180
340	260928
341	261689
342	262434
343	263179
344	263924
345	264669
346	265414
347	266160
348	266904
349	267650
350	268397
351	269142
352	269887
353	270632
354	271377
355	272123
356	272867
357	273613
358	274358
359	275103
360	275848
361	276594
362	277338
363	278084
364	278829
365	279574
366	280321
367	281067
368	281812
369	282557
370	283303
371	284048
372	284793
373	285538
374	286284
375	287030
376	287775
377	288531
378	289276
379	290026
380	290771
381	291516
382	292264
383	293009
384	293754
385	294499
386	295244
387	295992
388	296737
389	297482
390	298228
391	298973
392	299718
393	300463
394	301209
395	301957
396	302705
397	303450
398	304198
399	305005
400	305802
401	306612
402	307413
403	308190
404	309031
405	309838
406	310586
407	311333
408	312080
409	312829
410	313574
411	314320
412	315071
413	315857
414	316606
415	317352
416	318098
417	318843
418	319588
419	320341
420	321087
421	321833
422	322578
423	323323
424	324069
425	324813
426	325558
427	326304
428	327049
429	327794
430	328541
431	329287
432	330032
433	330777
434	331522
435	332268
436	333014
437	333759
438	334503
439	335249
440	335994
441	336739
442	337485
443	338230
444	338984
445	339729
446	340477
447	341223
448	341968
449	342713
450	343458
451	344204
452	344953
453	345698
454	346442
455	347188
456	347933
457	348677
458	349423
459	350168
460	350913
461	351658
462	352406
463	353151
464	353896
465	354641
466	355386
467	356131
468	356876
469	357621
470	358366
471	359111
472	359856
473	360601
474	361346
475	362092
476	362837
477	363582
478	364330
479	365076
480	365820
481	366565
482	367311
483	368056
484	368801
485	369546
486	370291
487	371037
488	371794
489	372539
490	373285
491	374030
492	374775
493	375521
494	376268
495	377014
496	377759
497	378504
498	379249
499	379995
500	380740
501	381485
502	382231
503	382977
504	383721
505	384467
506	385212
507	385960
508	386705
509	387451
510	388199
511	388950
512	389695
513	390448
514	391194
515	391942
516	392687
517	393431
518	394177
519	394922
520	395668
521	396412
522	397158
523	397902
524	398647
525	399392
526	400140
527	400885
528	401630
529	402375
530	403120
531	403865
532	404610
533	405355
534	406100
535	406845
536	407590
537	408337
538	409091
539	409839
540	410584
541	411329
542	412077
543	412822
544	413568
545	414313
546	415059
547	415803
548	416549
549	417294
550	418040
551	418785
552	419530
553	420276
554	421022
555	421767
556	422515
557	423260
558	424008
559	424752
560	425498
561	426243
562	426989
563	427733
564	428478
565	429224
566	429969
567	430714
568	431459
569	432204
570	432953
571	433698
572	434443
573	435189
574	435939
575	436684
576	437430
577	438179
578	438925
579	439670
580	440416
581	441162
582	441907
583	442652
584	443397
585	444143
586	444888
587	445662
588	446408
589	447153
590	447904
591	448648
592	449393
593	450138
594	450883
595	451627
596	452372
597	453118
598	453862
599	454607
600	455352
601	456097
602	456842
603	457591
604	458342
605	459089
606	459889
607	460698
608	461460
609	462209
610	462962
611	463805
612	464555
613	465378
614	466129
615	466877
616	467626
617	468373
618	469121
619	469869
620	470616
621	471363
622	472111
623	472858
624	473605
625	474352
626	475099
627	475847
628	476593
629	477341
630	478087
631	478834
632	479581
633	480327
634	481074
635	481823
636	482570
637	483316
638	484063
639	484810
640	485557
641	486303
642	487050
643	487797
644	488545
645	489293
646	490040
647	490787
648	491534
649	492281
650	493028
651	493778
652	494525
653	495272
654	496019
655	496766
656	497520
657	498267
658	499014
659	499761
660	500508
661	501255
662	502002
663	502749
664	503496
665	504243
666	504990
667	505739
668	506486
669	507232
670	507979
671	508726
672	509473
673	510225
674	510973
675	511720
676	512467
677	513214
678	513964
679	514711
680	515458
681	516213
682	516963
683	517713
684	518460
685	519207
686	519957
687	520704
688	521452
689	522200
690	522951
691	523699
692	524447
693	525194
694	525945
695	526693
696	527441
697	528189
698	528940
699	529689
700	530436
701	531184
702	531930
703	532677
704	533423
705	534169
706	534915
707	535661
708	536407
709	537154
710	537900
711	538647
712	539393
713	540139
714	540885
715	541634
716	542380
717	543126
718	543873
719	544619
720	545365
721	546111
722	546857
723	547604
724	548350
725	549096
726	549842
727	550588
728	551335
729	552081
730	552827
731	553575
732	554321
733	555068
734	555814
735	556568
736	557314
737	558060
738	558807
739	559553
740	560301
741	561056
742	561803
743	562549
744	563295
745	564041
746	564788
747	565536
748	566282
749	567044
750	567790
751	568536
752	569283
753	570029
754	570775
755	571521
756	572268
757	573022
758	573768
759	574514
760	575260
761	576006
762	576752
763	577501
764	578247
765	578993
766	579739
767	580485
768	581235
769	581982
770	582728
771	583474
772	584223
773	584969
774	585715
775	586461
776	587207
777	587957
778	588703
779	589452
780	590198
781	590952
782	591698
783	592445
784	593190
785	593939
786	594685
787	595432
788	596178
789	596924
790	597671
791	598417
792	599163
793	599909
794	600656
795	601404
796	602150
797	602897
798	603643
799	604389
800	605135
801	605881
802	606635
803	607381
804	608128
805	608874
806	609620
807	610366
808	611113
809	611859
810	612605
811	613353
812	614099
813	614845
814	615592
815	616338
816	617084
817	617830
818	618576
819	619323
820	620069
821	620815
822	621562
823	622308
824	623063
825	623809
826	624555
827	625311
828	626057
829	626803
830	627549
831	628301
832	629102
833	629850
834	630596
835	631343
836	632090
837	632837
838	633649
839	634404
840	635151
841	635898
842	636648
843	637395
844	638141
845	638887
846	639634
847	640380
848	641126
849	641872
850	642619
851	643365
852	644111
853	644858
854	645605
855	646351
856	647097
857	647844
858	648592
859	649339
860	650085
861	650831
862	651578
863	652325
864	653071
865	653817
866	654564
867	655310
868	656065
869	656812
870	657558
871	658305
872	659051
873	659798
874	660547
875	661301
876	662056
877	662803
878	663550
879	664296
880	665043
881	665789
882	666535
883	667282
884	668037
885	668783
886	669530
887	670276
888	671023
889	671769
890	672518
891	673264
892	674018
893	674764
894	675511
895	676257
896	677004
897	677750
898	678497
899	679243
900	679990
901	680736
902	681483
903	682229
904	682976
905	683723
906	684471
907	685217
908	685966
909	686713
910	687460
911	688206
912	688956
913	689703
914	690450
915	691196
916	691946
917	692693
918	693439
919	694186
920	694932
921	695679
922	696427
923	697173
924	697919
925	698665
926	699412
927	700158
928	700904
929	701651
930	702397
931	703143
932	703889
933	704636
934	705382
935	706128
936	706874
937	707620
938	708367
939	709113
940	709859
941	710605
942	711352
943	712098
944	712844
945	713590
946	714337
947	715083
948	715829
949	716575
950	717322
951	718091
952	718853
953	719608
954	720356
955	721103
956	721851
957	722599
958	723348
959	724096
960	724846
961	725593
962	726340
963	727086
964	727835
965	728580
966	729329
967	730075
968	730823
969	731570
970	732317
971	733071
972	733817
973	734564
974	735310
975	736065
976	736813
977	737560
978	738306
979	739061
980	739807
981	740554
982	741301
983	742057
984	742803
985	743550
986	744301
987	745056
988	745802
989	746549
990	747329
991	748082
992	748829
993	749576
994	750330
995	751076
996	751823
997	752569
998	753315
999	754069
1000	754815
