0	30
373	99
1425	27
1031	80
676	13
232	138
194	124
68	110
361	97
546	21
268	4
1116	88
156	50
788	68
144	325
95	144
327	53
79	19
418	100
1046	10
333	6
1877	385
150	20
615	135
315	23
1859	72
312	23
258	91
1481	156
731	379
280	227
94	92
270	132
960	8
1236	159
1049	57
2056	260
57	20
979	127
1230	22
245	110
346	61
555	43
1920	8
1317	127
861	131
429	91
581	132
343	320
1498	121
689	15
1046	47
113	57
1551	157
1548	68
160	79
99	98
150	86
1732	285
576	27
926	83
152	185
1695	358
723	27
823	277
173	43
1824	12
1665	180
2169	87
426	135
236	86
963	24
411	59
2183	54
74	35
164	3
647	13
339	360
266	207
478	72
334	219
352	6
2596	31
242	109
1391	8
2864	19
1750	2
1404	132
784	8
643	68
876	58
2126	179
250	190
154	29
199	43
1074	628
790	125
1955	110
584	278
1320	125
911	66
352	114
611	16
411	80
1098	258
242	35
625	132
407	60
74	60
2410	69
1538	5
2119	7
1421	189
589	51
224	22
1162	9
1888	254
931	35
1392	145
137	35
1462	3
1428	28
486	36
255	97
1169	17
568	83
639	177
1541	57
667	6
115	147
656	34
2005	18
638	110
226	98
1412	35
1357	16
1403	148
84	57
1310	102
475	2
161	111
2091	35
2509	279
3363	3
3752	120
306	124
436	333
223	40
248	94
492	313
829	31
532	402
63	7
299	102
413	152
611	33
915	98
1256	118
1086	131
308	14
1839	22
387	164
1104	340
37	49
977	260
654	231
1004	139
878	91
57	20
884	122
612	5
733	168
776	10
1372	191
2074	254
1244	111
1414	324
1383	186
799	103
425	55
1273	166
1188	155
1173	147
421	57
1519	196
118	15
118	14
50	1
495	68
2140	277
88	12
683	89
1382	179
256	33
51	6
1315	170
419	54
256	33
613	78
264	34
37	1
3583	473
1842	241
1192	93
74	43
1828	91
1243	87
2934	632
372	43
495	67
688	88
151	19
96	12
770	99
67	8
312	40
552	68
51	6
96	12
371	47
309	39
309	39
1151	150
1256	30
1267	298
1103	142
44	5
692	24
2998	69
986	26
644	130
2343	56
623	86
1265	69
783	193
1134	81
449	83
129	22
928	31
245	420
2632	90
3745	163
179	7
945	320
373	100
428	5
150	116
243	55
373	67
237	126
957	39
922	37
1562	187
136	50
694	14
1122	196
1045	59
1318	122
84	128
443	75
624	443
200	149
556	98
623	33
763	56
721	30
79	55
707	10
894	93
928	82
859	79
495	340
194	112
112	53
3593	60
234	308
836	217
1532	325
1591	24
2413	29
103	14
1603	49
157	114
656	74
64	357
2067	79
703	130
979	393
148	24
1041	28
575	113
359	241
1260	31
95	18
320	125
1398	226
241	31
158	17
1324	175
529	69
1707	220
454	59
592	74
156	20
354	45
428	54
438	56
961	125
2944	44
352	4
1631	5
390	3
169	17
115	51
783	173
702	211
612	263
115	26
347	19
1493	66
707	151
1774	190
1245	24
220	172
1193	36
1151	24
600	39
935	20
775	245
155	115
444	22
1634	41
379	112
1135	99
239	93
647	187
759	204
1851	40
2548	48
1019	137
697	76
882	379
1275	6
114	52
635	21
110	26
480	10
1214	268
731	56
328	204
876	15
1317	89
1375	36
819	93
580	28
1647	9
830	107
304	26
704	59
826	46
320	11
3366	69
459	110
192	90
1992	324
737	69
136	116
495	142
2146	98
592	154
89	201
154	656
668	39
742	162
1056	112
465	115
1207	20
3108	44
672	523
87	94
161	29
195	113
456	13
579	19
1032	319
489	115
1187	32
381	28
1293	15
887	44
179	35
760	93
852	118
693	29
258	119
660	278
196	48
1878	162
1576	4
1109	36
38	39
138	151
197	91
960	108
920	113
508	17
1014	55
64	299
143	77
1095	43
828	277
1958	24
247	86
553	65
1249	63
1545	96
63	13
1075	200
476	33
1065	58
361	92
219	84
882	333
1084	43
464	159
1799	344
185	24
544	11
1928	36
1119	48
493	330
1504	74
260	101
1636	88
218	23
258	112
642	30
288	10
662	376
812	105
364	44
1410	164
647	18
922	59
2344	97
912	11
3252	101
3344	49
490	185
908	29
624	164
419	265
1817	12
1052	84
1325	41
1688	267
476	123
340	21
456	1
189	134
181	46
138	56
329	18
1693	52
641	37
492	73
317	63
504	153
1124	127
1166	76
67	154
895	153
791	16
232	34
122	49
1125	83
1847	29
790	170
1642	86
618	73
584	18
1928	16
825	209
205	64
158	69
2529	52
679	98
318	7
1236	703
822	82
2476	30
3273	118
922	67
825	594
125	56
908	38
898	96
418	24
172	200
1484	357
953	114
122	22
251	55
281	21
262	115
2134	3
686	66
226	10
1079	50
1893	67
38	94
318	85
623	99
826	73
1417	56
394	86
888	3
2525	30
1218	243
614	219
1985	24
1119	9
160	12
2255	20
547	60
998	181
294	39
1722	158
70	192
1021	381
1178	9
859	16
267	108
2046	209
4684	123
203	523
42	123
1091	66
1129	22
1499	35
1111	10
2817	178
185	244
78	65
422	22
395	41
561	140
258	151
621	69
126	49
806	43
751	43
380	40
1792	77
2211	10
2015	23
383	49
294	103
898	98
440	44
1665	50
168	57
230	62
327	29
1048	15
545	6
107	153
135	63
447	1
3932	168
99	30
672	242
750	11
1180	4
1807	36
1073	245
1093	22
1628	62
212	151
263	78
114	185
235	92
660	21
207	74
174	183
391	298
222	19
1524	35
279	329
1048	177
401	40
1585	18
335	11
442	171
573	451
633	17
295	16
968	123
167	27
154	2
908	13
978	4
723	122
70	16
558	45
1101	22
2191	31
368	46
277	2
526	51
139	169
1765	49
79	102
635	31
2068	51
1634	68
756	130
426	107
521	432
512	263
508	8
3001	121
437	123
662	6
1097	282
3175	126
1693	34
93	75
224	20
1574	69
2162	150
131	1
127	63
124	63
101	60
990	266
1102	18
1526	158
1304	202
796	36
2277	29
2518	14
44	139
57	196
2799	114
2091	47
2945	4
724	7
1106	291
492	37
238	76
1735	6
2524	77
38	16
2805	13
239	10
154	100
183	14
2965	389
402	10
278	174
404	195
866	106
358	181
290	88
190	39
112	268
280	18
425	134
2180	95
896	19
267	12
723	125
346	60
262	1
1355	177
1375	122
213	98
3386	90
332	71
519	29
2844	80
249	206
4447	158
630	2
412	2
4218	58
602	16
818	102
823	235
265	265
152	151
865	34
966	133
358	78
1176	20
739	132
874	20
1287	181
1271	23
216	34
133	80
185	62
133	6
1058	80
370	525
1964	66
1653	155
848	50
182	10
1516	223
494	47
399	335
211	20
1258	44
1229	45
171	141
256	4
650	7
242	82
357	135
1436	146
253	124
812	17
725	86
671	84
3842	128
95	17
910	32
602	507
34	351
685	148
1729	99
3402	170
34	191
1683	38
827	31
666	170
729	119
363	30
191	123
197	222
568	33
67	35
991	10
65	101
591	15
1188	109
1699	6
1032	30
348	7
716	55
1030	273
34	41
183	6
1228	222
869	45
2886	90
749	35
2677	24
1485	102
474	68
384	428
5840	8
3447	61
494	147
781	49
779	18
313	90
837	24
328	29
292	103
925	310
516	67
376	10
598	161
410	212
70	130
185	125
1295	29
169	35
663	141
357	4
666	64
1085	54
646	161
169	45
373	15
2887	60
563	109
182	91
1350	21
777	37
1469	118
1988	41
136	92
262	57
260	29
325	79
2484	24
1313	25
1191	5
1767	71
639	65
438	249
802	223
34	136
1636	11
746	61
2043	17
1130	29
402	291
184	14
504	21
315	85
912	232
548	17
867	15
267	31
611	5
704	148
3496	30
179	108
65	185
1943	314
448	70
186	39
1410	83
140	29
1039	75
651	683
1470	31
587	170
2658	19
778	26
1563	11
450	146
679	66
216	21
670	54
1652	297
87	23
253	33
1128	156
667	37
1252	239
399	58
116	102
298	202
232	159
1106	73
1096	53
1044	27
620	206
448	26
367	157
2076	156
167	245
794	266
96	159
470	138
625	95
2222	38
782	10
1434	27
645	84
1585	6
268	197
615	96
363	187
446	20
528	20
431	134
73	74
1635	56
331	63
621	57
2085	51
370	2
2085	16
2823	277
610	13
1104	42
671	137
212	95
685	191
1012	71
142	260
1384	82
123	239
665	88
473	60
304	65
1321	12
166	35
1194	144
199	263
1039	107
326	40
226	19
911	288
94	60
660	19
330	19
222	65
1084	3
483	467
2377	234
39	83
779	44
905	124
1766	101
268	54
66	275
1717	65
614	24
484	56
1190	11
170	110
833	108
1064	48
506	322
1332	244
675	95
856	112
372	111
1613	48
340	7
221	218
1137	22
1523	112
490	55
259	38
373	328
3201	13
34	5
897	23
1089	226
1675	98
328	23
938	15
1423	84
37	9
717	143
165	17
759	64
238	64
713	129
295	10
837	290
64	35
1087	131
1101	59
553	102
3785	194
176	239
658	30
2377	176
541	55
356	47
571	50
720	312
1738	14
1559	138
402	117
75	291
2791	95
630	148
1494	46
1381	118
596	2
467	286
375	186
146	5
127	65
819	23
250	122
154	217
125	188
497	48
1473	315
2101	160
245	74
735	188
936	64
2028	13
1330	19
190	28
722	134
213	229
611	46
64	256
858	40
2122	32
421	90
1206	48
888	99
242	155
671	2
1920	57
113	13
1332	13
168	194
1828	39
982	13
629	51
468	45
117	53
1272	158
526	22
3151	122
404	63
782	231
2114	14
1208	85
508	91
177	7
1646	23
3686	12
137	40
1245	85
705	102
352	52
776	97
167	22
188	203
2056	21
864	103
792	86
1080	27
85	41
1820	29
166	37
467	65
494	235
2627	229
288	144
559	12
619	25
128	107
1434	88
1961	94
2159	45
59	35
127	254
83	272
772	98
168	60
1442	23
125	434
1195	38
1216	138
698	191
3598	1
202	123
1130	35
1346	104
289	194
1040	6
1568	42
126	314
175	18
1469	21
283	243
133	128
506	14
592	268
2070	90
1497	157
191	113
157	30
282	8
177	23
118	134
633	444
943	111
309	85
682	6
370	25
163	149
2180	51
239	224
110	293
897	211
1430	62
1250	39
1992	136
75	101
4233	91
602	132
1983	20
149	27
568	397
121	393
843	19
773	26
364	88
971	24
1036	7
75	86
797	325
122	80
545	125
334	92
1492	209
1071	108
585	8
1601	91
187	158
563	39
103	21
283	56
1118	119
66	61
378	37
225	4
441	39
1291	16
176	46
523	127
63	167
705	182
495	56
2455	128
94	119
386	179
1192	15
710	4
103	91
671	71
2414	130
985	191
1076	39
144	49
1143	7
775	347
199	80
147	114
2896	512
452	62
2318	75
741	115
1481	78
85	48
908	142
591	36
470	113
97	34
134	155
417	39
212	23
1512	142
747	207
1302	12
370	58
287	152
224	24
480	76
2033	339
709	57
248	6
2424	377
154	20
565	3
181	32
425	5
888	222
287	37
644	81
424	55
515	66
403	51
69	4
274	24
300	48
544	55
751	116
2105	275
397	46
1637	17
626	17
264	79
3467	138
336	66
888	165
91	19
1085	365
222	50
740	150
564	90
1306	186
1186	12
342	49
1457	130
609	53
961	95
441	197
355	151
841	101
135	105
907	137
1013	76
713	22
654	130
201	15
306	94
1393	227
1449	49
1642	38
304	25
166	64
1274	242
294	37
2136	134
475	5
125	99
375	98
398	177
419	116
329	152
3072	22
82	246
2318	213
837	7
430	67
117	298
317	86
382	48
1105	1
1617	4
34	29
324	113
1426	162
843	354
744	127
2390	310
408	53
1185	34
348	163
454	58
3555	107
105	56
291	29
887	187
35	46
637	6
1052	157
2773	103
990	21
2736	135
951	122
93	77
903	98
268	60
1171	39
663	97
1024	73
34	51
921	42
321	98
3526	25
1977	244
1639	75
269	88
1190	12
682	74
221	34
791	50
464	76
473	205
1937	139
1227	97
260	226
162	19
1176	31
818	51
1476	41
79	341
254	114
467	135
68	16
428	81
222	142
183	18
34	137
1301	110
857	32
842	56
1959	95
391	14
257	345
413	45
123	131
790	54
436	105
2094	19
72	364
1268	8
1363	184
577	3
982	83
308	61
661	105
750	296
202	128
205	252
335	10
1279	51
1670	5
1104	45
605	188
183	79
1391	271
1173	87
304	44
1044	2
512	52
404	243
322	203
35	125
251	59
213	127
785	52
587	104
2026	184
515	154
1368	24
3304	168
802	8
1511	59
770	144
597	31
742	28
2139	50
2022	35
467	37
35	71
559	459
606	40
491	150
1694	101
1638	19
2721	1
198	143
248	52
1458	73
338	26
242	11
524	399
652	103
711	266
82	33
1111	157
2368	394
3236	75
404	101
793	160
155	124
330	45
221	23
239	128
783	79
443	81
3009	56
76	147
573	7
1255	258
741	437
1634	145
219	23
144	17
422	237
36	5
33	17
277	69
1964	92
1558	17
1331	106
1105	252
3732	2
1212	152
426	80
825	116
1139	17
1735	16
271	4
978	18
1314	225
103	1
1034	247
890	39
772	1
890	49
811	127
2115	87
1029	16
1151	4
2835	50
781	84
781	192
800	12
367	13
964	269
1200	18
1379	112
254	90
1782	73
1493	41
223	80
66	44
466	23
1097	15
1065	156
1283	65
2120	425
1326	73
158	202
93	7
516	5
37	5
150	322
247	129
170	32
120	9
841	107
285	76
524	32
134	103
620	8
1164	31
247	11
1012	56
229	23
592	27
361	82
4172	187
409	69
396	38
1193	74
935	161
1296	21
2293	16
697	49
383	72
1746	229
523	579
86	108
748	259
1333	94
1862	246
787	15
257	44
648	171
906	40
705	237
835	59
420	41
670	209
975	14
539	116
260	41
421	26
1084	16
1157	180
435	128
1527	129
2232	41
1387	34
82	459
2367	37
456	2
35	175
116	7
133	75
136	45
2127	55
90	159
259	39
2152	18
411	69
711	112
316	72
1058	14
465	60
830	64
642	121
2802	116
721	159
2062	133
270	343
89	24
2124	112
1432	27
404	11
1395	64
535	50
1045	47
428	21
713	245
82	51
1069	168
492	12
471	1
1136	159
1458	175
880	36
794	119
750	84
436	37
2165	4
329	73
1094	325
1769	14
371	85
672	24
993	5
1036	177
333	59
726	36
1540	128
611	292
195	17
405	45
231	328
181	31
627	162
526	185
3342	16
338	12
76	54
649	31
6197	183
586	57
141	37
604	74
1495	90
735	420
241	55
1396	211
319	12
500	108
546	256
705	245
408	367
781	59
986	20
1223	287
250	117
324	225
3792	45
1389	211
964	52
1260	194
402	32
935	46
311	71
641	29
1076	64
1565	6
1381	15
90	117
232	72
3045	6
442	12
999	100
416	65
912	26
1469	9
34	23
3002	63
683	1
35	242
561	9
836	133
2572	198
1065	3
683	92
649	34
1828	3
3173	15
3122	41
112	182
269	114
935	190
866	26
1558	33
157	87
1101	76
141	577
773	154
1378	207
144	151
708	162
1202	139
985	11
882	175
1050	267
34	5
3187	160
573	18
1003	15
681	15
388	86
1656	19
592	79
1829	81
799	7
804	77
36	44
33	100
146	250
997	6
1338	61
894	37
551	200
657	53
775	137
564	189
179	41
1672	233
962	14
718	22
2111	32
3423	22
133	223
925	116
34	40
1996	199
1731	76
3061	37
419	55
1189	31
1123	196
399	18
415	21
765	65
541	38
218	78
66	14
415	72
272	4
270	51
1158	211
443	112
1053	332
293	136
196	97
339	240
68	67
716	57
305	86
1549	147
1492	151
135	614
2092	45
249	231
981	72
857	25
674	57
60	39
1132	417
2261	298
891	33
642	99
1127	61
1673	369
115	13
862	112
504	65
633	82
921	120
760	62
513	53
451	13
761	56
232	92
1261	239
245	24
922	127
600	77
285	36
1017	37
770	193
944	121
1194	155
523	68
386	50
932	121
2447	318
363	47
119	13
33	1
1071	11
195	52
188	47
510	10
1285	3
296	56
34	245
845	46
561	86
1364	268
378	49
629	82
2505	327
239	23
1955	111
1068	173
980	243
561	73
1635	4
207	1
356	20
2684	119
514	285
1236	112
146	141
615	17
530	14
175	38
2508	168
2672	33
915	57
71	15
410	37
696	167
711	114
763	349
1745	216
426	278
156	116
381	74
2124	47
41	335
3793	4
568	4
107	29
1101	2
696	37
244	115
3821	64
494	254
419	32
2748	83
188	68
1484	141
2026	349
70	35
417	164
107	16
446	10
73	82
343	29
645	25
691	18
120	188
1500	17
614	56
1397	32
313	152
1765	166
214	89
605	52
397	42
1191	290
2600	201
312	97
246	77
928	36
142	34
2243	121
2011	102
512	17
583	126
486	528
463	4
937	166
747	11
2300	26
1037	42
39	64
2055	252
1783	182
501	94
801	268
404	28
1773	8
3262	105
932	26
39	37
1514	274
2620	22
472	1
911	12
2111	41
452	45
172	162
218	34
2325	6
1003	28
800	100
410	56
1497	101
172	77
772	353
1121	21
563	123
362	56
139	292
307	122
1830	212
91	72
415	3
378	258
1435	337
892	66
147	221
2436	6
33	57
437	214
879	113
650	27
982	84
2457	83
71	151
319	21
183	28
2758	189
37	187
31	165
155	120
379	261
1166	65
325	123
281	6
863	155
970	1
82	127
572	209
704	92
1904	247
1554	201
294	38
127	14
153	19
195	25
826	105
507	64
837	109
512	57
388	33
746	122
1931	46
514	12
1104	96
757	20
680	12
4233	99
4480	99
503	71
2368	283
357	87
134	56
862	111
1141	160
169	9
343	365
264	31
206	47
1004	37
386	79
654	76
1710	129
306	49
246	19
149	168
750	170
234	37
955	22
820	234
2294	3
2642	195
736	32
1550	22
2821	196
34	99
1322	113
251	183
111	59
2163	95
2524	131
2342	24
610	97
1722	199
247	57
685	204
326	77
179	333
260	46
1031	23
456	26
629	9
1051	223
258	12
132	28
295	107
907	28
929	168
147	151
339	95
288	98
1047	26
2305	50
1903	72
34	11
2845	61
864	170
139	148
940	4
2314	42
653	315
135	70
1838	168
467	247
2175	107
1099	117
869	200
1173	4
1172	39
1485	227
311	128
1077	81
366	34
669	10
34	13
571	20
680	455
258	268
2625	35
1705	95
1934	99
867	188
76	1
142	156
1395	136
148	36
436	455
279	19
506	65
1337	21
393	33
3357	23
620	26
34	11
961	46
237	31
535	93
1120	106
1355	25
2816	179
123	54
1408	352
77	62
970	20
154	2
256	88
641	102
284	90
393	252
377	51
1290	6
521	65
413	104
741	483
2202	369
100	87
256	41
493	38
812	38
1871	71
561	145
871	65
1128	49
354	135
980	325
1029	97
3426	7
402	110
251	50
328	1
389	1
789	31
1414	34
1834	4
275	54
670	77
618	94
1814	6
2031	174
817	306
781	61
348	28
1049	71
697	27
70	208
456	46
522	94
769	203
109	76
165	2
2017	69
2967	452
207	9
297	15
952	326
265	17
4372	139
395	144
863	40
690	75
90	63
2817	77
108	106
163	8
92	24
859	18
2037	672
993	33
644	75
63	16
321	194
492	207
2524	23
1151	20
640	165
587	105
1768	68
1045	152
2726	9
919	146
349	126
907	64
1333	52
140	13
2514	2
1180	196
2090	48
490	13
2016	89
408	11
906	84
406	66
865	15
1112	2
491	5
1224	101
1057	34
1127	50
901	60
343	17
337	45
1152	123
303	10
704	1
1916	38
1069	32
1078	67
950	2
477	160
2442	139
578	42
350	1
857	107
1484	17
1801	89
998	107
475	56
210	136
132	63
223	191
454	113
1416	51
146	51
1018	235
1298	125
34	64
907	37
179	42
673	91
365	93
311	154
483	36
623	6
413	233
742	27
813	46
2149	11
125	50
88	58
682	138
1179	65
141	32
1514	11
1256	54
243	76
528	166
242	2
478	19
34	106
618	82
1015	60
1537	286
622	16
79	269
961	341
576	40
56	3
1221	57
544	70
706	11
1616	163
2589	5
3201	52
2006	312
215	60
223	141
1189	4
301	40
308	446
4062	146
383	64
342	131
76	227
618	289
1068	77
1508	46
1531	36
939	134
462	54
1247	308
1204	48
309	220
583	95
2774	37
970	207
215	142
3329	83
156	88
1764	282
987	55
416	2
261	244
894	2
605	130
1450	132
937	21
761	19
330	102
1057	352
722	84
107	386
2202	92
516	17
454	138
119	177
943	18
2343	86
2209	2
320	38
1743	18
943	79
1840	141
394	35
1935	24
83	138
687	78
207	7
461	74
843	105
349	4
610	125
317	105
441	36
233	193
440	11
164	37
688	399
259	71
669	322
494	46
359	37
203	63
419	107
81	273
459	87
520	123
151	43
821	122
1072	20
271	23
945	327
605	170
722	95
2121	275
1691	219
142	18
638	14
2219	357
1558	201
457	59
74	9
510	65
1904	247
1398	181
1875	245
1663	217
298	38
59	7
196	25
378	47
1711	222
1662	217
1276	165
720	91
32	2
807	105
173	22
2367	308
1027	134
964	124
438	55
975	124
605	78
126	16
1362	176
1109	143
1628	210
300	37
511	66
203	26
1212	158
798	104
176	18
234	34
729	95
203	26
32	3
1938	252
498	63
142	18
1189	155
980	126
394	51
32	2
379	51
257	33
2244	291
499	64
1543	199
297	38
860	112
546	71
3289	289
54	134
3348	213
34	184
31	28
1691	96
56	15
874	258
1105	142
886	115
59	3
421	58
503	64
1055	136
671	87
38	4
721	94
999	130
188	24
726	94
469	61
1152	150
120	15
97	12
1254	162
493	64
5250	685
172	22
2587	336
905	116
172	22
361	45
697	89
766	98
532	63
44	9
394	51
1728	223
1605	210
104	13
447	58
32	2
31	5
963	123
347	45
766	98
271	35
203	26
400	50
2124	276
1009	129
248	32
198	25
32	1
349	48
1374	177
98	13
188	24
53	6
260	33
1019	131
1361	176
264	34
181	23
219	28
241	31
93	11
606	77
57	7
289	37
266	34
165	21
526	68
249	32
158	20
2017	260
469	61
888	114
1482	191
218	28
44	5
4099	534
796	102
2351	306
1978	257
447	58
831	108
172	22
824	107
173	22
652	85
518	67
2427	316
1841	238
3910	506
838	109
1177	152
2442	319
34	4
3693	479
33	3
31	3
1055	137
1413	182
81	10
104	13
624	81
188	24
1246	159
240	29
329	42
294	38
1658	214
1633	213
43	5
287	37
2023	263
1003	128
51	6
62	6
1631	213
465	60
1043	136
241	31
2648	345
898	116
76	10
51	6
417	54
1452	187
584	76
386	50
1140	147
1269	163
427	55
317	41
630	82
743	95
226	29
31	1
654	86
173	22
341	44
156	19
127	16
173	22
706	92
623	81
340	44
2751	356
58	7
389	50
1265	165
1674	217
310	40
881	113
81	10
1152	150
752	96
1483	192
32	1
1147	150
925	118
761	97
425	55
645	83
526	69
225	27
3374	439
32	1
264	37
900	117
1786	230
328	42
249	32
806	105
516	67
44	5
1109	143
43	3
153	21
226	29
615	80
59	7
229	29
614	78
32	2
66	9
537	68
656	85
127	16
89	11
542	70
470	59
560	71
279	36
714	93
234	30
2117	274
195	25
293	36
356	46
569	72
556	72
165	21
211	27
340	44
44	5
379	49
119	15
1079	140
111	14
1088	142
2893	377
232	28
508	66
1078	139
363	47
484	61
677	88
485	63
2115	273
729	95
948	123
860	110
393	49
1208	158
1467	190
446	58
1548	202
766	98
485	63
554	70
731	95
686	89
279	36
409	53
318	41
510	65
4982	37
38	27
28	101
27	26
28	134
28	29
27	27
3077	685
123	16
67	8
919	116
1485	194
387	50
55	2
1110	150
181	23
55	6
294	39
1179	151
718	92
867	113
1009	130
136	17
182	23
3081	402
1527	199
501	65
258	33
145	18
554	72
847	109
268	33
189	22
67	10
447	58
6019	783
810	104
188	24
842	108
181	23
78	8
1726	224
333	43
778	101
149	17
492	62
173	22
135	17
1360	177
2739	357
154	19
516	67
267	34
583	74
554	72
537	68
226	29
1715	222
270	35
1339	175
1007	131
1242	162
165	21
699	91
283	36
2134	279
348	45
80	9
515	65
1665	216
1624	212
875	114
105	13
341	44
3512	458
1597	207
319	40
888	115
81	10
356	46
1717	224
29	1
887	118
187	22
150	19
1295	167
500	65
50	6
417	49
1056	70
160	20
496	50
1739	311
285	13
618	12
2139	238
627	27
924	307
1024	62
141	36
1812	285
649	6
383	129
228	29
149	19
2338	302
76	8
272	35
1472	191
402	52
381	49
279	34
332	43
43	1
1971	66
429	249
1840	239
616	78
1449	188
278	36
1232	160
523	65
518	67
1364	178
378	49
1425	185
119	15
1919	247
96	12
1227	159
805	102
1533	200
1131	146
472	61
515	67
2103	273
968	126
1003	131
368	46
1525	199
255	31
127	16
1327	173
1090	142
289	37
81	10
123	14
266	34
630	82
973	127
43	5
834	106
158	20
96	12
1714	223
164	21
784	4
1397	70
1656	39
983	36
130	62
816	36
727	17
138	214
1287	155
1390	59
2179	4
1356	2
609	40
1564	140
495	24
1611	216
230	224
859	22
1514	19
570	15
467	39
4012	119
591	12
423	129
31	186
147	236
1221	57
2339	5
224	4
1753	215
287	60
503	50
1820	302
56	20
699	120
659	148
663	114
358	181
2711	485
274	45
806	22
684	21
309	43
133	28
512	90
712	349
498	27
229	120
908	335
247	32
388	10
1190	76
505	136
1668	14
345	75
939	272
283	141
920	248
338	25
288	73
159	77
839	168
1373	18
613	317
1542	201
517	66
393	49
285	37
372	13
529	101
3502	243
537	268
533	84
760	99
1661	214
40	3
625	53
2244	320
825	108
1822	237
148	17
4090	535
2489	323
492	62
1293	167
404	52
58	7
462	59
645	83
160	19
1430	185
464	58
1674	220
793	103
81	10
698	89
59	7
1038	134
522	42
634	107
446	56
943	123
1151	150
1121	146
2917	378
1779	231
964	124
59	7
135	17
573	74
379	49
1195	154
697	89
142	18
29	3
310	40
561	73
29	2
221	30
162	8
1808	1
733	37
626	164
2341	192
1362	25
629	194
864	157
1636	543
2544	335
871	2
794	98
236	97
1741	35
1484	75
5605	8
871	104
1002	21
1116	8
931	341
743	60
449	82
905	303
155	87
1055	12
327	1
757	32
56	158
1265	28
568	29
1227	70
1509	28
1338	23
331	211
1983	7
493	85
3135	45
62	300
615	98
1041	68
2090	150
289	85
1605	51
300	35
382	42
1669	22
266	59
717	6
2739	24
1329	358
131	56
1852	52
955	40
613	14
677	40
88	61
400	154
2379	179
112	19
925	200
621	61
1466	162
1157	97
2306	3
410	98
1016	116
581	2
405	61
1208	20
280	3
142	72
671	168
1423	301
710	99
275	30
4190	269
723	120
839	88
543	144
762	159
72	189
421	287
305	107
77	357
1746	52
216	62
1150	83
516	57
730	203
676	67
132	73
246	52
744	17
252	171
613	67
885	167
654	183
2645	148
139	176
1136	72
348	8
145	96
260	101
1180	79
30	3
1562	399
351	46
2519	326
1274	166
438	57
1669	217
401	52
632	80
157	20
446	57
2339	304
484	63
250	5
1415	40
1024	274
5310	723
314	41
563	70
705	90
2092	271
530	69
674	87
1448	189
561	73
1228	160
340	44
250	32
378	47
994	128
511	66
1360	174
946	123
379	49
81	10
260	33
721	94
672	87
476	60
287	37
621	79
104	13
346	44
1266	164
561	73
187	22
946	123
140	16
354	44
165	21
1065	137
409	53
1369	179
2367	308
1535	199
1408	181
214	27
74	9
1137	148
29	1
61	10
1517	198
641	83
1576	206
82	10
93	11
827	106
431	56
694	90
1140	147
31	3
1192	156
1947	253
73	9
998	130
831	12
1330	18
678	129
801	51
3976	42
150	197
31	49
850	52
424	131
259	192
362	37
435	35
201	34
857	68
1096	3
3950	105
1133	45
57	19
203	26
1421	4
650	295
306	318
155	60
286	6
236	3
839	66
1988	30
540	1
2374	205
977	98
601	38
1365	172
167	52
342	239
1034	377
594	159
1987	100
86	63
1192	15
2588	237
443	44
449	122
958	10
353	151
2036	236
2110	92
1953	254
2018	158
877	127
1194	206
191	199
2419	116
934	224
456	5
661	54
200	492
52	28
537	108
31	46
911	117
475	132
497	272
1327	443
2003	428
1453	190
2021	264
72	9
736	95
1418	181
355	49
394	48
745	96
226	29
39	2
749	30
68	35
1557	244
51	2
2050	271
1102	142
922	118
943	121
370	46
61	6
865	110
2619	340
385	49
830	108
317	41
135	16
1812	234
3908	510
1353	174
30	3
688	88
1041	134
112	14
614	80
1125	145
602	78
96	12
249	32
1007	131
528	68
935	122
411	53
1345	174
1299	168
702	91
500	63
447	58
2946	384
408	51
547	71
1796	233
286	37
827	105
654	83
1200	155
2328	303
340	44
1263	163
1254	162
866	113
447	58
639	83
66	8
234	30
1030	134
3709	482
684	89
180	23
3221	419
2245	294
219	28
1216	156
343	44
134	17
154	19
6139	257
59	8
27	65
28	100
27	107
27	15
27	26
27	59
27	54
27	37
27	14
1044	225
85	11
57	4
691	90
677	86
166	21
432	56
180	23
1602	209
135	17
288	37
82	10
464	58
34	1
1787	237
256	33
1312	171
33	1
26	3
771	101
104	13
2276	294
470	61
257	33
862	112
363	47
97	12
66	8
343	44
1332	173
801	104
2320	302
321	41
265	34
1242	159
400	52
498	62
881	115
514	20
400	60
1730	259
1617	210
348	45
480	62
2078	272
462	60
111	14
551	22
583	43
837	41
369	181
714	107
1403	183
148	15
2616	182
643	199
249	22
73	1
1121	9
367	25
221	244
541	77
982	33
206	9
2025	33
521	30
291	26
133	214
1162	24
5363	28
187	27
192	22
488	163
353	61
1674	46
262	52
480	154
2171	76
30	137
71	60
785	76
561	27
782	59
230	58
300	13
814	25
685	12
928	56
1148	34
357	29
1238	32
268	195
283	8
762	222
1047	23
106	440
68	55
189	48
246	146
234	39
642	248
335	48
1199	20
243	48
178	96
505	28
194	4
671	28
3307	214
1029	140
196	82
71	37
263	163
1578	343
223	261
73	150
296	39
736	271
104	13
95	12
320	40
1687	57
1212	89
66	147
1100	112
761	3
607	5
694	243
481	30
1006	202
93	3
1977	23
162	197
386	27
469	43
212	213
2039	287
482	63
166	20
213	26
96	11
1196	155
1014	77
1060	31
1322	334
698	89
506	66
1148	148
555	71
914	117
716	93
850	49
1009	20
2293	38
29	131
1048	317
2749	22
462	32
1048	254
1281	490
1271	29
950	18
1238	98
1119	15
515	162
471	235
601	113
270	136
29	8
275	109
794	103
187	24
1319	170
2236	180
2319	243
714	265
931	15
181	4
1530	1
822	3
999	558
1394	182
1465	185
1164	153
889	113
1927	250
1803	234
159	20
1816	237
760	99
961	125
583	74
479	61
90	12
248	29
906	118
66	8
149	19
1239	160
999	130
454	57
1027	132
878	113
964	125
1484	194
432	54
568	72
683	87
28	3
381	49
3062	398
2048	268
119	15
8702	151
47	22
27	76
26	2
26	15
26	329
26	12
26	16
26	51
26	11
26	137
583	413
1837	238
650	85
569	74
685	87
615	80
119	15
966	126
409	53
793	103
1621	210
343	44
828	108
2649	344
720	92
172	22
1604	208
157	20
578	72
134	17
804	103
729	95
722	94
73	9
526	68
104	13
3053	398
287	37
1680	217
1526	197
543	69
1155	151
1486	192
316	41
1300	170
502	65
804	105
935	122
864	111
1496	194
2937	382
111	14
686	89
1648	215
391	49
537	70
591	77
597	76
148	19
270	33
50	6
968	126
434	56
263	34
351	45
179	23
72	9
347	45
621	81
640	83
586	76
83	9
272	35
1262	165
1992	259
202	26
317	41
88	11
341	44
1229	159
1557	202
301	39
148	19
1374	74
885	193
966	151
1435	188
3538	461
1218	158
879	115
278	35
843	107
1432	187
1973	258
814	106
1763	227
536	68
49	5
1031	132
856	112
2662	348
914	119
999	130
295	38
1143	149
815	105
1707	223
28	3
818	105
28	2
27	3
1234	163
156	20
1558	168
826	141
496	63
384	48
461	60
320	41
171	22
3340	158
428	12
1291	20
248	87
799	515
430	56
517	67
95	11
604	78
1657	87
2910	38
1756	43
1391	54
433	54
92	375
2110	697
2583	337
262	34
102	12
330	42
1602	206
1424	183
1146	149
345	44
70	7
293	38
938	119
282	35
764	97
203	25
993	129
201	25
1010	131
664	84
120	15
991	127
288	35
74	9
491	63
1531	199
165	21
437	56
933	121
392	51
864	111
452	58
409	52
1335	172
615	80
377	48
2333	302
1090	142
1815	236
348	45
199	23
885	115
598	77
723	92
1958	253
521	66
159	19
1103	144
79	9
156	19
1942	253
258	32
681	89
551	72
763	98
148	19
912	119
163	21
565	72
961	124
44	5
573	73
1007	130
210	23
593	80
921	120
53	6
598	78
1612	211
1313	169
438	57
568	74
307	37
779	100
2038	264
1175	151
468	61
1290	167
28	3
299	39
260	32
422	55
2937	383
178	23
1427	185
2059	268
381	49
125	16
939	121
156	20
422	55
368	46
613	79
2261	296
49	6
95	12
1655	215
2037	265
631	82
239	31
285	37
28	2
241	31
1990	260
657	84
878	113
216	28
2472	320
879	115
1683	220
87	11
483	63
364	45
2973	388
565	72
247	32
776	101
826	108
270	35
186	24
1175	152
986	128
224	30
87	11
503	8
184	40
3827	99
980	19
162	66
963	90
936	19
254	168
874	21
1313	21
1227	60
358	90
157	48
214	499
1678	56
346	33
203	55
657	175
1619	251
234	55
397	68
1374	56
1983	160
1692	372
194	140
840	199
394	172
1211	183
2007	262
63	4
1005	134
1304	171
1471	190
2472	322
56	7
2378	310
766	100
483	63
171	22
780	102
1723	223
2240	293
676	88
742	97
216	28
27	2
1477	193
665	87
1042	136
1044	135
287	37
579	74
219	28
166	21
966	126
728	95
1084	140
217	28
3927	511
1313	172
651	85
1030	133
475	62
28	2
925	122
87	11
519	66
734	96
1857	243
1589	208
79	10
1189	154
770	99
965	126
336	42
982	127
292	38
2194	284
30	4
332	44
1120	145
71	9
2088	272
1982	257
200	26
968	124
681	89
1867	244
558	71
1196	155
361	47
1410	183
556	71
1638	213
208	27
501	65
56	7
42	3
1679	220
536	70
1274	167
73	4
1218	162
609	80
668	86
1001	73
962	178
142	10
454	55
1024	37
2152	391
209	27
140	18
730	95
1089	141
269	35
1983	257
168	21
4634	604
814	105
260	33
37	2
3105	408
1219	157
2142	277
1166	151
513	67
41	5
785	101
34	4
89	10
1261	165
1250	162
421	55
755	97
947	124
590	77
1572	206
64	8
28	1
1897	251
1019	71
1196	44
476	235
2013	81
108	57
1780	43
1640	15
1305	24
898	200
913	31
443	40
1323	22
633	8
1438	79
218	7
577	32
1379	45
1146	27
255	46
1012	68
1147	44
400	147
1664	167
273	65
1360	83
1114	40
356	68
154	152
2387	255
841	81
448	157
539	171
1197	200
1114	112
234	34
1683	90
258	24
343	2
808	4
1002	164
356	38
962	29
1864	42
1034	179
583	29
447	43
311	52
216	50
2039	14
669	37
549	143
1415	16
870	172
541	196
1011	119
918	177
141	308
438	24
1596	1
3000	95
57	144
36	191
59	18
36	184
36	110
1067	109
43	306
565	127
739	135
395	261
138	120
125	21
174	121
439	57
1093	142
163	20
870	113
1246	161
1778	232
1241	162
1994	261
389	48
1806	233
277	36
28	3
2903	378
322	42
665	87
1113	143
715	93
162	21
374	47
510	65
109	14
490	64
185	24
407	53
262	34
2806	366
2089	272
422	55
1234	160
1380	179
584	76
361	47
314	41
1705	40
378	98
121	48
615	5
76	179
777	103
480	64
763	98
617	53
2283	107
294	171
1145	4
116	54
1610	49
29	164
892	58
479	34
926	38
599	5
749	109
748	17
3543	57
142	234
1224	29
366	185
123	449
2412	107
617	98
3060	137
698	1
3197	191
265	288
475	75
212	282
681	24
362	339
29	29
340	36
209	3
540	54
336	1
225	24
380	111
563	89
612	61
1183	166
260	14
780	131
522	152
620	30
570	30
541	113
1439	50
280	202
1610	5
298	167
2375	1
1165	17
1308	83
246	167
699	181
1822	10
366	44
110	39
1216	42
291	45
154	91
420	34
959	90
29	40
1087	318
1108	7
2385	476
604	116
592	111
280	104
208	259
1176	58
1381	21
447	4
342	153
646	55
170	7
1264	17
496	221
1966	32
455	234
943	186
199	192
1016	292
106	98
1529	272
462	59
854	110
1036	134
1146	150
765	98
325	42
325	42
1141	149
199	26
608	44
411	45
3603	512
327	43
648	83
474	62
208	27
41	5
2234	3
744	56
190	234
751	12
861	9
706	33
1814	13
1740	68
549	205
375	108
251	87
749	60
1424	70
678	14
645	58
216	45
454	144
1808	8
355	254
1759	248
253	179
391	79
1194	84
1247	233
517	260
348	68
716	36
169	13
441	179
291	26
686	75
100	81
399	132
447	25
1749	67
4072	40
120	7
726	88
2392	142
921	158
720	124
631	36
445	34
468	163
621	16
401	124
3421	52
3008	68
572	108
2380	315
1605	269
1686	151
758	60
318	176
1246	61
1031	424
104	166
173	229
1166	158
404	78
1859	43
398	106
1588	163
488	17
2020	187
270	66
564	90
1232	9
128	161
158	20
830	44
2215	10
1922	105
29	47
1466	81
286	174
4257	142
99	38
186	93
205	53
563	382
387	66
154	17
1094	79
664	185
118	32
229	399
308	17
2455	51
534	15
235	34
182	19
223	339
619	128
29	118
313	178
378	32
609	2
513	83
203	128
2023	43
852	111
3392	21
119	131
462	139
1382	419
324	56
1564	144
2705	6
69	54
1705	336
769	234
679	289
246	78
2180	549
487	64
656	85
1544	200
32	2
2017	264
44	5
328	42
480	62
834	103
1270	171
210	27
86	8
306	9
2534	165
724	5
670	107
212	34
2505	37
510	222
1027	12
140	7
653	168
4891	34
1505	17
1413	42
688	25
1878	23
228	48
1867	98
580	70
590	171
172	22
998	573
543	64
151	8
101	151
719	31
1759	50
175	49
1556	55
3323	125
1124	46
1521	4
832	25
1461	107
396	90
1200	206
2672	2
371	22
1954	142
60	121
567	30
492	4
614	2
1043	176
1438	188
869	157
2129	150
1035	6
230	27
751	350
537	106
231	224
309	341
436	13
523	334
1380	132
1409	2
344	76
475	103
1285	56
316	168
310	58
753	190
497	119
151	106
230	104
1184	39
1597	18
700	89
160	14
147	185
304	8
1593	327
508	104
264	27
1150	19
665	100
3208	362
1258	10
292	8
402	38
351	85
1034	32
401	15
1308	30
31	232
28	11
271	28
133	5
449	15
1462	202
141	171
757	81
499	7
1317	355
593	114
425	295
1193	1
245	242
936	35
3849	136
136	109
2854	83
198	4
1540	103
499	242
146	123
647	66
390	5
462	97
1824	88
1024	48
1113	95
2721	26
610	24
325	7
320	4
867	55
61	80
1711	144
2471	43
424	147
442	28
241	40
1236	81
1398	90
251	92
144	119
272	73
637	106
756	38
54	9
703	54
330	57
874	141
307	114
1032	225
2280	143
29	78
462	157
98	45
149	109
1030	4
812	159
1745	62
1346	39
868	20
488	83
464	4
1429	88
2016	56
646	35
518	113
447	246
211	71
425	45
512	51
29	46
817	132
788	13
357	293
347	169
1638	95
2402	60
780	194
1141	49
150	166
485	142
449	296
56	202
603	172
644	10
425	96
183	199
860	69
721	56
1194	30
1440	422
487	112
657	35
292	36
2833	11
1146	134
250	189
413	4
1172	35
2206	206
773	60
835	1
314	19
772	16
153	22
385	92
1820	59
969	210
29	159
1642	86
1300	4
278	128
279	123
73	133
350	36
1381	35
419	18
615	74
243	202
513	148
29	149
1943	11
355	3
1066	110
1429	36
582	29
1105	16
50	298
806	100
659	20
2215	85
163	19
925	17
3026	50
292	73
361	235
2576	114
49	3
442	303
366	27
642	7
267	5
592	22
1270	42
2810	2
893	49
483	179
541	7
187	17
199	184
1468	67
129	38
547	124
786	83
1522	52
469	128
361	4
791	110
221	9
597	5
55	19
2631	7
394	24
206	42
1357	38
65	113
956	37
697	94
191	322
257	21
204	278
867	84
1049	243
688	28
326	47
383	8
295	93
123	74
521	58
282	157
826	22
874	323
297	27
443	33
2378	36
569	274
384	13
548	26
1093	93
2009	44
3495	82
183	58
886	81
1477	207
815	101
328	46
826	183
2224	237
741	88
817	17
1817	7
1937	780
583	27
2711	71
534	39
266	195
107	211
226	2
2012	222
1048	116
170	26
822	19
958	3
901	204
65	49
501	24
220	154
472	39
4432	28
602	84
177	6
121	254
305	78
299	19
1076	29
103	58
1125	191
121	371
672	176
1586	464
190	131
57	97
948	69
2049	577
334	44
194	24
1471	192
101	9
1191	157
996	127
215	30
1669	215
814	106
1082	140
214	27
580	75
1498	164
289	67
1450	188
358	47
1167	79
179	11
476	144
231	17
768	110
2360	308
36	4
1157	148
428	56
1753	227
1356	174
1987	259
214	27
474	61
1491	194
169	21
1875	243
1768	229
515	65
33	4
254	33
1507	197
457	58
244	30
27	3
560	72
86	11
720	93
721	94
200	26
399	51
748	96
63	8
1103	144
707	92
223	29
104	5
799	110
493	62
246	32
1475	27
2704	38
557	165
1089	164
648	32
1013	95
565	7
825	125
2896	19
1254	32
474	7
3888	7
1510	76
603	216
607	25
998	32
167	37
524	99
545	95
1720	46
871	81
1039	78
832	29
191	166
268	287
28	7
323	372
750	204
120	7
178	78
1573	254
409	251
2819	649
273	57
1919	129
90	57
545	110
151	38
1441	244
222	24
1559	35
303	50
372	175
1883	112
120	51
1685	99
2933	1
1480	148
2172	144
1370	259
3654	19
897	12
913	85
4651	33
813	313
298	85
499	146
2288	189
1072	32
1512	185
640	89
2312	9
743	82
582	139
172	74
771	86
1673	170
1042	35
439	9
1124	69
773	107
129	32
2232	144
3079	3
753	152
408	95
65	132
890	98
629	87
28	160
92	318
215	2
380	17
2241	102
4301	18
256	283
1309	33
50	58
358	3
28	212
94	221
1912	27
453	22
89	3
933	96
1308	39
397	69
1045	45
28	88
952	10
179	1
204	68
1781	36
993	137
1627	169
28	163
732	215
1693	42
256	218
325	30
773	53
661	69
55	35
228	19
388	303
478	40
1283	291
1832	184
975	126
144	197
1959	96
821	18
1062	38
267	32
399	239
2946	21
1795	104
1085	8
494	228
440	92
191	39
496	228
1700	227
52	81
2236	215
520	3
113	100
80	4
267	13
1124	63
222	150
1026	82
442	156
930	322
2306	3
565	326
674	68
283	187
225	33
1463	1
87	78
301	66
130	30
647	8
232	82
56	53
2869	25
395	157
127	26
110	336
340	115
1278	39
136	27
1834	18
1087	37
158	55
2168	73
145	8
438	98
484	14
591	24
470	236
1522	130
193	48
2532	38
656	52
1470	11
323	11
1384	18
566	167
728	98
1274	36
330	62
278	23
582	160
2387	146
1268	18
383	106
171	23
296	33
2520	22
119	25
537	26
2128	155
89	311
1550	157
98	189
123	75
880	52
907	186
1606	405
506	153
211	271
593	53
495	42
582	35
138	54
546	20
255	6
2072	40
339	5
253	33
2002	49
582	12
221	65
704	25
2235	214
153	35
2800	88
1657	91
717	71
711	43
81	34
1262	43
927	84
3241	334
782	138
684	7
971	14
936	5
275	65
764	118
642	4
50	13
177	22
59	256
942	22
785	212
865	131
1639	20
139	83
824	319
1923	22
940	144
336	333
234	12
363	5
729	11
51	142
323	74
1416	15
212	74
241	97
2336	2
423	158
137	73
1489	106
1312	2
1438	106
530	15
1803	79
126	133
724	36
1092	4
337	84
276	242
258	114
1304	31
497	139
1971	258
238	216
600	37
805	44
1060	22
1666	18
753	21
396	21
1041	107
196	66
1060	43
113	15
801	5
374	24
2964	123
1469	63
1281	72
956	250
1021	164
2372	11
2825	59
1054	219
460	121
2218	59
71	19
314	3
1581	409
1869	11
770	96
1435	80
1782	197
523	28
539	33
266	11
559	104
273	95
2902	24
1121	181
815	200
320	48
723	58
2173	23
150	78
553	76
787	56
713	73
557	21
381	34
288	51
253	11
1061	75
28	204
561	34
276	41
464	88
712	320
779	88
856	190
1232	332
459	6
401	143
65	85
186	181
369	89
1546	41
1067	59
1469	2
297	135
1249	13
755	38
91	47
752	512
599	18
233	53
1366	23
821	38
181	41
2868	145
1153	91
678	58
892	13
777	111
604	19
3481	49
102	77
215	10
1142	50
145	76
144	150
1107	450
1490	510
1453	142
311	726
781	42
896	175
2798	365
451	59
138	17
37	1
318	43
1678	11
1861	109
96	106
240	7
474	28
1203	59
3942	72
240	94
2064	209
710	128
1482	130
1666	153
1103	294
216	25
758	436
519	85
154	64
3347	41
359	143
109	107
194	167
974	192
732	155
28	5
727	187
60	26
1368	87
325	31
222	99
1487	143
2005	30
482	4
49	60
1186	35
75	33
337	55
266	28
699	6
28	283
882	50
323	47
64	259
1631	177
2535	58
28	215
435	9
1416	100
273	73
448	26
1463	95
1182	121
573	8
731	439
419	20
1014	106
831	107
830	63
1061	37
497	49
968	48
1223	223
854	87
369	59
2048	6
557	104
147	62
1891	134
340	47
357	32
1348	59
1112	100
27	52
338	46
1585	56
182	93
302	23
476	198
831	126
1485	66
615	102
229	384
196	22
271	5
1089	8
1594	26
469	59
428	1
813	1
868	68
235	9
1152	186
963	422
1343	81
260	284
635	130
484	49
27	3
1514	13
191	310
284	84
2062	12
536	141
511	92
165	32
202	50
858	155
1832	42
186	49
1590	169
1559	1
689	120
861	45
878	43
600	74
784	105
1096	344
432	80
825	38
107	34
110	61
727	206
139	112
2894	9
34	17
24	266
24	125
284	144
810	195
396	149
325	22
864	229
1921	30
36	311
30	73
29	38
29	39
36	102
3249	452
576	77
924	120
379	49
1090	142
2127	276
900	117
2628	343
1074	138
1325	171
31	2
523	68
642	83
125	15
641	81
953	124
4976	473
53	9
1564	253
41	110
456	77
385	43
553	76
417	54
453	57
343	44
2834	369
980	127
377	49
1059	138
858	112
1081	139
1174	153
1395	182
955	123
1499	194
443	58
973	127
2995	391
386	50
2562	333
2457	319
529	67
1351	175
924	120
1110	145
2385	309
64	8
1614	211
208	26
1024	132
1631	213
1410	183
2223	291
403	52
424	54
2708	353
58	4
143	6
48	12
149	29
801	103
1263	165
1053	137
269	33
2786	360
73	9
48	5
286	39
453	59
302	39
1581	206
119	15
645	84
720	94
754	97
1164	152
128	16
958	125
559	72
446	58
987	129
1176	154
1263	162
536	70
951	121
138	17
313	40
275	35
707	91
2937	380
567	74
166	19
466	60
412	53
1310	169
308	39
368	47
931	121
367	47
1075	138
1211	156
145	18
1246	162
890	114
828	106
904	116
673	87
922	120
268	34
1350	174
170	22
5143	670
557	71
1086	140
807	105
454	59
884	115
127	16
642	83
165	21
50	6
324	42
2200	285
630	82
2609	339
901	116
362	47
354	46
126	16
247	32
1343	174
773	100
172	22
497	63
379	49
224	28
543	69
663	86
467	61
1262	165
417	51
1016	135
605	79
178	23
26	3
1258	164
429	56
193	25
534	68
658	86
155	20
1592	208
1166	150
815	105
376	49
1272	166
185	24
214	26
86	11
686	88
1303	167
538	68
223	29
947	122
345	45
960	124
792	102
49	6
896	117
467	61
256	33
200	26
4032	527
483	63
363	47
239	31
663	85
154	20
777	100
996	130
537	70
1184	41
2153	21
18	68
1247	466
2184	284
733	94
861	111
452	59
292	37
266	27
122	21
40	5
1687	125
366	18
850	38
1242	70
79	171
179	41
1244	95
344	36
679	149
37	104
1507	217
296	40
1776	230
768	99
213	27
960	58
180	40
3347	2
588	82
484	10
3469	7
1256	216
628	123
589	7
194	149
123	35
272	253
4451	248
331	14
77	227
940	6
332	13
1332	5
1749	1
839	96
393	69
16	11
1811	10
92	125
116	38
416	87
381	128
1652	111
770	53
1392	180
191	81
205	15
293	45
474	17
121	120
16	57
2223	6
1320	22
647	124
1409	105
957	158
239	269
1135	36
3001	54
407	401
684	14
1004	7
510	226
1113	332
2197	60
442	15
130	108
234	45
210	21
2227	245
444	20
207	27
120	48
336	110
343	140
97	134
1353	31
149	127
1088	60
1010	117
778	140
248	35
1313	2
1871	62
121	417
33	79
84	273
586	115
152	15
926	174
2700	22
725	130
96	76
766	108
555	42
801	239
728	38
487	109
1662	90
166	21
1318	109
47	341
1503	149
1501	6
579	29
513	22
1220	32
1142	17
315	191
260	36
1809	4
2116	46
55	45
612	9
39	52
989	138
952	21
218	105
347	254
771	53
1291	46
1738	3
159	93
225	1
39	21
554	48
1708	31
1544	22
378	20
172	154
135	229
76	12
1440	25
210	184
773	53
1181	20
1907	1
359	298
300	336
450	63
146	38
455	125
646	5
1300	11
743	96
2593	146
560	17
3970	229
3691	436
1488	14
907	221
207	121
128	208
123	38
1235	38
961	155
574	148
1040	361
877	110
16	75
1531	39
283	324
1726	101
235	50
1631	152
137	126
167	4
92	89
154	6
3606	163
1573	78
716	60
1877	55
170	234
2248	140
474	59
1769	3
193	74
102	32
278	141
540	87
346	100
308	96
513	46
317	9
738	23
969	3
291	10
918	116
913	285
2106	311
225	42
3564	62
1081	97
2555	2
1851	20
257	79
1537	131
228	357
212	146
273	89
984	41
613	61
1107	120
1102	77
681	5
978	25
1480	54
485	224
830	188
1163	108
72	8
1097	43
426	61
114	57
355	3
2466	126
1044	41
169	16
1273	46
158	10
995	202
2745	22
2486	150
1621	143
2490	21
603	47
590	22
63	67
351	268
1104	107
345	121
1476	234
565	89
177	317
1562	336
518	348
66	29
434	220
2260	498
177	7
1372	73
653	128
89	41
204	74
1221	102
282	93
1341	175
104	6
341	2
1005	11
240	53
74	21
303	11
3184	53
3576	100
515	87
86	244
197	2
693	276
120	20
1715	41
1217	55
1430	20
259	235
1045	63
153	30
795	31
468	362
752	39
2737	233
439	34
799	387
493	5
195	61
291	57
316	141
249	37
435	430
1476	194
963	125
358	46
286	35
601	78
659	66
308	58
1125	30
1505	119
253	107
325	6
263	187
1647	214
523	67
107	13
114	14
1584	206
1718	105
371	106
913	30
148	86
978	28
2606	215
2377	183
443	24
689	436
409	45
1475	51
99	14
47	124
343	23
245	31
982	60
328	251
472	19
465	24
3239	49
90	205
254	23
796	61
765	78
1605	47
312	29
1399	90
959	195
570	57
869	33
46	131
231	40
464	163
259	35
254	53
547	161
101	66
366	164
72	135
179	24
1337	7
261	60
109	22
1192	42
365	14
306	67
537	28
714	4
329	61
1581	12
1050	170
458	102
729	52
326	86
1163	3
842	140
694	242
400	104
129	50
66	33
1373	111
48	15
635	30
574	60
377	45
2011	380
893	57
1384	123
696	161
1024	68
271	265
350	158
723	26
1044	318
2148	34
1935	12
604	270
43	31
593	8
176	121
168	19
1701	462
484	63
2216	287
1223	160
2082	267
1178	153
618	80
1185	154
122	15
488	63
20	2
500	64
1457	190
551	71
145	18
108	13
344	44
3325	432
145	17
1638	212
370	48
1646	213
307	40
436	56
94	11
56	7
1464	189
261	34
2090	273
116	15
139	17
2295	298
454	59
101	13
406	52
2379	308
413	54
1486	192
193	25
878	115
480	5
1301	226
1212	159
1983	258
133	17
254	32
1473	89
413	149
678	47
61	22
2428	50
1435	45
370	26
1451	16
665	46
1351	41
71	66
550	23
930	77
242	42
91	47
411	317
162	20
2474	37
2540	61
755	99
1641	87
1895	113
1857	55
388	11
437	97
158	54
64	195
125	6
2246	85
159	113
2159	399
753	27
2553	59
1461	4
528	27
1013	439
79	83
1516	148
584	203
316	113
620	30
2077	120
2188	58
298	145
210	27
1902	20
93	96
2393	36
472	301
1724	18
2040	65
80	15
923	48
235	238
1256	91
585	45
719	48
2580	47
1033	17
395	36
195	69
1541	48
458	79
310	8
922	5
432	29
78	248
1989	284
1195	155
136	42
411	123
101	286
686	10
334	78
94	40
218	18
1596	179
65	101
1225	156
305	225
363	242
109	8
602	9
91	26
686	27
836	36
36	293
910	326
2986	93
386	33
638	20
710	76
477	179
3205	23
1355	32
572	76
814	44
41	24
184	29
127	35
836	55
1834	46
609	56
1548	167
315	67
409	107
163	123
245	152
78	58
741	30
1946	106
382	14
2594	372
594	64
2319	17
2097	62
3094	335
1126	34
1169	478
1044	916
415	139
1268	87
511	181
1993	101
826	19
245	23
2024	71
480	28
596	253
4104	35
1987	9
725	237
163	308
98	229
551	14
735	123
2010	5
664	88
142	93
415	61
149	206
278	246
348	303
1649	223
1313	171
1694	217
529	69
450	58
1664	217
734	95
3001	390
598	77
1493	194
459	60
1328	173
3735	487
1074	139
1424	184
383	50
273	34
296	37
605	79
240	30
284	37
215	27
817	104
586	74
169	22
1371	176
1135	146
33	4
14	1
188	23
179	23
93	12
86	10
936	119
769	98
144	18
170	22
631	80
2150	280
149	19
627	82
533	67
451	59
363	46
413	54
93	11
134	16
1597	209
184	24
1249	161
15	2
261	33
628	81
558	73
2298	300
1788	234
131	17
775	100
451	59
993	127
603	77
108	14
162	20
1291	165
207	26
764	100
693	88
208	27
1570	203
489	61
1472	191
207	27
254	32
1494	193
505	66
901	117
548	69
296	37
523	68
743	97
162	21
124	15
2210	287
238	27
1829	239
649	85
1006	129
421	55
276	35
897	1
1104	130
826	77
800	127
2924	82
1354	81
216	28
1953	87
1014	191
360	52
113	111
785	46
289	182
572	274
197	66
1061	62
290	42
102	235
408	62
1090	21
524	236
1793	233
1478	192
1083	139
252	32
717	93
236	30
563	21
826	126
316	11
1622	32
771	35
868	29
426	46
546	11
591	195
302	21
123	357
629	75
696	18
925	132
571	1
178	21
281	16
744	24
1761	23
1040	3
283	274
1802	18
113	35
451	211
805	38
1593	364
922	10
137	80
1495	132
246	389
1136	203
1408	113
109	75
1035	143
2491	326
859	1
386	45
571	14
3476	80
727	1
39	258
138	142
414	147
37	14
1756	2
1522	70
433	314
1404	20
76	217
77	168
810	104
212	26
1266	222
803	104
925	30
1061	164
734	15
779	204
488	2
73	24
493	12
691	226
554	76
290	2
1877	235
1818	279
1129	148
1264	164
402	50
2765	360
315	40
269	34
602	78
2292	298
861	112
185	23
327	42
1452	1
1909	79
2852	291
1697	248
1581	226
176	42
1177	19
2942	74
50	105
88	41
73	55
3790	65
448	100
1139	125
85	1
114	395
1639	40
1879	38
16	101
58	193
173	90
270	173
1120	101
953	13
976	241
120	46
798	354
198	149
2195	84
1994	34
937	81
554	175
3291	19
284	163
923	215
1046	89
409	198
705	18
650	195
6140	14
90	53
1168	44
159	124
991	119
191	170
1030	20
355	34
482	39
137	359
462	139
2113	124
409	20
501	84
266	39
1256	209
1229	7
113	37
129	134
2058	43
477	217
1701	35
319	89
240	399
131	87
560	43
1634	109
1285	78
739	32
279	173
2034	344
179	101
134	3
509	212
7248	79
164	167
233	74
53	232
1408	17
252	44
891	124
16	27
538	8
572	46
295	153
113	31
226	54
1523	223
36	18
2036	64
343	63
525	144
263	56
355	93
197	56
867	18
989	293
162	60
1759	135
1126	161
492	58
2096	105
197	65
655	16
335	32
208	139
1394	2
377	129
884	75
109	46
506	36
112	52
110	4
1557	2
1058	7
39	149
280	152
1951	110
1190	9
1037	133
452	143
1752	180
724	8
879	54
64	181
1324	91
35	59
3826	4
16	52
641	50
208	3
711	67
270	26
201	87
649	118
542	22
114	117
1370	24
25	11
921	35
629	74
1761	41
1530	2
16	75
127	104
429	34
277	21
970	138
103	72
1081	26
1861	50
896	16
716	245
1198	73
1368	234
1820	91
594	15
142	20
922	73
184	14
183	455
2427	2
1516	227
605	205
235	93
84	53
161	108
579	262
1671	13
341	230
63	21
495	161
830	94
1892	32
63	5
952	50
764	128
498	105
161	20
961	43
3342	89
907	416
166	67
996	87
16	35
142	96
1300	155
1022	25
1245	50
540	86
601	131
468	30
1382	100
597	44
227	103
1319	17
2298	20
248	86
616	36
1336	51
1502	344
44	7
257	129
381	216
535	20
435	160
487	81
1553	72
66	126
1665	1
2317	91
130	35
121	7
277	89
684	28
880	173
16	49
514	33
129	49
3913	144
1140	63
1024	124
82	33
1055	90
261	184
2053	117
1334	32
1742	206
1387	361
128	130
1660	50
206	86
634	9
39	387
94	107
131	35
264	196
2102	548
543	28
263	15
16	38
892	33
234	20
555	32
314	20
2832	233
277	231
553	156
643	6
600	125
1872	19
367	126
850	236
980	20
255	109
692	34
5013	39
560	136
1901	1
625	2
410	22
234	48
779	39
1538	102
1114	212
92	45
632	15
257	282
487	1
58	36
110	165
987	19
512	29
2369	57
72	132
407	33
1185	32
452	111
383	122
822	32
1415	59
301	188
1343	23
597	174
219	75
338	506
995	33
662	4
487	10
687	23
634	482
171	35
50	430
172	112
991	64
105	129
16	63
1001	49
2437	467
1183	153
472	61
567	73
569	72
2305	297
99	13
1339	175
88	10
101	13
543	70
1219	157
77	10
518	67
356	46
1028	52
26	51
920	152
288	12
1042	161
658	51
1297	34
2063	438
197	26
637	82
1182	152
1586	206
651	64
502	82
1097	144
412	52
215	15
924	61
1148	30
1964	48
470	36
36	44
185	11
51	393
188	28
24	2
1262	166
83	10
2460	319
137	18
545	70
278	35
1421	183
638	82
449	58
715	92
675	81
638	73
1863	12
265	125
545	18
757	84
974	87
285	17
1912	57
837	128
1580	69
752	112
239	26
546	20
1654	60
242	78
240	350
1697	218
1056	124
973	65
210	351
3330	96
113	179
303	155
260	137
939	164
220	24
950	216
91	12
1247	160
1332	173
851	108
464	60
1751	225
1398	183
25	3
276	36
1064	138
1798	233
728	95
78	10
1376	179
448	57
753	97
358	45
443	58
1419	185
314	40
566	73
1465	189
504	66
1173	151
85	11
32	3
200	25
376	48
670	85
990	128
133	17
55	7
928	119
2330	302
1115	146
1386	180
875	113
319	39
1357	174
86	11
845	108
104	12
222	28
581	75
436	56
314	40
131	16
93	11
2263	294
146	19
2779	363
751	98
48	6
1240	159
497	65
48	5
835	108
497	65
311	38
759	99
405	53
891	114
194	25
2329	305
1125	147
7560	985
3299	430
334	42
181	22
867	112
562	72
192	25
1306	170
108	14
1719	224
520	68
146	18
223	28
271	34
527	69
657	85
852	109
550	72
545	70
860	111
1782	230
197	24
4023	526
1385	180
1242	161
504	66
184	23
802	104
969	126
367	47
177	22
2827	366
15	1
1663	218
162	21
928	119
2003	261
62	8
1677	216
981	127
484	63
2080	271
954	125
451	58
723	92
262	34
303	37
861	110
580	76
108	13
177	22
685	87
70	9
936	120
200	26
673	87
654	84
169	22
78	9
256	32
1061	139
78	9
639	81
1508	196
639	82
913	118
40	5
139	17
1515	195
276	36
131	16
910	118
502	64
713	93
1231	161
14	1
131	17
581	75
781	71
684	63
2634	49
19	45
14	135
1424	359
18	2
435	56
344	45
302	38
1328	12
1721	52
960	245
1375	8
813	106
595	260
587	53
110	1
172	50
298	15
589	109
1242	16
39	22
2708	25
667	203
537	7
1361	214
168	14
140	60
914	350
1030	81
638	37
964	195
1805	111
986	39
2803	154
300	9
1085	199
2350	171
713	53
931	172
1915	2
144	144
3310	4
47	125
1358	119
220	6
1968	3
594	48
479	2
308	78
291	20
193	75
320	76
763	115
691	250
642	110
310	312
1804	133
100	34
771	92
707	44
344	183
1010	43
16	146
399	126
2249	3
457	54
948	10
217	12
2135	94
458	89
1446	269
163	40
50	133
402	579
261	2
538	54
1345	32
3965	67
634	88
848	49
158	101
852	32
743	302
564	68
1349	6
625	4
1030	30
290	50
210	172
695	131
55	327
1026	60
92	73
3647	428
229	157
424	142
879	89
909	136
47	67
300	90
207	143
285	68
328	249
1357	5
210	48
39	50
671	59
130	23
1774	77
52	119
410	343
182	54
637	34
1604	74
2712	106
686	29
715	96
307	24
2466	18
1159	101
2418	119
1725	146
1653	49
1044	47
1178	145
521	13
2198	12
658	66
227	127
113	2
174	18
992	33
325	10
273	128
584	54
855	228
1030	19
380	50
941	454
132	22
765	150
433	141
527	54
2103	152
217	198
212	30
1719	6
1037	64
764	13
598	18
176	90
340	39
140	40
122	122
1476	88
1057	10
178	61
358	25
465	25
498	17
77	238
1646	64
402	110
738	331
1410	249
173	187
907	114
390	67
139	5
1370	364
132	63
3397	35
109	109
1922	170
724	39
83	104
131	70
59	66
236	39
2995	229
2287	100
2305	27
1214	3
1559	18
1412	102
1023	126
452	9
597	97
105	62
2944	126
583	130
571	33
214	213
244	77
1311	188
700	98
69	114
556	30
246	199
660	296
928	28
489	19
1119	5
1462	1
315	137
1396	19
1632	264
849	267
109	11
502	32
792	161
784	19
3922	154
2396	30
2174	9
228	17
126	59
96	75
1029	231
89	1
1967	75
673	44
151	4
682	98
1239	32
889	32
230	1
1173	99
1465	218
715	101
1471	35
336	23
545	67
1093	29
138	20
81	67
669	4
2702	55
920	1
1594	218
1378	240
1050	12
322	63
3368	64
1340	152
262	78
406	1
1117	95
72	111
2694	55
3494	115
2827	137
96	80
138	140
886	70
338	1
158	5
411	51
3937	210
836	49
95	2
612	42
444	5
93	26
110	20
810	86
938	79
353	31
213	174
1836	171
377	161
928	55
329	111
981	142
1835	86
47	71
231	320
1640	13
1140	25
111	91
210	59
213	29
1633	73
780	59
489	107
1019	293
476	29
471	24
1131	168
308	240
514	77
1177	60
368	52
1007	9
428	12
211	19
117	243
884	55
773	25
1126	90
65	475
114	60
4065	244
407	29
829	47
1160	32
70	77
118	16
1139	101
721	126
313	129
909	49
677	33
4442	245
4199	31
709	92
77	8
206	122
1009	6
1558	16
275	47
345	3
2053	18
802	54
375	188
459	191
127	103
207	79
2357	8
88	143
512	206
330	227
419	261
1653	127
1439	180
1163	61
482	24
358	50
618	99
1261	99
2406	11
662	14
1082	50
2089	80
1360	33
334	55
356	123
865	33
182	635
142	208
517	39
601	120
803	50
60	78
180	114
2378	99
471	29
1268	128
1967	138
67	65
124	8
633	43
251	321
250	21
78	40
636	382
424	351
5692	44
1498	64
262	41
3296	2
226	11
177	329
285	24
1244	71
1884	27
1691	70
999	88
963	63
103	62
705	3
472	216
136	85
209	95
575	29
770	77
736	21
535	20
303	14
238	94
959	160
249	46
16	40
1180	228
539	57
16	99
114	217
879	91
215	12
188	56
2458	85
287	146
956	36
137	149
877	339
444	105
688	171
694	68
219	9
1126	30
420	85
1026	196
300	348
1898	29
88	21
1662	87
120	7
445	167
887	201
485	82
578	23
856	287
4186	251
35	151
1243	13
1295	67
574	40
1413	66
1976	101
1363	18
113	284
2369	108
115	41
2180	34
323	84
447	163
294	1
999	74
103	11
100	67
2586	5
588	68
1052	37
730	2
1452	115
155	3
5222	403
267	201
1044	12
999	109
3336	98
663	122
243	219
258	175
768	41
853	179
2987	15
397	1
224	62
1941	19
1666	41
392	41
661	174
558	42
702	31
394	42
160	1
1554	73
449	15
849	10
106	147
127	124
252	29
324	21
393	13
922	184
395	127
71	123
859	79
1129	152
1703	27
1414	159
930	32
472	34
213	71
50	150
1077	86
1580	11
1326	129
668	260
163	34
2421	40
1243	45
306	132
1828	45
729	20
1204	115
691	551
422	7
19	21
745	24
37	260
799	16
2400	260
1256	58
1251	59
148	23
1366	157
2873	200
2541	405
59	97
545	77
695	83
720	49
2081	465
152	60
143	10
539	185
90	301
2836	160
954	65
53	133
1040	7
405	70
184	111
92	6
336	124
102	248
551	96
988	42
422	52
139	66
740	42
628	25
1236	84
529	14
217	107
805	130
445	142
841	57
993	5
1631	21
360	80
2344	484
117	31
174	2
1517	71
2027	8
3287	233
377	20
1910	150
1015	70
988	70
563	199
2403	163
972	34
1093	285
3361	63
751	35
76	26
39	72
137	76
1085	62
1011	58
4599	112
218	224
16	4
386	55
2179	77
829	138
985	4
1196	220
1550	2
51	320
718	19
698	5
2845	20
295	2
1060	146
215	67
1101	190
589	155
3159	147
62	347
1649	52
808	119
61	44
368	96
1405	125
720	95
2262	102
292	83
915	376
363	35
1917	121
575	15
494	134
2462	18
991	68
661	2
120	107
3942	3
66	103
203	49
46	185
1216	109
1019	108
884	5
481	163
3731	59
961	30
723	15
1466	7
1102	42
1729	384
933	102
1539	57
1927	187
183	441
488	78
546	68
357	192
440	227
782	137
1276	131
1537	230
423	182
43	15
1270	227
650	29
1306	82
659	138
365	211
878	19
1640	24
199	146
1461	65
258	75
623	87
124	352
248	85
1115	12
16	21
1310	24
353	54
302	4
1404	314
200	34
1463	90
1714	112
414	16
16	23
151	180
224	129
16	5
2469	67
749	82
765	106
307	63
1999	46
268	56
101	14
372	51
710	254
270	28
1675	240
909	10
1113	134
445	22
39	41
465	230
807	12
2393	39
423	16
2656	64
1277	15
526	39
775	204
37	168
291	230
601	77
397	31
261	12
1832	112
149	124
352	356
47	73
691	16
314	6
600	39
1052	239
199	79
2075	183
771	61
1176	126
1510	20
2284	17
1165	15
350	41
905	284
806	214
809	10
1646	72
2105	10
522	20
82	76
982	181
445	83
1034	83
413	71
848	96
118	51
574	333
1079	188
41	10
1324	40
923	81
1344	89
320	67
461	182
2546	25
1001	444
650	4
87	4
629	190
548	129
585	82
425	10
1344	16
2350	4
811	161
163	170
637	81
3111	49
933	15
1041	107
247	2
819	44
234	4
678	14
521	28
765	111
1545	100
220	2
1468	479
159	29
304	88
614	21
939	40
2885	208
74	401
159	54
2244	233
3568	50
671	81
1113	275
1279	171
1194	60
216	203
417	81
1139	434
103	3
596	38
1201	11
399	246
777	49
1577	58
783	48
435	7
250	87
1114	83
105	92
262	151
467	193
1297	66
358	273
156	38
208	41
1420	10
1124	68
34	166
216	8
420	170
987	81
126	57
497	369
720	114
237	214
1332	99
1354	90
3189	38
214	75
890	177
905	109
997	25
424	79
136	85
469	18
66	41
563	36
695	212
2115	55
1783	42
536	43
137	138
1378	116
1839	175
529	151
1319	94
233	114
1055	7
663	159
539	267
308	96
795	44
44	163
815	31
2041	72
803	38
701	32
72	196
1450	57
462	139
247	8
489	84
176	131
866	11
1203	272
1075	127
2364	6
179	168
485	13
227	65
2670	58
47	223
106	102
1620	38
186	58
3172	10
281	476
565	410
335	51
261	24
663	45
336	73
512	39
928	197
211	150
1810	206
1840	48
701	9
445	37
105	3
1243	59
205	18
1448	85
573	36
330	8
139	75
2159	138
2381	65
1207	101
581	114
350	9
110	14
1171	109
1679	4
285	91
479	39
177	64
2059	20
80	188
671	48
210	117
2343	188
813	99
342	111
252	30
736	78
357	15
263	41
1478	20
66	184
3657	68
550	64
690	53
72	14
905	58
352	57
2004	262
38	37
295	305
850	123
135	6
593	47
1339	29
571	393
1232	215
1058	27
150	98
475	7
1802	40
1137	197
1425	27
372	36
397	31
79	44
557	9
748	154
1507	50
717	36
683	124
617	43
1935	236
1712	73
443	5
965	51
382	221
253	12
1826	10
314	159
207	218
915	173
184	90
695	8
214	37
1273	313
292	116
838	12
1258	30
916	157
308	58
239	106
1205	204
228	146
1165	82
1745	22
1597	10
154	4
837	105
1265	21
2732	6
356	111
1410	39
1007	80
157	169
463	25
202	259
770	24
197	111
631	157
2639	21
520	100
352	99
1967	213
253	47
1905	78
1202	357
1408	297
419	31
1241	48
1321	303
2017	21
398	18
521	38
371	51
61	16
114	142
2075	44
1293	28
3417	159
1110	85
316	96
812	121
693	15
412	76
1000	73
94	41
59	2
299	45
859	106
1709	55
1414	161
791	17
763	129
808	71
158	181
900	55
1065	85
702	23
52	9
548	176
613	11
926	386
141	32
1379	21
803	49
937	171
1102	28
229	103
416	372
65	13
2063	13
1589	12
312	69
547	150
108	382
80	100
1174	29
2237	414
1310	334
1035	227
294	15
1507	42
331	5
406	110
640	169
227	104
2092	9
607	13
16	33
703	313
325	167
2126	105
1144	58
139	2
562	85
2724	107
1122	92
394	39
237	220
364	1
1504	11
256	291
5368	9
354	38
1734	50
291	34
444	163
257	35
1494	38
2159	220
4808	22
725	7
965	84
130	161
977	50
1338	60
341	74
436	58
1038	15
766	278
867	65
1387	2
226	108
117	115
227	8
536	223
130	229
107	42
521	122
175	15
871	164
1344	50
121	12
423	21
601	4
187	19
59	92
172	85
997	121
286	99
736	191
1098	19
672	61
72	165
4573	160
699	28
2656	16
1010	26
1088	44
170	24
354	145
2802	67
849	196
996	53
1015	24
159	25
609	164
40	6
139	553
274	200
386	221
883	182
219	19
64	94
265	4
214	104
141	99
722	48
3462	103
127	338
925	6
381	422
1308	172
834	9
260	12
1317	16
253	39
1035	215
49	81
382	72
194	18
1186	75
387	226
787	27
1084	66
335	48
2558	100
254	33
966	39
176	61
1623	21
1664	67
333	169
909	53
706	21
646	104
348	114
956	23
477	119
1014	51
433	31
305	299
2341	329
867	52
2108	154
159	56
988	128
45	2
194	177
132	8
1229	8
419	378
600	116
452	34
841	95
430	183
332	2
599	34
913	45
1663	41
982	118
1014	353
376	170
63	10
4060	45
657	123
1633	44
102	185
222	31
719	25
2054	26
1754	29
356	45
203	55
1382	118
1732	70
709	23
1257	3
649	49
39	7
336	24
473	78
1184	24
595	35
767	215
62	303
2559	68
193	346
88	37
1527	41
873	163
139	155
1000	86
244	16
897	42
211	139
2026	9
1088	239
566	319
399	81
1788	173
248	97
640	28
1208	103
1633	13
1030	12
303	17
1873	66
1672	150
1108	87
843	214
970	157
255	145
399	62
421	49
943	94
3967	185
2118	67
1293	53
110	182
615	36
409	18
149	46
1654	51
2002	333
377	6
318	135
1367	197
2275	52
164	10
3353	88
264	127
123	43
1159	5
75	20
2497	108
317	54
1056	58
164	107
513	45
1303	251
2824	198
524	361
418	116
337	67
446	157
193	12
137	18
474	182
567	31
1057	35
168	43
1253	89
2547	64
934	64
961	73
1905	287
335	27
1547	90
433	383
259	72
902	447
731	162
155	209
188	22
671	85
158	36
1008	83
1740	62
1060	13
205	404
128	313
603	115
1251	161
781	102
138	17
145	18
1428	60
1477	14
1611	5
2442	182
81	24
1621	64
93	504
466	65
986	8
2412	112
1587	93
378	69
148	38
618	13
1858	228
43	51
20	55
19	188
19	140
625	1
135	35
1190	137
416	142
1871	58
264	321
446	69
647	175
1041	260
2992	390
1596	206
120	15
412	53
696	87
967	126
381	49
270	34
83	10
928	118
597	77
60	7
1182	151
1236	160
1842	240
375	49
1211	156
763	99
192	25
231	29
1123	147
805	105
55	7
269	34
807	103
422	55
2468	322
479	61
177	23
822	106
1713	223
169	22
486	61
352	46
159	18
162	21
444	57
55	6
579	73
413	54
230	29
1546	200
1287	167
574	75
700	90
268	35
1770	231
162	20
223	28
203	25
63	8
565	72
329	43
1157	147
764	100
553	71
1371	178
15	2
306	39
2895	374
32	4
386	49
2224	290
181	22
1181	153
108	14
332	42
101	13
398	51
565	73
1353	176
143	17
644	84
329	43
605	78
2332	304
714	91
169	22
681	88
200	26
512	66
512	66
322	41
1073	138
540	69
1418	184
1228	161
1805	231
942	123
15	1
55	7
235	28
2254	293
657	86
438	56
156	20
979	128
3171	410
131	17
70	8
55	6
891	111
139	21
756	98
596	77
101	12
2233	290
255	32
915	117
739	97
636	82
1919	250
830	106
1131	148
25	3
253	32
32	3
1417	182
570	73
123	16
1959	254
810	106
486	61
118	15
626	82
759	98
372	47
1151	149
999	131
345	44
1675	217
847	109
1286	167
702	92
443	57
1074	138
1957	255
1202	155
116	15
215	27
1685	218
397	52
1104	142
365	46
390	51
149	18
1220	157
863	113
363	47
47	6
185	23
626	78
32	4
1608	208
154	20
848	110
687	89
100	6
1307	15
2121	163
529	131
760	52
202	68
101	164
532	96
678	73
1027	142
527	102
1023	79
92	51
1237	186
2578	158
27	32
19	71
23	73
761	104
70	11
963	18
1922	39
831	29
309	208
1208	51
1714	1
641	8
1611	68
164	114
83	200
385	451
91	92
259	14
1595	25
62	206
1585	26
322	91
850	9
1376	111
201	260
334	123
365	47
834	107
339	27
317	30
1257	188
731	94
1225	157
75	7
239	30
1539	201
767	99
427	55
1787	226
479	65
967	126
1012	131
1445	189
3178	414
1124	147
70	9
307	39
63	7
131	16
3232	418
381	48
299	39
1072	139
465	58
245	32
2957	383
223	29
311	38
662	85
1074	138
611	80
1738	225
981	127
983	127
138	18
695	90
441	55
486	63
1607	207
751	98
1000	131
2012	261
340	44
1053	138
162	20
788	102
307	40
86	10
1014	130
911	119
228	28
139	18
975	125
900	115
124	16
1107	144
107	10
390	52
284	36
1000	130
3155	409
238	31
1401	182
383	50
140	18
747	95
874	113
185	24
840	109
715	92
2454	320
206	27
320	38
1654	214
697	91
873	114
865	113
184	24
33	3
86	10
4223	548
603	77
353	46
2133	278
162	21
231	29
337	43
877	112
124	16
264	33
436	57
56	6
123	15
370	48
2354	306
116	15
269	34
513	66
627	81
482	62
108	13
1667	217
218	28
250	31
55	7
1170	152
700	88
273	34
1188	153
40	5
967	124
108	14
545	70
1386	180
1714	223
299	39
688	89
624	80
444	58
132	16
1464	188
306	40
383	49
924	120
706	91
32	4
731	93
581	74
676	88
47	2
3284	430
330	43
3963	515
1229	161
1326	171
1084	142
386	50
634	83
86	10
616	78
2049	267
330	43
1902	248
329	43
398	51
452	58
786	99
276	37
1337	172
70	9
754	96
2041	260
745	101
1110	146
377	48
1012	131
2776	357
28	7
687	88
268	33
372	49
147	19
1987	258
950	125
34	4
173	22
1046	135
1104	144
1029	133
749	95
320	40
1190	152
983	127
1555	202
1402	183
1326	171
1746	226
982	128
1129	146
511	65
1403	182
183	22
832	107
1258	163
295	38
458	58
626	80
1580	205
165	21
1471	191
321	40
4270	555
415	54
801	103
853	111
290	36
915	118
1151	149
1991	259
15	1
720	92
2037	264
250	33
440	57
799	104
1197	155
139	16
931	120
181	23
344	43
135	17
3805	495
652	85
305	38
305	38
694	89
2729	355
691	90
930	120
356	46
1709	222
884	114
851	111
203	26
745	97
414	53
198	24
97	12
466	59
74	9
173	22
443	56
435	55
493	64
356	46
1457	188
66	8
44	5
234	30
290	36
1088	142
241	31
722	94
21	2
135	17
546	71
399	51
1903	250
641	82
983	128
1915	248
1136	146
950	124
1427	185
601	78
340	44
420	53
211	27
883	115
1174	152
150	19
516	67
412	51
333	43
113	14
859	112
281	36
1030	133
2325	301
564	72
81	10
204	26
1310	171
127	16
127	16
1586	205
1326	172
1213	157
241	31
102	9
272	38
1662	216
959	125
273	35
289	37
935	122
90	11
220	28
766	97
661	86
2174	283
568	74
28	3
734	94
446	58
472	61
1745	226
333	43
227	29
809	104
81	10
755	97
128	17
3816	227
60	103
15	64
13	2
13	32
19	28
503	117
1150	148
347	45
885	114
51	6
1449	188
130	15
2592	337
35	4
318	41
1420	183
493	64
588	74
257	33
405	51
279	36
303	39
310	40
272	35
59	7
327	42
965	126
396	51
511	65
419	54
488	62
435	55
294	38
97	12
220	28
89	11
351	44
296	38
526	67
333	43
1198	154
234	30
295	38
1191	154
1978	259
1226	159
1125	147
470	56
778	29
962	8
229	5
2638	145
135	87
150	9
1071	67
679	183
1180	57
149	105
491	129
322	146
1082	314
242	31
569	73
598	76
123	16
304	10
219	1
3026	446
24	1
29	5
772	101
1653	214
124	15
69	9
63	8
1448	45
1053	280
936	44
108	46
2472	40
862	291
342	192
2018	260
188	23
543	71
1667	216
116	15
63	8
620	81
1153	149
1308	171
121	15
894	115
1180	153
1791	233
389	49
485	63
417	54
1044	136
443	56
219	28
97	12
169	20
394	51
417	54
325	42
1180	95
622	52
318	126
2139	4
648	30
237	76
532	54
121	61
520	3
815	60
58	41
604	116
370	32
886	15
1004	181
241	25
514	26
1240	37
480	40
570	52
803	258
183	35
832	513
279	37
60	7
221	27
151	19
1631	212
1716	221
1030	133
818	107
155	20
437	57
1676	218
2354	306
110	13
1290	166
572	73
618	79
847	109
51	6
716	93
165	21
29	3
85	9
1324	173
73	9
1073	4
710	88
1480	97
604	138
101	62
1047	10
1136	32
275	64
534	14
1432	86
55	29
190	40
53	183
90	134
1958	101
2805	114
1529	87
640	117
70	93
318	185
206	6
602	291
494	266
809	123
1181	135
1374	195
356	46
470	61
2722	353
1374	178
2697	351
733	96
1414	184
708	93
732	94
317	41
280	36
1061	137
485	63
1030	133
176	21
226	29
295	38
2157	281
433	56
335	43
1322	170
524	69
198	25
1096	143
803	103
2729	355
58	7
1373	178
21	2
3476	454
432	56
516	67
112	14
90	11
332	43
1509	51
359	2
1316	360
1441	188
1056	138
391	9
1273	134
1036	26
564	86
205	36
145	15
1973	1
229	74
1250	46
113	248
183	280
397	28
260	15
540	34
5248	111
1110	106
224	59
981	137
1133	43
272	18
831	277
1048	102
240	97
1369	117
268	18
430	10
495	1
2229	57
397	82
292	33
776	21
179	293
991	173
620	33
3643	10
161	69
155	95
2734	20
1833	334
1598	70
67	44
194	76
1404	79
1901	113
282	9
524	49
2635	292
212	128
266	30
1287	183
284	44
877	42
2567	55
1716	92
3074	78
935	34
2217	427
756	202
2238	467
716	192
1581	205
1158	84
151	154
903	101
478	106
346	89
480	145
989	98
1494	69
1200	13
51	2
601	134
642	90
1758	103
1400	15
445	97
216	190
1980	21
854	97
998	71
1956	165
1402	90
509	29
1127	101
4670	183
3343	92
339	35
506	162
305	31
1357	98
104	398
1051	12
1778	50
818	124
1153	104
1424	55
80	77
2633	27
842	201
839	1
331	118
61	62
272	33
174	38
3426	122
562	18
536	44
2053	21
272	37
635	27
2942	38
1028	27
95	237
1286	67
1542	102
51	59
338	43
442	57
880	55
53	36
942	2
1176	38
192	46
93	137
404	84
432	67
574	29
1227	125
232	119
178	89
302	165
381	114
552	32
971	41
371	90
5360	45
1249	127
165	40
918	7
230	136
51	50
248	17
1243	103
1876	76
129	29
151	53
237	5
164	366
105	2
330	411
343	13
549	62
404	12
98	96
2189	59
1139	2
470	78
555	61
301	95
1521	112
220	24
1813	40
251	54
228	96
1344	9
74	41
200	10
887	92
2079	105
337	158
500	146
53	9
223	198
692	56
2710	54
312	56
1671	21
224	360
81	11
775	82
1287	339
305	91
167	127
52	115
120	34
696	79
398	1
592	63
1217	149
1859	208
221	109
901	24
181	40
2589	50
1219	232
549	42
1836	113
298	250
814	43
175	95
204	96
2282	192
516	26
2013	16
215	88
590	31
453	7
655	65
493	214
2360	42
131	38
82	17
1032	158
1257	42
768	485
564	24
332	113
110	18
1100	35
414	131
645	42
233	20
3092	58
245	48
78	324
391	15
251	21
2083	82
424	132
460	39
984	247
186	57
2821	68
1808	64
444	24
594	83
357	133
2174	97
91	64
361	148
360	12
633	13
744	130
2614	91
921	140
524	27
129	32
135	29
377	6
2289	35
501	290
535	236
51	40
127	124
592	189
677	279
563	130
709	19
2207	66
81	125
276	7
1113	47
690	54
1277	2
62	10
430	28
448	356
189	102
1214	82
273	74
2807	65
276	197
2021	35
435	27
153	4
987	216
150	921
2527	4
279	50
234	44
147	159
719	76
348	40
130	57
405	18
1064	224
561	128
53	87
731	91
1285	277
1458	191
48	6
878	112
1065	138
1161	152
627	82
930	120
227	29
1560	203
307	40
813	105
867	112
1862	243
462	60
435	55
980	128
397	51
597	78
1723	224
3217	418
904	118
341	44
610	78
2472	322
58	7
165	21
508	66
1192	154
188	24
225	28
247	32
458	26
1008	52
431	138
410	36
924	68
627	180
1377	181
1378	107
756	168
303	38
1636	213
827	108
1064	138
131	17
1465	189
26	3
116	15
730	94
127	15
1605	206
727	95
1103	143
1049	136
1231	161
136	18
51	6
676	88
313	39
112	14
1296	167
1814	236
744	97
1329	169
119	15
1957	256
1700	220
341	44
442	55
89	11
181	23
206	24
51	6
673	86
28	3
219	28
2013	262
104	13
314	38
165	21
658	84
65	8
2384	312
2196	285
287	37
801	103
679	87
134	17
89	11
271	35
2592	98
838	28
1252	80
1955	45
1582	142
120	117
468	16
2205	23
139	96
603	47
116	45
51	62
73	14
175	68
1321	126
429	49
168	64
256	37
1127	68
531	34
181	110
1568	1
272	174
1125	128
607	232
180	50
272	25
152	20
631	49
423	14
769	78
126	7
687	289
552	131
384	84
324	224
352	69
1707	471
1801	235
516	65
680	89
1273	165
870	114
330	43
1195	153
1005	128
47	6
170	22
347	45
379	48
177	23
391	51
132	17
821	106
70	9
2790	366
28	3
373	48
51	6
45	5
824	105
402	52
165	21
662	86
1500	18
3639	86
595	56
772	30
1959	89
332	8
1232	429
844	54
232	26
245	565
138	49
1400	3
2613	12
623	13
105	147
717	69
1788	257
51	57
276	36
212	11
354	37
886	391
52	219
1749	135
430	119
1356	218
67	9
1074	139
1584	27
294	26
678	90
230	114
588	95
2152	365
362	19
746	13
1442	76
653	71
157	256
691	79
1151	157
499	66
851	110
554	71
101	13
2723	352
335	44
383	47
589	77
1415	184
68	9
242	31
1632	211
135	17
626	80
28	3
272	35
51	6
1136	148
1174	151
1042	136
135	17
1640	214
533	68
474	60
120	15
473	60
577	75
1446	189
711	91
379	49
96	12
851	88
3286	450
521	69
770	98
14	2
2285	298
2683	350
1115	144
695	89
245	30
816	105
35	4
211	27
220	28
539	70
6358	830
449	56
294	38
592	77
763	98
441	57
3399	443
374	47
372	48
889	116
526	67
21	2
302	39
66	8
557	71
1095	143
36	4
142	18
536	68
73	9
816	105
1015	131
171	22
66	8
1220	158
1593	208
1159	150
1257	164
311	40
449	58
14	1
886	116
74	9
546	71
150	19
1037	134
420	53
1556	202
967	126
594	75
348	45
1313	169
641	82
336	42
2150	279
824	106
81	10
366	46
752	98
204	26
306	38
1244	160
14	1
1987	258
862	111
96	12
854	110
111	14
135	17
556	72
1235	160
241	31
961	124
861	112
118	15
386	50
123	15
281	37
1554	203
859	112
1623	212
1247	163
503	64
2357	306
626	80
198	25
523	68
1677	218
211	27
444	56
1639	212
2123	278
631	82
310	40
2264	294
554	72
2395	312
334	43
470	61
342	44
953	122
670	87
561	73
1326	173
340	44
112	14
138	16
641	82
66	8
60	7
74	9
585	72
626	83
142	18
691	90
637	83
678	63
575	97
436	58
567	52
2140	299
49	7
758	97
919	120
519	6
127	8
612	29
388	168
948	122
3345	438
599	78
2025	262
955	123
1545	196
1306	172
411	54
152	19
160	20
1620	210
450	59
473	61
99	12
114	14
594	77
1103	48
1165	48
615	105
207	61
4334	27
52	77
209	37
161	155
144	199
537	282
383	54
699	24
1735	48
2499	227
4030	111
576	230
1540	26
1497	271
709	218
2033	39
332	8
279	35
1855	69
375	184
348	125
246	262
51	56
943	190
408	194
81	13
146	16
1794	59
1465	109
535	111
814	12
624	51
2106	128
64	89
611	19
701	87
574	237
259	121
2077	114
261	65
52	182
127	146
635	258
1045	105
598	91
52	33
896	17
686	2
762	17
1332	18
133	152
240	38
5342	77
307	69
1138	83
1156	179
432	409
681	39
291	41
632	22
69	27
204	14
1597	50
2315	43
1997	8
464	204
1450	101
1124	32
1873	60
52	16
228	43
55	83
481	209
722	2
416	35
58	3
342	97
1268	7
1148	26
909	18
954	159
336	135
632	129
1084	95
795	205
781	64
880	206
1147	246
1865	6
110	60
1570	378
1612	19
664	394
445	58
1707	13
1595	55
417	77
428	288
593	32
772	11
64	76
1402	404
546	115
667	191
1097	212
1044	153
402	20
391	72
332	327
712	5
1170	106
74	11
2245	51
142	1
774	122
1347	148
749	275
1326	147
474	77
652	79
1307	206
653	270
194	25
881	109
1517	19
660	449
3173	131
512	16
1494	295
272	42
610	163
2064	146
362	42
318	151
2382	120
246	130
279	56
1386	49
1313	14
791	99
604	139
753	47
2198	643
295	169
125	12
306	2
211	194
1030	208
595	61
1579	31
488	140
1261	24
2442	171
1143	100
644	229
1047	242
1728	34
168	23
248	34
97	140
109	69
1168	108
1196	26
681	53
579	1
1775	18
85	48
2463	55
406	71
120	4
157	69
405	89
345	55
1129	176
387	11
2029	12
429	25
698	106
469	216
104	4
479	155
1913	75
882	66
51	74
1600	109
366	99
2239	51
1302	293
276	83
1851	70
870	99
2236	49
68	106
1752	1
755	38
245	30
517	69
2522	49
1370	96
1133	229
2473	145
882	70
1448	33
703	160
1549	328
932	34
659	203
1006	9
185	104
237	1
732	7
1267	38
2187	45
995	359
74	95
247	29
1737	62
1930	156
1056	90
543	97
660	65
1671	308
1082	8
192	35
2071	70
1840	2
451	103
205	62
66	28
315	9
433	257
159	157
2217	197
295	43
2779	183
2395	80
801	1
427	1
623	11
89	21
612	32
302	143
82	118
58	50
136	35
789	38
1495	36
54	10
1029	26
590	59
314	289
58	156
818	248
586	1
1667	61
245	46
1742	187
520	84
388	58
52	81
798	50
1293	31
90	65
1237	24
383	102
217	294
722	93
935	20
1424	29
141	203
2559	30
496	89
224	142
2568	14
1214	178
155	226
1017	110
1409	449
392	151
517	1
308	198
682	75
1020	208
646	134
852	61
309	190
136	8
735	114
1265	54
711	132
123	12
909	117
176	266
3205	703
818	106
695	91
140	18
1504	197
745	88
1044	143
758	15
1122	228
636	82
1819	236
1734	227
540	69
246	32
1911	249
604	79
238	31
3661	478
442	56
363	47
863	111
2127	277
815	105
462	60
756	97
1281	166
4140	540
609	79
66	8
104	13
287	37
127	16
2029	263
35	4
142	18
367	46
348	45
2219	289
197	25
648	83
58	7
14	1
94	12
313	39
1684	218
815	106
96	12
1055	135
264	35
160	20
1784	229
1754	227
487	63
51	6
748	95
1891	245
701	90
740	95
1072	140
859	112
503	65
2003	262
771	99
557	71
173	22
21	2
46	5
1441	187
73	9
417	54
295	38
1464	190
96	12
1052	136
3446	448
775	101
2394	311
487	62
296	38
569	74
2531	329
561	73
673	86
73	9
1182	151
1661	216
142	18
36	4
66	8
846	110
89	11
341	44
1064	139
816	105
706	92
1492	195
440	57
732	94
165	21
455	59
188	24
1419	184
1498	196
199	24
348	45
1037	133
89	11
1085	140
640	82
195	25
138	16
218	28
371	48
501	65
420	53
244	30
587	76
115	13
1532	199
496	63
389	49
348	45
1051	137
1191	153
1628	213
542	69
167	21
1746	227
1471	190
195	25
325	42
1724	224
630	82
402	52
1022	132
157	20
1701	221
572	73
104	13
120	15
386	50
1190	153
480	61
473	59
150	19
74	9
828	108
211	27
991	129
17	1
410	54
836	109
265	34
992	128
275	34
599	78
274	35
225	29
891	116
438	1
1084	46
1107	22
1012	55
1403	99
467	82
303	74
805	126
3573	6
1164	46
304	362
51	7
283	16
149	165
436	164
896	387
1351	25
1139	79
972	37
373	65
791	266
625	173
340	170
540	76
1926	252
1388	180
121	15
464	60
995	125
326	43
101	13
524	67
93	12
55	7
481	60
722	92
957	124
1548	203
265	34
389	49
1783	230
363	47
43	5
283	35
731	95
2066	268
3095	402
740	95
1189	154
498	62
264	37
626	80
374	47
374	45
1872	245
608	79
374	47
660	86
527	67
443	56
922	119
1926	252
1288	167
2616	341
419	53
234	30
290	36
1102	144
303	39
348	45
318	41
1358	175
607	79
1906	248
51	6
479	62
523	68
1354	175
2273	294
610	78
1989	258
74	9
127	16
359	45
142	18
361	43
1182	152
745	97
542	69
199	24
4086	534
188	24
1572	204
1197	154
801	103
470	61
1549	200
534	66
249	33
188	24
257	33
1182	153
1175	152
302	39
310	40
1065	139
2089	273
51	6
646	84
2553	333
872	111
348	46
2380	306
541	69
435	55
1191	154
43	5
1301	170
104	13
562	73
646	84
320	41
388	50
142	18
722	94
119	15
352	43
366	46
165	21
59	7
223	27
836	109
1640	213
96	12
1624	211
942	123
985	126
104	13
112	14
398	12
17	27
1621	223
294	39
276	7
1713	28
1893	288
245	3
256	210
156	52
350	45
1074	139
2036	264
321	40
1379	178
3460	452
274	34
3056	398
870	112
1182	153
404	51
1090	141
272	35
127	16
249	32
723	94
1011	132
219	28
128	16
303	39
89	11
542	69
44	5
2052	265
1392	182
226	29
489	62
591	77
1731	224
648	83
541	69
127	16
435	55
340	44
320	41
23	2
1807	235
272	35
83	10
73	9
676	88
66	8
769	100
620	79
782	102
1266	164
2463	318
3416	446
595	76
397	50
142	18
961	122
363	47
44	5
2723	354
1021	132
518	67
706	92
772	97
1118	146
404	50
119	15
234	30
1129	145
280	36
66	8
921	120
1616	209
1227	159
343	42
198	25
302	39
790	103
409	53
75	9
84	9
557	69
1159	151
1632	212
416	54
722	94
173	22
388	50
1426	185
3584	468
582	74
19	1
1134	148
1246	163
1482	191
240	31
104	13
381	49
709	91
790	103
412	52
1961	255
317	41
295	38
135	17
740	95
877	111
1306	169
183	22
622	81
996	130
29	3
870	112
1164	152
2965	387
239	28
241	32
281	36
28	3
112	14
272	35
1334	173
557	71
1945	253
496	62
340	44
509	66
446	58
494	61
714	93
379	49
1858	150
119	73
1652	5
770	77
1149	92
2078	88
51	123
49	9
50	218
49	22
2636	75
3443	90
295	124
643	134
1484	105
105	83
1072	45
221	147
1688	35
684	41
613	204
1558	57
101	48
1039	13
155	21
161	144
636	73
91	150
191	145
309	187
170	27
685	84
779	5
1612	82
26	297
26	1
2079	267
557	63
1123	17
217	38
949	10
776	3
1332	116
109	24
120	33
210	95
688	96
1713	109
77	112
2901	272
1362	206
1069	176
330	2
2620	48
736	151
1363	13
2755	103
317	50
1210	292
420	32
2160	2
1171	302
114	21
839	162
2499	21
53	21
72	119
47	4
47	5
47	109
216	113
351	4
136	23
389	8
110	316
973	53
228	57
563	136
1192	247
921	176
92	213
468	143
3405	59
560	86
568	33
258	65
418	89
689	22
299	19
376	35
398	26
469	101
231	52
954	19
1575	54
1003	59
46	53
843	129
2297	136
89	141
348	30
1094	19
849	154
230	15
892	155
1326	52
62	44
146	5
484	116
1086	34
1157	62
467	77
948	87
591	111
220	110
642	194
987	77
782	38
1124	157
533	82
1089	6
1254	43
268	434
611	29
308	217
1559	64
3785	157
1114	167
1424	46
1188	22
1080	85
102	233
2399	10
926	145
2319	156
268	194
141	93
1788	385
1699	66
1506	41
294	106
773	87
1396	158
4942	58
43	432
16	317
1203	38
1650	26
107	2
1186	622
135	178
861	48
498	97
948	187
294	7
42	361
660	91
194	17
112	53
899	56
459	24
1162	33
2052	228
1820	153
41	103
359	101
