0	30
1141	99
3702	27
981	80
772	13
329	138
289	124
168	110
379	97
628	21
358	4
1011	88
199	50
899	68
239	325
184	144
339	53
157	19
316	100
1056	10
325	6
1888	385
152	20
600	135
305	23
1834	72
304	23
226	91
1479	156
714	379
258	227
98	92
165	132
939	8
1325	159
1043	57
263	260
1351	20
1255	127
1206	22
221	110
337	61
550	43
1919	8
1305	127
839	131
414	91
568	132
325	320
1479	121
656	15
1044	47
84	57
1551	157
1567	68
156	79
69	98
45	86
1754	285
596	27
914	83
149	185
1687	358
700	27
814	277
158	43
1813	12
1632	180
2201	87
396	135
230	86
966	24
388	59
2177	54
36	35
43	3
630	13
332	360
245	207
471	72
318	219
326	6
2596	31
227	109
1372	8
2846	19
1739	2
1393	132
805	8
639	68
880	58
2105	179
213	190
122	29
179	43
1066	628
774	125
1950	110
613	278
1292	125
908	66
341	114
613	16
390	80
1077	258
222	35
613	132
378	60
44	60
2339	69
1534	5
2130	7
1408	189
585	51
207	22
1141	9
1889	254
946	35
1356	145
165	35
1435	3
1415	28
488	36
220	97
1167	17
565	83
592	177
1535	57
650	6
97	147
638	34
2008	18
622	110
200	98
1403	35
1337	16
1392	148
73	57
1210	102
460	2
148	111
2075	35
2497	279
3381	3
3770	120
302	124
427	333
183	40
235	94
459	313
807	31
524	402
54	7
207	102
399	152
593	33
901	98
1238	118
1084	131
289	14
1832	22
366	164
1031	340
41	49
1001	260
159	231
116	139
109	91
1273	20
1391	122
946	5
471	168
1007	10
1363	191
1014	254
148	111
869	324
1219	186
1166	103
173	55
693	166
775	155
589	147
1510	57
1189	196
576	15
548	14
187	1
97	68
373	277
209	12
155	89
130	179
714	33
2295	6
552	170
328	54
1076	33
1560	78
1205	34
608	1
432	473
5646	241
1386	93
36	43
1766	91
1245	87
255	632
118	43
873	67
184	88
143	19
173	12
109	99
1103	8
203	40
259	68
721	6
313	12
200	47
788	39
661	39
137	150
3455	30
1120	298
545	142
732	5
704	24
2999	69
994	26
636	130
2317	56
650	86
1238	69
776	193
1129	81
437	83
116	22
905	31
233	420
2621	90
3738	163
229	7
943	320
364	100
399	5
134	116
228	55
370	67
221	126
951	39
905	37
1552	187
121	50
696	14
1053	196
1082	59
1306	122
73	128
354	75
608	443
190	149
538	98
615	33
751	56
705	30
72	55
617	10
880	93
914	82
850	79
484	340
185	112
96	53
3573	60
226	308
829	217
1530	325
1503	24
2398	29
125	14
1496	49
151	114
640	74
40	357
1996	79
696	130
968	393
145	24
1026	28
564	113
137	241
1457	31
107	18
230	125
168	226
1403	31
156	17
199	175
501	69
1828	220
835	59
70	74
748	20
299	45
813	54
279	56
1086	125
3133	44
337	4
1623	5
378	3
158	17
106	51
775	173
691	211
598	263
113	26
328	19
1483	66
698	151
1766	190
1233	24
243	172
1189	36
1146	24
602	39
937	20
740	245
149	115
413	22
1618	41
377	112
1083	99
261	93
597	187
635	204
1800	40
2509	48
895	137
617	76
767	379
1292	6
40	52
690	21
37	26
532	10
1199	268
723	56
311	204
865	15
1304	89
1364	36
782	93
571	28
1656	9
813	107
304	26
697	59
803	46
305	11
3358	69
448	110
175	90
1984	324
721	69
132	116
479	142
2138	98
579	154
95	201
81	656
636	39
736	162
1087	112
471	115
1147	20
3085	44
649	523
79	94
69	29
175	113
444	13
572	19
1023	319
338	115
1351	32
333	28
1322	15
888	44
154	35
779	93
847	118
693	29
203	119
651	278
231	48
1880	162
1531	4
1038	36
41	39
161	151
185	91
947	108
907	113
492	17
1008	55
65	299
45	77
1127	43
261	277
2487	24
219	86
543	65
1229	63
1529	96
48	13
993	200
468	33
1092	58
357	92
223	84
867	333
1076	43
465	159
765	344
607	24
1106	11
1923	36
1115	48
485	330
1487	74
243	101
1626	88
210	23
242	112
639	30
271	10
370	376
818	105
414	44
1589	164
639	18
912	59
2328	97
907	11
3238	101
3345	49
501	185
888	29
601	164
411	265
1678	12
1087	84
1315	41
1673	267
474	123
313	21
449	1
175	134
172	46
122	56
314	18
1681	52
626	37
481	73
304	63
495	153
1106	127
1150	76
56	154
808	153
779	16
215	34
110	49
1110	83
1840	29
778	170
1636	86
600	73
576	18
1917	16
807	209
195	64
142	69
2517	52
663	98
308	7
1231	703
806	82
2465	30
3257	118
961	67
808	594
123	56
896	38
889	96
406	24
164	200
1452	357
935	114
105	22
240	55
271	21
236	115
2183	3
665	66
219	10
1110	50
1787	67
42	94
333	85
618	99
804	73
1449	56
387	86
868	3
2495	30
1195	243
601	219
1972	24
1151	9
150	12
2247	20
527	60
987	181
297	39
1119	158
105	192
1467	381
1124	9
796	16
206	108
2011	209
4602	123
142	523
68	123
1098	66
1117	22
1499	35
1082	10
2813	178
167	244
75	65
335	22
390	41
541	140
243	151
614	69
131	49
776	43
731	43
367	40
1779	77
2204	10
2005	23
378	49
282	103
871	98
425	44
1649	50
162	57
217	62
316	29
1047	15
528	6
95	153
121	63
440	1
3923	168
76	30
574	242
746	11
1167	4
1803	36
1066	245
1085	22
1610	62
198	151
242	78
94	185
222	92
648	21
191	74
160	183
382	298
213	19
1515	35
269	329
1037	177
385	40
1584	18
296	11
440	171
557	451
627	17
275	16
958	123
152	27
197	2
910	13
943	4
709	122
61	16
464	45
1077	22
2177	31
354	46
268	2
512	51
122	169
1850	49
56	102
520	31
2013	51
1616	68
746	130
407	107
513	432
496	263
527	8
2971	121
415	123
649	6
1088	282
3193	126
1680	34
72	75
152	20
1554	69
2144	150
120	1
114	63
114	63
88	60
904	266
1123	18
1506	158
1281	202
774	36
2267	29
2479	14
61	139
62	196
2706	114
2069	47
2957	4
715	7
1075	291
476	37
222	76
1726	6
2455	77
51	16
2855	13
248	10
141	100
165	14
2962	389
371	10
278	174
376	195
863	106
357	181
275	88
180	39
93	268
273	18
410	134
2155	95
876	19
255	12
713	125
334	60
249	1
1337	177
1429	122
169	98
548	90
200	71
375	29
2706	80
108	206
4340	158
603	2
406	2
4192	58
603	16
802	102
821	235
254	265
122	151
874	34
932	133
346	78
1158	20
728	132
869	20
1269	181
1287	23
236	34
96	80
151	62
160	6
1080	80
366	525
1906	66
1651	155
818	50
150	10
1530	223
465	47
388	335
194	20
1242	44
1243	45
141	141
253	4
636	7
226	82
337	135
1428	146
236	124
799	17
721	86
657	84
3827	128
111	17
815	32
531	507
57	351
690	148
1718	99
3334	170
40	191
1726	38
829	31
659	170
701	119
354	30
176	123
187	222
562	33
48	35
904	10
65	101
503	15
1169	109
1696	6
1014	30
338	7
707	55
962	273
48	41
203	6
1213	222
849	45
2888	90
731	35
2670	24
1475	102
469	68
371	428
5839	8
3423	61
526	147
780	49
766	18
329	90
822	24
324	29
284	103
924	310
490	67
368	10
579	161
408	212
47	130
99	125
1296	29
153	35
654	141
343	4
643	64
1086	54
630	161
160	45
377	15
2866	60
539	109
170	91
1340	21
753	37
1489	118
1954	41
120	92
244	57
249	29
309	79
2476	24
1304	25
1178	5
1757	71
638	65
431	249
730	223
70	136
1636	11
739	61
2098	17
1066	29
375	291
163	14
491	21
300	85
903	232
546	17
860	15
255	31
593	5
740	148
3466	30
171	108
49	185
1863	314
405	70
175	39
1411	83
118	29
1028	75
663	683
1450	31
571	170
2638	19
770	26
1558	11
434	146
697	66
203	21
664	54
1605	297
74	23
162	33
1114	156
661	37
1241	239
381	58
106	102
281	202
224	159
1129	73
1081	53
997	27
613	206
433	26
357	157
2065	156
166	245
779	266
125	159
355	138
668	95
2175	38
762	10
1417	27
639	84
1578	6
259	197
599	96
343	187
432	20
520	20
408	134
74	74
1550	56
316	63
610	57
2085	51
361	2
2069	16
2813	277
586	13
1093	42
672	137
183	95
678	191
1001	71
146	260
1363	82
121	239
648	88
463	60
289	65
1304	12
154	35
1183	144
187	263
1026	107
318	40
239	19
899	288
84	60
68	19
740	19
211	65
1084	3
470	467
1207	234
412	83
1501	44
898	124
1831	101
227	54
65	275
1628	65
616	24
476	56
1184	11
173	110
819	108
1060	48
530	322
1330	244
658	95
850	112
341	111
1594	48
338	7
212	218
1116	22
1531	112
486	55
248	38
365	328
3153	13
41	5
931	23
1080	226
1652	98
319	23
961	15
1382	84
74	9
699	143
146	17
744	64
224	64
700	129
290	10
811	290
62	35
998	131
1097	59
540	102
3778	194
178	239
647	30
2363	176
520	55
349	47
561	50
711	312
1731	14
1568	138
391	117
82	291
2700	95
660	148
1510	46
1354	118
598	2
460	286
373	186
134	5
94	65
812	23
248	122
158	217
120	188
481	48
1483	315
2102	160
237	74
714	188
932	64
2015	13
1336	19
219	28
707	134
215	229
597	46
66	256
758	40
2107	32
401	90
1198	48
873	99
236	155
661	2
1969	57
110	13
1329	13
167	194
1804	39
1000	13
620	51
467	45
94	53
1253	158
505	22
3142	122
421	63
760	231
2124	14
1186	85
497	91
167	7
1646	23
3680	12
155	40
1260	85
711	102
351	52
754	97
175	22
176	203
2037	21
832	103
794	86
1061	27
75	41
1729	29
165	37
461	65
482	235
2638	229
271	144
560	12
589	25
116	107
1426	88
1967	94
2154	45
72	35
33	254
98	272
636	98
179	60
1427	23
111	434
1188	38
1212	138
687	191
3611	1
189	123
1124	35
1330	104
279	194
1033	6
1562	42
129	314
162	18
1465	21
268	243
129	128
487	14
577	268
2065	90
1487	157
187	113
141	30
276	8
163	23
111	134
628	444
946	111
303	85
693	6
376	25
152	149
2176	51
207	224
102	293
886	211
1419	62
1246	39
1985	136
71	101
4160	91
619	132
1975	20
132	27
522	397
111	393
839	19
770	26
361	88
959	24
1028	7
70	86
702	325
102	80
544	125
328	92
1480	209
1247	108
654	8
1689	91
219	158
650	39
192	21
279	56
1225	119
83	61
414	37
248	4
543	39
1328	16
256	46
508	127
34	167
656	182
493	56
2458	128
117	119
296	179
1197	15
719	4
103	91
666	71
2412	130
989	191
1075	39
151	49
1148	7
780	347
202	80
155	114
165	512
1978	62
3521	75
746	115
1471	78
113	48
819	142
590	36
466	113
118	34
40	155
440	39
216	23
1520	142
746	207
1299	12
412	58
253	152
232	24
458	76
1384	339
1373	57
251	6
464	377
1449	20
1210	3
176	32
427	5
243	222
492	37
367	81
191	55
101	66
389	51
1456	4
279	24
267	48
573	55
187	116
2169	275
881	46
1667	17
624	17
264	79
3470	138
339	66
891	165
109	19
997	365
228	50
748	150
556	90
1313	186
1185	12
339	49
1457	130
614	53
958	95
444	197
355	151
845	101
134	105
914	137
1003	76
710	22
660	130
198	15
327	94
1378	227
1452	49
1640	38
321	25
154	64
1270	242
303	37
2133	134
493	5
111	99
384	98
398	177
426	116
288	152
3122	22
125	246
2233	213
850	7
428	67
118	298
280	86
97	48
1411	1
1581	4
71	29
341	113
1427	162
843	354
189	127
2493	310
448	53
1602	34
131	163
578	58
3666	107
105	56
220	29
832	187
54	46
682	6
1052	157
2777	103
995	21
2736	135
947	122
107	77
823	98
281	60
1170	39
654	97
982	73
63	51
951	42
333	98
3564	25
1952	244
1643	75
283	88
1180	12
693	74
224	34
787	50
475	76
476	205
1938	139
1224	97
263	226
159	19
1184	31
830	51
1465	41
85	341
179	114
472	135
79	16
356	81
220	142
137	18
56	137
1338	110
871	32
824	56
1963	95
414	14
258	345
412	45
128	131
789	54
457	105
2079	19
89	364
1197	8
1360	184
600	3
980	83
303	61
659	105
760	296
197	128
223	252
323	10
1273	51
1675	5
1103	45
610	188
185	79
1423	271
1194	87
293	44
1040	2
495	52
404	243
257	203
60	125
257	59
225	127
792	52
562	104
2021	184
506	154
1332	24
3286	168
797	8
1500	59
761	144
587	31
731	28
2134	50
2011	35
402	37
65	71
572	459
602	40
477	150
1681	101
1626	19
2756	1
198	143
264	52
1445	73
319	26
222	11
519	399
662	103
692	266
84	33
1030	157
2371	394
3262	75
426	101
735	160
151	124
315	45
208	23
213	128
793	79
434	81
2994	56
88	147
481	7
1249	258
736	437
1618	145
222	23
132	17
356	237
60	5
58	17
182	69
1959	92
1552	17
1318	106
1100	252
3767	2
1178	152
416	80
820	116
1132	17
1762	16
273	4
956	18
1321	225
73	1
1021	247
891	39
764	1
880	49
805	127
2168	87
1035	16
1173	4
2849	50
756	84
757	192
787	12
349	13
950	269
1253	18
1333	112
223	90
1810	73
1474	41
220	80
50	44
380	23
1126	15
1072	156
1295	65
2075	425
1305	73
143	202
87	7
381	5
45	5
206	322
237	129
158	32
117	9
835	107
311	76
471	32
129	103
612	8
1191	31
237	11
1009	56
219	23
601	27
333	82
4140	187
410	69
377	38
1193	74
918	161
1287	21
2289	16
689	49
377	72
1737	229
513	579
79	108
667	259
1315	94
1848	246
787	15
244	44
647	171
824	40
700	237
821	59
419	41
663	209
964	14
533	116
251	41
412	26
1080	16
1156	180
403	128
1539	129
2230	41
1369	34
80	459
2288	37
386	2
42	175
154	7
122	75
142	45
2115	55
78	159
184	39
2136	18
404	69
702	112
311	72
1065	14
446	60
821	64
630	121
2799	116
711	159
2060	133
258	343
84	24
2046	112
1425	27
397	11
1382	64
535	50
1034	47
424	21
702	245
81	51
986	168
488	12
459	1
1120	159
1449	175
883	36
788	119
739	84
428	37
2154	4
321	73
1095	325
1758	14
358	85
665	24
989	5
1029	177
328	59
723	36
1584	128
565	292
207	17
495	45
125	328
171	31
621	162
521	185
3340	16
343	12
41	54
600	31
6199	183
606	57
150	37
592	74
1500	90
763	420
260	55
1399	211
346	12
509	108
590	256
741	245
402	367
766	59
978	20
1233	287
237	117
324	225
3790	45
1363	211
970	52
1280	194
394	32
902	46
363	71
584	29
1068	64
1565	6
1363	15
80	117
150	72
3059	6
434	12
994	100
413	65
911	26
1414	9
45	23
3041	63
224	1
57	242
573	9
818	133
2586	198
1056	3
680	92
622	34
1855	3
3166	15
3091	41
111	182
276	114
917	190
871	26
1533	33
147	87
1101	76
117	577
772	154
1399	207
138	151
708	162
1197	139
967	11
869	175
991	267
37	5
3223	160
562	18
1032	15
661	15
385	86
1628	19
587	79
1817	81
790	7
738	77
39	44
61	100
69	250
986	6
1340	61
896	37
535	200
643	53
769	137
555	189
171	41
1664	233
978	14
715	22
2102	32
3413	22
136	223
850	116
39	40
2038	199
1720	76
3052	37
418	55
1176	31
1140	196
387	18
407	21
739	65
527	38
208	78
60	14
341	72
267	4
255	51
1147	211
429	112
1045	332
301	136
175	97
334	240
60	67
648	57
280	86
1541	147
1483	151
118	614
2093	45
239	231
977	72
848	25
668	57
54	39
583	417
2183	298
1432	33
636	99
1108	61
153	369
1293	13
280	112
46	65
1168	82
427	120
2043	62
499	53
445	13
762	56
215	92
359	239
1132	24
589	127
411	77
648	36
1183	37
212	193
543	121
914	155
778	68
166	50
2034	121
246	318
1505	47
126	13
1060	1
1121	11
197	52
191	47
506	10
1296	3
223	56
43	245
878	46
556	86
287	268
454	49
126	82
3841	327
361	23
1941	111
1082	173
274	243
147	73
2731	4
204	1
347	20
2674	119
507	285
1226	112
143	141
599	17
529	14
164	38
2503	168
2666	33
903	57
68	15
326	37
700	167
692	114
767	349
1729	216
420	278
149	116
367	74
2061	47
37	335
3839	4
589	4
99	29
1099	2
699	37
244	115
3816	64
493	254
393	32
2746	83
182	68
1492	141
2020	349
68	35
337	164
116	16
444	10
67	82
266	29
653	25
683	18
106	188
1488	17
610	56
1384	32
295	152
352	166
96	89
488	52
287	42
1104	290
2469	201
297	97
247	77
921	36
139	34
2216	121
2004	102
500	17
562	126
492	528
435	4
921	166
727	11
2288	26
963	42
37	64
2091	252
1767	182
506	94
781	268
399	28
1762	8
3256	105
889	26
44	37
1548	274
2632	22
466	1
904	12
2085	41
440	45
164	162
200	34
2316	6
999	28
787	100
405	56
1487	101
164	77
764	353
1117	21
553	123
358	56
128	292
295	122
1847	212
97	72
343	3
358	258
1428	337
885	66
139	221
2374	6
39	57
496	214
870	113
647	27
963	84
2450	83
63	151
244	21
194	28
2153	189
175	187
195	165
222	120
370	261
1186	65
321	123
279	6
864	155
966	1
96	127
243	209
907	92
224	247
352	201
228	38
1719	14
1332	19
122	25
308	105
582	64
356	109
1624	57
384	33
486	122
2172	46
511	12
1108	96
759	20
685	12
4237	99
4490	99
493	71
2377	283
363	87
123	56
870	111
1115	160
156	9
315	365
254	31
166	47
1027	37
381	79
646	76
1711	129
291	49
238	19
143	168
741	170
229	37
936	22
815	234
2284	3
2657	195
750	32
1536	22
2765	196
65	99
1349	113
253	183
95	59
2162	95
2522	131
2363	24
599	97
1708	199
245	57
656	204
305	77
170	333
255	46
1025	23
446	26
624	9
1044	223
270	12
133	28
299	107
905	28
927	168
154	151
333	95
288	98
1051	26
2278	50
1842	72
37	11
2913	61
861	170
116	148
929	4
2307	42
664	315
112	70
1850	168
457	247
2157	107
1077	117
863	200
1163	4
1181	39
1481	227
328	128
1045	81
349	34
594	10
39	13
613	20
285	455
245	268
2627	35
1717	95
1911	99
859	188
66	1
57	156
1409	136
147	36
440	455
257	19
519	65
131	21
1579	33
3476	23
536	26
56	11
974	46
231	31
541	93
1127	106
1353	25
2788	179
124	54
1390	352
73	62
913	20
155	2
254	88
640	102
285	90
377	252
373	51
1284	6
507	65
405	104
736	483
2199	369
86	87
248	41
482	38
795	38
1894	71
551	145
848	65
1120	49
340	135
4884	325
73	97
610	7
412	110
250	50
311	1
388	1
773	31
1443	34
1824	4
249	54
661	77
633	94
1763	6
2034	174
807	306
774	61
338	28
1046	71
726	27
44	208
410	46
500	94
763	203
108	76
193	2
1958	69
2957	452
200	9
275	15
977	326
260	17
4352	139
372	144
863	40
679	75
80	63
2753	77
81	106
154	8
86	24
775	18
2038	672
986	33
633	75
55	16
240	194
489	207
2522	23
1140	20
634	165
576	105
1766	68
1035	152
2723	9
970	146
332	126
876	64
1333	52
135	13
2509	2
1184	196
2077	48
488	13
2006	89
429	11
882	84
393	66
861	15
1107	2
486	5
1212	101
1053	34
1120	50
890	60
338	17
326	45
1148	123
293	10
701	1
1906	38
1064	32
1069	67
966	2
477	160
2423	139
594	42
342	1
830	107
1486	17
1820	89
1001	107
463	56
229	136
128	63
213	191
444	113
1420	51
141	51
1010	235
1264	125
34	64
932	37
152	42
675	91
361	93
325	154
461	36
621	6
406	233
735	27
837	46
2134	11
129	50
95	58
628	138
1139	65
141	32
1523	11
1255	54
238	76
517	166
234	2
417	19
34	106
633	82
1012	60
1529	286
625	16
80	269
877	341
568	40
37	3
1167	57
528	70
705	11
1606	163
2580	5
3195	52
1991	312
209	60
216	141
1186	4
291	40
303	446
4052	146
376	64
339	131
82	227
536	289
1080	77
1516	46
1502	36
954	134
450	54
1263	308
1189	48
324	220
559	95
2773	37
972	207
207	142
3363	83
144	88
1760	282
968	55
405	2
254	244
873	2
609	130
1439	132
932	21
746	19
298	102
1046	352
717	84
86	386
2327	92
427	17
432	138
121	177
935	18
2335	86
2191	2
310	38
1757	18
937	79
1849	141
392	35
1939	24
41	138
650	78
203	7
466	74
844	105
327	4
631	125
294	105
465	36
231	193
422	11
151	37
672	399
250	71
662	322
487	46
349	37
194	63
408	107
79	273
393	87
527	123
153	43
816	122
1068	20
262	23
939	327
501	170
688	95
1443	275
737	219
803	18
1710	14
188	357
1880	201
535	59
347	9
67	65
519	247
203	181
385	245
229	217
566	38
276	7
982	25
34	47
1023	222
491	217
145	165
372	91
1849	2
1599	105
533	22
783	308
242	134
1418	124
1789	55
1034	124
171	78
133	16
283	176
513	143
527	210
575	37
363	66
237	26
2465	158
502	104
1133	18
204	34
1049	95
618	26
1203	3
124	252
93	63
546	18
403	155
269	126
440	51
81	2
149	51
939	33
1995	291
1604	64
40	199
266	38
1319	112
318	71
234	289
1211	134
582	213
1881	184
475	28
936	96
793	15
328	258
511	142
845	115
180	3
156	58
619	64
932	136
795	87
713	4
1385	94
1142	130
335	24
1909	94
776	61
962	150
149	15
1741	12
70	162
1555	64
766	685
580	22
525	336
1266	116
1043	22
1594	45
1213	89
258	98
80	63
1082	9
2554	51
1335	223
209	210
1268	13
167	58
573	2
1360	5
584	123
56	45
1061	98
256	35
447	26
153	50
890	276
142	129
67	32
950	25
642	1
477	48
2823	177
86	13
267	24
63	6
480	33
335	131
200	176
779	34
83	23
1108	28
457	31
300	11
689	77
427	7
582	37
467	34
385	21
939	68
372	32
83	20
195	260
301	61
1178	114
1971	191
81	28
757	5
109	534
567	102
659	306
488	257
651	58
572	108
1180	22
1345	107
122	22
301	85
458	67
119	316
1484	238
1971	506
242	109
394	152
263	319
601	4
35	479
841	3
1063	3
122	137
180	182
291	10
2014	13
1155	81
2756	24
1491	159
1207	29
177	42
1767	38
364	214
91	213
38	5
507	37
522	263
61	128
243	6
646	6
91	213
1779	60
1276	136
1483	31
1350	345
270	116
219	10
964	6
1326	54
141	187
312	76
184	50
439	147
477	163
1766	55
524	41
50	82
109	95
235	29
922	1
107	86
648	22
1851	44
1243	19
1027	16
837	22
101	92
34	81
505	44
173	356
166	7
1693	50
1959	165
162	217
344	40
3330	113
710	10
105	150
143	96
2057	192
581	1
483	150
83	118
738	97
1201	55
459	83
840	69
816	27
3343	439
137	1
145	37
267	117
803	230
401	42
433	32
271	105
938	67
1098	5
1243	143
924	3
1132	21
434	29
90	80
1065	7
421	29
248	78
666	2
216	9
112	68
265	85
540	16
1451	11
620	70
214	59
1178	71
652	36
478	93
1410	30
39	274
1047	25
63	36
621	46
614	72
267	72
1777	21
828	27
2046	44
123	5
220	49
943	15
597	140
554	14
56	142
441	377
114	28
1738	66
1273	139
130	47
535	61
659	88
855	63
2381	273
1293	95
492	123
223	110
1509	49
757	158
797	190
102	58
1521	202
1569	98
1085	63
345	70
40	95
1055	89
285	36
1221	53
132	41
104	65
185	37
2031	27
128	101
1742	26
1760	134
648	29
114	27
332	685
1029	16
2045	8
456	116
82	194
151	50
558	2
1553	150
235	23
1326	6
1264	39
126	151
141	92
1013	113
1202	130
1114	17
1142	23
49	402
1306	199
545	65
1808	33
1718	18
495	72
357	109
1030	33
2801	22
1270	10
762	58
346	783
376	104
200	24
219	108
2148	23
1179	8
769	224
215	43
1104	101
60	17
627	62
337	22
1117	17
390	177
741	357
865	19
920	67
358	34
187	74
255	72
1218	68
825	29
454	222
1131	35
900	175
589	131
545	162
1006	21
271	91
939	36
611	279
373	45
2549	9
2388	65
137	216
1777	212
1075	114
495	13
53	44
2735	458
2059	207
335	40
534	115
860	10
1376	46
1277	224
175	1
388	118
2119	22
1573	19
168	167
340	65
173	6
1895	49
1094	70
158	20
485	50
105	311
1878	13
571	12
2109	238
623	27
701	307
1233	62
129	36
1774	285
670	6
107	129
136	29
186	19
461	302
187	8
447	35
596	191
139	52
2455	49
356	34
401	43
268	1
2487	66
36	249
775	239
258	78
534	188
76	36
959	160
70	65
183	67
1110	178
2091	49
37	185
1137	15
44	247
2504	12
376	159
425	102
28	200
291	146
120	61
2020	67
291	273
64	126
148	131
875	46
1561	199
669	31
481	16
1955	173
261	142
1316	37
1449	10
1634	14
672	34
561	82
463	127
1451	5
1968	106
363	20
210	12
807	223
1017	21
1239	4
1386	70
1642	39
979	36
122	62
805	36
722	17
127	214
1283	155
1381	59
2170	4
1358	2
622	40
1545	140
490	24
1596	216
219	224
861	22
1504	19
561	15
456	39
4020	119
583	12
366	129
45	186
167	236
1218	57
2334	5
216	4
1753	215
278	60
507	50
1800	302
69	20
617	120
642	148
647	114
356	181
2712	485
274	45
787	22
670	21
305	43
123	28
508	90
702	349
493	27
216	120
904	335
243	32
377	10
1190	76
490	136
1701	14
343	75
930	272
278	141
895	248
324	25
262	73
171	77
753	168
1445	18
245	317
482	201
1819	66
44	49
248	37
838	13
291	101
3721	243
572	268
350	84
127	99
946	214
832	3
1358	53
339	320
403	108
589	237
801	17
916	535
537	323
3880	62
3188	167
214	52
383	7
399	59
107	83
770	19
333	185
720	58
1375	220
169	103
25	10
381	89
1911	7
41	134
291	42
1231	107
901	56
261	123
1273	150
850	146
119	378
2628	231
1214	124
665	7
475	17
401	74
506	49
1425	154
156	89
1060	18
258	3
672	40
1375	73
1037	2
266	30
1474	8
1821	1
752	37
624	164
2348	192
1367	25
603	194
848	157
1629	543
1538	335
1894	2
808	98
233	97
1748	35
1472	75
5598	8
868	104
990	21
1104	8
922	341
717	60
437	82
898	303
189	87
1046	12
315	1
753	32
45	158
1195	28
563	29
1195	70
1483	28
1328	23
325	211
2019	7
461	85
3133	45
37	300
569	98
1028	68
2072	150
274	85
1601	51
334	35
377	42
1659	22
256	59
732	6
2686	24
1306	358
120	56
1892	52
944	40
587	14
665	40
98	61
311	154
2367	179
115	19
904	200
634	61
1448	162
1197	97
2303	3
379	98
1037	116
579	2
365	61
1199	20
273	3
133	72
664	168
1421	301
743	99
272	30
4161	269
740	120
823	88
552	144
734	159
41	189
389	287
298	107
40	357
1744	52
233	62
1134	83
517	57
731	203
689	67
120	73
200	52
721	17
254	171
591	67
893	167
651	183
2638	148
122	176
1137	72
337	8
175	96
235	101
1108	79
44	3
236	399
218	46
249	326
218	166
2175	57
1006	217
1455	52
860	80
874	20
1203	57
2318	304
110	63
1535	5
1424	40
1016	274
245	723
513	41
574	70
210	90
1168	271
691	69
393	87
1886	189
338	73
306	160
394	44
518	32
348	47
449	128
1653	66
700	174
1899	123
1752	49
177	10
259	33
148	94
957	87
406	60
222	37
157	79
301	13
211	44
462	164
1238	73
1309	22
396	123
71	16
824	44
513	21
291	137
55	53
1804	179
259	308
821	199
390	181
1137	27
2889	9
984	148
145	1
1512	10
563	198
186	83
1097	206
336	10
2358	11
819	106
1793	56
451	90
1162	147
38	3
976	156
38	253
2360	9
741	130
2378	12
1346	18
30211	129
737	51
3984	42
106	197
39	49
882	52
427	131
257	192
360	37
439	35
195	34
849	68
1115	3
3940	105
1148	45
37	19
134	26
1420	4
653	295
301	318
157	60
268	6
226	3
829	66
1990	30
557	1
2342	205
992	98
573	38
1350	172
173	52
314	239
1047	377
587	159
1990	100
89	63
1113	15
2572	237
446	44
457	122
932	10
354	151
2026	236
2097	92
1945	254
2037	158
866	127
1167	206
185	199
2405	116
929	224
448	5
644	54
188	492
48	28
399	108
32	46
953	117
461	132
491	272
1370	443
101	428
102	190
173	264
940	9
1332	95
478	181
610	49
3900	48
667	96
104	29
67	2
1719	30
37	35
706	244
419	2
875	271
138	142
469	118
1784	121
1239	46
26	6
541	110
26	340
208	49
215	108
273	41
54	16
597	234
698	510
778	174
264	3
103	88
361	134
835	14
521	80
834	145
630	78
399	12
1112	32
422	131
301	68
455	122
728	53
2301	174
33	168
1163	91
88	63
388	58
593	384
1331	51
381	71
270	233
1429	37
2551	105
1225	83
126	155
1075	303
909	44
44	163
1241	162
1409	113
985	58
1340	83
432	8
1517	30
314	134
601	482
418	89
484	23
507	419
212	294
955	28
213	156
328	44
1422	17
1561	19
461	257
3062	8
660	65
393	100
385	107
48	15
48	26
4176	59
656	54
1202	37
45	14
3707	225
240	11
342	4
323	90
284	86
1360	21
412	56
334	23
1239	209
920	17
348	37
409	10
2221	58
414	1
190	237
168	33
221	171
1310	1
2214	3
2826	101
1003	13
322	294
58	61
372	33
408	112
657	47
310	12
547	8
1574	44
1062	173
924	104
723	302
1310	41
1851	34
279	159
945	52
680	62
394	115
1408	20
418	60
151	259
152	210
33	45
161	62
1751	272
450	60
335	14
4307	22
562	43
872	41
371	181
145	107
1722	183
352	15
2711	182
618	199
241	22
26	1
1068	9
362	25
219	244
330	77
1172	33
201	9
2013	33
499	30
280	26
126	214
1150	24
5372	28
231	27
160	22
459	163
338	61
1678	46
255	52
481	154
2104	76
63	137
93	60
701	76
556	27
774	59
227	58
288	13
816	25
671	12
925	56
1141	34
350	29
1232	32
256	195
277	8
746	222
1048	23
93	440
64	55
118	48
235	146
231	39
632	248
328	48
1189	20
237	48
167	96
500	28
185	4
662	28
3340	214
1027	140
199	82
38	37
222	163
1552	343
207	261
68	150
221	39
425	271
255	13
49	12
299	40
1806	57
1245	89
38	147
1058	112
759	3
612	5
670	243
478	30
1018	202
78	3
1965	23
159	197
377	27
496	43
180	213
305	287
304	63
80	20
1050	26
45	11
878	155
2459	77
1083	31
822	334
116	89
587	66
2024	148
373	71
644	117
381	93
1686	49
999	20
2230	38
42	131
1095	317
2684	22
479	32
1045	254
1275	490
1259	29
964	18
1248	98
1098	15
501	162
459	235
597	113
216	136
33	8
175	109
69	103
141	24
951	170
3287	180
2308	243
464	265
1151	15
171	4
1528	1
817	3
357	558
1498	182
755	185
440	153
408	113
397	250
530	234
571	20
78	237
516	99
267	125
296	74
266	61
86	12
138	29
1830	118
369	8
388	19
1568	160
506	130
65	57
943	132
1638	113
266	125
676	194
562	54
926	72
426	87
444	3
858	49
987	398
637	268
1920	15
163	151
535	22
397	76
275	2
386	15
862	329
489	12
298	16
44	51
957	11
543	137
1108	413
1148	238
209	85
235	74
820	87
99	80
92	15
882	126
594	53
809	103
207	210
302	44
199	108
2424	344
51	92
330	22
487	208
149	20
1608	72
723	17
2241	103
336	95
2508	94
1037	9
1032	68
106	13
1867	398
266	37
825	217
227	197
809	69
1527	151
638	192
311	41
148	170
898	65
103	105
2250	122
2268	111
540	194
815	382
977	14
741	89
627	215
668	49
194	70
1434	77
1274	76
1899	19
2538	33
340	6
727	126
234	56
1320	34
360	45
441	23
1053	9
919	45
1899	81
292	83
1376	76
739	9
420	35
943	165
609	259
1710	26
591	41
355	11
1686	44
3291	159
122	202
762	39
820	19
2410	74
891	193
644	151
696	188
919	461
509	158
406	115
220	35
1756	107
447	187
199	258
2489	106
54	227
847	68
1538	5
1597	132
364	112
707	348
986	119
508	130
419	38
1037	149
225	105
2998	223
1187	3
34	105
260	2
2231	3
977	163
2215	20
3328	168
328	141
337	63
612	48
101	60
290	41
776	22
3515	158
425	12
1281	20
230	87
95	515
245	56
183	67
579	11
214	78
2732	87
2933	38
1741	43
1388	54
424	54
89	375
40	697
942	337
132	34
978	12
695	42
384	206
281	183
2304	149
100	44
812	7
88	38
158	119
155	35
111	97
51	25
247	129
247	25
367	131
142	84
599	15
552	127
1035	35
499	9
203	63
255	199
3515	21
340	56
397	121
637	51
1788	111
1069	58
313	52
1479	172
99	80
93	48
525	302
737	142
787	236
1827	45
485	23
127	115
729	77
34	92
809	253
1005	66
1996	19
1494	144
211	9
1905	19
126	253
198	32
86	89
410	72
314	98
1659	19
1854	119
1594	21
380	72
1521	124
95	5
599	73
494	130
259	23
429	80
823	120
460	6
664	78
652	211
226	169
2299	57
310	74
709	37
1293	100
124	264
40	151
630	61
63	167
1368	3
480	39
204	32
182	55
313	383
584	23
1578	185
839	268
768	49
831	16
1638	121
178	20
692	55
39	46
590	79
1418	296
1126	6
631	12
432	215
1110	265
38	82
4261	31
529	37
1417	2
854	31
989	260
267	84
2063	113
82	28
232	320
369	115
861	220
35	11
250	63
1012	45
562	388
2843	72
861	32
93	101
273	108
41	35
2084	24
1025	152
2635	128
289	30
748	11
1806	8
186	40
3814	99
1001	19
150	66
944	90
923	19
248	168
864	21
1347	21
1239	60
314	90
146	48
206	499
1684	56
336	33
205	55
649	175
1614	251
228	55
384	68
1370	56
1976	160
1709	372
177	140
829	199
375	172
75	183
78	262
668	4
122	134
668	171
593	190
442	322
59	7
415	310
770	100
1756	63
676	22
1660	102
175	223
1929	293
219	88
1042	97
2920	28
404	2
474	193
1263	87
1676	136
162	135
1652	37
390	74
88	28
1719	21
358	126
789	95
389	140
445	28
690	511
200	172
711	85
1007	133
904	62
1300	2
412	122
475	11
53	66
1084	96
520	243
2438	208
1808	10
225	154
465	99
347	126
1469	42
3525	127
485	38
355	284
1574	4
150	44
88	145
2047	9
387	272
1712	257
2786	26
727	124
597	89
294	244
1315	71
1308	155
422	47
1547	183
126	71
725	213
1476	27
635	65
440	7
1215	3
564	220
550	70
599	167
3291	4
117	162
59	80
1674	86
1641	73
958	178
149	10
466	55
1025	37
186	391
342	27
1460	18
179	95
743	141
614	35
432	257
726	21
1548	604
1721	105
326	33
835	2
2071	408
485	157
2482	277
2244	151
152	67
364	5
340	101
639	4
90	10
118	165
873	162
462	55
1369	97
231	124
246	77
125	206
1811	8
486	1
831	251
6702	71
1190	44
322	235
2157	81
103	57
1782	43
1641	15
1289	24
893	200
906	31
441	40
1316	22
660	8
1445	79
215	7
553	32
1374	45
1141	27
249	46
1007	68
1142	44
386	147
1672	167
268	65
1337	83
1100	40
350	68
143	152
2368	255
851	81
459	157
539	171
1174	200
1093	112
221	34
1682	90
264	24
323	2
809	4
984	164
334	38
992	29
1856	42
1028	179
587	29
421	43
303	52
204	50
2038	14
674	37
549	143
1434	16
832	172
536	196
998	119
916	177
150	308
420	24
1589	1
51	95
265	144
889	191
129	18
717	184
175	110
1993	109
33	306
597	127
731	135
398	261
125	120
119	21
103	121
131	57
433	142
1064	20
648	113
1014	161
394	232
132	162
562	261
738	48
641	233
1151	36
2019	3
35	378
164	42
400	87
118	143
101	93
719	21
1161	47
179	65
813	14
2947	64
314	24
982	53
35	34
536	366
278	272
3116	55
2207	160
2375	179
477	76
1027	47
566	41
2782	40
370	98
110	48
607	5
72	179
217	103
728	64
877	98
724	53
2308	107
267	171
1138	4
103	54
1556	49
33	164
921	58
469	34
919	38
594	5
744	109
746	17
3539	57
128	234
1212	29
359	185
116	449
2412	107
634	98
3033	137
692	1
3189	191
278	288
469	75
216	282
669	24
297	339
48	29
350	36
211	3
529	54
330	1
215	24
376	111
566	89
592	61
1179	166
252	14
774	131
537	152
615	30
556	30
525	113
1429	50
265	202
1613	5
284	167
2395	1
1155	17
1292	83
226	167
697	181
1816	10
354	44
105	39
1211	42
280	45
144	91
418	34
916	90
51	40
1103	318
1087	7
2376	476
595	116
587	111
271	104
201	259
1189	58
1381	21
425	4
327	153
637	55
159	7
1266	17
484	221
1966	32
441	234
947	186
191	192
1008	292
101	98
230	272
397	59
519	110
464	134
73	150
944	98
102	42
1080	42
696	149
685	26
3134	44
391	45
81	512
641	43
1017	83
1699	62
597	27
423	5
3030	3
740	56
175	234
746	12
854	9
700	33
1807	13
1774	68
529	205
389	108
235	87
736	60
1415	70
668	14
641	58
205	45
450	144
1802	8
371	254
1767	248
231	179
377	79
1190	84
66	233
1683	260
339	68
718	36
159	13
430	179
286	26
679	75
102	81
410	132
434	25
1732	67
4057	40
118	7
713	88
2394	142
917	158
710	124
622	36
434	34
463	163
619	16
400	124
3413	52
3004	68
559	108
2377	315
1600	269
1676	151
753	60
307	176
1242	61
1027	424
97	166
159	229
1164	158
396	78
1851	43
394	106
1579	163
481	17
2009	187
268	66
555	90
1228	9
121	161
134	20
837	44
2206	10
1864	105
32	47
1495	81
273	174
4256	142
92	38
176	93
201	53
553	382
378	66
147	17
1104	79
648	185
112	32
225	399
299	17
2452	51
525	15
230	34
172	19
217	339
567	128
45	118
330	178
357	32
616	2
503	83
201	128
2016	43
849	111
3385	21
116	131
452	139
1373	419
322	56
1555	144
2703	6
61	54
1649	336
752	234
675	289
242	78
1338	549
63	64
804	85
674	200
1195	2
737	264
640	5
451	42
693	62
350	103
551	171
1549	27
995	8
323	9
2535	165
719	5
659	107
199	34
2502	37
499	222
1024	12
135	7
642	168
4893	34
1499	17
1426	42
697	25
1861	23
230	48
1851	98
586	70
569	171
172	22
989	573
537	64
136	8
95	151
713	31
1764	50
166	49
1547	55
3337	125
1123	46
1504	4
815	25
1454	107
386	90
1195	206
2675	2
377	22
1947	142
65	121
477	30
476	4
615	2
1026	176
1434	188
892	157
2110	150
1015	6
248	27
749	350
561	106
233	224
305	341
442	13
500	334
1389	132
1404	2
334	76
487	103
1289	56
315	168
287	58
759	190
491	119
138	106
220	104
1187	39
1597	18
696	89
150	14
139	185
306	8
1570	327
506	104
255	27
1149	19
662	100
3221	362
1238	10
275	8
396	38
326	85
1047	32
392	15
1298	30
37	232
35	11
205	28
114	5
444	15
1462	202
135	171
749	81
501	7
1297	355
590	114
417	295
1183	1
238	242
928	35
3862	136
119	109
2852	83
194	4
1526	103
490	242
138	123
656	66
377	5
454	97
1822	88
1011	48
1059	95
2755	26
645	24
300	7
312	4
857	55
49	80
1639	144
2509	43
418	147
428	28
224	40
1238	81
1396	90
231	92
135	119
264	73
628	106
746	38
51	9
636	54
316	57
873	141
297	114
1029	225
2256	143
50	78
462	157
89	45
134	109
1023	4
797	159
1738	62
1347	39
854	20
511	83
456	4
1407	88
2001	56
641	35
512	113
434	246
210	71
415	45
394	51
63	46
816	132
790	13
355	293
338	169
1616	95
2395	60
779	194
1130	49
142	166
480	142
461	296
55	202
534	172
636	10
419	96
167	199
845	69
707	56
1191	30
1435	422
477	112
649	35
281	36
2835	11
1134	134
245	189
406	4
1204	35
2203	206
784	60
814	1
295	19
770	16
136	22
372	92
1752	59
925	210
32	159
1664	86
1334	4
278	128
286	123
37	133
312	36
1376	35
401	18
598	74
238	202
458	148
32	149
1970	11
346	3
1065	110
1426	36
572	29
1094	16
50	298
740	100
648	20
2211	85
150	19
923	17
3064	50
290	73
360	235
2582	114
37	3
343	303
358	27
631	7
263	5
595	22
1264	42
2835	2
895	49
477	179
546	7
171	17
194	184
1479	67
119	38
558	124
759	83
1507	52
453	128
355	4
784	110
208	9
594	5
51	19
2573	7
381	24
200	42
1349	38
53	113
897	37
683	94
186	322
247	21
198	278
861	84
1046	243
676	28
319	47
379	8
287	93
169	74
490	58
272	157
812	22
860	323
279	27
440	33
2378	36
554	274
377	13
540	26
1100	93
2004	44
3487	82
179	58
869	81
1496	207
821	101
322	46
799	183
2208	237
746	88
803	17
1807	7
1947	780
593	27
2690	71
534	39
249	195
113	211
207	2
2017	222
1056	116
159	26
804	19
943	3
894	204
65	49
428	24
209	154
472	39
3863	28
1112	84
109	6
50	254
239	78
220	19
1082	29
92	58
1138	191
95	371
665	176
1594	464
180	131
68	97
896	69
762	577
934	44
279	24
534	192
1597	9
462	157
1737	127
189	30
176	215
1119	106
1172	140
150	27
597	75
2554	164
34	67
415	188
1243	47
1641	79
132	11
37	144
703	17
238	110
41	308
436	4
1121	148
809	56
1057	227
143	174
265	259
677	27
540	61
357	194
766	21
194	243
493	229
1446	65
2736	4
2088	33
778	197
1300	58
331	30
157	3
192	72
574	11
1458	93
324	94
454	26
58	51
1520	96
988	8
508	144
379	92
1175	29
693	5
640	110
495	62
57	32
1785	27
2696	38
556	165
1079	164
642	32
1004	95
560	7
819	125
2888	19
1302	32
459	7
3893	7
1483	76
599	216
586	25
1015	32
163	37
512	99
532	95
1719	46
864	81
1020	78
828	29
181	166
216	287
39	7
345	372
740	204
119	7
170	78
1603	254
413	251
2819	649
276	57
1897	129
74	57
533	110
150	38
374	244
1263	24
1562	35
295	50
374	175
1865	112
115	51
1680	99
2932	1
1497	148
2204	144
1378	259
3644	19
859	12
902	85
4687	33
814	313
315	85
489	146
2286	189
1074	32
1510	185
635	89
2301	9
731	82
585	139
169	74
779	86
1651	170
1038	35
433	9
1135	69
763	107
136	32
2228	144
3067	3
770	152
399	95
31	132
855	98
576	87
31	160
109	318
191	2
371	17
2234	102
4297	18
252	283
1292	33
110	58
233	3
40	212
122	221
1920	27
446	22
37	3
947	96
1277	39
390	69
992	45
37	88
971	10
189	1
190	68
1814	36
999	137
1578	169
37	163
762	215
1674	42
251	218
329	30
781	53
657	69
43	35
177	19
383	303
470	40
1285	291
1823	184
968	126
139	197
1965	96
853	18
1052	38
257	32
393	239
2922	21
1761	104
1125	8
488	228
435	92
172	39
484	228
1679	227
48	81
2181	215
528	3
109	100
43	4
236	13
1110	63
217	150
1013	82
416	156
933	322
2300	3
578	326
656	68
274	187
218	33
1431	1
106	78
302	66
111	30
641	8
226	82
54	53
2802	25
386	157
118	26
100	336
331	115
1278	39
128	27
1836	18
1063	37
152	55
2164	73
135	8
433	98
474	14
586	24
453	236
1523	130
183	48
2529	38
649	52
1462	11
314	11
1378	18
602	167
726	98
1280	36
329	62
280	23
569	160
2363	146
1258	18
384	106
160	23
285	33
2565	22
117	25
543	26
2124	155
102	311
1543	157
101	189
126	75
880	52
913	186
1581	405
508	153
209	271
577	53
482	42
569	35
135	54
539	20
251	6
2062	40
337	5
246	33
1990	49
570	12
207	65
703	25
2229	214
149	35
2790	88
1652	91
737	71
711	43
92	34
1186	43
965	84
3225	334
806	138
643	7
975	14
965	5
262	65
762	118
646	4
31	13
125	22
35	256
919	22
774	212
861	131
1629	20
134	83
797	319
2090	22
919	144
316	333
233	12
368	5
727	11
39	142
270	74
1394	15
239	74
235	97
2338	2
424	158
140	73
1487	106
1318	2
1440	106
526	15
1810	79
136	133
718	36
1092	4
340	84
273	242
262	114
1310	31
491	139
1954	258
234	216
605	37
805	44
1049	22
1655	18
768	21
382	21
1032	107
194	66
1052	43
97	15
792	5
372	24
2958	123
1473	63
1274	72
946	250
1017	164
2362	11
2848	59
1057	219
464	121
2207	59
93	19
250	3
1547	409
1849	11
778	96
1427	80
1768	197
539	28
521	33
261	11
554	104
266	95
2895	24
1111	181
812	200
311	48
722	58
2174	23
131	78
545	76
778	56
711	73
550	21
378	34
276	51
248	11
1010	75
40	204
583	34
267	41
457	88
703	320
777	88
849	190
1229	332
448	6
398	143
61	85
119	181
364	89
1536	41
1064	59
1466	2
332	135
1248	13
759	38
101	47
735	512
583	18
217	53
1360	23
813	38
177	41
2895	145
1159	91
681	58
891	13
784	111
601	19
3486	49
100	77
221	10
1160	50
127	76
139	150
1099	450
1500	510
1483	142
202	726
861	42
780	175
127	365
380	59
243	17
1856	1
1183	43
1750	11
1878	109
57	106
237	7
464	28
1201	59
3929	72
236	94
2071	209
287	128
1871	130
1663	153
1100	294
207	25
767	436
499	85
150	64
3345	41
349	143
101	107
188	167
974	192
675	155
43	5
741	187
61	26
1299	87
318	31
215	99
1481	143
2021	30
469	4
46	60
1111	35
74	33
268	55
263	28
647	6
33	283
907	50
312	47
66	259
1570	177
2487	58
38	215
456	9
1409	100
266	73
429	26
1438	95
1231	121
567	8
731	439
410	20
1012	106
825	107
808	63
1068	37
489	49
965	48
1215	223
846	87
360	59
2049	6
467	104
177	62
1880	134
331	47
349	32
1341	59
1062	100
45	52
355	46
1573	56
180	93
300	23
466	198
828	126
1483	66
610	102
222	384
193	22
265	5
1079	8
1593	26
458	59
425	1
804	1
864	68
226	9
1149	186
956	422
1334	81
255	284
625	130
437	49
41	3
1531	13
181	310
280	84
2064	12
520	141
503	92
166	32
192	50
845	155
1829	42
179	49
1584	169
1552	1
680	120
858	45
872	43
595	74
775	105
1093	344
422	80
824	38
100	34
100	61
720	206
114	112
249	9
732	17
1148	266
430	125
514	144
806	195
388	149
325	22
129	229
414	30
387	311
286	73
449	38
621	39
252	102
717	452
1525	77
346	120
956	49
624	142
732	276
2071	117
261	343
3458	138
1831	171
545	2
1224	68
462	83
61	15
438	81
243	124
510	473
1780	9
1394	253
134	110
2700	77
1805	43
109	76
697	54
272	57
809	44
133	369
298	127
511	49
2144	138
389	112
703	139
115	153
2924	182
1551	123
966	194
244	58
552	127
396	391
569	50
4079	333
999	319
211	67
460	175
973	120
350	145
852	309
928	8
305	211
612	26
1127	132
283	213
376	183
72	291
768	52
126	54
1076	353
1934	4
215	6
92	12
89	29
230	103
514	165
2182	137
226	33
82	360
601	9
311	5
2526	39
1646	59
832	39
886	206
378	15
1345	84
832	94
1064	97
2076	152
286	16
145	125
752	72
301	58
243	129
251	154
510	162
482	70
1484	121
800	17
161	40
374	35
2210	91
231	380
707	74
400	19
1536	60
240	53
286	169
170	39
239	47
2003	121
572	47
1096	138
228	156
1657	18
756	162
393	114
3165	106
63	116
21	87
38	120
42	34
1365	174
402	22
2014	670
694	71
294	140
479	105
634	59
414	115
1541	16
261	83
588	21
724	6
1199	42
1450	285
973	82
1093	339
520	116
743	47
193	46
232	16
163	32
2341	174
1077	100
108	22
558	63
1462	49
1794	28
1269	69
1282	86
601	61
924	165
1722	51
1205	135
819	79
791	23
306	3
404	164
792	56
462	25
2487	68
448	86
2663	20
1345	208
2074	150
336	105
691	49
240	166
414	24
278	26
2260	11
313	88
715	167
396	68
147	29
263	122
319	45
621	124
60	102
209	6
781	117
1091	61
61	33
709	26
608	527
830	63
1474	47
453	31
3970	85
867	20
310	100
687	130
277	70
2492	41
2146	21
39	68
48	466
1054	284
868	94
96	111
1153	59
851	37
373	27
308	21
1328	5
1805	125
369	18
859	38
1243	70
85	171
179	41
1245	95
352	36
681	149
48	104
368	217
427	40
730	230
1875	99
388	27
1731	58
187	40
3335	2
604	82
485	10
3475	7
1256	216
631	123
590	7
201	149
127	35
271	253
4462	248
332	14
91	227
917	6
359	13
1316	5
1755	1
838	96
365	69
30	11
1846	10
86	125
116	38
424	87
389	128
1652	111
774	53
1393	180
197	81
207	15
302	45
478	17
97	120
40	57
2240	6
1324	22
644	124
1412	105
957	158
244	269
1143	36
3004	54
403	401
690	14
1006	7
514	226
1152	332
2169	60
443	15
129	108
246	45
210	21
2232	245
449	20
204	27
125	48
337	110
353	140
104	134
1352	31
146	127
1093	60
1016	117
778	140
254	35
1317	2
1870	62
124	417
45	79
43	273
593	115
153	15
926	174
2709	22
747	130
99	76
766	108
545	42
802	239
735	38
490	109
1662	90
175	21
1315	109
60	341
1461	149
1507	6
580	29
520	22
1220	32
1144	17
319	191
262	36
1826	4
2125	46
74	45
558	9
65	52
948	138
953	21
223	105
348	254
765	53
1284	46
1742	3
157	93
232	1
51	21
508	48
1732	31
1552	22
377	20
155	154
156	229
80	12
1439	25
221	184
772	53
1189	20
1900	1
360	298
300	336
455	63
148	38
461	125
658	5
1295	11
749	96
2587	146
578	17
3963	229
3693	436
1488	14
913	221
210	121
117	208
126	38
1219	38
983	155
568	148
1047	361
848	110
30	75
1555	39
286	324
1732	101
253	50
1631	152
131	126
177	4
106	89
152	6
3610	163
1600	78
707	60
1866	55
174	234
2247	140
478	59
1794	3
195	74
114	32
283	141
552	87
320	100
312	96
521	46
317	9
745	23
969	3
290	10
922	116
921	285
2117	311
230	42
3566	62
1098	97
2580	2
1829	20
256	79
1564	131
231	357
227	146
283	89
976	41
617	61
1111	120
1099	77
677	5
985	25
1482	54
486	224
837	188
1161	108
77	8
1099	43
430	61
114	57
361	3
2484	126
1038	41
173	16
1277	46
156	10
992	202
2753	22
2516	150
1628	143
2512	21
565	47
596	22
62	67
359	268
1133	107
348	121
1477	234
571	89
183	317
1561	336
520	348
77	29
443	220
2037	498
383	7
1370	73
659	128
96	41
126	74
1286	102
128	93
479	175
1116	6
354	2
1006	11
245	53
77	21
302	11
3188	53
3578	100
552	87
64	244
202	2
681	276
135	20
1720	41
1216	55
1436	20
266	235
1056	63
155	30
800	31
468	362
763	39
2735	233
437	34
812	387
488	5
203	61
293	57
320	141
250	37
129	430
123	194
80	125
642	46
2534	35
503	78
804	66
90	58
1308	30
1515	119
249	107
327	6
164	187
257	214
866	67
817	13
181	14
925	206
2767	105
371	106
919	30
147	86
988	28
2608	215
2377	183
442	24
697	436
404	45
1471	51
105	14
52	124
292	23
250	31
982	60
328	251
471	19
472	24
3242	49
94	205
263	23
798	61
768	78
1614	47
311	29
1401	90
965	195
565	57
866	33
49	131
196	40
465	163
260	35
257	53
548	161
119	66
358	164
78	135
180	24
1340	7
264	60
119	22
1200	42
366	14
311	67
535	28
728	4
324	61
1587	12
1052	170
459	102
730	52
332	86
1164	3
851	140
694	242
423	104
132	50
77	33
1377	111
31	15
617	30
572	60
383	45
1995	380
899	57
1385	123
695	161
1032	68
291	265
356	158
722	26
107	318
3103	34
1933	12
605	270
68	31
532	8
162	121
162	19
1307	462
822	63
306	287
635	160
1941	267
1048	153
367	80
62	154
210	15
139	63
727	2
144	64
52	190
2035	71
1657	18
1885	13
808	44
736	432
121	17
112	212
220	48
365	213
511	40
76	56
423	11
1248	7
689	189
95	34
1338	273
147	15
681	17
117	298
1646	59
269	13
5540	52
864	308
1787	54
563	192
466	25
1853	115
1729	5
246	226
1373	159
792	258
237	17
1997	32
1731	89
436	149
668	47
74	22
2422	50
1440	45
389	26
1448	16
674	46
1368	41
67	66
543	23
933	77
228	42
98	47
414	317
163	20
2480	37
2542	61
773	99
1624	87
1920	113
1870	55
373	11
432	97
159	54
86	195
119	6
2252	85
157	113
2167	399
752	27
2558	59
1480	4
521	27
1018	439
80	83
1538	148
571	203
323	113
622	30
2084	120
2189	58
319	145
229	27
1908	20
96	96
2383	36
462	301
1725	18
2067	65
90	15
923	48
247	238
1250	91
589	45
718	48
2588	47
1031	17
401	36
198	69
1545	48
463	79
300	8
929	5
435	29
64	248
1987	284
1198	155
141	42
418	123
99	286
683	10
350	78
95	40
225	18
1597	179
70	101
1224	156
306	225
370	242
110	8
613	9
92	26
687	27
833	36
66	293
861	326
2986	93
399	33
635	20
718	76
477	179
3210	23
1355	32
578	76
814	44
53	24
135	29
133	35
840	55
1835	46
613	56
1548	167
343	67
417	107
169	123
244	152
90	58
738	30
1951	106
370	14
2596	372
601	64
2340	17
2104	62
3092	335
1133	34
1170	478
1043	916
419	139
1269	87
513	181
1996	101
828	19
236	23
2037	71
484	28
580	253
4108	35
1999	9
729	237
163	308
103	229
551	14
737	123
2013	5
664	88
150	93
415	61
156	206
261	246
355	303
778	223
888	171
726	217
636	69
203	58
464	217
552	95
719	390
1392	77
1928	194
407	60
858	173
918	487
1037	139
1205	184
2333	50
262	34
1118	37
1614	79
1301	30
1280	37
64	27
1053	104
19	74
414	22
688	176
1004	146
97	4
808	1
162	23
386	23
135	12
628	10
367	119
90	98
838	18
358	22
134	80
83	280
651	19
124	82
114	67
424	59
263	46
162	54
289	11
65	16
644	209
1883	24
680	161
859	2
72	33
906	81
1036	73
2062	300
350	234
2340	17
217	100
1646	59
2356	127
1114	77
573	14
90	20
259	165
218	26
899	100
558	88
238	27
1013	203
82	61
1109	191
1712	27
57	32
198	193
58	66
111	117
576	69
1604	37
859	68
1606	97
428	21
76	15
349	287
3059	27
369	239
441	85
291	129
1070	55
2093	35
1597	1
1116	130
853	77
804	127
2933	82
1349	81
218	28
1962	87
1020	191
361	52
115	111
779	46
285	182
574	274
197	66
1052	62
290	42
121	235
404	62
1100	21
397	236
589	233
72	192
384	139
2032	32
949	93
403	30
1831	21
846	126
308	11
1629	32
771	35
874	29
426	46
548	11
592	195
307	21
123	357
635	75
696	18
934	132
570	1
178	21
297	16
736	24
1765	23
1042	3
288	274
1797	18
114	35
456	211
808	38
1597	364
939	10
143	80
1495	132
272	389
367	203
2175	113
126	75
818	143
1656	326
1885	1
393	45
572	14
3503	80
731	1
63	258
91	142
421	147
71	14
1710	2
1529	70
435	314
1403	20
92	217
74	168
808	104
213	26
514	222
1061	104
1408	30
837	164
916	15
790	204
486	2
76	24
494	12
641	226
587	76
317	2
1875	235
1095	279
82	148
71	164
46	50
699	360
2196	40
398	34
1111	78
305	298
1452	112
1257	23
725	42
4292	1
1920	79
2853	291
1696	248
1606	226
177	42
1183	19
2940	74
44	105
44	41
76	55
3818	65
449	100
1144	125
92	1
118	395
1638	40
1858	38
23	101
106	193
166	90
266	173
1137	101
930	13
978	241
122	46
802	354
196	149
2202	84
1997	34
938	81
575	175
3282	19
289	163
924	215
1056	89
406	198
713	18
661	195
6130	14
117	53
1174	44
144	124
991	119
200	170
1028	20
361	34
501	39
112	359
501	139
2099	124
431	20
501	84
262	39
1268	209
1209	7
132	37
132	134
2063	43
475	217
1701	35
306	89
244	399
131	87
566	43
1640	109
1294	78
770	32
275	173
2040	344
178	101
142	3
509	212
7252	79
153	167
240	74
74	232
1362	17
256	44
863	124
19	27
561	8
581	46
295	153
100	31
228	54
1520	223
68	18
1990	64
348	63
525	144
275	56
342	93
205	56
872	18
998	293
160	60
1758	135
1130	161
496	58
2102	105
197	65
661	16
335	32
216	139
1390	2
383	129
887	75
110	46
510	36
111	52
115	4
1558	2
1064	7
49	149
236	152
1958	110
1190	9
1044	133
470	143
1757	180
733	8
867	54
66	181
1335	91
29	59
3759	4
43	52
686	50
209	3
710	67
278	26
196	87
668	118
543	22
103	117
112	24
738	11
1419	35
634	74
1767	41
1500	2
43	75
1628	104
24	34
20	21
151	138
88	72
1077	26
1864	50
882	16
729	245
1198	73
1361	234
1822	91
589	15
144	20
916	73
182	14
186	455
2422	2
1516	227
600	205
234	93
59	53
168	108
579	262
1672	13
334	230
61	21
490	161
822	94
1893	32
55	5
952	50
767	128
485	105
153	20
961	43
3342	89
896	416
201	67
947	87
36	35
133	96
1308	155
1014	25
1236	50
534	86
601	131
465	30
1385	100
587	44
219	103
1359	17
2295	20
254	86
627	36
1341	51
1505	344
34	7
232	129
365	216
542	20
416	160
501	81
1524	72
88	126
1640	1
2317	91
150	35
110	7
270	89
678	28
862	173
29	49
523	33
135	49
3896	144
1140	63
1019	124
80	33
1049	90
261	184
2041	117
1334	32
1738	206
1382	361
142	130
1625	50
219	86
629	9
42	387
42	107
128	35
256	196
2093	548
539	28
227	15
28	38
899	33
231	20
550	32
312	20
2829	233
307	231
562	156
636	6
598	125
1867	19
346	126
833	236
967	20
250	109
685	34
5054	39
577	136
1881	1
623	2
414	22
238	48
788	39
1521	102
1108	212
51	45
639	15
253	282
473	1
54	36
102	165
986	19
505	29
2361	57
69	132
408	33
1184	32
431	111
390	122
817	32
1416	59
296	188
1335	23
597	174
212	75
335	506
991	33
660	4
479	10
681	23
634	482
164	35
50	430
120	112
989	64
67	129
31	63
1004	49
307	467
494	153
719	61
109	73
1032	72
489	297
108	13
1707	175
2059	10
411	13
44	70
1476	157
787	10
1262	67
561	46
1247	52
30	51
872	152
348	12
335	161
1352	51
1292	34
1493	438
239	26
718	82
888	152
1270	206
1682	64
96	82
329	144
1197	52
602	15
912	61
1147	30
1957	48
469	36
37	44
128	11
64	393
39	28
75	2
799	166
263	10
814	319
1296	18
846	70
581	35
252	183
549	82
883	58
1419	92
951	81
635	73
1872	12
257	125
542	18
750	84
973	87
284	17
1906	57
846	128
1562	69
759	112
228	26
543	20
1651	60
235	78
236	350
1692	218
1057	124
967	65
205	351
3325	96
110	179
295	155
257	137
935	164
214	24
370	216
212	12
199	160
184	173
250	108
257	60
175	225
73	183
29	3
1083	36
1240	138
37	233
1434	95
83	10
385	179
446	57
2773	97
470	45
854	58
70	185
459	40
707	73
756	189
153	66
778	151
736	11
521	3
3425	25
487	48
417	85
559	128
370	17
1485	7
106	119
1052	302
527	146
162	180
1433	113
680	39
278	174
98	11
482	108
2200	12
431	28
294	75
669	56
45	40
460	16
46	11
413	294
562	19
67	363
820	98
164	6
1979	159
1721	65
1218	5
616	108
2192	65
421	38
442	99
401	53
2091	114
523	25
1148	305
562	147
1362	985
890	430
618	42
773	22
1016	112
184	72
117	25
133	170
1453	14
1225	224
1174	68
79	18
262	28
165	34
334	69
596	85
595	109
262	72
1397	70
289	111
389	230
1159	24
267	526
352	180
439	161
270	66
143	23
3036	104
3761	126
1101	47
372	22
953	366
127	1
144	218
95	21
928	119
134	261
159	8
1480	216
577	127
3042	63
163	271
331	125
4472	58
1132	92
72	34
68	37
425	110
490	76
2870	13
770	22
1107	87
1218	9
260	120
143	26
153	87
431	84
60	22
772	9
2159	32
1880	139
792	9
118	81
570	196
117	82
64	118
1415	5
180	17
540	195
1911	36
616	16
1866	118
415	64
189	93
1282	161
54	1
362	17
1333	75
190	71
306	63
2104	49
147	45
817	135
569	359
2281	2
1669	56
3213	45
567	38
1296	12
1616	52
895	245
1257	8
855	106
579	260
579	53
105	1
169	50
164	15
383	109
1511	16
43	22
2661	25
663	203
570	7
1361	214
154	14
128	60
904	350
1030	81
670	37
962	195
1786	111
977	39
2796	154
299	9
1080	199
2346	171
709	53
923	172
1914	2
134	144
3322	4
46	125
1325	119
191	6
1958	3
597	48
466	2
309	78
281	20
190	75
314	76
760	115
690	250
636	110
304	312
1798	133
99	34
764	92
706	44
338	183
985	43
26	146
414	126
2247	3
449	54
948	10
207	12
2132	94
450	89
1448	269
159	40
46	133
349	579
248	2
546	54
1339	32
3966	67
624	88
848	49
156	101
845	32
743	302
555	68
1347	6
617	4
1031	30
295	50
201	172
689	131
48	327
980	60
94	73
3637	428
220	157
420	142
874	89
907	136
46	67
244	90
201	143
273	68
328	249
1351	5
207	48
37	50
619	59
123	23
1774	77
51	119
357	343
182	54
627	34
1604	74
2705	106
687	29
705	96
305	24
2459	18
1163	101
2412	119
1729	146
1653	49
1058	47
1162	145
513	13
2183	12
680	66
161	127
60	2
169	18
993	33
315	10
270	128
579	54
852	228
1028	19
373	50
936	454
123	22
768	150
419	141
525	54
2094	152
215	198
207	30
1715	6
1040	64
755	13
593	18
168	90
340	39
135	40
107	122
1485	88
1049	10
177	61
350	25
465	25
482	17
72	238
1641	64
395	110
736	331
1402	249
172	187
899	114
387	67
133	5
1370	364
126	63
3396	35
104	109
1912	170
725	39
76	104
131	70
52	66
233	39
2987	229
2289	100
2301	27
1232	3
1569	18
1412	102
1029	126
451	9
577	97
95	62
2946	126
605	130
544	33
210	213
235	77
1310	188
694	98
69	114
549	30
244	199
654	296
922	28
488	19
1121	5
1454	1
309	137
1395	19
1626	264
851	267
103	11
496	32
789	161
776	19
3919	154
2420	30
2176	9
246	17
116	59
71	75
1020	231
88	1
1957	75
672	44
143	4
681	98
1235	32
888	32
225	1
1163	99
1464	218
709	101
1472	35
329	23
544	67
1083	29
144	20
71	67
665	4
2696	55
913	1
1589	218
1371	240
1050	12
316	63
3371	64
1387	152
253	78
382	1
1109	95
69	111
2689	55
3493	115
2862	137
107	80
105	140
875	70
332	1
155	5
406	51
3929	210
850	49
95	2
604	42
434	5
88	26
111	20
802	86
937	79
348	31
210	174
1826	171
377	161
922	55
325	111
978	142
1828	86
46	71
178	320
1640	13
1132	25
110	91
203	59
214	29
1636	73
769	59
489	107
1012	293
481	29
462	24
1119	168
298	240
513	77
1173	60
362	52
1004	9
420	12
208	19
108	243
886	55
769	25
1122	90
57	475
116	60
4058	244
403	29
831	47
1153	32
69	77
111	16
1137	101
718	126
310	129
901	49
673	33
4441	245
4240	31
733	92
30	8
244	122
986	6
1557	16
273	47
322	3
2045	18
825	54
342	188
450	191
128	103
200	79
2353	8
80	143
504	206
330	227
413	261
1653	127
1428	180
1163	61
477	24
358	50
616	99
1254	99
2406	11
652	14
1085	50
2090	80
1365	33
328	55
354	123
857	33
177	635
139	208
516	39
601	120
836	50
13	78
218	114
2374	99
467	29
1243	128
1989	138
33	65
148	8
626	43
248	321
237	21
101	40
629	382
313	351
5790	44
1515	64
268	41
3298	2
225	11
170	329
284	24
1206	71
1881	27
1710	70
999	88
975	63
97	62
673	3
458	216
134	85
204	95
569	29
769	77
731	21
531	20
293	14
250	94
943	160
219	46
24	40
1189	228
507	57
26	99
126	217
877	91
212	12
178	56
2457	85
283	146
954	36
133	149
871	339
439	105
682	171
693	68
215	9
1124	30
415	85
1017	196
298	348
1895	29
87	21
1656	87
117	7
435	167
890	201
485	82
568	23
856	287
4175	251
67	151
1166	13
1290	67
567	40
1411	66
1964	101
1391	18
121	284
2344	108
136	41
2152	34
333	84
435	163
291	1
995	74
96	11
98	67
2578	5
590	68
1044	37
728	2
1447	115
153	3
5213	403
285	201
1034	12
996	109
3356	98
696	122
254	219
259	175
771	41
846	179
2962	15
388	1
214	62
1962	19
1705	41
388	41
670	174
577	42
676	31
413	42
155	1
1530	73
465	15
845	10
99	147
138	124
232	29
316	21
392	13
926	184
383	127
13	123
908	79
1127	152
1693	27
1409	159
930	32
478	34
221	71
20	150
1085	86
1561	11
1322	129
661	260
161	34
2416	40
1253	45
292	132
1846	45
667	20
1196	115
690	551
389	7
50	21
782	24
50	260
740	16
2393	260
1205	58
1242	59
142	23
1358	157
2874	200
2595	405
13	97
591	77
675	83
719	49
2037	465
154	60
123	10
534	185
84	301
2873	160
957	65
27	133
1011	7
413	70
201	111
99	6
336	124
117	248
556	96
985	42
416	52
127	66
746	42
624	25
1224	84
508	14
213	107
800	130
420	142
834	57
993	5
1622	21
362	80
2324	484
150	31
147	2
1502	71
2027	8
3309	233
381	20
1910	150
1030	70
990	70
548	199
2396	163
964	34
1104	285
3352	63
775	35
84	26
30	72
76	76
1080	62
1003	58
4595	112
208	224
29	4
398	55
2172	77
837	138
962	4
1195	220
1545	2
75	320
659	19
693	5
2836	20
317	2
1051	146
208	67
1105	190
582	155
3155	147
77	347
1638	52
820	119
43	44
366	96
1449	125
677	95
2265	102
283	83
910	376
355	35
1916	121
570	15
494	134
2457	18
992	68
695	2
124	107
3947	3
41	103
211	49
39	185
1168	109
1006	108
882	5
475	163
3765	59
930	30
761	15
1465	7
1104	42
1720	384
915	102
1573	57
1928	187
189	441
475	78
531	68
353	192
434	227
790	137
1260	131
1537	230
425	182
45	15
1227	227
642	29
1301	82
651	138
367	211
870	19
1637	24
194	146
1460	65
251	75
635	87
106	352
239	85
1087	12
30	21
1315	24
356	54
299	4
1394	314
201	34
1459	90
1710	112
383	16
30	23
152	180
190	129
38	5
2472	67
749	82
768	106
292	63
1998	46
258	56
101	14
367	51
706	254
269	28
1673	240
905	10
1106	134
461	22
38	41
406	230
801	12
2391	39
415	16
2657	64
1272	15
520	39
780	204
38	168
238	230
596	77
401	31
247	12
1843	112
133	124
343	356
51	73
633	16
312	6
595	39
1049	239
192	79
2076	183
761	61
1173	126
1512	20
2274	17
1164	15
342	41
901	284
802	214
810	10
1642	72
2098	10
522	20
72	76
981	181
435	83
1034	83
407	71
847	96
137	51
553	333
1077	188
41	10
1272	40
920	81
1343	89
312	67
459	182
2543	25
1002	444
650	4
77	4
640	190
533	129
586	82
419	10
1342	16
2343	4
812	161
162	170
628	81
3114	49
926	15
1038	107
237	2
821	44
233	4
674	14
520	28
755	111
1545	100
213	2
1458	479
151	29
301	88
607	21
933	40
2885	208
69	401
156	54
2236	233
3576	50
672	81
1109	275
1275	171
1194	60
206	203
415	81
1140	434
96	3
601	38
1184	11
395	246
776	49
1570	58
782	48
431	7
248	87
1104	83
105	92
253	151
466	193
1293	66
346	273
173	38
193	41
1417	10
1116	68
36	166
157	8
419	170
983	81
118	57
495	369
713	114
235	214
1326	99
1352	90
3182	38
213	75
899	177
898	109
994	25
412	79
135	85
464	18
72	41
558	36
748	212
2083	55
1800	42
540	43
139	138
1388	116
1832	175
525	151
1289	94
240	114
1056	7
670	159
514	267
298	96
794	44
45	163
759	31
2033	72
803	38
694	32
70	196
1449	57
450	139
243	8
482	84
172	131
862	11
1202	272
1067	127
2362	6
176	168
480	13
226	65
2664	58
47	223
54	102
1619	38
180	58
3170	10
277	476
551	410
340	51
249	24
698	45
337	73
514	39
911	197
219	150
1815	206
1828	48
698	9
433	37
102	3
1246	59
194	18
1443	85
571	36
325	8
128	75
2163	138
2369	65
1207	101
591	114
342	9
100	14
1174	109
1673	4
278	91
479	39
179	64
2063	20
75	188
672	48
202	117
2339	188
808	99
334	111
252	30
729	78
357	15
255	41
1473	20
56	184
3658	68
545	64
688	53
67	14
899	58
360	57
1986	262
41	37
242	305
856	123
121	6
588	47
1337	29
562	393
1232	215
1054	27
148	98
465	7
1799	40
1139	197
1416	27
371	36
396	31
76	44
550	9
747	154
1502	50
718	36
683	124
608	43
1930	236
1706	73
443	5
958	51
381	221
253	12
1816	10
320	159
204	218
912	173
176	90
689	8
206	37
1281	313
278	116
836	12
1252	30
912	157
302	58
233	106
1204	204
220	146
1163	82
1747	22
1599	10
146	4
838	105
1266	21
2722	6
369	111
1398	39
1006	80
158	169
463	25
194	259
769	24
196	111
623	157
2638	21
513	100
352	99
1915	213
251	47
1898	78
1202	357
1403	297
413	31
1239	48
1314	303
2018	21
344	18
581	38
359	51
57	16
109	142
2068	44
1293	28
3414	159
1121	85
316	96
819	121
678	15
410	76
995	73
89	41
52	2
292	45
858	106
1702	55
1451	161
755	17
769	129
801	71
156	181
897	55
1058	85
699	23
50	9
504	176
602	11
928	386
135	32
1375	21
800	49
931	171
1104	28
221	103
415	372
53	13
2065	13
1589	12
305	69
543	150
99	382
78	100
1168	29
2237	414
1304	334
1035	227
286	15
1505	42
329	5
399	110
641	169
219	104
2089	9
568	13
37	33
704	313
323	167
2122	105
1137	58
157	2
547	85
2723	107
1116	92
392	39
221	220
365	1
1500	11
249	291
5383	9
351	38
1727	50
300	34
434	163
248	35
1493	38
2152	220
4819	22
752	7
948	84
134	161
974	50
1327	60
372	74
419	58
1035	15
759	278
874	65
1374	2
224	108
109	115
225	8
528	223
128	229
102	42
523	122
165	15
880	164
1335	50
114	12
402	21
610	4
186	19
53	92
164	85
999	121
276	99
736	191
1090	19
671	61
62	165
4574	160
694	28
2649	16
1009	26
1081	44
173	24
350	145
2808	67
860	196
1013	53
1013	24
155	25
607	164
34	6
44	553
266	200
386	221
884	182
217	19
56	94
258	4
214	104
133	99
722	48
3458	103
119	338
918	6
276	422
1129	172
1107	9
256	12
1310	16
253	39
1027	215
53	81
330	72
189	18
1180	75
336	226
828	27
1080	66
345	48
2548	100
255	33
962	39
175	61
1617	21
1663	67
342	169
893	53
704	21
640	104
346	114
948	23
484	119
1022	51
425	31
300	299
2344	329
859	52
2102	154
163	56
975	128
55	2
150	177
122	8
1224	8
413	378
599	116
452	34
833	95
424	183
327	2
591	34
912	45
1659	41
975	118
1014	353
366	170
60	10
4056	45
675	123
1602	44
91	185
217	31
711	25
2055	26
1747	29
356	45
209	55
1373	118
1726	70
707	23
1253	3
648	49
43	7
282	24
461	78
1173	24
594	35
762	215
60	303
2555	68
184	346
86	37
1524	41
871	163
127	155
1001	86
236	16
898	42
205	139
2018	9
1087	239
566	319
399	81
1781	173
245	97
633	28
1240	103
1614	13
1046	12
294	17
1871	66
1662	150
1099	87
840	214
1009	157
261	145
399	62
421	49
970	94
3938	185
2125	67
1312	53
106	182
610	36
389	18
141	46
1626	51
2022	333
371	6
293	135
1361	197
2273	52
158	10
3390	88
263	127
124	43
1168	5
45	20
2531	108
319	54
1047	58
163	107
543	45
1279	251
2810	198
536	361
416	116
340	67
456	157
184	12
113	18
477	182
562	31
1049	35
172	43
1237	89
2538	64
957	64
967	73
1902	287
344	27
1561	90
422	383
267	72
913	447
708	162
148	209
163	22
665	85
159	36
996	83
1738	62
1059	13
198	404
125	313
281	115
460	161
34	102
220	17
321	18
2997	60
1504	14
1617	5
2423	182
55	24
1617	64
84	504
467	65
1012	8
2419	112
1561	93
375	69
138	38
593	13
727	228
129	51
332	55
285	188
177	140
927	1
147	35
1169	137
410	142
1868	58
261	321
447	69
634	175
488	260
148	390
357	206
567	15
214	53
732	87
226	126
207	49
402	34
112	10
1119	118
458	77
416	7
1326	151
768	160
172	240
34	49
798	156
361	99
404	25
614	29
264	147
310	105
29	7
532	34
125	103
179	55
713	322
286	61
48	23
732	106
528	223
420	22
1176	61
276	46
286	18
2691	21
935	57
537	6
761	73
544	54
753	29
985	200
1213	167
1047	75
859	90
608	35
527	231
821	20
257	28
1588	25
931	8
2217	72
97	43
2593	147
655	100
534	71
37	178
688	2
175	39
1291	374
492	4
582	49
1081	290
530	22
47	153
126	14
277	42
1411	13
236	51
1484	73
778	176
443	17
643	84
562	43
2099	78
809	304
646	91
1926	22
625	88
255	26
618	66
32	66
106	41
30	138
187	69
3649	184
564	161
278	231
2491	123
68	1
240	7
443	28
554	293
796	86
802	56
927	20
42	128
100	410
2402	17
639	8
920	6
498	111
584	21
218	98
117	77
296	12
302	290
87	32
162	117
1435	97
1898	82
972	250
988	106
280	148
189	3
459	32
2132	3
1492	182
452	73
2101	16
600	254
288	106
447	61
175	15
529	82
204	98
901	47
1367	149
247	131
186	44
1174	217
591	109
816	167
3281	92
424	57
237	138
574	255
786	155
2168	15
510	27
464	218
2070	52
219	142
634	46
1454	51
642	18
829	157
402	113
504	47
223	6
891	23
1060	78
615	4
557	208
623	20
72	110
704	89
2015	6
1305	15
2122	163
525	131
754	52
201	68
90	164
532	96
688	73
1025	142
512	102
1023	79
84	51
363	186
42	158
1011	32
42	71
494	73
776	104
507	11
2400	18
1919	39
832	29
304	208
1204	51
1713	1
635	8
1610	68
167	114
74	200
377	451
86	92
255	14
1588	25
49	206
1541	26
316	91
844	9
1382	111
194	260
87	123
500	47
906	107
365	27
303	30
73	188
178	94
1645	157
41	7
83	30
667	201
83	99
468	55
129	226
2392	65
846	126
42	131
637	189
355	414
302	147
652	9
1163	39
1502	7
103	16
968	418
1025	48
627	39
275	139
570	58
55	32
313	383
1900	29
652	38
38	85
516	138
590	80
377	225
349	127
535	127
141	18
1412	90
185	55
46	63
742	207
1184	98
276	131
762	261
249	44
619	138
371	20
359	102
255	40
274	10
189	130
2365	119
429	28
1204	18
232	125
1309	115
645	16
450	144
307	10
436	52
131	36
490	130
210	409
1699	31
797	182
1141	50
3571	18
34	95
1031	113
1084	24
41	109
174	92
37	320
2097	27
3479	38
53	214
531	91
169	114
147	113
1939	24
1195	3
67	10
806	548
1860	77
559	46
1369	278
1099	21
369	29
156	43
572	112
38	16
51	33
39	57
285	6
44	15
430	48
994	306
427	15
485	34
1745	66
175	81
108	62
780	13
106	217
1468	28
302	31
55	7
240	152
110	88
792	34
439	153
650	5
609	124
909	14
334	70
696	180
670	223
159	39
217	89
257	80
144	58
151	16
4102	188
1626	40
332	49
1070	120
352	91
436	4
29	93
250	74
416	88
103	2
1569	430
774	43
605	515
476	161
1003	171
395	142
1783	50
1221	83
674	10
116	78
458	267
1865	43
738	248
953	43
64	51
88	58
680	99
109	37
515	172
417	9
85	96
1104	260
2314	101
945	146
505	48
1071	131
2499	357
275	7
1683	88
1327	33
727	49
1210	19
630	258
1140	125
49	4
1897	22
543	135
561	144
353	133
747	95
188	40
542	152
135	127
401	202
180	183
1023	171
875	226
1536	128
1038	146
68	65
923	182
57	22
816	107
362	163
333	38
474	58
218	80
1930	205
2580	21
219	191
1493	40
369	555
1104	54
140	103
364	111
112	36
487	118
516	149
369	259
331	1
721	92
3278	264
257	33
121	57
1466	104
455	155
315	16
1558	120
38	23
887	43
1452	17
249	495
557	85
1037	38
370	38
519	89
957	355
740	90
341	120
165	46
127	222
86	114
425	111
1587	26
116	97
320	53
1498	24
1106	12
768	59
105	9
952	22
176	56
1331	55
60	64
985	46
816	188
472	8
693	5
1056	30
80	36
411	142
440	31
575	94
1131	2
345	17
2016	71
815	51
400	250
398	82
334	128
979	248
61	146
1096	124
410	185
627	78
417	44
1379	53
309	27
371	115
961	152
432	19
134	67
435	51
2602	43
85	14
1036	112
159	36
171	133
1307	301
2775	72
478	10
520	26
446	171
1261	16
962	16
1055	205
388	172
4763	157
887	31
125	9
593	38
360	216
266	125
953	35
511	37
632	122
2628	11
308	28
730	97
2022	86
1276	283
218	74
1640	3
345	94
379	58
1579	61
541	226
554	43
133	29
139	104
2855	10
76	97
53	17
56	227
1550	103
959	64
1061	2
348	32
1194	28
1648	117
1394	148
97	45
461	114
317	6
922	188
72	15
2607	337
1623	4
222	41
263	183
666	64
1086	74
4118	33
1320	51
76	36
1441	39
207	40
919	35
887	7
996	42
331	126
880	51
2654	65
401	54
798	62
74	55
670	38
2904	12
482	28
558	11
533	44
359	38
1056	67
737	43
112	154
726	30
115	38
904	154
1549	259
3036	159
1015	147
898	56
781	29
960	8
233	5
2649	145
152	87
120	9
1071	67
676	183
1174	57
145	105
486	129
319	146
741	314
278	31
196	73
852	76
212	16
638	10
210	1
362	446
434	1
16	5
1919	101
118	214
1007	15
627	9
726	8
1948	45
864	280
1104	44
106	46
2477	40
819	291
20	192
259	260
104	23
436	71
84	216
315	15
192	8
522	81
483	149
718	171
674	15
2517	115
343	153
2064	233
477	49
392	63
399	54
435	136
642	56
1033	28
1290	12
1002	20
154	51
65	54
542	42
2357	95
635	52
123	126
2343	4
636	30
228	76
523	54
116	61
517	3
818	60
49	41
603	116
365	32
883	15
1012	181
214	25
509	26
1245	37
469	40
574	52
788	258
183	35
206	513
179	37
167	7
387	27
215	19
99	212
962	221
1586	133
118	107
379	20
977	57
639	218
1894	306
1112	13
652	166
25	73
694	79
1142	109
490	6
492	93
134	21
469	3
816	9
400	173
1570	9
2531	4
715	88
1481	97
592	138
88	62
1041	10
1135	32
268	64
531	14
1430	86
29	29
205	40
50	183
91	134
1952	101
2845	114
1532	87
646	117
87	93
306	185
207	6
610	291
495	266
289	123
1684	135
617	195
131	46
489	61
472	353
838	178
117	351
1280	96
1141	184
1394	93
199	94
4057	41
376	36
104	137
1310	63
1141	133
436	21
1371	29
347	38
137	281
27	56
1574	43
1732	170
958	69
537	25
530	143
85	103
1257	355
699	7
1142	178
373	2
2139	454
250	56
500	67
286	14
334	11
1025	43
4705	51
367	2
1051	360
274	188
1210	138
1681	9
1313	134
1012	26
755	86
48	36
150	15
1966	1
228	74
1229	46
104	248
77	280
486	28
278	15
525	34
5243	111
1113	106
217	59
977	137
1127	43
267	18
825	277
1051	102
234	97
1364	117
262	18
423	10
493	1
2229	57
434	82
288	33
783	21
157	293
991	173
602	33
3638	10
155	69
148	95
2771	20
1833	334
1573	70
65	44
181	76
1402	79
1921	113
273	9
547	49
2636	292
205	128
272	30
1287	183
298	44
879	42
2577	55
1758	92
3059	78
938	34
2223	427
757	202
2244	467
706	192
1577	205
1174	84
154	154
909	101
474	106
343	89
468	145
976	98
1488	69
1196	13
42	2
612	134
631	90
1771	103
1387	15
443	97
207	190
1980	21
849	97
995	71
1980	165
1413	90
496	29
1119	101
4693	183
3323	92
328	35
499	162
302	31
1356	98
99	398
1051	12
1786	50
813	124
1152	104
1410	55
71	77
2634	27
855	201
844	1
323	118
49	62
275	33
172	38
3444	122
545	18
522	44
2065	21
264	37
643	27
2931	38
1014	27
85	237
1283	67
1554	102
28	59
347	43
448	57
875	55
39	36
948	2
1173	38
180	46
84	137
402	84
427	67
572	29
1225	125
228	119
174	89
279	165
390	114
543	32
972	41
372	90
5363	45
1251	127
161	40
918	7
220	136
41	50
400	17
1085	103
1866	76
123	29
145	53
225	5
169	366
102	2
325	411
338	13
546	62
399	12
91	96
2200	59
1139	2
456	78
543	61
296	95
1519	112
218	24
1817	40
258	54
216	96
1341	9
87	41
190	10
876	92
2076	105
324	158
493	146
22	9
249	198
685	56
2716	54
305	56
1675	21
209	360
77	11
770	82
1284	339
300	91
165	127
48	115
115	34
689	79
395	1
607	63
1221	149
1845	208
204	109
895	24
178	40
2587	50
1225	232
545	42
1828	113
299	250
802	43
169	95
199	96
2278	192
507	26
2032	16
214	88
587	31
448	7
647	65
478	214
2351	42
127	38
77	17
1028	158
1262	42
758	485
560	24
329	113
104	18
1105	35
397	131
640	42
228	20
3087	58
240	48
72	324
406	15
239	21
2094	82
407	132
448	39
981	247
181	57
2814	68
1817	64
441	24
589	83
352	133
2178	97
73	64
359	148
352	12
630	13
739	130
2638	91
914	140
510	27
116	32
130	29
372	6
2288	35
494	290
529	236
30	40
144	124
584	189
684	279
554	130
708	19
2211	66
68	125
271	7
1110	47
682	54
1273	2
51	10
429	28
464	356
179	102
1218	82
268	74
2791	65
265	197
2055	35
438	27
133	4
984	216
144	921
2533	4
261	50
225	44
141	159
718	76
344	40
125	57
401	18
1055	224
558	128
62	87
718	91
120	277
189	191
1976	6
349	112
301	138
138	152
175	82
465	120
925	29
2037	203
742	40
340	105
1827	112
779	243
731	60
574	55
293	128
1722	51
1811	78
683	224
274	418
2075	118
411	44
743	78
702	322
45	7
2152	21
2105	66
1264	154
499	24
901	28
326	32
492	26
1011	52
428	138
408	36
920	68
131	180
906	181
2330	107
169	168
37	38
500	213
180	108
436	138
1136	17
583	189
675	3
1423	15
358	94
99	15
542	206
427	95
265	143
222	136
468	161
412	18
289	6
230	88
111	39
76	14
1778	167
218	236
702	97
1143	169
1310	15
504	256
102	220
2370	44
1408	55
85	11
212	23
174	24
205	6
369	86
2688	3
980	28
595	262
29	13
626	38
54	21
561	84
2077	8
636	312
157	285
819	37
2792	103
1276	87
1023	17
889	11
177	35
3391	98
808	28
1247	80
1950	45
1616	142
124	117
470	16
2182	23
129	96
598	47
110	45
37	62
86	14
162	68
1316	126
425	49
163	64
253	37
1120	68
527	34
177	110
1563	1
268	174
1131	128
597	232
175	50
267	25
146	20
629	49
423	14
760	78
121	7
683	289
546	131
383	84
317	224
346	69
458	471
392	235
1375	65
616	89
49	165
716	114
184	43
945	153
958	128
174	6
1740	22
535	45
76	48
208	23
391	51
199	17
44	106
75	9
65	366
377	3
512	48
1277	6
529	5
2729	105
763	52
136	21
358	86
2731	18
3647	86
604	56
749	30
1955	89
327	8
1228	429
837	54
227	26
241	565
139	49
1398	3
2603	12
632	13
94	147
711	69
1783	257
36	57
284	36
203	11
349	37
882	391
47	219
1746	135
420	119
491	218
541	9
1109	139
1922	27
295	26
672	90
226	114
584	95
1654	365
849	19
746	13
1437	76
650	71
73	256
766	79
191	157
502	66
419	110
377	71
717	13
32	352
614	44
29	47
330	77
460	184
879	9
275	31
111	211
802	17
644	80
59	3
30	35
1361	6
188	148
1437	151
53	136
1166	17
1957	214
89	68
603	60
299	15
3427	60
121	75
90	189
713	91
2287	49
442	12
1557	88
58	450
352	69
472	98
539	2
685	298
1056	350
1383	144
440	89
501	30
660	105
1907	4
554	27
138	28
978	70
376	830
305	56
613	38
259	77
255	98
29	57
279	443
874	47
936	48
250	116
215	67
1050	2
114	39
2194	8
60	71
2190	143
322	4
1026	18
175	68
1389	9
268	105
528	131
1065	22
835	8
403	158
1952	208
724	150
1704	164
45	40
1191	58
319	1
630	116
40	9
387	71
569	19
2320	134
1074	53
1511	202
2408	126
861	75
237	45
825	169
366	82
263	42
1124	279
263	106
58	10
778	46
166	98
233	26
62	38
674	160
494	1
369	258
105	111
270	12
947	110
1140	14
672	17
146	72
1353	160
39	31
354	124
388	112
458	15
54	50
997	15
230	37
359	203
1102	112
394	212
2078	163
1039	64
183	306
593	80
1959	25
5195	68
1374	218
572	27
166	56
397	212
526	278
101	82
241	40
2068	294
563	72
286	312
167	43
758	61
689	44
3244	122
767	87
130	73
117	173
3553	44
82	14
525	16
1989	82
97	8
392	7
1050	9
1572	72
393	83
726	18
325	90
384	83
2395	63
313	97
197	58
1052	52
189	299
784	7
315	97
1085	120
1989	6
127	8
608	29
382	168
431	122
378	438
2010	78
766	262
2722	123
39	196
252	172
538	54
419	19
364	20
1433	210
514	59
554	61
1149	12
905	14
1454	77
1908	48
1163	48
627	105
197	61
4324	27
42	77
213	37
174	155
133	199
531	282
375	54
695	24
1747	48
2489	227
4027	111
607	230
1531	26
1490	271
720	218
2026	39
328	8
273	35
1829	69
398	184
320	125
236	262
30	56
955	190
401	194
79	13
144	16
1788	59
1462	109
529	111
813	12
622	51
2105	128
58	89
606	19
695	87
568	237
263	121
2067	114
261	65
30	182
127	146
631	258
1040	105
597	91
47	33
890	17
691	2
758	17
1336	18
127	152
235	38
5330	77
347	69
1099	83
1149	179
428	409
677	39
285	41
627	22
66	27
198	14
1593	50
2311	43
1993	8
478	204
1437	101
1119	32
1869	60
73	16
200	43
42	83
480	209
722	2
411	35
51	3
339	97
1264	7
1144	26
906	18
949	159
331	135
632	129
1078	95
789	205
785	64
868	206
1146	246
1858	6
104	60
1566	378
1610	19
662	394
448	58
1694	13
1591	55
413	77
425	288
589	32
775	11
64	76
1398	404
542	115
666	191
1093	212
1037	153
396	20
387	72
327	327
708	5
1166	106
66	11
2240	51
138	1
810	122
1332	148
737	275
1318	147
470	77
687	79
1327	206
640	270
192	25
865	109
1522	19
663	449
3175	131
539	16
1482	295
266	42
586	163
2059	146
357	42
320	151
2380	120
244	130
281	56
1377	49
1309	14
783	99
603	139
749	47
2193	643
290	169
119	12
302	2
205	194
1027	208
590	61
1576	31
484	140
1265	24
2430	171
1139	100
645	229
1058	242
1723	34
180	23
237	34
91	140
102	69
1165	108
1186	26
677	53
585	1
1766	18
79	48
2465	55
399	71
114	4
151	69
400	89
340	55
1127	176
383	11
2022	12
424	25
691	106
464	216
102	4
473	155
1906	75
878	66
30	74
1615	109
362	99
2235	51
1295	293
279	83
1841	70
867	99
2240	49
55	106
1748	1
754	38
249	30
516	69
2518	49
1366	96
1125	229
2469	145
882	70
1444	33
699	160
1541	328
929	34
656	203
1005	9
180	104
231	1
726	7
1264	38
2186	45
991	359
66	95
255	29
1734	62
1929	156
1051	90
595	97
653	65
1649	308
1054	8
189	35
2072	70
1873	2
447	103
200	62
35	28
335	9
429	257
154	157
2215	197
293	43
2775	183
2417	80
786	1
429	1
620	11
64	21
641	32
295	143
45	118
47	50
171	35
784	38
1499	36
35	10
1044	26
586	59
271	289
53	156
809	248
581	1
1663	61
242	46
1738	187
563	84
351	58
43	81
796	50
1289	31
84	65
1236	24
377	102
211	294
718	93
932	20
1422	29
137	203
2554	30
506	89
227	142
2563	14
1221	178
144	226
1009	110
1402	449
390	151
513	1
302	198
675	75
1053	208
648	134
840	61
332	190
114	8
723	114
1270	54
700	132
118	12
904	117
172	266
1820	703
282	106
810	91
298	18
687	197
3175	88
130	143
1690	15
697	228
237	82
446	236
140	227
1101	69
92	32
39	249
1286	79
1347	31
367	478
1488	56
30	47
322	111
2289	277
566	105
1244	60
194	97
318	166
454	540
1309	79
686	8
1445	13
737	37
1266	16
43	263
221	4
926	18
29	46
886	45
346	289
1799	25
170	83
797	7
474	1
1211	12
415	39
1835	218
618	106
343	12
861	135
887	35
717	20
339	229
493	227
239	63
438	6
2653	95
304	245
187	90
130	95
39	140
383	112
431	65
236	262
132	99
160	71
299	22
40	2
1057	5
674	187
714	9
150	54
239	38
207	190
722	12
414	136
45	448
1125	101
777	311
4667	62
1082	38
250	74
659	329
408	73
2131	86
123	9
616	151
1267	216
94	18
190	4
469	8
1140	110
93	11
2545	44
955	139
861	105
288	92
1095	195
464	57
814	94
646	21
1667	59
195	24
105	184
336	196
578	24
627	45
4339	133
2922	11
2134	140
2255	82
627	25
233	16
381	28
973	48
332	65
265	53
86	30
660	76
1264	13
540	199
159	63
300	49
246	45
1340	137
267	153
111	213
627	69
48	21
1255	227
521	190
245	25
558	42
1810	224
488	82
457	52
1614	132
72	20
244	221
563	73
1291	13
424	15
2919	50
401	153
963	61
102	59
233	19
438	9
56	108
1423	27
35	129
175	1
770	54
154	109
192	34
180	128
1677	34
2670	78
471	35
872	29
1109	116
676	1
1090	46
1103	22
1008	55
1399	99
462	82
296	74
798	126
3581	6
1159	46
297	362
30	7
291	16
144	165
432	164
893	387
1348	25
1133	79
973	37
366	65
786	266
623	173
336	170
120	76
2004	252
614	180
82	15
450	60
568	125
355	43
311	13
867	67
559	12
36	7
582	60
204	92
412	124
480	203
135	34
39	49
2070	230
548	47
428	5
863	35
527	95
786	268
297	402
1564	95
195	154
340	62
924	37
301	80
251	47
1302	45
498	245
763	79
271	47
436	86
1799	67
666	56
106	119
93	252
86	167
70	341
2731	53
967	30
526	36
1067	144
2465	39
3188	45
40	41
419	175
672	79
2703	248
96	6
781	62
1561	68
2262	175
254	294
52	78
162	258
910	9
663	16
1227	45
51	18
258	43
1710	152
139	97
250	69
780	24
410	534
132	24
735	204
36	154
40	103
1582	61
99	200
1720	66
1793	33
1185	24
1120	33
569	153
401	152
112	39
681	40
176	139
1207	273
748	6
574	84
131	333
96	111
795	46
882	306
425	69
3028	55
3065	154
2201	5
506	170
500	13
312	73
61	84
273	41
171	50
101	18
871	94
289	15
117	43
64	46
649	21
726	7
4067	27
1101	109
228	213
126	12
753	211
1230	123
1062	126
345	13
963	14
1906	12
502	27
1511	223
551	39
843	7
1725	28
1889	288
248	3
242	210
76	52
285	45
546	139
126	264
1238	40
749	178
657	452
201	34
277	398
2199	112
1288	153
130	51
126	141
900	35
287	16
893	32
30	94
430	132
675	28
1238	16
164	39
1517	11
255	69
239	5
100	265
206	182
4006	29
418	62
510	77
1190	224
203	83
1969	69
1618	16
39	55
240	44
287	41
175	2
642	235
667	35
471	10
135	9
425	88
1221	8
673	100
1444	79
956	102
60	164
1853	318
506	446
146	76
387	50
198	18
254	122
383	47
195	5
593	354
3604	132
159	67
558	92
486	97
46	146
354	50
1186	15
1643	30
621	145
1064	36
114	8
1275	120
600	209
216	159
1041	42
188	25
1102	39
115	103
2691	53
29	9
412	9
588	69
160	151
736	212
118	54
1945	94
578	22
395	50
382	185
1546	468
2154	74
305	1
903	148
1256	163
228	191
462	31
635	13
1072	49
792	91
687	103
100	52
1828	255
764	41
883	38
447	17
1537	95
423	111
150	169
2367	22
299	81
541	130
307	3
123	112
67	152
567	387
115	28
897	32
1844	36
2174	3
493	14
263	35
2180	173
1301	71
1208	253
935	62
625	44
866	66
264	58
1411	61
26	93
22	49
3306	150
136	73
1652	5
768	77
1142	92
41	88
661	123
95	9
59	218
355	22
3750	75
3397	90
290	124
622	134
1480	105
101	83
1076	45
248	147
1692	35
686	41
616	204
1563	57
104	48
1043	13
157	21
163	144
620	73
94	150
197	145
289	187
169	27
678	84
696	5
365	82
407	297
760	1
2250	267
571	63
1119	17
145	38
1012	10
772	3
1342	116
117	24
120	33
226	95
696	96
1715	109
62	112
2149	272
2127	206
1058	176
325	2
2619	48
735	151
1352	13
2753	103
329	50
1216	292
418	32
2154	2
1174	302
107	21
838	162
21	21
39	21
197	119
187	4
151	5
1122	109
1220	113
346	4
147	23
378	8
99	316
973	53
222	57
559	136
1187	247
914	176
90	213
463	143
3411	59
548	86
563	33
249	65
417	89
685	22
296	19
369	35
393	26
461	101
229	52
950	19
1567	54
1015	59
35	53
836	129
2292	136
83	141
343	30
1091	19
846	154
223	15
889	155
1332	52
54	44
175	5
485	116
1091	34
1149	62
481	77
952	87
593	111
224	110
685	194
997	77
786	38
1138	157
522	82
1085	6
1247	43
285	434
610	29
305	217
1559	64
3793	157
1101	167
1347	46
1179	22
1116	85
106	233
2379	10
4177	145
25	156
9	194
6	93
1257	385
1694	66
1521	41
288	106
804	87
1362	158
2226	58
214	432
2179	317
1465	38
857	26
789	2
1133	622
119	178
854	48
416	97
944	187
1958	7
15	361
7	91
6	17
6	53
224	56
191	24
1415	33
2042	228
79	153
317	103
1646	101
