0	536
255	152
37	136
34	136
11753	136
232	160
107	136
104	136
102	136
186	160
100	136
103	136
105	136
195	528
127	136
101	136
103	136
180	160
106	136
103	136
103	136
189	160
103	136
129	136
84	136
9473	160
113	136
105	136
106	136
183	528
108	136
107	136
104	136
185	160
103	136
106	136
106	136
191	160
107	136
104	136
107	136
187	160
109	136
107	136
103	136
181	528
107	136
106	136
106	136
187	160
108	136
108	136
109	136
180	160
112	136
109	136
124	136
151	160
107	136
110	136
112	136
208	1024
262	1024
174	1024
170	1024
180	1024
171	1024
164	1024
156	1024
158	1024
160	1024
156	1024
155	1024
156	1024
21213	1024
68	1024
34	1024
34	1024
34	1024
35	1024
34	1024
34	1024
34	1024
34	1024
34	1024
33	1024
34	1024
38	1024
34	1024
34	1024
33	1024
34	1024
34	1024
34	1024
34	1024
34	1024
34	1024
34	1024
34	1024
34	1024
34	1024
33	1024
33	1024
34	1024
34	1024
37	1024
34	1024
33	1024
34	1024
2876	1024
65	848
38	448
35	1024
34	456
34	1024
34	1024
35	1024
34	1024
34	1024
34	1024
34	1024
325	720
169	1024
176	1024
171	1024
168	1024
180	1024
169	1024
161	1024
161	1024
155	1024
157	1024
161	1024
156	1024
157	1024
153	1024
187	1024
157	1024
156	1024
156	1024
156	1024
205	1024
160	1024
157	1024
2649	1024
186	1024
170	1024
162	1024
158	1024
152	1024
186	1024
152	1024
171	1024
134	1024
131	1024
147	1024
131	1024
131	1024
134	1024
146	1024
133	1024
131	1024
132	1024
162	1024
135	1024
134	1024
133	1024
144	1024
141	1024
134	1024
133	1024
135	1024
148	1024
132	1024
137	1024
135	1024
148	1024
136	1024
151	1024
143	1024
160	1024
141	1024
143	1024
140	1024
161	1024
153	1024
141	1024
139	1024
160	1024
144	1024
137	1024
143	1024
142	1024
145	1024
161	1024
142	1024
150	1024
165	1024
142	1024
142	1024
141	1024
172	1024
141	1024
143	1024
142	1024
171	1024
144	1024
144	1024
143	1024
144	1024
146	1024
149	1024
145	1024
145	1024
143	1024
142	1024
146	1024
144	1024
144	1024
143	1024
157	1024
153	1024
142	1024
141	1024
142	1024
143	1024
144	1024
142	1024
143	1024
150	1024
156	1024
145	1024
151	1024
145	1024
145	1024
143	192
143	1024
143	1024
143	1024
147	1024
144	1024
144	1024
144	1024
143	1024
144	1024
143	1024
149	1024
169	1024
148	1024
143	1024
144	1024
144	1024
144	1024
143	1024
144	1024
144	1024
144	1024
146	1024
148	1024
144	1024
153	1024
149	1024
145	1024
144	1024
148	1024
147	1024
145	1024
149	1024
188	1024
176	1024
159	1024
182	1024
153	1024
155	1024
150	1024
151	1024
153	1024
154	1024
154	1024
160	1024
152	1024
194	1024
154	1024
149	1024
158	1024
195	1024
163	1024
204	1024
164	1024
199	1024
151	1024
151	1024
148	1024
176	1024
147	1024
148	1024
149	1024
1977	1024
187	1024
154	1024
143	280
154	1024
156	1024
142	1024
166	1024
140	1024
158	1024
146	1024
142	1024
144	1024
164	1024
145	1024
141	1024
153	1024
151	1024
159	1024
148	1024
143	1024
138	1024
137	1024
139	1024
142	1024
4596	1024
161	1024
139	1024
137	1024
139	1024
139	1024
139	1024
139	1024
138	1024
138	1024
139	1024
138	256
144	224
138	1024
152	1024
141	1024
138	1024
140	1024
139	1024
141	1024
141	1024
140	1024
139	1024
141	1024
141	1024
140	1024
141	1024
145	1024
162	1024
151	1024
157	1024
140	1024
143	1024
154	1024
143	1024
141	1024
142	1024
142	1024
142	1024
142	1024
155	1024
143	1024
142	1024
145	1024
1204	1024
148	1024
187	1024
149	1024
158	1024
145	1024
167	1024
155	1024
146	1024
333	1024
150	1024
2049	1024
148	1024
145	1024
144	1024
165	1024
173	1024
146	1024
144	1024
146	1024
144	1024
151	1024
144	1024
144	1024
144	1024
144	1024
146	1024
142	1024
142	1024
3458	1024
143	1024
140	1024
138	1024
137	1024
136	1024
136	1024
136	1024
135	1024
138	1024
141	1024
136	1024
138	1024
137	1024
137	1024
137	1024
135	1024
135	1024
137	1024
136	1024
145	1024
136	1024
138	1024
136	1024
137	1024
137	1024
138	1024
138	1024
142	1024
138	1024
136	1024
137	1024
136	1024
136	1024
136	1024
136	1024
136	1024
136	1024
136	1024
138	1024
137	1024
137	1024
137	1024
139	1024
152	1024
143	1024
138	1024
137	1024
138	1024
158	1024
141	1024
143	1024
143	1024
150	1024
198	1024
156	1024
147	1024
148	1024
177	1024
1930	1024
161	1024
136	1024
143	1024
4544	1024
133	1024
131	1024
144	1024
132	1024
132	1024
134	1024
144	1024
132	1024
143	1024
138	1024
137	1024
136	1024
134	1024
137	1024
134	1024
131	1024
134	1024
136	1024
134	1024
134	1024
133	1024
132	1024
133	1024
134	1024
140	1024
135	1024
167	1024
133	1024
134	1024
134	1024
135	1024
135	1024
135	1024
136	1024
142	1024
6944	1024
136	1024
135	1024
135	1024
138	1024
136	1024
134	1024
135	1024
135	1024
136	1024
136	1024
141	1024
2511	1024
138	1024
137	1024
137	1024
136	1024
142	1024
138	1024
136	1024
136	1024
137	1024
136	1024
136	1024
137	1024
137	1024
139	1024
137	1024
139	1024
136	1024
136	1024
145	1024
138	1024
139	1024
142	1024
138	464
853	1024
140	1024
137	1024
138	1024
137	1024
137	1024
138	1024
137	1024
4427	1024
142	1024
139	1024
139	1024
139	1024
140	1024
139	1024
137	1024
143	1024
140	1024
137	1024
138	1024
137	1024
139	1024
137	1024
138	1024
140	1024
137	1024
159	1024
164	1024
175	1024
150	1024
151	1024
141	1024
140	1024
146	1024
6992	1024
138	1024
139	1024
139	1024
137	1024
138	1024
139	1024
139	1024
138	1024
137	1024
139	1024
140	1024
138	1024
138	1024
138	1024
140	1024
140	1024
1759	1024
139	1024
139	1024
139	1024
138	1024
139	1024
141	1024
139	1024
138	1024
157	1024
140	1024
140	1024
138	1024
137	1024
138	1024
140	1024
2636	1024
204	1024
153	1024
146	1024
145	1024
147	1024
141	1024
140	1024
139	1024
138	1024
138	1024
140	1024
138	1024
151	1024
1417	1024
149	1024
137	1024
144	1024
136	1024
138	1024
139	1024
134	1024
134	1024
135	1024
137	1024
842	1024
137	1024
133	1024
134	1024
132	1024
135	1024
134	1024
145	1024
723	1024
133	1024
133	1024
132	1024
141	1024
3481	1024
7977	1024
135	1024
145	1024
135	1024
134	1024
133	1024
134	1024
134	1024
134	1024
134	1024
133	1024
134	1024
138	1024
136	1024
137	1024
137	1024
140	1024
134	1024
136	1024
135	1024
134	1024
135	1024
137	1024
137	1024
136	1024
138	1024
137	1024
135	1024
136	1024
147	1024
138	1024
137	1024
137	1024
143	856
6988	1024
137	1024
132	1024
254	1024
128	1024
130	1024
127	1024
131	1024
130	1024
129	1024
139	1024
127	1024
128	1024
129	1024
127	1024
138	1024
129	1024
134	1024
129	1024
127	1024
127	1024
128	1024
142	1024
141	1024
135	1024
129	1024
140	1024
132	1024
130	1024
130	1024
130	1024
131	1024
129	1024
139	1024
133	1024
137	1024
131	1024
136	1024
136	1024
131	1024
132	1024
135	1024
132	1024
126	1024
127	1024
128	1024
127	1024
127	1024
127	1024
128	1024
128	1024
128	1024
5659	1024
140	1024
127	1024
127	1024
126	1024
128	1024
127	1024
128	1024
129	1024
127	1024
128	1024
127	1024
128	1024
130	1024
125	1024
127	1024
127	1024
127	1024
131	1024
128	1024
127	1024
128	1024
128	1024
129	1024
359	1024
129	1024
3332	1024
130	1024
129	1024
128	1024
128	1024
129	1024
128	1024
129	1024
129	1024
148	1024
136	1024
130	1024
131	1024
130	1024
130	1024
132	1024
131	1024
131	1024
130	1024
129	1024
130	1024
129	1024
143	1024
147	1024
145	1024
152	1024
149	1024
153	1024
146	1024
148	1024
147	1024
152	1024
1367	1024
155	1024
147	1024
148	1024
7178	1024
149	1024
150	1024
3673	1024
153	1024
148	1024
150	1024
147	1024
144	1024
142	1024
132	1024
131	1024
144	504
150	1024
147	1024
147	1024
147	1024
145	1024
149	1024
147	1024
148	1024
148	1024
145	1024
145	1024
149	1024
146	1024
150	1024
146	1024
148	1024
150	1024
155	1024
147	1024
145	1024
167	1024
147	1024
7438	1024
153	1024
151	1024
148	1024
145	1024
161	1024
169	1024
148	1024
148	1024
150	1024
174	1024
375	1024
163	1024
167	1024
155	1024
184	1024
177	1024
156	1024
154	1024
143	1024
148	1024
147	1024
146	1024
149	1024
166	1024
149	1024
149	1024
7770	1024
147	1024
145	1024
147	1024
147	1024
148	1024
143	1024
151	1024
147	1024
148	1024
147	1024
146	1024
148	1024
149	1024
145	296
146	192
145	1024
150	1024
147	1024
147	1024
149	1024
144	1024
149	1024
147	1024
149	1024
158	1024
152	1024
150	1024
149	1024
150	1024
147	1024
147	1024
149	1024
149	1024
146	1024
150	1024
164	1024
148	1024
3292	1024
149	1024
151	1024
146	1024
149	1024
147	1024
147	1024
146	1024
149	1024
149	1024
149	1024
152	1024
146	1024
149	1024
146	1024
150	1024
150	1024
144	1024
149	1024
148	1024
152	1024
166	1024
145	1024
147	1024
147	1024
150	1024
146	1024
148	1024
1571	1024
150	1024
5392	1024
151	1024
153	1024
148	1024
145	1024
147	1024
150	1024
152	1024
149	1024
143	1024
4444	1024
143	1024
127	1024
124	1024
127	1024
124	1024
126	1024
129	1024
125	1024
126	1024
133	1024
137	1024
125	1024
125	1024
125	1024
126	1024
127	1024
136	1024
126	1024
127	1024
126	1024
126	1024
126	1024
127	1024
128	1024
129	1024
128	1024
128	1024
131	1024
127	1024
129	1024
127	1024
128	1024
128	1024
127	1024
130	1024
151	1024
130	1024
130	1024
132	1024
129	968
129	1024
131	1024
131	1024
632	1024
135	1024
3845	1024
133	1024
137	1024
153	1024
3216	1024
134	1024
154	1024
131	1024
133	1024
128	1024
132	1024
130	1024
131	1024
130	1024
131	1024
130	1024
131	1024
135	1024
131	1024
129	1024
131	1024
130	1024
131	1024
131	1024
130	1024
131	1024
132	1024
130	1024
131	1024
131	1024
133	1024
131	1024
130	1024
131	1024
136	1024
131	1024
4331	1024
137	1024
134	120
134	1024
134	1024
132	1024
132	1024
134	1024
133	1024
132	1024
131	1024
134	1024
1889	1024
137	1024
131	1024
128	1024
141	1024
128	1024
128	1024
128	1024
129	1024
128	1024
135	1024
128	1024
127	1024
129	1024
127	1024
126	1024
128	1024
126	1024
126	1024
128	1024
129	1024
127	1024
131	1024
131	1024
127	1024
139	1024
128	1024
129	1024
130	1024
128	1024
129	1024
145	1024
3441	1024
132	1024
130	1024
129	1024
129	1024
130	1024
129	1024
133	1024
155	1024
128	1024
129	1024
130	1024
287	1024
681	1024
813	1024
5730	1024
8318	1024
132	1024
122	1024
122	264
123	1024
121	1024
123	1024
121	1024
123	1024
126	1024
123	1024
124	1024
123	1024
124	1024
131	1024
125	1024
129	1024
127	1024
128	632
5519	1024
127	1024
125	1024
125	1024
126	1024
123	1024
124	1024
141	1024
175	1024
861	1024
754	1024
820	1024
822	1024
818	1024
824	1024
819	1024
821	1024
823	1024
819	1024
821	1024
1863	1024
69	1024
539	1024
821	1024
821	1024
821	1024
821	1024
823	1024
1178	1024
469	1024
821	1024
7805	1024
87	1024
59	1024
58	1024
58	1024
58	1024
58	1024
57	136
58	1024
58	1024
58	1024
6533	1024
67	1024
59	1024
58	1024
57	1024
58	1024
57	1024
57	1024
342	1024
822	1024
6747	1024
114	1024
59	1024
58	1024
58	1024
58	1024
58	1024
58	1024
212	1024
830	1024
812	1024
821	1024
821	1024
821	1024
823	1024
820	1024
6655	1024
65	1024
58	1024
81	1024
59	1024
58	1024
59	1024
65	1024
280	1024
18763	1024
95	1024
31	1024
30	1024
30	1024
30	1024
32	1024
30	1024
30	1024
29	1024
30	1024
30	1024
30	1024
30	1024
30	1024
29	1024
30	1024
30	1024
33	1024
30	1024
30	1024
30	1024
8320	1024
146	1024
57	1024
57	1024
56	40
56	672
57	1024
57	1024
56	1024
57	1024
57	1024
3286	1024
34	1024
30	1024
43	1024
30	1024
30	1024
55	1024
665	1024
821	1024
823	1024
13543	1024
95	1024
34	1024
33	1024
32	1024
32	1024
31	1024
30	1024
30	1024
30	1024
30	1024
41	1024
32	1024
30	1024
30	1024
30	1024
30	1024
696	1024
823	1024
821	1024
821	1024
828	1024
829	1024
10575	1024
128	1024
62	1024
62	1024
62	1024
67	1024
62	1024
62	1024
62	1024
62	1024
62	1024
62	1024
62	1024
121	1024
821	1024
821	1024
820	1024
823	1024
820	1024
828	1024
842	1024
806	1024
822	1024
822	1024
821	1024
823	1024
819	1024
826	1024
11491	1024
116	1024
62	1024
62	1024
62	1024
62	1024
62	1024
62	1024
62	1024
62	1024
63	1024
61	1024
62	1024
66	1024
62	1024
743	1024
821	1024
822	1024
823	1024
820	1024
821	1024
822	1024
821	1024
825	1024
827	1024
824	1024
823	1024
830	1024
825	1024
11619	1024
149	1024
67	1024
70	1024
63	1024
64	1024
62	1024
65	1024
66	1024
64	1024
7274	1024
77	1024
34	1024
32	1024
33	1024
33	1024
33	1024
32	1024
33	1024
37	1024
32	1024
32	1024
32	1024
32	240
61	1024
668	1024
821	1024
821	1024
1166	1024
476	1024
829	1024
107707	1024
142	1024
33	1024
32	1024
31	1024
37	1024
31	1024
31	1024
31	1024
31	1024
31	1024
31	1024
31	1024
219	1024
38	1024
33	1024
33	1024
33	1024
32	1024
32	1024
33	1024
2323	1024
69	1024
41	1024
34	1024
32	1024
33	1024
33	1024
32	1024
33	1024
32	1024
126	1024
38	1024
33	1024
33	1024
1836	1024
64	1024
33	1024
33	1024
33	1024
33	1024
44	1024
32	1024
33	1024
34	1024
32	1024
33	1024
34	1024
32	1024
34	1024
33	1024
33	1024
34	1024
32	1024
33	1024
34	1024
32	1024
33	1024
43	1024
33	1024
34	1024
33	1024
32	1024
34	1024
32	1024
35	1024
33	1024
32	1024
33	1024
34	1024
32	1024
55	1024
32	1024
34	1024
34	664
32	536
38	1024
33	1024
32	1024
34	1024
42	1024
33	1024
34	1024
32	1024
33	1024
33	1024
32	1024
34	1024
33	1024
32	1024
34	1024
32	1024
32	1024
33	1024
36	1024
34	1024
33	1024
32	1024
34	1024
34	1024
33	1024
33	1024
32	1024
33	1024
34	1024
32	1024
33	1024
34	1024
32	1024
33	1024
33	1024
36	1024
34	1024
32	1024
33	1024
34	1024
32	1024
33	1024
34	1024
33	1024
34	1024
33	1024
32	1024
34	1024
33	1024
33	1024
34	1024
32	1024
2113	1024
69	1024
32	1024
31	1024
31	1024
31	1024
31	1024
31	1024
31	872
31	1024
31	1024
31	1024
31	1024
31	1024
32	1024
32	1024
30	1024
5923	1024
96	1024
34	1024
33	1024
67	1024
33	1024
66	1024
65	1024
7446	1024
514	1024
64	1024
59	1024
59	1024
59	1024
58	1024
59	1024
60	1024
60	1024
60	1024
582	1024
833	1024
822	1024
828	1024
1760	1024
72	1024
638	1024
821	1024
2275	1024
63	1024
122	1024
827	1024
815	1024
851	1024
2814	1024
107	1024
63	1024
293	1024
810	1024
836	1024
4410	1024
86	1024
61	1024
60	1024
61	1024
239	1024
822	1024
1302	1024
338	1024
824	1024
822	1024
5446	1024
1208	1024
101	1024
67	1024
112	1024
73	1024
83	1024
63	1024
250	1024
820	1024
821	1024
821	1024
821	1024
822	1024
820	1024
821	1024
6281	1024
135	1024
62	1024
63	1024
61	1024
61	1024
77	1024
59	1024
608	1024
822	1024
821	1024
824	1024
819	1024
824	1024
818	1024
5940	1024
187	1024
64	1024
63	1024
61	1024
62	1024
62	1024
146	1024
823	1024
820	1024
823	1024
821	1024
823	1024
819	1024
825	1024
826	1024
24692	1024
122	1024
32	1024
32	1024
31	1024
32	1024
32	1024
31	1024
31	1024
34	1024
60	1024
33	192
33	1024
32	1024
32	1024
32	1024
31	1024
32	1024
32	1024
31	1024
31	1024
31	1024
31	1024
31	1024
31	1024
55	1024
34	1024
33	1024
38	1024
32	1024
92	1024
60	1024
558	1024
822	1024
1383	1024
252	1024
828	1024
138750	1024
140	1024
34	1024
34	1024
34	1024
33	1024
34	1024
33	1024
41	1024
34	1024
32	1024
34	1024
34	1024
32	1024
37	1024
33	1024
33	1024
34	1024
33	1024
34	1024
33	1024
32	1024
34	1024
32	1024
33	1024
72	1024
43	632
33	1024
34	1024
34	1024
32	1024
34	1024
34	1024
33	1024
34	1024
33	1024
33	1024
34	1024
32	1024
34	1024
34	1024
34	1024
35	1024
32	600
38	1024
34	1024
33	1024
35	1024
33	1024
34	1024
35	1024
36	1024
35	1024
33	1024
37	1024
76	1024
37	1024
34	1024
35	1024
35	1024
33	1024
40	1024
34	1024
35	1024
35	536
33	1024
35	1024
34	1024
34	1024
35	1024
33	1024
34	1024
35	1024
33	1024
36	1024
35	1024
35	1024
34	1024
33	1024
40	1024
34	1024
34	1024
35	1024
33	1024
35	1024
34	1024
34	1024
37	1024
34	1024
35	1024
35	1024
33	1024
81	1024
36	1024
37	1024
42	1024
35	1024
35	1024
34	1024
36	1024
8447	1024
81	1024
34	1024
32	1024
33	1024
32	1024
33	1024
33	1024
33	1024
33	1024
32	1024
32	1024
30	1024
36	1024
30	1024
30	1024
31	1024
33	1024
33	1024
33	1024
33	1024
32	1024
33	1024
32	1024
32	1024
35	1024
3152	1024
68	1024
8002	1024
161	1024
97	1024
62	1024
62	1024
62	1024
62	1024
62	1024
62	1024
62	1024
62	1024
62	1024
62	1024
62	1024
657	1024
822	1024
822	1024
824	1024
819	1024
820	1024
6248	1024
92	1024
65	1024
66	1024
246	1024
821	1024
821	1024
821	1024
820	1024
8233	1024
105	1024
63	1024
62	1024
62	1024
62	1024
62	1024
85	1024
63	1024
67	1024
186	1024
821	1024
821	1024
822	1024
828	1024
815	1024
7045	1024
78	1024
65	1024
65	1024
69	1024
63	1024
64	1024
64	1024
72	1024
642	1024
816	1024
823	1024
828	1024
823	1024
819	1024
2792	1024
7919	1024
63	1024
62	1024
61	1024
61	1024
61	1024
59	1024
59	1024
58	1024
58	1024
58	1024
58	1024
133	1024
822	1024
819	1024
821	1024
822	1024
821	1024
826	1024
826	1024
825	1024
825	1024
822	1024
2979	1024
69	1024
60	1024
186	1024
821	1024
821	1024
820	1024
5544	1024
74	1024
59	696
59	744
59	1024
59	1024
58	1024
164	1024
821	1024
824	1024
823	1024
828	1024
825	1024
828	1024
10187	1024
72	1024
61	1024
66	1024
60	1024
59	1024
60	1024
59	1024
60	1024
59	1024
59	1024
60	1024
60	1024
591	1024
823	1024
820	1024
860	1024
779	1024
825	1024
306	384
821	1024
819	1024
825	1024
222659	1024
113	1024
32	1024
32	1024
31	1024
31	1024
31	1024
31	1024
31	1024
31	1024
31	1024
32	1024
594	1024
37	1024
41	1024
41	1024
31	1024
31	1024
31	1024
31	1024
31	1024
31	1024
31	1024
31	1024
31	1024
31	1024
30	1024
31	1024
31	1024
30	1024
31	352
31	1024
32	1024
35	1024
32	1024
30	1024
43	1024
32	1024
31	1024
31	1024
70	1024
93	1024
37	1024
445	1024
36	1024
31	1024
31	1024
31	1024
31	1024
31	1024
31	1024
34	1024
31	1024
31	1024
31	1024
31	1024
34	1024
32	1024
32	1024
32	1024
31	1024
31	1024
31	1024
869	1024
39	1024
32	1024
31	1024
69	1024
92	1024
37	1024
145	1024
35	1024
31	1024
32	1024
174	1024
37	1024
31	1024
31	1024
31	1024
31	1024
73	904
105	1024
37	1024
141	1024
34	1024
31	1024
35	1024
31	1024
280	1024
38	1024
31	1024
31	1024
31	1024
31	1024
31	1024
31	1024
31	1024
31	1024
31	1024
30	1024
216	1024
35	1024
32	1024
31	1024
35	1024
31	1024
31	1024
31	1024
31	1024
146	1024
35	1024
31	1024
31	1024
144	1024
35	1024
31	1024
32	1024
31	1024
124	1024
35	1024
32	1024
2248	1024
47	1024
31	1024
31	1024
31	1024
30	1024
30	1024
30	1024
31	1024
31	1024
31	1024
30	1024
30	1024
30	1024
30	1024
30	1024
30	1024
30	1024
35	1024
30	1024
31	1024
31	1024
31	1024
31	1024
31	1024
31	1024
31	1024
31	1024
31	1024
31	1024
31	1024
31	1024
31	1024
31	1024
31	1024
31	1024
37	1024
32	1024
32	1024
32	1024
31	1024
32	1024
31	1024
32	1024
31	1024
31	1024
31	1024
40	1024
31	1024
30	1024
31	1024
31	1024
30	1024
33	1024
31	1024
31	1024
30	1024
30	1024
30	1024
30	1024
30	1024
30	1024
30	1024
30	1024
30	1024
30	1024
30	1024
30	1024
30	1024
30	1024
30	1024
33	1024
30	1024
31	1024
31	1024
30	1024
30	1024
30	1024
30	1024
30	1024
30	1024
30	1024
31	1024
30	1024
30	1024
30	1024
30	1024
30	1024
30	1024
33	1024
30	1024
30	1024
30	1024
30	1024
30	1024
31	1024
30	1024
30	1024
31	1024
30	1024
100	1024
34	1024
2315	1024
49	1024
32	1024
32	1024
36	1024
32	1024
31	1024
31	1024
31	1024
31	1024
32	1024
33	1024
32	1024
32	1024
31	1024
36	1024
32	1024
31	1024
32	520
32	1024
32	1024
32	1024
35	1024
32	1024
32	1024
33	1024
32	1024
32	1024
32	1024
36	1024
31	1024
32	1024
34	1024
32	1024
33	1024
31	1024
31	1024
31	1024
35	1024
33	1024
37	1024
33	1024
32	1024
32	1024
32	1024
37	1024
32	1024
33	1024
33	1024
34	1024
31	1024
32	1024
32	1024
32	1024
32	1024
32	1024
33	1024
36	1024
33	1024
37	1024
41	1024
36	1024
32	1024
3944	1024
47	1024
32	1024
31	1024
31	1024
31	1024
31	1024
32	1024
4762	1024
46	1024
591	1024
39	1024
31	1024
30	1024
30	392
15438	1024
102	1024
81	1024
61	1024
60	1024
60	1024
59	1024
58	1024
58	1024
59	1024
58	1024
58	1024
58	1024
80	1024
61	1024
61	1024
61	1024
61	1024
60	1024
60	1024
60	1024
559	1024
826	1024
824	1024
831	1024
4466	1024
149	1024
91	1024
110	1024
65	1024
71	1024
820	1024
823	1024
820	1024
1837	1024
1712	1024
72	1024
65	1024
432	1024
805	1024
816	1024
10616	1024
95	1024
64	1024
60	1024
63	1024
63	1024
80	1024
627	1024
62	1024
60	1024
243	1024
61	1024
76	1024
75	1024
69	1024
802	1000
824	1024
825	1024
2888	1024
70	1024
93	1024
306	1024
755	1024
814	1024
819	1024
824	1024
826	1024
830	1024
826	1024
827	1024
7563	1024
78	1024
60	1024
61	1024
61	1024
61	1024
60	1024
61	1024
61	1024
143	1024
846	1024
7902	1024
168	1024
84	1024
66	1024
59	1024
62	1024
62	1024
59	1024
1151	1024
69	1024
61	1024
110	1024
822	1024
820	1024
822	1024
820	1024
821	1024
251	312
821	1024
8618	1024
100	1024
62	1024
62	1024
61	1024
69	1024
61	1024
62	1024
62	1024
59	1024
58	1024
571	1024
822	1024
818	1024
1759	1024
76	1024
631	1024
831	1024
821	1024
5106	1024
63	1024
68	1024
91	1024
62	1024
61	1024
321	1024
822	1024
821	1024
822	1024
821	1024
822	1024
4294	1024
71	1024
60	1024
59	1024
71	1024
363	1024
827	1024
824	1024
826	1024
817	1024
4072	1024
113	1024
62	1024
67	1024
247	1024
754	1024
451	1024
821	1024
828	1024
64384	1024
145	1024
31	1024
49	1024
34	1024
31	1024
30	488
32	1024
30	1024
31	1024
30	800
30	1024
31	1024
30	1024
30	1024
30	1024
31	1024
31	1024
30	1024
31	1024
30	1024
34	1024
30	1024
972	1024
46	1024
31	1024
331	1024
38	1024
31	1024
31	1024
31	1024
31	1024
31	1024
31	1024
31	1024
30	1024
31	1024
30	1024
37	1024
31	1024
367	1024
51	1024
31	1024
31	1024
30	1024
30	1024
30	1024
30	1024
31	1024
30	1024
30	1024
30	1024
30	1024
30	1024
30	1024
30	1024
35	1024
142	1024
36	1024
31	1024
31	1024
31	1024
215	1024
37	1024
30	1024
30	1024
30	1024
30	1024
64	1024
31	1024
30	1024
533	1024
38	1024
39	1024
30	1024
30	1024
30	1024
180	1024
36	1024
30	1024
30	1024
30	1024
36	1024
30	1024
30	1024
1018	1024
4612	1024
35	1024
31	1024
30	1024
30	1024
35	1024
173	1024
817	1024
820	1024
10230	1024
164	1024
214	1024
61	1024
59	1024
59	1024
59	1024
61	1024
59	1024
59	1024
60	416
74	1024
59	1024
59	1024
551	1024
821	1024
825	1024
828	1024
830	1024
827	1024
6206	1024
120	1024
59	1024
58	1024
58	1024
58	1024
58	1024
58	1024
713	1024
820	1024
9971	1024
139	1024
68	1024
67	1024
87	1024
61	1024
64	1024
67	1024
92	1024
92	1024
63	1024
64	1024
65	1024
3004	1024
151	1024
62	1024
72	1024
606	1024
821	1024
5534	1024
91	888
58	1024
57	1024
57	1024
57	1024
57	1024
557	1024
819	1024
821	1024
821	1024
820	1024
822	1024
820	1024
821	1024
6011	1024
60	1024
59	1024
61	1024
68	1024
61	1024
59	1024
189	1024
850	1024
797	1024
829	1024
1781	1024
64	1024
633	1024
822	1024
818	1024
841	1024
803	1024
3377	1024
2543	1024
97	1024
58	1024
57	1024
57	1024
57	1024
324	1024
823	1024
820	1024
822	1024
14240	1024
136	1024
58	1024
60	1024
60	1024
60	1024
70	1024
60	1024
60	1024
873	1024
5004	1024
94	1024
58	1024
56	1024
54	1024
54	1024
57	1024
57	1024
56	1024
54	1024
54	1024
56	1024
62	1024
56	1024
54	1024
54	1024
623	1024
822	1024
819	1024
820	1024
823	1024
820	1024
3927	1024
129	1024
59	1024
7728	1024
117	1024
58	1024
112	1024
57	1024
56	1024
56	1024
56	720
56	696
82	1024
57	1024
55	1024
53	1024
799	1024
820	1024
824	1024
820	1024
820	1024
9300	1024
103	1024
57	1024
57	1024
57	1024
56	1024
56	1024
57	1024
56	1024
56	1024
56	1024
126	1024
822	1024
822	1024
7481	1024
113	1024
55	1024
54	1024
67	1024
55	1024
54	1024
53	1024
55	1024
255	1024
821	1024
100	40
755	1024
1502	1024
139	1024
821	1024
7035	1024
64	1024
54	1024
53	1024
54	1024
53	1024
58	1024
53	1024
53	1024
722	1024
821	1024
2008	1024
55	1024
398	1024
822	1024
821	1024
5892	1024
56	1024
55	1024
54	1024
54	1024
54	1024
54	1024
342	1024
3385	1024
88	1024
54	1024
53	1024
544	1024
821	1024
822	1024
821	1024
4734	1024
55	1024
53	184
53	1024
53	1024
54	1024
67	1024
3730	1024
91	1024
59	1024
54	1024
189	1024
821	1024
821	1024
822	1024
5072	1024
56	1024
55	1024
55	1024
55	1024
55	1024
393	1024
821	1024
2542	1024
72	1024
54	1024
626	1024
7220	1024
55	1024
54	1024
54	1024
54	1024
54	1024
54	1024
54	1024
54	1024
547	1024
821	1024
822	1024
1376	1024
273	1024
821	1024
10987	1024
123	1024
62	1024
55	1024
55	1024
54	1024
54	1024
55	1024
54	1024
54	1024
54	1024
54	1024
54	1024
54	1024
577	1024
820	1024
821	1024
4956	1024
62	1024
61	1024
55	1024
54	1024
54	1024
499	1024
820	1024
2431	1024
55	1024
54	1024
744	1024
818	1024
821	1024
9413	1024
59	1024
54	1024
54	1024
54	1024
62	1024
55	1024
55	1024
54	1024
54	1024
55	1024
55	1024
636	1024
358959	1024
118	1024
29	1024
27	1024
27	1024
27	1024
27	1024
27	1024
27	1024
27	1024
33	1024
27	1024
27	1024
125	1024
35	1024
27	1024
27	1024
137	1024
31	1024
27	1024
27	600
27	1024
317	1024
31	1024
27	1024
28	1024
27	1024
27	1024
31	1024
27	1024
27	1024
27	1024
27	1024
27	1024
26	1024
26	1024
27	1024
88	1024
33	1024
89	1024
30	1024
6893	1024
87	1024
28	1024
27	1024
33	1024
27	1024
27	1024
27	1024
27	1024
27	1024
27	1024
27	1024
27	1024
27	1024
27	1024
27	1024
27	1024
27	1024
27	1024
27	1024
27	1024
27	1024
30	1024
27	1024
27	1024
27	1024
27	1024
27	1024
26	1024
27	1024
26	1024
27	1024
27	1024
27	1024
27	1024
27	1024
27	1024
27	1024
27	1024
27	1024
30	1024
26	1024
27	1024
27	1024
26	1024
26	1024
27	1024
27	1024
27	1024
27	1024
27	1024
27	1024
27	1024
27	1024
26	1024
26	1024
27	1024
30	1024
27	1024
27	1024
27	1024
27	1024
27	1024
27	1024
27	1024
27	1024
27	1024
27	1024
27	1024
26	1024
27	1024
27	1024
27	1024
27	1024
27	1024
29	1024
27	1024
27	1024
27	1024
27	1024
27	1024
27	1024
27	1024
27	1024
27	1024
26	1024
27	1024
27	1024
27	1024
28	1024
27	1024
27	1024
27	1024
30	1024
27	1024
27	1024
27	1024
27	1024
27	1024
27	1024
12287	1024
201	1024
33	1024
31	1024
30	1024
29	1024
30	1024
29	1024
29	1024
29	1024
46	1024
30	1024
30	1024
30	1024
29	1024
29	1024
29	1024
28	1024
29	1024
29	1024
30	1024
29	1024
29	1024
29	1024
30	1024
29	1024
29	992
30	1024
39	1024
29	1024
29	1024
29	1024
29	1024
29	1024
29	1024
29	1024
29	1024
29	1024
29	1024
29	1024
28	1024
27	1024
37	1024
27	1024
27	1024
26	1024
31	1024
27	1024
27	1024
27	1024
28	1024
27	1024
27	1024
27	1024
26	1024
27	1024
28	1024
10221	1024
137	1024
56	1024
54	1024
54	1024
53	1024
63	1024
54	1024
54	1024
54	1024
53	1024
53	1024
54	1024
53	1024
7105	1024
55	1024
53	1024
53	1024
53	1024
53	1024
53	1024
53	1024
53	1024
53	1024
57	240
53	1024
234	1024
3203	1024
70	1024
54	1024
54	1024
720	1024
7138	1024
101	1024
56	1024
55	1024
55	1024
56	1024
55	1024
56	1024
56	1024
572	1024
2954	1024
125	1024
56	1024
158	1024
823	1024
817	1024
3868	1024
84	1024
69	1024
55	1024
55	1024
789	1024
818	1024
20341	1024
134	1024
59	1024
57	1024
66	1024
57	1024
56	1024
56	1024
56	1024
56	1024
56	1024
56	1024
56	1024
56	1024
56	1024
56	1024
56	1024
56	416
56	1024
56	1024
74	1024
57	1024
74	1024
56	1024
56	1024
55	1024
56	1024
559	1024
820	1024
822	1024
820	1024
3316	1024
128	1024
57	1024
55	1024
560	1024
820	1024
6326	1024
82	1024
63	1024
54	1024
54	1024
54	1024
54	1024
54	1024
637	1024
819	1024
6292	1024
88	1024
29	1024
33	1024
29	1024
29	1024
29	1024
62	1024
809	1024
821	1024
824	1024
821	1024
16332	1024
95	1024
29	1024
28	1024
30	1024
31	1024
30	1024
28	1024
28	1024
28	1024
27	1024
28	1024
27	1024
27	1024
27	1024
36	1024
29	1024
27	1024
28	1024
27	1024
290	1024
826	1024
826	1024
835	1024
20628	1024
94	1024
28	1024
29	1024
28	1024
28	1024
27	1024
27	1024
27	1024
38	1024
27	1024
27	1024
27	1024
27	1024
27	1024
28	1024
27	1024
28	1024
27	1024
27	1024
26	1024
26	1024
27	1024
26	1024
27	1024
27	1024
757	1024
1007	1024
729	1024
12697	1024
110	1024
31	1024
29	1024
29	1024
28	1024
28	1024
28	1024
29	1024
29	1024
29	1024
28	1024
29	1024
28	1024
29	1024
37	1024
603	976
14872	1024
163	1024
58	1024
56	1024
57	1024
55	1024
55	1024
55	1024
55	1024
55	1024
55	1024
55	1024
55	1024
55	1024
55	1024
54	1024
60	1024
55	1024
55	1024
445	1024
820	1024
820	1024
821	1024
7855	1024
56	1024
55	1024
55	1024
55	1024
55	1024
55	1024
55	1024
55	1024
55	1024
660	1024
820	1024
821	1024
820	1024
824	1024
817	1024
6871	1024
151	1024
64	1024
64	1024
66	1024
86	1024
3267	1024
88	1024
83	1024
55	1024
54	1024
54	1024
59	1024
537	1024
819	1024
820	1024
821	1024
822	1024
820	1024
819	1024
821	1024
5603	1024
145	1024
59	1024
56	1024
56	1024
55	1024
56	1024
531	1024
833	1024
6086	1024
56	1024
56	1024
55	1024
55	1024
55	1024
55	320
55	1024
358	1024
820	1024
821	1024
821	1024
823	1024
818	1024
7246	1024
118	1024
57	1024
61	1024
56	1024
55	1024
55	1024
55	1024
55	1024
436	1024
825	1024
831	1024
79829	1024
104	1024
29	1024
28	1024
27	1024
403	1024
33	1024
29	1024
34	1024
29	1024
28	1024
28	1024
28	1024
28	1024
50	1024
28	1024
28	1024
28	1024
28	1024
28	1024
28	1024
28	1024
28	1024
28	1024
73	1024
135	1024
31	1024
29	1024
35	1024
91	1024
32	1024
137	536
32	1024
28	1024
28	1024
28	1024
130	1024
34	1024
27	1024
27	1024
142	1024
32	1024
28	1024
32	1024
28	1024
185	1024
32	1024
28	1024
33	1024
28	1024
28	1024
28	1024
148	1024
32	48
28	1024
28	1024
28	1024
128	1024
32	1024
28	1024
403	1024
34	1024
26	1024
26	1024
26	1024
26	1024
28	1024
28	1024
28	1024
28	1024
28	1024
28	1024
28	1024
28	1024
28	1024
28	1024
28	416
28	1024
35	1024
28	1024
28	1024
160	1024
32	1024
28	1024
28	1024
28	1024
28	1024
426	1024
32	1024
28	136
28	136
28	1024
28	1024
28	1024
28	1024
28	1024
31	1024
28	1024
28	952
28	464
28	616
28	1024
28	112
28	1024
28	1024
28	1024
28	1024
28	1024
87	1024
4372	1024
40	1024
28	1024
28	1024
32	1024
63	1024
7440	1024
89	1024
56	1024
56	1024
55	1024
55	944
55	232
55	1024
55	1024
55	1024
54	360
420	1024
820	1024
820	1024
290	360
821	1024
2635	1024
54	1024
53	1024
535	1024
825	1024
4087	1024
59	1024
56	1024
70	1024
70	1024
583	1024
820	1024
827	1024
825	1024
2744	1024
61	1024
53	1024
1283	1024
63	1024
4491	1024
57	1024
52	1024
52	1024
52	1024
143	1024
821	1024
823	1024
5403	1024
103	1024
54	1024
55	1024
55	1024
55	1024
77	1024
781	1024
817	1024
820	1024
885	1024
755	1024
8162	1024
104	1024
191	1024
53	1024
50	1024
529	1024
52	1024
50	1024
50	1024
50	1024
50	1024
536	1024
2234	1024
52	1024
174	1024
820	1024
821	1024
6134	1024
61	1024
50	1024
49	1024
49	1024
49	1024
49	1024
112	1024
822	1024
818	1024
820	1024
820	1024
827	1024
7603	1024
160	1024
62	1024
51	1024
52	1024
53	1024
51	1024
53	1024
59	1024
90	1024
822	1024
818	1024
820	1024
821	1024
3939	1024
74	1024
52	1024
51	1024
51	1024
752	1024
819	1024
3704	1024
60	1024
52	1024
52	1024
244	1024
824	1024
817	1024
822	1024
818	1024
6922	1024
148	1024
51	1024
51	1024
51	1024
50	1024
50	1024
60	1024
50	1024
764	1024
824	1024
828	1024
952	1024
693	1024
7317	976
75	1024
52	1024
51	1024
52	1024
52	1024
51	1024
51	1024
51	1024
422	1024
820	1024
821	1024
821	1024
8733	1024
127	1024
52	1024
54	1024
53	1024
52	1024
52	1024
53	1024
52	1024
52	600
53	1024
190	1024
831	1024
828	1024
820	1024
822	1024
819	1024
4812	1024
59	1024
51	1024
50	1024
50	1024
51	1024
664	1024
819	1024
821	1024
819	1024
820	1024
2024	1024
59	1024
379	1024
378387	1024
142	1024
28	1024
27	1024
27	1024
27	1024
26	1024
26	1024
26	1024
26	1024
26	1024
26	1024
26	1024
26	1024
26	1024
26	1024
26	1024
26	1024
26	1024
31	1024
26	1024
26	1024
26	1024
26	1024
26	1024
26	1024
26	1024
26	1024
26	1024
26	1024
227	1024
30	1024
26	1024
26	1024
26	1024
26	1024
26	1024
31	1024
326	1024
30	1024
26	1024
26	1024
26	1024
26	1024
26	1024
26	1024
26	1024
26	1024
26	1024
26	1024
26	1024
26	1024
26	1024
26	1024
31	1024
26	1024
26	1024
26	432
26	1024
390	1024
30	1024
27	1024
26	1024
26	1024
26	1024
26	1024
26	1024
26	1024
26	1024
26	1024
26	1024
27	1024
30	1024
26	1024
27	1024
26	1024
26	1024
26	1024
26	1024
26	1024
26	1024
26	1024
26	1024
26	1024
26	1024
94	1024
29	1024
26	1024
1409	1024
47	1024
31	1024
27	1024
26	1024
27	1024
26	1024
26	1024
26	1024
26	1024
44	1024
29	1024
27	1024
26	1024
27	1024
27	1024
26	1024
27	1024
26	1024
30	1024
26	1024
27	1024
26	1024
27	1024
26	1024
26	1024
26	1024
26	1024
26	1024
26	1024
26	1024
26	1024
26	1024
26	1024
26	1024
26	1024
26	1024
31	1024
26	1024
26	1024
26	1024
26	1024
26	1024
26	1024
26	1024
26	1024
26	1024
26	1024
26	1024
26	1024
26	1024
26	1024
26	1024
26	1024
26	1024
29	1024
26	1024
26	1024
26	1024
26	1024
26	1024
26	1024
26	1024
26	1024
26	1024
26	1024
26	1024
26	1024
26	1024
26	1024
26	1024
26	1024
29	368
26	1024
26	1024
26	1024
26	1024
26	1024
26	1024
26	1024
26	1024
26	1024
26	1024
26	1024
26	1024
26	1024
26	1024
26	1024
26	1024
26	1024
29	1024
26	1024
26	1024
26	1024
26	1024
26	1024
26	368
26	1024
26	1024
627	1024
41	1024
27	1024
27	1024
27	1024
26	1024
27	1024
26	1024
26	1024
30	1024
26	1024
27	1024
27	1024
27	1024
27	1024
26	1024
26	1024
27	1024
26	1024
27	1024
26	1024
27	1024
27	1024
27	1024
27	1024
27	1024
31	1024
27	1024
27	1024
27	1024
27	1024
27	1024
27	1024
27	1024
27	1024
27	1024
39	1024
28	1024
27	1024
27	1024
28	1024
27	1024
28	1024
27	1024
34	1024
28	1024
27	1024
28	1024
27	1024
29	1024
27	1024
27	1024
28	1024
28	1024
28	1024
28	1024
28	1024
28	1024
28	1024
28	1024
28	1024
28	1024
32	1024
28	1024
28	1024
29	1024
28	1024
28	1024
28	1024
28	1024
29	1024
28	1024
28	1024
29	1024
27	1024
29	1024
28	1024
28	1024
27	1024
33	1024
29	1024
28	1024
28	1024
28	1024
28	1024
28	1024
27	1024
28	1024
28	1024
28	1024
28	1024
28	1024
27	1024
27	1024
27	1024
27	1024
28	1024
31	1024
27	1024
28	1024
27	1024
28	1024
27	1024
29	1024
41	1024
12011	1024
29	1024
28	1024
30	1024
28	1024
28	1024
28	1024
28	1024
28	1024
33	1024
28	1024
28	1024
27	1024
27	1024
28	224
28	1024
28	1024
28	1024
28	1024
27	1024
27	392
28	1024
28	1024
28	1024
28	1024
28	1024
28	1024
31	1024
28	1024
28	1024
28	1024
28	1024
28	1024
28	1024
28	1024
28	1024
28	1024
28	1024
28	1024
28	1024
28	1024
27	392
28	1024
28	1024
28	1024
31	1024
28	1024
28	1024
28	1024
28	1024
28	1024
27	1024
27	1024
27	1024
28	1024
26	1024
28	1024
28	1024
28	1024
28	1024
28	1024
28	1024
31	1024
28	1024
28	1024
28	1024
28	1024
27	224
28	1024
28	1024
28	1024
38	1024
28	1024
28	1024
28	1024
27	1024
28	1024
27	1024
27	1024
27	1024
31	1024
28	1024
28	1024
28	1024
28	1024
28	1024
28	1024
28	1024
28	1024
28	1024
28	1024
28	1024
28	1024
28	1024
27	1024
28	1024
28	1024
28	1024
31	1024
28	1024
28	1024
28	1024
28	1024
28	1024
27	1024
13469	1024
80	1024
28	1024
28	1024
28	1024
28	1024
28	1024
28	1024
27	1024
28	1024
34	1024
28	1024
31	1024
28	1024
27	1024
27	1024
27	1024
35	1024
573	1024
8476	1024
79	1024
29	1024
28	1024
28	1024
28	1024
27	1024
27	1024
27	1024
32	1024
27	1024
825	1024
819	1024
816	1024
818	1024
8394	1024
96	1024
30	1024
28	1024
28	1024
28	1024
28	1024
28	1024
28	1024
28	1024
344	1024
818	1024
819	1024
822	1024
828	1024
8049	1024
149	1024
32	1024
30	1024
29	1024
28	1024
31	1024
29	1024
28	1024
28	1024
626	1024
814	1024
820	1024
823	1024
8526	1024
101	768
28	1024
28	1024
28	1024
28	1024
28	1024
27	1024
28	160
27	1024
28	1024
60	1024
818	1024
818	1024
820	1024
821	1024
8308	1024
138	1024
36	1024
28	1024
28	520
27	1024
27	1024
28	1024
28	1024
28	1024
28	1024
773	1024
816	1024
818	1024
821	1024
7738	1024
56	1024
29	1024
28	1024
35	1024
27	1024
28	1024
28	1024
28	1024
215	1024
810	1024
828	1024
14482	1024
52	1024
50	1024
49	1024
49	1024
49	1024
49	1024
49	1024
49	1024
49	1024
54	1024
49	1024
49	1024
50	1024
49	1024
50	1024
49	1024
49	1024
270	1024
820	1024
820	1024
821	1024
826	1024
830	1024
831	1024
2965	1024
60	1024
59	1024
215	1024
826	1024
819	1024
821	1024
830	1024
11327	1024
52	1024
97	1024
51	1024
50	1024
49	1024
50	1024
50	1024
1557	1024
54	1024
12114	1024
62	1024
52	1024
49	1024
49	1024
48	1024
48	1024
48	1024
48	1024
48	1024
48	1024
48	1024
48	1024
48	1024
48	64
48	1024
48	1024
48	1024
48	1024
52	1024
48	1024
48	1024
48	1024
623	1024
822	1024
818	1024
820	1024
820	1024
820	1024
829	1024
826	1024
821	1024
820	1024
823	1024
827	1024
830	1024
8286	1024
57	1024
48	1024
48	1024
48	1024
48	1024
48	1024
48	1024
48	1024
48	1024
317	1024
819	1024
822	1024
818	1024
823	1024
818	1024
819	1024
820	1024
819	1024
83374	1024
118	1024
26	1024
25	1024
25	1024
25	1024
25	1024
25	1024
25	1024
25	1024
25	1024
25	1024
25	1024
25	1024
26	1024
25	1024
25	1024
31	1024
25	1024
25	1024
144	1024
29	1024
25	1024
26	1024
25	1024
26	1024
25	1024
160	1024
29	120
25	192
25	1024
25	1024
25	1024
25	1024
25	1024
28	1024
333	1024
29	1024
25	1024
25	1024
25	1024
26	1024
25	1024
27	1024
25	1024
25	1024
25	1024
25	1024
25	1024
26	1024
25	1024
25	1024
29	1024
25	1024
25	1024
25	1024
25	1024
25	1024
146	1024
28	1024
25	1024
25	1024
25	1024
25	1024
25	1024
25	1024
4788	1024
30	1024
25	1024
25	1024
29	1024
25	1024
25	1024
25	1024
25	1024
25	1024
25	1024
25	1024
25	1024
25	1024
25	1024
25	1024
26	1024
25	1024
25	1024
26	1024
25	1024
25	1024
30	1024
26	1024
25	1024
25	1024
25	1024
25	1024
25	1024
25	1024
25	1024
25	1024
25	1024
25	1024
25	1024
25	1024
25	1024
25	1024
25	1024
29	1024
27	1024
26	1024
25	1024
25	1024
25	1024
25	1024
6817	1024
28	1024
25	1024
25	1024
25	1024
25	1024
25	1024
25	1024
25	1024
7811	1024
49	1024
51	1024
48	1024
47	1024
48	1024
47	1024
48	1024
48	1024
47	1024
47	280
48	1024
787	1024
820	1024
820	1024
820	1024
828	1024
827	1024
2563	1024
49	1024
52	1024
629	1024
824	1024
821	1024
9617	1024
50	1024
49	1024
48	1024
49	1024
49	1024
49	1024
48	1024
48	1024
48	1024
48	1024
48	1024
528	1024
820	1024
820	1024
820	1024
822	1024
818	1024
826	1024
816	1024
819	1024
827	1024
828	1024
826	1024
1905	1024
11981	1024
52	1024
49	1024
48	1024
47	1024
48	1024
52	1024
48	1024
48	1024
48	1024
48	1024
48	1024
48	1024
47	1024
47	1024
47	1024
148	1024
820	1024
820	1024
820	1024
823	1024
818	1024
820	1024
820	1024
820	1024
821	1024
820	1024
820	1024
820	1024
820	1024
822	1024
819	1024
6893	1024
48	1024
47	1024
47	1024
47	1024
47	1024
47	1024
47	1024
151	1024
821	1024
820	1024
820	1024
820	1024
822	1024
819	1024
820	1024
820	1024
8859	1024
48	1024
47	1024
47	1024
47	1024
46	104
47	1024
47	1024
47	1024
47	1024
52	1024
47	1024
535	1024
820	1024
820	1024
820	1024
821	1024
820	1024
820	1024
820	1024
819	1024
821	1024
820	1024
821	1024
821	1024
2249	1024
52	1024
156	1024
821	1024
9807	1024
48	1024
47	1024
47	1024
47	1024
47	1024
47	1024
47	1024
47	1024
47	1024
47	1024
46	184
47	1024
427	1024
820	1024
820	1024
820	1024
821	1024
819	1024
820	1024
839	1024
802	1024
820	1024
819	1024
820	1024
820	1024
1158	1024
481	1024
819	1024
9096	1024
148	1024
49	1024
47	1024
47	1024
51	1024
47	1024
47	1024
47	1024
47	1024
47	1024
161	1024
819	1024
821	1024
819	1024
820	1024
820	1024
823	1024
819	1024
823	1024
817	1024
819	1024
821	1024
819	1024
820	1024
820	1024
3260	1024
61	1024
47	1024
47	1024
683	1024
820	1024
822	1024
819	1024
820	1024
820	1024
820	1024
821	1024
820	1024
820	1024
822	1024
821	1024
2542	1024
82	1024
48	1024
605	1024
820	1024
821	1024
820	1024
820	1024
820	1024
820	1024
820	1024
823	1024
817	1024
820	1024
822	1024
819	1024
820	1024
820	1024
2489	1024
67	1024
48	1024
676	1024
820	1024
1037	1024
606	1024
819	1024
823	1024
817	1024
820	1024
820	1024
819	1024
820	1024
819	1024
820	1024
821	1024
820	1024
826	1024
814	1024
820	1024
820	1024
821	1024
819	1024
821	1024
820	1024
821	1024
820	1024
820	1024
818	1024
825	1024
815	1024
820	1024
820	1024
820	1024
821	1024
819	1024
820	1024
820	1024
820	1024
822	1024
820	1024
820	1024
724	904
174	216
822	1024
820	1024
819	1024
819	1024
820	1024
820	1024
822	1024
820	1024
819	1024
820	1024
820	1024
821	1024
820	1024
819	1024
822	1024
820	1024
856	1024
783	1024
822	1024
819	1024
820	1024
820	1024
820	1024
820	1024
820	1024
822	1024
47	16
786	1024
820	1024
820	1024
820	1024
822	1024
818	1024
820	1024
820	1024
820	1024
822	1024
819	1024
820	1024
819	1024
820	1024
822	1024
819	1024
822	1024
818	1024
819	1024
821	1024
820	1024
820	1024
820	1024
820	1024
822	1024
818	1024
820	1024
820	1024
820	1024
822	1024
819	1024
820	1024
820	1024
820	1024
820	1024
820	1024
820	1024
820	1024
821	1024
820	1024
820	1024
820	1024
820	1024
821	1024
821	1024
819	1024
820	1024
820	1024
821	1024
820	1024
820	1024
820	1024
821	1024
821	1024
820	1024
819	1024
820	1024
820	1024
822	1024
819	1024
820	1024
821	1024
823	1024
821	1024
823	1024
813	1024
821	1024
821	1024
823	1024
825	1024
816	1024
818	1024
832	1024
810	1024
817	1024
820	1024
820	1024
821	1024
820	1024
818	1024
820	1024
820	1024
821	1024
820	1024
821	1024
820	1024
820	1024
822	1024
819	1024
819	1024
819	1024
820	1024
821	1024
820	1024
820	1024
820	1024
820	1024
821	1024
819	1024
820	1024
820	1024
819	1024
821	1024
819	1024
820	1024
820	1024
820	1024
821	1024
819	1024
820	1024
820	1024
826	1024
814	1024
820	1024
820	1024
820	1024
822	1024
818	1024
820	1024
820	1024
820	1024
820	1024
820	1024
821	1024
821	1024
819	1024
822	1024
818	1024
821	1024
829	1024
811	1024
823	1024
818	1024
823	1024
818	1024
820	1024
821	1024
830	1024
811	1024
820	1024
820	1024
821	1024
820	1024
820	1024
820	1024
820	1024
418	520
820	1024
821	1024
835	1024
804	1024
820	1024
823	1024
827	1024
809	1024
819	1024
821	1024
820	1024
820	1024
820	1024
820	1024
823	1024
817	1024
47	40
806	1024
822	1024
819	1024
821	1024
824	1024
814	1024
820	1024
821	1024
819	1024
820	1024
820	1024
820	1024
821	1024
819	1024
820	1024
820	1024
46	40
134	184
820	1024
821	1024
820	1024
819	1024
820	1024
820	1024
821	1024
821	1024
821	1024
819	1024
819	1024
821	1024
819	1024
820	1024
820	1024
820	1024
821	1024
820	1024
820	1024
821	1024
820	1024
819	1024
820	1024
820	1024
820	1024
796	992
820	1024
818	1024
820	1024
820	1024
821	1024
820	1024
820	1024
820	1024
820	1024
821	1024
820	1024
821	1024
819	1024
820	1024
821	1024
819	1024
820	1024
820	1024
820	1024
821	1024
820	1024
820	1024
821	1024
822	1024
818	1024
820	1024
820	1024
820	1024
820	1024
822	1024
819	1024
820	1024
820	1024
825	1024
815	1024
820	1024
820	1024
820	1024
822	1024
819	1024
820	1024
821	1024
818	1024
821	1024
819	1024
820	1024
820	1024
822	1024
819	1024
820	1024
820	1024
820	1024
820	1024
820	1024
820	1024
821	1024
824	1024
820	1024
1853	1024
77	1024
527	1024
819	1024
820	1024
834	1024
812	1024
817	1024
820	1024
819	1024
821	1024
821	1024
818	1024
820	1024
840	1024
801	1024
821	1024
819	1024
1257	1024
384	1024
829	1024
812	1024
820	1024
821	1024
819	1024
820	1024
819	1024
820	1024
820	1024
824	1024
822	1024
817	1024
823	1024
818	1024
826	1024
817	1024
818	1024
820	1024
820	1024
821	1024
820	1024
820	1024
821	1024
820	1024
822	1024
820	1024
1430	1024
208	1024
819	1024
821	1024
820	1024
820	1024
820	1024
821	1024
820	1024
840	1024
801	1024
820	1024
821	1024
818	1024
820	1024
820	1024
820	1024
821	1024
819	1024
964	1024
682	1024
1055	1024
16346	1024
103	1024
48	104
47	1024
47	1024
47	1024
47	1024
47	1024
47	1024
47	1024
47	1024
47	1024
47	1024
47	1024
47	1024
58	1024
47	1024
47	1024
47	1024
47	1024
47	1024
47	1024
466	1024
724	904
821	1024
825	1024
815	1024
820	1024
820	1024
820	1024
821	1024
819	1024
3126	1024
63	1024
47	1024
47	1024
815	1024
822	1024
818	1024
820	1024
8229	1024
117	1024
49	1024
56	1024
50	1024
68	1024
47	1024
47	1024
48	1024
50	1024
255	1024
821	1024
821	1024
736	920
831	1024
809	1024
821	1024
820	1024
820	1024
819	1024
821	1024
2911	1024
85	1024
50	1024
232	1024
821	1024
819	1024
819	1024
821	1024
827	1024
813	1024
820	1024
822	1024
818	1024
821	1024
820	1024
820	1024
820	1024
820	1024
822	1024
818	1024
820	1024
820	1024
820	1024
822	1024
7707	1024
48	1024
46	1024
46	1024
45	1024
46	1024
46	1024
46	1024
46	1024
117	1024
819	1024
822	1024
818	1024
820	1024
821	1024
820	1024
423	528
820	1024
820	1024
820	1024
3701	1024
47	1024
46	1024
46	1024
257	1024
820	1024
820	1024
820	1024
820	1024
8323	1024
47	1024
46	1024
46	1024
45	1024
46	1024
46	1024
50	1024
45	568
50	1024
46	1024
679	1024
821	1024
820	1024
821	1024
822	1024
819	1024
820	1024
822	1024
842	1024
800	1024
818	1024
2681	1024
73	1024
51	1024
473	1024
822	1024
820	1024
9736	1024
65	1024
47	1024
47	1024
46	1024
45	1024
44	1024
43	1024
61	1024
47	1024
45	1024
45	1024
380	1024
836	1024
478	616
820	1024
820	1024
822	1024
819	1024
819	1024
821	1024
825	1024
816	1024
821	1024
820	1024
1565	1024
74	1024
820	1024
820	1024
10312	1024
131	1024
43	1024
43	1024
43	1024
43	1024
43	1024
43	1024
43	1024
43	1024
43	1024
43	1024
43	1024
556	1024
819	1024
821	1024
820	1024
821	1024
819	1024
820	1024
820	1024
820	1024
821	1024
820	1024
820	1024
822	1024
931	1024
707	1024
821	1024
10465	1024
48	1024
44	1024
44	1024
50	1024
43	1024
43	1024
42	1024
42	1024
48	1024
41	1024
43	1024
43	1024
476	1024
822	1024
822	1024
821	1024
821	1024
821	1024
823	1024
824	1024
817	1024
825	1024
819	1024
817	1024
821	1024
1188	1024
441	1024
821	1024
10673	1024
50	1024
36	1024
36	1024
35	1024
35	1024
36	1024
35	1024
35	1024
35	1024
46	1024
35	1024
35	1024
349	1024
831	1024
819	1024
831	1024
816	1024
812	1024
824	1024
818	1024
819	1024
822	1024
818	1024
813	1024
818	1024
820	1024
12600	1024
84	1024
35	1024
35	1024
35	1024
35	1024
35	1024
35	1024
35	1024
35	1024
35	1024
35	1024
35	1024
35	1024
35	1024
35	1024
761	1024
821	1024
820	1024
825	1024
817	1024
820	1024
821	1024
820	1024
826	1024
814	1024
820	1024
821	1024
819	1024
822	1024
919	1024
11021	1024
49	1024
35	1024
35	1024
68	1024
43	1024
35	1024
35	1024
35	1024
34	1024
35	1024
35	1024
35	1024
35	1024
664	1024
820	1024
34	8
792	1024
820	1024
821	1024
819	1024
820	1024
820	1024
821	1024
462	576
819	1024
820	1024
820	1024
1299	1024
342	1024
821	1024
820	1024
10014	1024
37	1024
36	1024
35	1024
36	1024
35	1024
35	1024
34	1024
39	1024
35	1024
35	1024
35	1024
247	1024
820	1024
820	1024
820	1024
820	1024
821	1024
819	1024
820	1024
820	1024
822	1024
820	1024
820	1024
821	1024
1508	1024
132	1024
820	1024
9453	1024
40	1024
37	1024
38	872
38	1024
37	1024
38	1024
37	1024
37	1024
38	1024
37	1024
37	1024
664	1024
835	1024
805	1024
820	1024
820	1024
820	1024
821	1024
819	1024
820	1024
820	1024
820	1024
821	1024
3485	1024
38	1024
38	1024
37	1024
501	1024
820	1024
820	1024
820	1024
8921	1024
40	1024
35	1024
35	1024
35	1024
34	1024
35	1024
34	1024
35	1024
34	1024
35	1024
560	1024
820	1024
820	1024
820	1024
820	1024
820	1024
820	1024
820	1024
820	1024
820	1024
819	1024
821	1024
2058	1024
38	1024
363	1024
820	1024
820	1024
9961	1024
39	1024
35	1024
35	1024
35	1024
35	1024
35	1024
35	1024
35	1024
41	1024
35	1024
35	1024
300	1024
820	1024
819	1024
820	1024
825	1024
815	1024
820	1024
820	1024
820	1024
822	1024
818	1024
820	1024
820	1024
1452	1024
190	1024
819	1024
10991	1024
37	360
35	1024
35	1024
35	1024
34	1024
35	1024
35	1024
35	1024
35	1024
35	1024
35	1024
35	1024
35	1024
316	1024
820	1024
820	1024
820	1024
821	1024
34	16
798	1024
820	1024
820	1024
820	1024
821	1024
819	1024
393	488
821	1024
820	1024
820	1024
4656	1024
40	1024
38	1024
41	808
37	1024
37	1024
714	1024
820	1024
821	1024
820	1024
822	1024
3298	1024
36	1024
35	1024
35	1024
692	1024
820	1024
820	1024
820	1024
821	1024
7915	1024
42	1024
38	1024
37	1024
44	1024
38	1024
38	1024
37	1024
37	1024
38	1024
751	1024
820	1024
820	1024
820	1024
821	1024
819	1024
820	1024
820	1024
820	1024
4328	1024
36	1024
35	1024
35	1024
35	1024
447	1024
820	1024
820	1024
820	1024
821	1024
821	1024
7306	1024
38	1024
37	1024
37	1024
37	1024
38	1024
41	1024
37	1024
37	1024
584	1024
250	312
821	1024
820	1024
821	1024
821	1024
820	1024
820	1024
820	1024
820	1024
4291	1024
36	1024
35	1024
35	1024
35	1024
484	1024
819	1024
820	1024
820	1024
820	1024
821	1024
7269	1024
38	1024
38	1024
38	1024
37	1024
37	1024
37	1024
38	1024
37	1024
626	1024
820	1024
820	1024
820	1024
821	1024
819	1024
820	1024
820	1024
820	1024
4504	1024
36	1024
35	1024
35	1024
35	1024
272	1024
820	1024
820	1024
820	1024
820	1024
820	1024
7497	1024
39	1024
38	1024
38	1024
38	1024
37	1024
37	1024
37	1024
37	1024
396	1024
821	1024
820	1024
820	1024
822	1024
819	1024
820	1024
820	1024
819	1024
822	1024
3980	1024
73	1024
35	1024
35	1024
35	1024
758	1024
825	1024
821	1024
821	1024
8526	1024
44	1024
35	1024
35	1024
35	1024
35	472
35	1024
39	1024
35	1024
35	1024
35	1024
495	1024
820	1024
820	1024
820	1024
821	1024
819	1024
820	1024
820	1024
820	1024
250	312
821	1024
819	1024
2661	1024
36	1024
38	1024
544	1024
820	1024
820	1024
9746	1024
39	1024
35	1024
35	1024
35	896
35	1024
35	1024
35	944
35	1024
35	1024
35	1024
35	1024
352	1024
820	1024
820	1024
820	1024
821	1024
819	1024
820	1024
820	1024
823	1024
818	1024
820	1024
820	1024
820	1024
1398	1024
241	1024
819	1024
10955	1024
45	1024
35	1024
38	1024
35	1024
35	1024
35	1024
35	1024
35	1024
35	1024
35	1024
35	1024
35	1024
86	1024
820	1024
819	1024
820	1024
820	1024
821	1024
819	1024
820	1024
820	1024
820	1024
821	1024
820	1024
820	1024
819	1024
12811	1024
37	1024
35	1024
35	1024
35	1024
35	1024
35	1024
35	256
35	1024
35	1024
35	1024
38	1024
35	1024
35	1024
35	1024
35	1024
35	1024
766	1024
820	1024
820	1024
820	1024
821	1024
819	1024
820	1024
820	1024
820	1024
821	1024
820	1024
820	1024
820	1024
821	1024
820	1024
2857	1024
36	256
35	1024
35	1024
522	1024
820	1024
820	1024
6028	1024
36	1024
35	1024
35	1024
35	1024
35	1024
35	1024
317	1024
820	1024
820	1024
820	1024
820	1024
821	1024
820	1024
820	1024
5723	1024
36	1024
35	1024
35	1024
35	1024
35	1024
35	1024
621	1024
820	1024
820	1024
820	1024
822	1024
819	1024
820	1024
820	1024
5420	1024
36	1024
35	1024
35	1024
35	1024
35	1024
141	1024
819	1024
820	1024
820	1024
820	1024
821	1024
820	1024
6755	1024
36	1024
35	1024
35	1024
35	1024
35	1024
35	1024
35	1024
376	1024
743	928
820	1024
820	1024
820	1024
821	1024
820	1024
819	1024
820	1024
4888	1024
36	1024
35	376
35	1024
35	1024
35	1024
155	1024
820	1024
820	1024
820	1024
820	1024
821	1024
819	1024
6741	1024
36	1024
35	1024
35	1024
35	1024
38	1024
35	1024
35	1024
386	1024
820	1024
820	1024
820	1024
820	1024
821	1024
820	1024
819	1024
5748	1024
74	1024
72	1024
73	1024
71	1024
71	1024
75	1024
375	1024
821	1024
820	1024
820	1024
821	1024
7832	1024
98	1024
53	1024
52	1024
51	1024
51	1024
48	304
7563	1024
17	1024
13	1024
13	1024
13	1024
16	1024
13	1024
13	1024
13	1024
13	1024
13	1024
13	1024
13	336
179	1024
817	1024
819	1024
2034	1024
35	1024
391	1024
820	1024
819	1024
9939	1024
35	1024
38	1024
34	1024
34	1024
34	1024
34	1024
34	1024
34	1024
34	1024
34	1024
34	1024
336	1024
819	1024
820	1024
819	1024
820	1024
820	1024
820	1024
820	1024
820	1024
820	1024
819	1024
820	1024
820	1024
1432	1024
208	1024
819	1024
10973	1024
35	1024
34	160
33	136
33	136
33	136
33	528
33	136
33	136
36	136
33	160
34	136
33	136
33	136
33	160
33	136
33	136
33	136
33	160
33	136
33	136
33	136
33	528
33	136
42	136
33	136
33	160
37	136
33	136
33	136
34	1024
36	1024
34	1024
34	1024
34	1024
34	1024
34	1024
34	1024
564	1024
820	1024
647	808
231	288
314	392
316	392
820	1024
820	1024
820	1024
819	1024
820	1024
819	1024
3821	1024
64	1024
37	1024
36	1024
142	1024
824	1024
880	1024
912	1024
669	1024
3121	1024
41	1024
44	1024
67	1024
821	1024
821	1024
818	1024
820	1024
974	1024
666	1024
11365	1024
52	1024
36	1024
35	1024
36	1024
35	1024
35	1024
35	1024
36	1024
36	1024
43	1024
36	1024
35	1024
35	1024
455	1024
820	1024
819	1024
820	1024
820	1024
819	1024
820	1024
820	1024
821	1024
819	1024
820	1024
1118	1024
524	1024
820	1024
821	1024
3857	1024
39	1024
35	1024
34	1024
133	1024
819	1024
822	1024
4233	1024
88	56
37	1024
36	1024
35	1024
36	1024
493	1024
842	1024
801	1024
7209	1024
59	1024
36	1024
35	1024
35	1024
36	1024
35	1024
35	1024
35	1024
676	1024
820	1024
820	1024
827	1024
817	1024
817	1024
819	1024
819	1024
819	1024
821	1024
7619	1024
43	1024
35	1024
35	1024
34	1024
35	1024
34	1024
34	1024
34	1024
291	1024
819	1024
820	1024
819	1024
820	1024
821	1024
819	1024
820	1024
820	1024
829	1024
5168	1024
63	1024
35	1024
35	1024
34	1024
34	1024
357	1024
820	1024
820	1024
823	1024
2684	1024
54	1024
35	1024
502	1024
4580	1024
70	1024
36	1024
35	1024
34	1024
161	1024
820	1024
820	1024
821	1024
819	1024
821	1024
822	1024
2270	1024
43	1024
143	1024
1311	1024
551	1024
602	1024
819	1024
994	1024
645	1024
819	1024
9014	1024
69	1024
35	1024
34	1024
34	1024
34	1024
1590	1024
44	1024
35	1024
60	1024
785	1024
38	1024
36	1024
36	1024
590	1024
695	1024
811	1024
819	1024
824	1024
825	1024
814	1024
821	1024
823	1024
822	1024
819	1024
820	1024
1211	1024
434	1024
805	1024
10771	1024
71	1024
36	1024
52	1024
37	1024
37	1024
37	1024
37	1024
37	1024
37	1024
36	1024
37	1024
37	1024
212	1024
833	1024
816	1024
814	1024
830	1024
810	1024
823	1024
815	1024
819	1024
823	1024
816	1024
820	1024
820	1024
819	1024
12665	1024
110	1024
49	1024
35	1024
35	1024
35	1024
34	1024
34	1024
35	1024
36	1024
34	1024
55	1024
35	1024
36	1024
35	1024
34	1024
632	1024
819	1024
820	1024
820	1024
821	1024
828	1024
818	1024
818	1024
815	1024
821	1024
831	1024
810	1024
819	1024
835	1024
820	1024
10309	1024
118	1024
35	1024
35	1024
34	1024
34	1024
34	1024
34	1024
34	1024
34	1024
34	1024
34	1024
34	1024
670	1024
807	1024
814	1024
820	1024
820	1024
821	1024
819	1024
820	1024
820	1024
820	1024
832	1024
820	1024
2738	1024
89	1024
37	1024
408	1024
831	1024
824	1024
812	1024
8949	1024
86	1024
37	1024
36	1024
36	1024
36	1024
37	1024
38	1024
37	1024
37	1024
36	1024
457	1024
837	1024
802	1024
820	1024
821	1024
819	1024
818	1024
820	1024
820	1024
821	1024
819	1024
2856	1024
36	1024
34	1024
351	1024
456	568
819	1024
820	1024
820	1024
8651	1024
36	1024
34	1024
34	1024
34	1024
34	1024
34	1024
39	1024
34	1024
34	1024
51	1024
820	1024
820	1024
820	1024
820	1024
820	1024
819	1024
820	1024
821	1024
818	1024
820	1024
3475	1024
63	1024
35	1024
44	1024
480	1024
822	1024
819	1024
818	1024
820	1024
4080	1024
35	1024
34	1024
34	1024
34	1024
699	1024
820	1024
820	1024
820	1024
12729	1024
77	1024
36	1024
44	1024
36	1024
35	1024
35	1024
35	1024
35	1024
37	1024
36	1024
36	1024
36	1024
36	1024
37	1024
36	1024
621	1024
815	1024
820	1024
820	1024
821	1024
818	1024
819	1024
820	1024
820	1024
820	1024
819	1024
819	1024
819	1024
820	1024
823	1024
7305	1024
4011	1024
71	1024
36	1024
35	1024
36	1024
36	1024
45	1024
35	1024
36	1024
35	1024
35	1024
35	1024
35	1024
502	1024
820	1024
819	1024
820	1024
820	1024
7661	1024
36	1024
35	1024
35	1024
35	1024
35	1024
39	1024
35	1024
36	1024
246	1024
823	1024
816	1024
820	1024
831	1024
8233	1024
67	1024
34	1024
34	1024
34	1024
34	1024
34	1024
34	1024
34	1024
42	1024
423	1024
820	1024
819	1024
819	1024
821	1024
819	1024
7079	1024
47	1024
36	1024
35	1024
34	1024
34	1024
35	1024
35	1024
40	1024
819	1024
821	1024
820	1024
820	1024
8449	1024
60	1024
36	1024
35	1024
35	1024
35	1024
35	1024
35	1024
35	1024
35	1024
223	1024
820	1024
818	1024
820	1024
820	1024
8298	1024
130	1024
40	1024
38	1024
38	1024
38	1024
38	1024
38	1024
38	1024
38	1024
285	1024
840	1024
798	1024
818	1024
821	1024
819	1024
6983	1024
39	1024
46	1024
35	1024
36	1024
35	1024
35	1024
36	1024
130	1024
821	1024
820	1024
820	1024
819	1024
8368	1024
63	1024
35	1024
36	1024
35	1024
35	1024
35	1024
45	1024
35	1024
35	1024
292	1024
820	1024
819	1024
820	1024
826	1024
8037	1024
51	1024
35	1024
35	1024
34	1024
34	1024
34	1024
35	1024
35	1024
42	1024
636	1024
820	1024
819	1024
820	1024
821	1024
823	1024
6997	1024
81	1024
35	1024
35	1024
34	1024
34	1024
34	1024
34	1024
88	1024
820	1024
820	1024
820	1024
820	1024
8234	1024
37	1024
35	1024
36	1024
36	1024
36	1024
35	1024
43	1024
35	1024
35	1024
452	1024
820	1024
820	1024
819	1024
8778	1024
51	1024
43	1024
34	1024
35	1024
34	1024
34	1024
35	1024
34	1024
34	1024
34	1024
683	1024
820	1024
819	1024
820	1024
820	1024
819	1024
6943	1024
126	1024
51	1024
38	1024
37	1024
37	1024
36	1024
35	1024
74	1024
827	1024
821	1024
812	1024
819	1024
821	1024
5616	1024
71	1024
38	1024
38	1024
37	1024
38	1024
46	1024
676	1024
823	1024
817	1024
7151	1024
57	1024
34	1024
34	1024
34	1024
34	1024
34	1024
34	1024
34	1024
745	1024
820	1024
820	1024
820	1024
8552	1024
96	1024
36	1024
34	1024
34	1024
34	1024
34	1024
34	1024
34	1024
34	1024
91	1024
822	1024
817	1024
820	1024
821	1024
820	1024
7343	1024
38	1024
43	1024
34	1024
34	1024
34	1024
34	1024
34	1024
34	1024
565	1024
820	1024
820	1024
819	1024
8748	1024
73	1024
35	1024
34	1024
34	1024
34	1024
33	664
42	1024
34	1024
34	1024
34	1024
413	1024
820	1024
821	1024
820	1024
8728	1024
70	1024
34	1024
34	1024
34	1024
34	1024
34	1024
34	1024
34	1024
41	1024
34	1024
724	1024
820	1024
820	1024
820	1024
822	1024
7584	1024
61	1024
34	1024
34	1024
34	1024
34	1024
35	1024
34	1024
34	1024
310	1024
819	1024
820	1024
821	1024
819	1024
8079	1024
46	1024
34	1024
34	1024
34	1024
35	1024
35	1024
35	1024
35	1024
35	1024
610	1024
820	1024
820	1024
818	1024
821	1024
7784	1024
47	1024
36	1024
35	1024
35	1024
35	1024
36	1024
35	1024
35	1024
115	1024
819	1024
820	1024
819	1024
819	1024
8298	1024
45	1024
34	1024
38	1024
34	1024
34	1024
33	1024
34	1024
34	1024
34	1024
396	1024
820	1024
820	1024
821	1024
820	1024
819	1024
7179	1024
45	1024
36	1024
36	1024
35	1024
43	1024
35	1024
35	1024
35	1024
717	1024
824	1024
816	1024
820	1024
8535	1024
58	1024
34	1024
34	1024
34	1024
34	1024
34	1024
34	1024
34	1024
43	1024
142	1024
820	1024
821	1024
819	1024
820	1024
8276	1024
73	1024
36	1024
36	1024
35	1024
35	1024
34	1024
35	1024
35	1024
34	1024
387	1024
821	1024
817	1024
819	1024
822	1024
818	1024
819	1024
820	1024
819	1024
820	1024
7803	1024
35	1024
34	1024
34	1024
34	1024
33	1024
33	1024
34	1024
34	1024
120	1024
820	1024
819	1024
819	1024
820	1024
462	576
819	1024
820	1024
820	1024
820	1024
820	1024
3760	1024
35	1024
34	1024
35	1024
233	1024
820	1024
821	1024
819	1024
820	1024
8417	1024
59	1024
35	1024
34	1024
34	1024
34	1024
34	1024
34	1024
34	1024
34	1024
267	1024
820	1024
820	1024
820	1024
819	1024
820	1024
819	1024
820	1024
820	1024
822	1024
822	1024
3183	1024
47	1024
35	1024
35	1024
795	1024
819	1024
819	1024
819	1024
8598	1024
35	1024
34	1024
34	1024
39	1024
34	1024
34	1024
34	1024
33	1024
33	1024
106	1024
819	1024
820	1024
820	1024
819	1024
820	1024
819	1024
819	1024
819	1024
820	1024
821	1024
819	1024
2557	1024
35	1024
34	1024
653	1024
820	1024
820	1024
9641	1024
37	1024
34	1024
34	1024
34	1024
34	1024
34	1024
33	1024
34	1024
33	1024
33	1024
34	1024
636	1024
820	1024
819	1024
819	1024
820	1024
819	1024
820	1024
819	1024
821	1024
819	1024
819	1024
819	1024
1961	1024
37	1024
462	1024
819	1024
820	1024
9858	1024
35	1024
34	1024
34	1024
34	1024
33	1024
34	1024
34	1024
34	1024
33	1024
34	1024
34	1024
422	1024
820	1024
820	1024
820	1024
820	1024
819	1024
819	1024
819	1024
820	1024
820	1024
819	1024
820	1024
2248	104
35	168
34	1024
34	1024
326	1024
820	1024
820	1024
9860	1024
35	1024
34	1024
34	1024
38	1024
34	1024
34	1024
34	1024
34	1024
34	1024
34	1024
34	1024
416	1024
820	1024
820	1024
819	1024
820	1024
819	1024
820	1024
819	1024
819	1024
820	1024
819	1024
820	1024
819	1024
1360	1024
280	1024
820	1024
10900	1024
36	1024
34	1024
34	1024
34	1024
33	1024
34	1024
33	1024
34	1024
34	1024
34	1024
34	1024
37	1024
160	1024
820	1024
819	1024
820	1024
820	1024
820	1024
819	1024
819	1024
820	1024
820	1024
820	1024
820	1024
819	1024
820	1024
12758	1024
35	1024
37	1024
33	1024
34	1024
33	1024
34	1024
33	1024
34	1024
33	1024
33	1024
34	1024
34	1024
33	1024
34	1024
33	1024
663	1024
820	1024
819	1024
820	1024
821	1024
819	1024
820	1024
819	1024
820	1024
820	1024
819	1024
820	1024
820	1024
820	1024
12189	1024
7973	1024
39	1024
34	1024
34	1024
34	1024
34	1024
37	1024
34	1024
33	1024
34	1024
34	1024
34	1024
34	1024
34	1024
34	1024
34	1024
33	1024
33	1024
34	1024
33	1024
41	1024
34	1024
34	1024
33	1024
351	1024
820	1024
819	1024
820	1024
821	1024
819	1024
820	1024
819	1024
819	1024
820	1024
819	1024
6645	1024
37	1024
34	1024
34	1024
34	1024
34	1024
34	1024
39	1024
484	1024
820	1024
819	1024
819	1024
8803	1024
35	1024
34	1024
34	1024
33	1024
33	1024
34	1024
34	1024
34	1024
34	1024
34	1024
691	1024
820	1024
820	1024
819	1024
821	1024
819	1024
819	1024
820	1024
819	1024
822	1024
3583	1024
35	1024
34	1024
34	1024
408	1024
820	1024
820	1024
820	1024
820	1024
8250	1024
59	1024
35	1024
36	1024
35	1024
35	1024
36	1024
36	1024
35	1024
36	1024
423	1024
820	1024
820	1024
822	1024
819	1024
821	1024
818	1024
819	1024
821	1024
820	1024
3811	1024
40	592
35	1024
35	1024
35	1024
613	1024
829	1024
814	1024
817	1024
823	1024
7951	1024
39	1024
35	1024
35	1024
35	1024
42	1024
35	1024
35	1024
34	1024
34	1024
737	1024
820	1024
834	1024
808	1024
820	1024
820	1024
829	1024
815	1024
815	1024
820	1024
3575	1024
36	1024
34	1024
42	1024
409	1024
820	1024
819	1024
819	1024
819	1024
8158	1024
35	1024
34	1024
34	1024
34	1024
33	1024
33	1024
34	1024
33	1024
33	1024
551	1024
820	1024
820	1024
820	1024
820	1024
819	1024
819	1024
819	1024
819	1024
821	1024
3758	1024
35	1024
34	1024
34	1024
236	1024
820	1024
820	1024
820	1024
819	1024
8379	1024
36	1024
34	1024
34	1024
34	1024
34	1024
34	1024
33	1024
34	1024
34	1024
328	1024
820	1024
820	1024
820	1024
820	1024
820	1024
819	1024
819	1024
820	1024
820	1024
821	1024
3160	1024
35	1024
34	1024
48	1024
819	1024
819	1024
820	1024
819	1024
8597	1024
35	1024
34	1024
34	1024
34	1024
34	680
37	1024
34	1024
34	1024
33	1024
34	1024
619	1024
819	1024
820	1024
820	1024
821	1024
818	1024
819	1024
820	1024
819	1024
820	1024
820	1024
2835	1024
35	1024
37	1024
371	1024
820	1024
820	1024
819	1024
1573	1024
65	1024
820	1024
820	1024
820	1024
821	1024
6137	1024
23	1024
14	1024
14	1024
14	1024
13	1024
17	1024
325	1024
1349	1024
292	1024
819	1024
820	1024
820	1024
820	1024
821	1024
818	1024
821	1024
6975	1024
21	1024
14	1024
14	1024
14	1024
13	1024
13	1024
17	1024
3869	1024
16	1024
14	1024
14	1024
13	1024
467	1024
820	1024
821	1024
821	1024
822	1024
817	1024
820	1024
820	1024
820	1024
821	1024
819	1024
821	1024
821	1024
820	1024
821	1024
818	1024
820	1024
820	1024
22700	1024
64	680
14	160
14	1024
14	1024
14	1024
14	1024
14	1024
14	1024
15	1024
14	1024
22	1024
14	1024
14	1024
14	1024
14	1024
14	1024
14	1024
13	1024
13	1024
13	1024
13	1024
13	1024
13	1024
13	1024
13	1024
13	1024
13	1024
13	1024
479	1024
820	1024
2770	1024
36	1024
14	1024
459	1024
823	1024
819	1024
816	1024
820	1024
820	1024
4233	1024
16	1024
14	1024
14	1024
13	1024
627	1024
821	1024
819	1024
820	1024
820	1024
822	1024
7936	1024
17	1024
14	1024
14	1024
14	1024
13	1024
14	1024
13	1024
14	1024
145	1024
821	1024
820	1024
821	1024
823	1024
819	1024
819	1024
819	1024
6002	1024
21	1024
14	1024
14	1024
13	1024
13	1024
13	1024
469	1024
817	1024
820	1024
821	1024
820	1024
822	1024
819	1024
6509	1024
40	1024
35	1024
35	1024
34	1024
34	1024
34	1024
34	1024
622	1024
820	1024
4638	1024
40	1024
35	1024
34	1024
34	1024
136	1024
820	1024
821	1024
819	1024
2926	1024
34	1024
34	1024
286	1024
818	1024
819	1024
820	1024
9185	1024
35	1024
34	1024
34	1024
34	1024
34	1024
83	1024
35	1024
34	1024
37	1024
34	1024
256	1024
819	1024
230	288
