0	1024
296	66
36	174
2216	162
4531	174
3330	162
4293	174
3028	162
2825	150
1493	174
2318	90
509	162
2662	150
1393	174
2204	90
825	162
4293	174
2682	162
4114	174
1577	150
1337	162
2028	90
2010	174
1170	150
1889	162
1695	90
2594	174
2746	162
4058	174
2932	162
4188	174
2785	162
4026	174
2946	162
4173	174
2804	162
4064	174
2906	162
4217	174
4397	162
3981	174
4637	162
4065	174
4552	162
3983	174
2994	162
4137	174
2855	162
4006	174
2947	162
1162	150
2897	174
765	90
2269	162
897	150
3328	174
127	90
2886	162
3977	174
2980	162
4208	174
2782	162
4119	174
2858	162
4073	174
2902	162
3382	162
677	174
2970	162
1013	74
3755	174
407	162
3554	162
1492	74
2650	174
2893	162
1333	66
2747	174
2956	162
1541	1024
32	66
2024	1024
32	66
586	174
1507	1024
32	66
956	1024
32	66
1132	1024
32	66
157	162
1924	1024
32	66
2023	1024
33	66
88	66
282	174
1668	66
1306	162
1766	1024
32	66
1829	1024
32	66
556	174
2957	162
4058	174
2914	162
4041	174
2934	162
4700	1024
32	66
173	174
1223	1024
33	66
1597	1024
33	66
1269	1024
33	66
158	162
1222	1024
33	66
1448	1024
33	66
2199	174
147	66
2834	1024
33	66
1789	1024
33	66
158	162
4776	174
4041	162
34	66
3914	174
262	66
2695	162
4016	174
12287	1024
33	66
1224	1024
33	66
1530	1024
33	66
1176	1024
34	66
1372	1024
33	66
1263	1024
33	66
2195	66
2207	1024
59	66
1161	1024
33	66
16233	162
3977	90
4117	162
3378	90
28803	162
4011	174
5638	150
3482	90
3211	150
3446	90
15330	116
22995	150
3031	142
4591	158
13022	1024
33	434
19192	150
3172	142
4569	158
18885	1024
33	494
148	154
827	826
3454	142
6013	162
12246	1024
32	218
4669	64
1809	66
16691	1024
32	66
4802	66
15273	1024
90	66
1306	1024
92	66
7980	150
3378	142
4570	158
44009	154
3103	142
5464	162
1356	1024
100	494
1655	1024
92	494
1094	1024
92	254
8119	1024
103	218
2238	154
3637	106
30131	66
12317	162
4005	1024
92	66
165	174
1088	1024
105	66
3452	162
1028	1024
95	66
1976	1024
97	66
1965	1024
91	66
171	174
200	150
1707	1024
91	66
1970	1024
92	66
150	162
1873	1024
92	66
1637	66
631	174
1986	1024
89	66
112	106
894	162
2817	1024
99	66
2988	150
329	174
2986	162
1213	142
3122	174
625	158
2101	162
3966	174
2994	162
698	66
3312	174
2987	162
4470	174
4162	162
4118	174
2810	162
4234	174
2714	162
3980	174
2991	162
4179	174
2819	162
1288	1024
37	494
883	674
1815	162
143	64
395	174
2643	162
575	90
3498	174
678	162
2281	162
1318	90
2744	174
2952	162
4194	158
244	174
2570	162
4047	174
2941	162
4035	174
2928	162
4252	174
4076	1024
36	494
318	162
355	206
4897	174
5057	162
4280	174
4324	162
207	158
4103	174
2696	162
4122	174
561	630
2331	162
3996	174
2964	162
154	66
4145	174
2736	162
4056	174
2904	162
4087	174
2876	162
4446	1024
36	66
210	174
3991	162
732	66
3545	174
2720	162
3990	174
2977	162
4212	174
2755	162
3894	1024
36	66
354	174
2759	162
2693	150
1419	174
2894	162
4018	174
2951	162
4216	174
2747	162
4020	174
163	98
2835	162
919	150
3173	174
2916	162
3501	94
626	174
2883	162
1285	150
2747	174
281	142
2732	162
1884	158
2364	174
2763	162
4359	174
2602	162
4082	174
2883	162
4015	174
2253	206
742	162
4360	174
2110	150
2184	162
939	142
3187	174
1425	158
1507	162
4066	174
2887	162
4032	174
2937	162
4011	174
2953	162
4012	174
2956	162
2959	882
1181	174
2867	162
4043	174
1713	86
1247	162
2384	162
200	150
1519	174
2952	162
3974	174
2988	162
4024	174
2955	162
4278	174
2677	162
4031	174
8122	98
4830	150
21289	1024
36	66
1994	1024
36	66
2003	1024
36	66
1995	1024
36	66
1998	1024
36	66
1994	1024
36	66
1660	66
2617	1024
36	66
1802	1024
36	66
754	82
3735	150
2721	142
4636	158
7195	162
4003	174
10618	66
7569	1024
36	394
19102	150
3588	90
3103	150
3535	90
10252	162
3617	90
4123	162
3555	90
52593	154
3088	142
5516	162
12163	1024
37	218
37377	66
20392	1024
47	66
4387	66
18801	1024
37	66
3803	66
7153	1024
37	66
4614	66
14337	154
3137	142
4625	1024
47	66
1293	1024
39	66
193	162
1380	1024
36	66
1159	1024
36	66
1325	1024
36	66
1320	1024
36	66
2285	66
2130	1024
36	66
1155	1024
36	66
3071	1024
36	218
5691	66
25398	1024
37	66
1185	1024
48	66
1508	1024
36	66
1231	1024
36	66
1279	1024
36	66
1298	1024
37	66
2240	66
2064	1024
36	66
1237	1024
36	66
6688	66
7301	162
4043	174
4563	162
4167	174
2793	162
4068	1024
37	66
205	174
1297	1024
36	66
1236	1024
36	66
269	162
1259	1024
36	66
1198	1024
36	66
1558	1024
36	66
1347	174
913	66
2929	1024
46	66
173	162
1214	1024
44	66
3825	174
3621	162
2972	66
1067	174
152	66
2851	162
4089	1024
36	66
208	174
1839	1024
36	66
900	162
1102	1024
36	66
2041	1024
36	66
1221	174
947	1024
37	66
1862	1024
36	66
182	162
2732	66
1985	1024
37	66
923	1024
36	66
960	1024
37	66
958	1024
37	66
182	174
936	1024
63	66
1431	1024
45	66
396	162
976	1024
46	66
1446	1024
54	66
2362	174
124	66
3000	1024
45	66
823	162
1432	1024
44	66
1329	1024
79	66
1415	1024
36	66
200	174
1028	1024
37	66
1614	1024
37	66
1162	1024
36	66
1229	1024
40	66
166	162
2080	66
2872	1024
37	66
204	174
1355	1024
36	66
58	66
2209	162
4233	174
211	66
2543	162
4047	174
2925	162
2406	66
1670	174
2926	162
4012	174
2930	162
4009	174
3672	1024
36	66
187	162
1213	1024
37	66
1336	1024
36	66
1247	1024
36	66
1292	1024
37	66
208	174
1343	1024
36	66
2080	162
217	66
3230	1024
44	66
1585	1024
55	66
175	174
2938	1024
36	66
1141	1024
37	66
171	162
1098	1024
37	66
1230	1024
36	66
1236	1024
36	66
1227	1024
36	66
311	174
1957	66
1988	1024
36	66
186	162
1027	1024
36	66
190	162
140	66
3555	174
1742	90
998	66
1179	162
2695	162
1684	174
1909	90
754	162
4116	174
2837	162
3988	174
1305	1024
37	66
1460	1024
36	66
274	162
1018	1024
37	66
1439	1024
37	66
2068	1024
37	66
1795	1024
37	66
202	174
2845	1024
40	66
80	66
1197	1024
47	66
149	162
1557	1024
42	66
1224	1024
42	66
1362	1024
42	66
1294	1024
42	66
199	174
1342	1024
42	66
1148	1024
42	66
122	66
610	162
578	64
1254	1024
42	66
1777	1024
42	66
1583	174
3336	66
280	162
4016	174
2954	162
4157	174
2799	162
4000	174
2962	162
4222	174
1250	1024
36	66
129	66
1259	1024
37	66
209	162
1633	1024
36	66
1116	1024
36	66
1294	1024
36	66
1355	1024
37	66
202	174
2063	66
1128	162
930	1024
36	66
1258	1024
37	66
3968	174
2493	162
4008	174
2943	162
2576	1024
37	66
1753	174
2664	162
1535	64
2527	174
527	150
2311	142
192	162
3354	194
654	174
2958	162
4937	1024
36	66
195	174
1089	1024
36	66
1244	1024
36	66
1261	1024
36	66
170	162
1144	1024
39	66
1255	1024
46	66
1440	66
362	174
2718	1024
72	66
162	162
1104	1024
42	66
3202	174
2708	162
4084	174
2870	162
2314	66
1816	174
2262	1024
48	66
1261	1024
45	66
152	162
4004	174
2977	162
4100	174
2904	162
4014	174
1667	174
1230	162
1413	66
2179	150
595	174
1859	142
134	66
1008	162
4014	174
1765	150
1208	162
1027	142
3034	174
197	158
1235	86
1396	174
224	162
2056	162
1519	162
597	174
2256	202
610	162
3093	1024
89	66
1399	1024
46	66
155	150
181	174
939	1024
38	66
1450	1024
38	66
1132	1024
38	66
199	142
189	162
1006	1024
38	66
2212	66
998	150
1081	1024
42	66
195	174
1045	1024
42	66
174	142
2155	162
2347	66
3045	174
1388	66
1928	162
4019	174
2935	162
4025	174
4580	162
4059	174
2931	162
1036	1024
37	66
1152	1024
47	66
1471	1024
72	66
1142	1024
36	66
198	174
1068	1024
54	66
1502	1024
36	66
1336	1024
36	66
1176	66
2086	1024
37	66
1155	1024
34	66
4571	66
5946	66
1204	66
5700	64
20706	1024
37	66
1256	1024
37	66
1513	1024
37	66
1350	1024
37	66
917	1024
37	66
940	1024
37	66
916	1024
36	66
934	1024
37	66
894	1024
36	66
927	1024
36	66
925	1024
37	66
970	1024
37	66
940	1024
37	66
880	1024
37	66
157	66
189	66
998	1024
37	66
953	1024
37	66
1110	1024
37	66
908	1024
37	66
915	1024
37	66
936	1024
36	66
948	1024
37	66
1132	1024
36	66
1199	66
2041	1024
37	66
1156	1024
36	66
4973	66
4467	66
5292	150
2200	142
2803	162
197	150
2180	142
1842	174
3055	158
3167	210
1164	1024
37	66
1298	1024
37	66
1368	1024
37	66
952	1024
37	66
1103	1024
37	66
178	150
941	1024
37	66
968	1024
37	66
385	142
1614	1024
37	66
892	1024
180	66
1109	1024
36	66
166	150
1488	1024
37	66
921	1024
37	66
394	142
968	66
2812	66
475	158
1375	1024
36	66
916	1024
37	66
917	1024
37	66
920	1024
37	66
329	334
933	1024
37	66
1711	1024
37	66
1136	1024
37	66
1319	1024
37	66
1293	1024
37	66
242	150
1304	1024
37	66
1630	142
645	66
2065	1024
37	66
1241	1024
36	66
354	158
7256	1024
37	190
11144	66
2283	150
2220	142
4212	158
4252	338
6640	150
4130	142
4178	158
4641	434
5578	150
2559	66
1482	90
3094	150
1867	162
2362	90
1603	154
1587	90
1600	142
2504	162
3026	162
400	90
2079	150
3503	106
4425	150
2057	1024
58	218
2528	106
4386	162
5040	74
3089	1024
56	66
1166	150
2852	142
908	150
2226	150
975	142
2461	142
1225	150
4071	142
3677	150
412	162
2202	142
3752	150
3052	142
3528	150
2878	142
3619	150
4493	142
4968	1024
57	494
160	150
1120	1024
64	134
4023	142
3651	150
3922	142
3880	150
2547	142
3655	150
4151	142
6243	66
14944	154
5390	1024
54	66
159	142
4692	162
1183	150
3466	90
3164	150
4501	1024
56	218
67	90
2533	150
2300	142
6743	150
1193	150
2289	90
1370	106
1862	150
2588	150
711	90
4179	106
367	162
3391	174
658	166
2811	150
2207	142
269	74
4215	150
2891	142
3140	150
2782	142
492	162
4144	174
1036	162
3500	162
4098	174
2856	162
4155	174
1354	398
1487	162
4117	174
2849	162
4249	174
2695	162
4172	174
2779	162
3971	174
1091	162
1930	162
2095	74
2191	174
1345	150
1368	162
917	142
3248	162
251	174
2662	162
2276	74
1592	150
382	174
1848	150
954	162
524	90
2663	90
499	150
2490	174
285	150
754	90
2934	90
363	162
4116	150
225	174
2647	162
586	142
2745	150
388	162
617	174
2733	162
131	106
121	74
3411	150
775	174
314	150
2297	142
1767	162
639	106
1738	150
2547	174
318	162
1514	142
1998	162
1131	158
450	74
3307	174
1068	150
2059	1024
56	66
156	174
622	162
1232	1024
54	66
1966	1024
54	66
156	162
166	142
734	174
1019	1024
55	66
1961	1024
55	66
151	162
1849	1024
54	66
92	74
1599	66
1052	174
1584	1024
55	66
145	150
1667	1024
55	66
734	162
823	142
3151	162
594	174
4138	162
391	74
3846	174
835	66
213	66
1748	162
4108	174
2881	162
4271	174
2683	162
3272	150
870	174
2855	162
194	90
3103	150
770	174
2733	90
268	162
4195	174
2781	162
4020	174
1420	150
1554	162
3497	162
3805	1024
57	66
1164	1024
56	66
71	106
1227	1024
56	66
1236	1024
55	66
230	90
1047	1024
56	66
1181	1024
55	66
126	150
449	174
596	66
815	162
2377	1024
53	66
153	162
1048	1024
53	66
105	106
1642	90
1459	174
1260	166
1555	162
3745	74
632	174
2615	162
1169	150
2850	174
226	142
2786	162
4221	174
2744	162
3995	174
2992	162
790	150
3283	174
290	90
3109	150
1256	162
2402	90
1619	174
2987	162
4131	174
4215	150
294	162
3390	106
659	174
3812	150
813	162
4201	150
147	106
196	174
2997	90
1144	162
244	162
1866	150
2836	174
377	74
1669	90
1780	162
960	150
1848	150
1127	142
334	174
1135	142
958	154
859	162
1786	158
282	142
390	162
1883	174
2725	162
980	890
178	162
3076	174
2285	74
570	162
4143	174
500	154
1549	150
851	162
327	142
2721	142
2800	174
834	954
196	158
182	154
1720	162
872	142
5224	162
3857	74
3264	1024
57	434
1378	174
217	154
2543	142
1363	162
3202	162
915	174
2883	162
2863	74
1318	174
555	150
2305	162
930	142
3505	174
190	158
2790	150
1306	162
2609	90
3119	150
3308	90
6952	1024
54	494
646	826
1515	174
3778	162
326	150
3584	106
245	174
2911	162
1391	150
2739	174
1871	106
1019	162
3517	162
636	174
2941	162
1671	74
2355	174
1745	150
328	150
952	162
2007	142
1137	64
1382	142
2778	174
183	150
214	162
2768	162
175	142
3535	158
348	174
3012	162
5056	154
2614	142
5013	154
2734	142
4738	1024
40	494
177	154
1496	1024
34	494
1285	1024
39	478
152	142
3738	1024
34	494
1512	1024
34	494
188	162
1094	1024
34	254
196	174
2748	74
1026	162
4019	174
39433	150
3126	142
2353	1024
34	66
931	150
1098	1024
34	66
2004	1024
34	66
1986	1024
34	66
1981	1024
35	66
1986	1024
34	66
1615	66
2646	1024
34	66
1808	1024
34	66
356	150
4140	166
2281	90
3102	150
3401	90
3157	66
1781	162
3360	106
3203	174
837	150
356	150
3446	106
360	142
3064	150
1321	150
3349	174
413	142
3042	158
728	106
902	166
3419	162
3052	174
4148	150
146	74
4159	142
247	150
2823	142
712	158
2901	162
1381	186
1538	162
1432	90
4099	162
2836	154
2685	142
154	90
3177	522
9553	1024
44	494
855	674
4481	162
5193	74
603	150
3691	90
3095	150
3406	90
1604	158
11178	150
3492	106
4441	150
6362	1024
46	494
600	206
263	154
3093	142
559	106
282	154
2595	142
1516	162
697	162
5076	74
3845	158
1093	150
3161	142
1924	1024
34	218
1575	162
3900	630
1166	74
7644	66
2621	162
3904	74
5987	162
6509	74
17903	150
3563	1024
34	66
133	90
2426	86
728	150
736	66
2242	162
419	90
12660	150
3972	106
4413	150
5397	106
4673	150
3936	142
2364	154
1664	1024
43	66
2078	162
375	142
2912	162
1655	162
3308	174
3553	150
8236	1024
34	218
17633	1024
34	494
924	714
3306	98
938	162
3352	158
544	162
2002	1024
34	494
932	714
796	174
479	74
3095	162
167	150
5684	1024
34	494
946	714
4182	162
5818	1024
34	494
954	714
2391	162
4280	174
2103	94
2250	162
1758	158
2513	174
1063	174
1686	162
2906	162
1183	174
700	150
1930	174
352	162
1177	90
2938	174
184	162
191	150
2564	162
771	174
132	90
3445	174
849	150
1862	162
765	142
3220	174
345	158
2134	150
558	162
1350	206
1622	106
1048	174
2967	162
197	162
562	150
4243	174
452	106
2396	174
937	162
1319	150
2161	150
771	174
1062	142
1501	142
274	162
3282	158
1654	174
267	162
3444	162
4009	174
2950	162
4130	174
4252	1024
34	66
259	162
1768	1024
34	66
2075	1024
45	494
960	1024
37	66
636	714
193	174
937	1024
41	66
144	154
1184	1024
67	66
1977	1024
34	66
153	142
192	162
245	162
1734	882
112	66
2513	1024
34	66
281	174
1280	1024
41	494
975	1024
33	66
675	714
177	154
1105	162
1458	142
1163	162
1488	174
549	162
2416	162
1538	1024
34	494
936	714
798	174
2196	174
1241	150
201	162
1836	162
1408	166
885	98
1766	1024
34	494
1547	1024
34	494
614	714
895	1024
31	62
173	162
205	174
544	66
2394	162
754	174
3331	174
1220	158
1718	162
2039	174
2134	174
2411	158
456	162
3013	174
1271	174
1116	150
1113	150
605	162
2029	90
485	82
1521	174
1124	150
544	158
1383	162
1786	90
556	174
1998	174
2511	158
202	162
3278	174
906	174
2798	162
560	150
190	150
1550	162
1080	142
787	174
929	106
1863	158
209	162
1172	90
1273	150
1802	174
1118	162
1667	162
184	106
1689	90
2453	1024
31	394
203	174
173	158
2356	162
2673	74
1465	174
3223	150
1410	162
1521	142
2419	174
1732	150
2362	162
638	162
583	90
3827	174
4232	162
788	150
3948	174
2012	90
1918	162
4298	174
1218	162
1340	1024
218	154
1242	174
402	162
3134	150
889	174
1353	142
1656	162
4183	174
2755	150
191	162
3651	90
332	174
2993	162
165	150
3621	90
435	174
2799	162
4067	174
2877	162
2657	150
1395	174
2123	106
852	162
3599	150
410	174
2980	162
1259	106
2974	174
1341	158
1455	162
3574	74
663	174
2755	162
1375	150
2694	174
250	142
2677	162
3598	154
642	162
185	174
1982	142
704	162
3956	514
204	174
2813	162
4066	174
2875	162
3209	162
1051	174
1382	146
1381	162
1440	64
2962	174
2631	162
1752	66
2646	150
990	174
2839	90
492	162
2651	150
1402	174
2116	90
851	162
3999	174
4580	162
3235	150
2608	174
846	106
3714	1024
34	66
186	162
1053	1024
34	66
183	150
1176	1024
34	66
1516	1024
34	66
1146	1024
34	66
1220	1024
45	66
112	106
1036	66
3137	1024
62	66
1151	1024
44	66
153	150
186	174
3375	162
549	142
3482	174
1301	162
1735	162
3961	174
2325	66
671	162
4696	174
623	410
3679	162
4775	1024
34	494
196	174
787	714
2892	162
1317	162
3961	1024
34	66
1175	1024
34	66
1267	1024
34	494
927	1024
34	66
610	714
941	1024
34	66
971	1024
70	66
1497	1024
33	66
562	174
612	66
214	162
3005	1024
34	66
1168	1024
34	66
1708	1024
34	494
934	714
3692	66
560	162
6125	1024
34	494
941	714
18155	1024
34	66
1156	1024
34	66
1274	1024
34	66
1243	1024
34	66
1239	1024
33	66
1237	1024
34	66
1140	66
3029	1024
34	66
1159	1024
34	66
6723	86
2603	66
892	70
358	66
10636	1024
34	66
1141	1024
34	66
1275	1024
34	66
1236	1024
34	66
701	122
933	1024
45	66
904	1024
37	66
912	1024
41	66
1053	1024
42	66
118	66
1921	1024
41	66
1518	1024
41	66
923	1024
41	66
928	1024
41	66
926	1024
40	66
927	1024
82	66
901	1024
58	66
894	1024
34	66
919	1024
34	66
111	66
919	1024
34	66
918	1024
33	66
916	1024
34	66
927	1024
55	66
888	1024
35	66
167	162
212	66
3784	1024
34	66
113	66
1146	1024
34	66
3471	174
1981	66
4317	64
2932	1024
44	66
1197	1024
34	66
1284	1024
45	66
1449	1024
54	66
1738	1024
35	66
1627	1024
35	66
1150	66
4004	1024
34	66
1148	1024
34	66
1246	1024
34	66
1250	1024
34	66
171	162
1225	1024
34	66
1128	1024
34	66
1438	1024
34	66
89	66
1099	1024
34	66
2236	1024
45	66
1134	1024
34	66
4636	66
6260	1024
34	494
958	714
3270	66
971	162
6302	1024
53	494
1592	714
3893	162
3768	1024
34	66
1164	1024
34	66
1265	1024
34	494
934	1024
34	66
618	714
955	1024
34	66
997	1024
34	66
1514	1024
34	66
1137	66
278	162
2800	1024
43	66
1233	1024
34	66
2103	1024
34	494
934	714
6542	162
6100	1024
34	494
901	534
1133	162
3977	90
4279	162
5313	90
3896	154
1216	162
2162	142
5225	162
4353	118
7880	1024
34	218
23764	86
3562	162
16895	134
7632	134
5271	142
12015	130
3880	154
1099	138
1055	162
1009	142
3293	146
3867	162
12097	1024
34	218
24279	130
4939	122
679	150
2373	142
5561	158
8352	1024
34	494
326	338
1704	130
5114	146
4816	162
1115	174
1855	130
2682	162
2123	150
1998	174
2883	162
2392	130
1687	174
2911	162
414	126
3740	174
2831	162
2055	130
2350	174
2584	162
170	130
3610	162
296	174
1599	158
1388	162
182	130
1508	82
2333	174
1451	150
237	134
1383	162
738	142
3626	174
205	150
1443	130
778	142
293	162
4071	174
160	106
570	158
2173	162
4550	1024
87	494
125	130
177	174
639	714
1282	1024
35	494
1026	654
948	162
4001	174
796	150
2166	162
4118	174
1290	130
1616	162
3827	138
424	174
2736	162
4006	174
190	130
2798	162
2252	106
1766	174
2962	162
2054	130
1996	174
2938	162
189	158
135	114
2647	82
1131	174
2913	162
385	130
177	170
3581	174
930	174
570	110
1456	162
2588	174
1548	174
1326	130
1576	162
3347	106
893	174
2767	162
3565	130
479	174
2960	162
1791	102
2463	174
2740	162
4098	174
2853	162
1040	174
2715	130
260	174
1202	170
1789	162
1573	174
193	102
2535	174
971	1024
44	66
105	150
1852	1024
35	66
171	162
367	142
1560	1024
40	66
148	130
1878	1024
39	66
351	174
1691	1024
34	66
460	162
762	162
931	1024
34	66
1609	66
1575	174
1049	1024
34	66
1779	1024
77	66
137	162
3160	138
949	174
2866	162
1478	162
1866	130
925	174
903	66
2219	1024
33	494
172	162
780	714
1481	142
2848	174
205	162
3350	162
891	130
1743	1024
33	494
933	714
1409	174
1000	130
1889	162
940	162
1846	1024
33	494
1552	1024
33	494
1290	1024
34	494
644	666
222	174
1386	1024
33	494
154	130
950	714
2414	162
1617	142
2029	162
526	174
4459	162
264	130
1586	1024
44	494
922	714
1378	174
1087	134
1811	162
189	162
2185	162
1802	174
1258	130
2215	1024
34	494
343	162
141	90
1202	714
2927	162
737	174
297	162
1212	130
2306	162
524	90
1973	1024
34	494
941	714
808	174
605	130
2207	162
933	162
1918	122
1164	174
2913	1024
34	494
185	162
802	714
1880	130
2492	174
2663	142
876	162
4126	1024
34	66
1256	1024
34	66
194	174
1100	1024
34	66
153	130
1127	1024
33	66
1248	1024
33	66
168	162
1092	1024
33	66
2373	66
690	174
2305	1024
33	66
1246	1024
34	66
172	162
3784	150
338	174
2894	162
3968	174
199	130
2785	162
3294	162
690	122
200	174
2853	162
3163	1024
34	494
937	714
172	130
669	174
3645	162
188	162
533	122
3706	174
1638	66
1367	1024
34	494
184	162
184	130
951	714
3990	134
224	174
177	162
3203	162
2681	1024
42	494
914	714
274	130
567	174
2624	162
1019	162
799	106
2264	174
2888	1024
34	494
184	162
802	714
1286	130
3136	174
2302	114
1171	162
4033	174
1819	130
1129	162
3809	106
241	174
2954	162
3936	174
175	130
2878	162
218	162
3007	138
829	174
2278	1024
34	494
693	162
927	714
2568	130
1277	174
193	162
3379	138
388	162
2140	1024
34	494
934	714
1401	174
2418	130
602	162
4654	142
1195	1024
34	334
10810	130
6509	146
12033	130
6422	126
3077	1024
33	66
1258	1024
33	66
1258	1024
34	66
1277	1024
34	66
404	130
968	1024
34	66
1151	1024
34	66
2287	66
2932	1024
79	66
1253	1024
33	66
5647	130
6091	66
1362	130
526	162
3068	162
1243	146
585	122
2206	174
4674	130
4986	110
7187	130
8096	134
7153	130
4794	150
7242	130
399	150
4245	90
3091	150
3422	90
4506	118
6955	130
1058	150
3663	106
4493	150
1784	142
2764	106
4480	130
598	150
3930	142
590	130
4306	162
2746	130
5189	110
3758	1024
33	66
1982	1024
97	66
1108	130
931	1024
33	66
1913	1024
33	66
1976	1024
33	66
1979	1024
34	66
1572	66
2610	1024
33	66
1816	1024
33	66
149	106
3067	1024
35	494
139	154
950	714
2699	130
837	142
713	162
3636	106
2239	1024
33	494
183	162
811	714
3611	130
680	162
4495	102
1464	1024
33	494
86	66
888	714
3202	1024
33	218
1124	162
226	130
5650	1024
34	494
141	106
841	714
5940	130
5080	134
7259	130
6656	138
7116	130
4754	126
188	158
3414	162
130	74
3244	130
976	162
558	90
2162	174
1971	162
3553	90
4338	138
203	162
2611	174
3243	64
1338	130
1061	150
2256	142
1813	138
8005	130
5023	126
6912	130
1354	154
302	166
1866	162
794	174
402	142
695	134
4621	162
2682	130
499	162
2636	174
2186	122
4484	1024
34	218
1296	338
188	166
1141	130
1701	174
1639	162
1946	122
2471	146
1948	162
2766	130
277	174
4989	106
954	150
2238	166
1505	90
1286	174
1601	130
289	150
4276	90
1317	166
2628	174
2158	130
6139	170
660	150
259	162
1894	174
377	126
1890	174
505	106
4046	162
425	150
4034	174
653	106
1918	162
2741	150
1348	174
2616	142
313	162
3422	166
711	174
317	162
1645	174
940	162
4331	174
1914	122
736	162
805	170
2612	174
622	174
2738	64
246	162
3962	174
261	150
2198	142
575	162
110	64
1887	64
2415	174
2278	64
231	166
205	162
2424	174
1247	1024
34	494
499	174
614	714
2280	162
2073	162
1021	162
1131	174
1490	174
2295	1024
34	494
173	162
918	714
4219	174
497	162
258	166
2590	174
222	162
2532	1024
45	494
913	714
801	174
2758	162
551	166
376	162
2343	174
1064	174
2845	1024
40	494
203	162
765	714
4356	174
3496	162
4002	174
4616	162
3915	170
209	174
2350	174
543	162
432	150
3768	174
138	90
2684	162
331	162
279	150
2337	174
1154	174
130	90
2833	162
4053	174
203	166
2733	162
984	174
2627	150
619	174
3283	106
1168	162
182	166
2588	174
563	150
730	174
4148	106
502	162
1018	64
2992	158
300	174
3888	166
503	162
609	74
1520	174
2026	174
1129	150
1719	162
1127	142
1870	166
1241	174
1391	174
1425	162
4200	174
2616	166
199	162
2414	174
1679	174
258	64
2652	162
132	64
3338	162
742	174
1846	174
136	64
961	162
3975	174
687	64
2299	162
210	166
2530	174
1494	174
2776	1024
44	66
171	162
1861	1024
40	66
1977	1024
42	66
178	174
1835	1024
39	66
1411	1024
38	66
942	1024
38	66
178	162
927	1024
32	66
1125	162
940	1024
33	66
919	1024
33	66
924	1024
33	66
919	1024
33	66
186	174
191	174
1104	66
1567	162
982	1024
33	66
1784	1024
32	66
98	66
1251	174
1760	1024
32	66
174	166
1113	1024
32	66
170	162
1424	174
2656	174
2188	162
754	162
3376	150
2228	142
1274	174
1164	66
1121	158
1243	162
5640	1024
36	222
180	174
4404	162
4239	174
1668	878
2782	162
2374	162
426	66
1408	174
2508	146
1988	162
4305	174
1158	86
3135	162
523	162
3184	150
443	174
1281	158
1603	162
399	90
1473	162
86	74
1593	150
2073	158
580	90
274	174
2620	74
490	90
971	162
190	162
3506	90
11942	150
357	162
2875	174
657	174
173	106
2271	162
2187	150
1014	150
1821	174
414	142
1536	106
1782	162
2842	150
3493	174
526	142
3446	162
1165	162
4473	174
2937	150
189	162
1938	64
181	142
1962	85
285	174
2703	162
5099	174
3481	162
5205	1024
51	494
178	174
782	714
4118	162
294	162
5151	722
208	174
2990	162
967	66
4924	174
2762	162
4066	174
4143	150
418	162
3442	90
607	174
2530	150
2085	162
1165	90
2889	174
4571	162
5195	150
3437	1024
50	66
82	106
1114	1024
50	66
1412	1024
50	66
1121	1024
46	66
1212	1024
46	66
150	150
1184	1024
48	66
210	174
963	66
2301	106
945	1024
51	66
163	162
991	1024
49	66
2250	158
100	66
2458	174
2537	74
376	162
4099	174
265	150
2639	162
243	142
12029	1024
49	66
1163	1024
50	66
1344	1024
49	66
1569	1024
49	66
1093	1024
50	66
1203	1024
46	66
943	174
210	66
3056	1024
47	66
1149	1024
46	66
2724	150
1310	198
2488	90
1554	162
1630	150
3294	90
217	74
12578	150
3495	106
4401	150
4558	106
3939	64
571	166
5147	142
76	74
4385	150
2882	142
4731	64
9407	158
1542	162
1818	74
257	150
3485	174
224	158
139	90
3236	150
87	74
3276	158
86	90
3357	74
4247	158
4633	74
469	150
3523	158
154	106
3906	570
584	150
501	74
969	570
3171	106
587	570
1944	570
85	66
1746	158
1921	570
1975	570
1181	74
4282	570
1970	570
1390	150
2899	142
4219	162
10371	1024
50	66
5744	66
4736	1024
50	66
1970	1024
51	66
1976	1024
51	66
1974	1024
50	66
1245	1024
50	494
890	1024
49	66
1776	1024
45	66
513	606
1691	66
2495	1024
50	66
1794	1024
50	66
10137	150
4486	90
3018	1024
50	66
154	150
3206	66
225	90
8978	158
3457	74
306	150
2173	66
1359	158
1909	106
1454	74
2969	150
907	150
3593	90
136	106
3161	150
1466	158
1821	90
3242	74
1598	158
4035	1024
50	66
156	150
3066	142
559	66
6603	162
10082	162
3415	1024
50	494
1485	1024
50	450
1821	1024
49	66
62	90
414	74
2031	1024
45	66
980	1024
48	66
1120	1024
50	66
145	162
941	1024
45	66
1001	1024
46	66
1710	90
1226	158
8765	64
30018	174
3549	162
5662	154
3162	142
4717	150
729	162
3182	90
3105	150
3304	90
3759	1024
49	218
5880	1024
52	494
1481	1024
51	494
1266	1024
50	494
1494	1024
49	494
191	150
1278	1024
51	494
786	938
1592	106
4410	150
4542	106
553	162
3766	158
4993	74
4664	150
2925	142
4517	162
7410	1024
49	494
1472	1024
51	494
1264	1024
46	494
1243	1024
47	494
1259	1024
47	494
341	398
1275	1024
46	494
161	162
806	938
10402	66
2399	64
19573	150
1726	106
3168	90
3078	150
732	64
2726	90
4535	64
8036	150
3459	106
2099	1024
49	66
1112	1024
49	66
1260	1024
50	66
1202	1024
51	66
121	150
1112	1024
47	66
1282	1024
49	66
1116	66
1139	106
2029	1024
49	66
1066	1024
52	66
1234	162
1119	66
4185	74
898	154
3412	142
201	150
2731	142
4174	162
1409	162
8339	1024
51	66
1176	1024
51	66
1220	1024
49	66
1188	1024
59	66
1217	1024
46	66
1202	1024
46	66
1122	66
3111	1024
46	66
1134	1024
72	66
3919	486
1644	1024
58	218
2537	66
7009	162
6024	1024
51	494
1556	1024
50	494
162	142
4659	162
4697	1024
49	66
1153	1024
49	66
1187	1024
50	66
1216	1024
46	66
1231	1024
46	66
1212	1024
47	66
142	150
949	146
119	66
3184	1024
46	66
107	106
1076	1024
46	66
3347	150
3287	162
1308	106
773	66
3355	74
577	150
3897	142
3980	1024
49	66
849	162
1143	1024
58	66
1965	1024
55	66
1964	1024
56	66
1262	1024
51	66
909	1024
49	66
892	1024
47	66
899	1024
46	66
917	1024
40	66
903	1024
49	66
73	66
938	1024
46	66
902	1024
48	66
902	1024
46	66
633	66
923	1024
47	66
475	162
1691	1024
47	66
1198	1024
45	66
1238	1024
47	494
546	170
1371	174
1383	66
1859	278
5966	162
2068	66
1252	86
1579	150
1403	174
605	162
1951	106
906	1024
50	66
1178	1024
46	66
156	162
1141	1024
50	66
1271	1024
50	66
133	150
1371	1024
46	66
1125	1024
46	66
1124	66
977	106
2235	1024
48	66
1142	1024
46	66
166	174
1111	150
1040	66
2897	142
2946	162
1943	162
2329	174
4353	162
5282	174
1539	142
3023	1024
52	494
172	150
682	566
137	162
933	1024
46	66
222	162
1495	1024
46	66
1538	1024
51	66
76	90
1030	1024
46	66
136	142
998	1024
45	66
943	1024
46	66
1058	162
801	66
221	174
2198	90
939	1024
40	66
1152	1024
45	66
2790	162
2727	150
1319	174
1502	66
975	106
2267	162
2354	150
2072	174
2531	106
4606	150
2080	162
1895	142
2502	174
2363	162
6757	162
6636	1024
50	66
1137	1024
49	66
1225	1024
50	66
1227	1024
49	66
1420	1024
363	66
799	1024
62	66
1023	174
120	66
1514	1024
47	494
658	278
1067	1024
47	66
2130	1024
50	66
151	162
4050	174
4053	66
5464	162
4167	174
4395	162
4968	174
6829	1024
34	66
122	162
1082	1024
35	66
1277	1024
35	66
1468	1024
169	66
1003	1024
45	66
1212	1024
31	66
235	162
947	66
3154	1024
31	66
1150	1024
31	66
258	174
5747	66
2682	162
4123	174
8396	1024
32	494
971	714
4150	162
4105	162
2284	1024
31	494
928	1024
31	66
613	714
932	1024
31	66
1648	1024
31	66
1548	1024
37	66
943	1024
35	66
1127	1024
33	66
164	162
1004	66
654	174
2890	1024
31	66
1171	1024
35	66
1209	1024
49	494
1033	714
635	162
3444	162
906	174
2321	66
1168	66
856	162
1314	1024
48	494
916	714
1878	174
4328	162
264	162
5431	1024
46	66
1254	1024
51	494
896	1024
46	66
636	714
942	1024
51	66
906	1024
50	66
1496	1024
50	66
1212	1024
51	66
192	162
951	66
2193	1024
54	66
1500	1024
58	66
1210	1024
49	494
890	1024
45	66
589	714
940	1024
45	66
953	1024
49	66
1418	1024
49	66
963	1024
56	66
1101	1024
49	66
161	162
93	66
354	174
2966	1024
54	66
1133	1024
45	66
159	162
1262	1024
46	494
1037	714
1255	66
2139	174
872	162
1550	66
4473	1024
62	494
922	1024
48	66
576	714
183	162
1556	1024
45	66
1676	1024
44	66
1247	1024
45	66
1234	1024
45	66
173	174
1112	1024
45	66
1567	66
2955	1024
45	66
1235	1024
50	66
852	162
4989	1024
45	66
1145	1024
45	66
1217	1024
54	66
1473	1024
83	66
1753	1024
44	66
1523	1024
54	66
1118	66
1758	1024
44	66
1151	1024
44	66
1542	1024
56	66
1105	1024
44	66
1211	1024
45	66
1211	1024
44	66
1439	1024
45	66
98	66
1167	1024
45	66
2403	1024
45	66
1133	1024
44	66
1863	174
2492	66
1663	162
1608	66
1288	66
1488	162
686	174
5317	1024
46	494
930	714
2318	162
2025	162
2015	174
3854	1024
49	494
187	162
791	714
5310	1024
48	66
143	162
1069	1024
48	66
1253	1024
48	66
1615	1024
48	66
1533	1024
48	66
726	866
1055	1024
48	66
1130	66
2004	1024
49	66
1510	1024
49	66
1126	1024
49	66
1226	1024
49	66
1198	1024
48	66
1217	1024
47	66
1426	1024
49	66
114	66
1067	1024
50	66
2270	1024
32	66
1141	1024
31	66
1372	174
3092	66
5180	162
3171	162
3526	1024
57	66
1169	1024
48	66
167	146
1100	1024
49	66
931	1024
48	66
896	1024
45	66
943	1024
55	66
900	1024
47	66
890	1024
50	66
910	1024
57	66
160	174
1157	1024
49	66
55	66
2113	1024
49	66
1038	1024
54	66
928	1024
52	66
911	1024
50	66
664	66
346	162
2474	1024
50	66
1791	1024
48	66
181	174
1048	158
3123	162
2287	174
2764	174
1210	166
4226	174
1455	162
4272	174
454	66
7151	162
2227	66
1826	174
2865	162
644	150
3558	174
208	90
3144	150
2786	162
734	90
2351	162
935	174
2971	162
939	174
3106	174
2692	150
935	154
3203	1024
47	66
146	142
966	162
137	106
3922	174
576	150
4539	106
243	166
904	162
2117	162
1339	150
682	174
1659	90
1672	142
1205	162
1295	162
520	66
2925	90
754	174
8856	1024
48	374
953	162
6360	1024
48	66
1213	1024
47	66
1229	1024
48	66
570	174
1771	66
5679	162
4085	174
9435	162
3012	1024
47	66
1135	1024
49	66
1236	1024
44	66
1267	1024
47	66
1210	1024
49	66
1184	1024
48	66
1136	66
3164	1024
48	66
1161	1024
49	66
168	174
2699	1024
49	66
1322	1024
48	66
1240	1024
49	66
1237	1024
48	66
1239	1024
47	66
1238	1024
48	66
161	162
2782	66
1888	1024
48	66
1239	1024
47	66
3918	174
8619	162
4171	174
2788	162
2315	66
2903	1024
46	66
189	174
1082	1024
47	66
1239	1024
48	66
1275	1024
45	66
1235	1024
44	66
156	162
6368	174
3880	162
4447	174
2475	162
4050	174
5887	66
1898	162
2526	66
2750	174
3322	162
4107	174
4510	162
3954	174
4577	162
4094	174
18180	1024
45	66
1167	1024
45	66
1291	1024
45	66
1225	1024
45	66
188	150
1062	1024
45	66
1248	1024
47	66
1117	66
76	90
457	162
2884	1024
48	66
1164	1024
36	66
152	150
647	64
1598	64
268	174
1309	90
2349	162
4150	174
6086	150
606	66
1130	162
1779	106
2530	174
1912	150
2408	162
2156	106
3411	174
844	158
4586	1024
42	66
167	162
1047	1024
30	66
109	74
1234	1024
30	66
1521	1024
30	66
1134	1024
30	66
1244	1024
30	66
156	150
999	66
1768	142
1393	1024
30	66
1163	1024
30	66
410	174
3316	162
4060	174
1659	66
1183	66
1746	162
4019	174
2539	150
3183	90
3077	150
3172	90
6350	1024
73	66
1140	1024
30	66
1254	1024
41	66
1400	1024
48	66
1775	1024
37	66
1432	1024
39	66
144	150
1035	66
2124	1024
41	66
564	106
934	1024
31	66
1175	1024
67	66
1208	1024
43	66
1240	1024
30	66
1242	1024
30	66
151	150
1362	1024
32	66
99	66
1059	1024
48	66
2217	1024
35	66
81	106
1130	1024
30	66
3187	64
160	158
1224	66
3843	74
911	66
3840	150
2775	142
5247	1024
67	66
125	162
1192	1024
41	66
1099	1024
37	66
919	1024
37	66
927	1024
37	66
919	1024
37	66
927	1024
37	66
919	1024
37	66
92	64
952	1024
37	66
1291	1024
37	66
55	66
1901	1024
37	66
920	1024
36	66
928	1024
37	66
920	1024
37	66
927	1024
37	66
921	1024
37	66
918	1024
37	66
105	66
939	1024
37	66
836	990
932	1024
37	66
101	66
944	1024
37	66
918	1024
73	66
869	1024
47	66
908	1024
33	66
951	1024
32	66
17529	150
1041	150
2423	142
365	90
1918	66
1195	150
4949	90
9259	166
3231	150
293	74
3568	106
174	166
3423	74
1047	150
2693	150
1932	106
318	142
1134	162
1942	166
1059	158
1539	174
201	174
3427	74
130	150
2213	142
2464	150
1423	162
2451	142
2628	162
129	90
2165	162
1959	162
1275	1024
30	494
658	754
1918	90
6016	162
2411	1024
30	494
311	174
1315	1024
30	494
989	794
1233	150
2147	142
7303	162
4531	1024
30	190
7094	158
3391	74
3976	158
3387	74
4496	150
4156	106
4684	150
4677	106
3559	150
3914	142
3068	150
4024	142
3294	158
5007	74
3836	150
3027	142
3074	158
4086	174
4590	162
3985	174
3668	150
1945	150
1126	142
2559	90
3078	150
1775	162
1526	90
12665	150
3700	106
3412	1024
30	154
1033	150
6866	158
3488	74
4068	158
3417	74
4446	150
3786	106
4591	150
11521	106
3097	106
1193	162
3052	158
3201	74
1406	154
2964	150
258	142
2365	74
297	142
2759	162
1456	166
2375	64
1700	64
7565	1024
30	218
1852	174
3588	150
3034	142
6364	162
11327	514
18769	158
3429	74
3970	158
3419	74
4528	150
3460	150
294	106
2923	90
1684	150
1438	150
3419	90
1384	106
4215	158
5739	74
1572	150
2866	162
1008	106
2286	86
750	174
1439	150
1471	162
676	150
2490	1024
30	66
651	142
1369	1024
30	66
125	106
1905	1024
30	66
1981	1024
30	66
175	162
306	162
1556	1024
40	66
1947	1024
42	66
1478	74
775	66
2605	1024
59	66
1759	1024
61	66
823	990
187	150
8088	142
6530	158
3487	74
3959	158
1586	66
1976	74
4450	150
3761	106
1424	154
3631	1024
30	66
173	150
182	142
957	1024
36	66
1268	1024
30	66
1245	1024
30	66
1247	1024
30	66
177	162
131	106
966	1024
30	66
1505	66
1780	158
1202	1024
30	66
1250	1024
30	66
2609	74
2903	1024
30	218
1512	162
4099	174
3759	150
3002	142
1904	162
941	66
1866	162
1815	90
4680	162
3480	90
18245	1024
30	494
1514	1024
30	494
689	794
23968	450
20009	162
5901	174
3584	150
678	162
1628	142
2627	174
2786	162
1588	162
3747	1024
30	494
449	490
190	174
4236	162
4039	174
454	162
3459	74
3956	162
495	162
3646	174
122	74
4442	150
1627	162
2892	106
3248	174
1419	150
2694	162
1876	106
1535	64
651	174
1107	64
1342	162
570	78
534	64
123	78
2909	64
916	74
935	162
106	64
3189	162
789	174
2979	162
693	174
3540	150
216	174
2779	142
1472	162
3438	162
856	174
2689	162
4212	174
2727	162
3923	174
2995	162
4078	174
2839	162
6133	1024
30	494
167	134
2038	174
3589	162
4003	174
2926	162
5228	174
3332	162
4003	174
2915	162
3971	174
2951	162
4043	174
2879	162
4047	174
1483	162
1419	162
1353	174
2833	174
686	150
2111	162
174	142
3839	174
1448	162
1527	162
3761	1024
30	494
299	314
235	174
2676	162
4082	174
1521	150
1363	162
1090	142
2903	174
2957	162
4171	174
2751	162
4016	174
182	162
2754	162
895	74
2376	182
849	174
835	162
2204	162
2031	74
2006	174
2500	150
3716	106
1706	162
3183	150
1083	174
3499	106
860	162
3413	162
605	174
4381	74
202	142
1822	162
2157	1024
30	66
198	182
167	150
1650	1024
30	66
919	174
1096	1024
30	66
714	142
1275	1024
29	66
461	64
1561	1024
30	66
1979	1024
29	66
1532	66
241	78
2611	1024
24	66
672	64
173	162
1016	1024
27	66
3046	174
4671	162
4060	174
2896	142
1820	162
2636	182
1379	174
1699	66
895	166
8767	162
4113	174
2806	162
3987	174
4559	142
1819	162
1769	182
2291	174
3700	64
1142	64
571	64
4392	64
2262	174
1227	162
1744	70
599	150
225	162
1483	174
1367	142
1136	90
2252	162
1899	162
182	162
2559	174
828	90
1556	1024
30	354
3269	142
1851	162
2203	182
831	162
1210	174
2403	74
3957	162
3160	162
846	74
3283	174
1732	150
1125	162
123	64
3261	106
3044	174
1535	150
2335	142
1823	162
461	106
2532	182
1059	174
680	162
5309	74
4135	162
1259	162
3619	174
2811	174
726	150
3108	162
355	142
3888	174
771	162
1958	142
1819	162
2093	182
2083	522
2521	174
7007	162
4011	174
398	162
2542	162
1091	74
2941	174
1090	162
1864	162
3057	74
414	142
3107	174
1031	150
419	182
2770	64
834	106
4553	150
2784	162
1790	106
2378	174
1983	162
829	162
4025	174
181	74
2750	162
1452	150
4497	174
190	142
1180	142
3093	182
186	162
4066	174
7836	162
177	150
3352	90
527	174
2599	150
358	162
2939	90
1525	174
2513	162
3991	174
4034	150
1233	158
1772	142
1771	74
1520	150
2248	158
675	142
1335	142
1432	74
615	150
1888	182
1504	158
134	106
3343	74
454	150
3998	150
191	142
3596	106
220	150
4552	150
138	106
4434	162
391	106
4184	158
2240	74
3711	142
635	150
306	174
2597	142
460	182
1444	166
5373	174
3643	150
3918	142
4468	162
11324	150
3531	90
3103	150
3164	90
4355	142
3888	182
4686	150
3636	106
1979	86
2469	150
1127	162
4717	106
3880	1024
30	494
452	166
249	162
594	714
3186	162
327	174
2943	74
4920	1024
29	494
153	150
786	714
2068	142
1221	162
5801	1024
30	494
936	714
737	142
2582	162
924	1024
30	66
1033	1024
29	66
936	1024
33	66
934	1024
30	66
189	182
947	1024
30	66
942	1024
30	66
973	1024
30	66
1255	1024
30	494
922	1024
30	66
610	714
923	1024
30	66
925	1024
30	66
920	1024
30	66
929	1024
30	66
2732	66
1292	66
1254	1024
30	66
1744	1024
30	66
923	1024
30	66
178	158
938	1024
30	66
2539	74
3886	158
3471	74
4387	150
558	66
3179	106
5252	150
2135	142
2459	106
1109	182
3149	162
5403	174
2050	66
1994	150
3919	142
6924	162
6432	142
3518	162
3549	90
4095	162
3583	90
4384	1024
30	494
940	714
3222	162
5808	1024
30	494
937	714
3275	162
5801	1024
30	494
940	714
3515	162
2973	154
2880	1024
30	494
324	142
642	714
4759	162
12226	1024
30	218
23833	158
3452	74
4010	158
3456	74
4412	150
3737	106
5253	150
4563	106
4735	158
5006	74
4447	150
3019	142
10112	64
4162	158
3403	74
3868	158
3462	74
3566	67
835	150
3638	106
1650	154
3003	150
171	142
3688	64
753	106
1099	162
3585	158
5412	174
3302	1024
30	218
370	150
3902	142
4596	162
25303	1024
30	494
936	714
3179	162
5831	1024
30	494
942	714
1625	162
1478	162
2787	174
3309	1024
29	494
1058	714
192	162
2945	162
1148	174
2853	162
1883	1024
30	494
931	714
1271	174
2891	162
4099	174
2829	162
4241	174
2692	162
3960	174
2959	162
3951	174
2973	162
4255	174
2668	162
4063	174
2854	162
4116	174
2770	162
3924	174
2992	162
4099	174
2841	162
4233	174
2732	162
3987	174
2936	162
4668	1024
30	66
201	174
1819	1024
30	66
1997	1024
30	66
181	162
906	1024
30	66
921	1024
41	66
895	1024
29	66
927	1024
29	66
907	1024
26	66
929	1024
27	66
920	1024
27	66
917	1024
39	66
177	174
926	1024
32	66
1941	162
1253	66
2506	1024
64	66
93	66
812	174
924	1024
30	66
3766	1024
30	66
162	162
1132	1024
31	66
3034	174
2805	162
5188	174
3383	162
4377	174
2553	162
3995	174
393	66
2591	162
4196	174
2730	162
4110	174
2851	162
3357	66
662	174
2956	162
4170	174
2790	162
3975	174
2907	162
4076	174
2851	162
2686	162
1315	174
2608	90
390	162
3702	162
433	174
2773	162
335	90
3675	174
2964	162
4182	174
2797	162
3923	174
2958	162
3996	174
2926	162
3957	174
2967	162
4136	174
2798	162
1701	64
2685	174
2689	162
4037	174
3014	162
3988	174
2974	162
4035	174
2972	162
4284	174
2721	162
4495	174
4114	162
999	1024
30	66
1248	1024
30	66
1248	1024
30	66
1250	1024
31	66
184	174
1150	1024
30	66
1287	1024
48	66
1497	162
67	66
3142	1024
58	66
1221	1024
47	66
157	174
4123	162
4131	174
2846	162
4123	174
2906	162
4121	174
730	162
2206	162
1360	66
2756	174
3007	162
4289	174
2970	162
3900	1024
65	494
65	174
846	714
2283	162
888	162
3193	174
2757	1024
30	494
1077	714
767	162
2441	162
1706	174
2775	162
1399	1024
45	494
94	64
847	714
1690	174
2210	162
778	162
3927	174
1259	1024
48	494
1019	714
754	162
4140	174
1034	162
1782	162
4357	1024
45	494
172	174
595	534
3470	162
3963	174
18812	66
22336	1024
48	66
19308	66
6665	162
4130	174
14694	1024
48	66
1192	1024
48	66
4602	66
17225	1024
48	66
1182	1024
52	66
1446	1024
47	66
1192	1024
49	66
902	1024
46	66
1034	1024
45	66
897	1024
45	66
1086	1024
43	66
950	1024
47	66
1273	1024
50	66
81	66
1786	1024
45	66
1984	1024
49	66
910	1024
47	66
1279	1024
45	66
1906	66
2511	1024
44	66
931	1024
49	66
889	1024
45	66
908	1024
44	66
903	1024
44	66
902	1024
43	66
902	1024
45	66
1061	1024
44	66
4503	66
2950	1024
45	66
1235	1024
44	66
25633	66
14296	154
3132	142
4111	66
1330	162
2703	1024
48	66
1271	1024
59	66
8256	1024
47	218
12277	162
2056	66
3067	90
1149	66
2979	162
3368	90
12304	1024
48	66
4491	66
32831	1024
48	66
1288	1024
48	66
1496	1024
47	66
1210	1024
47	66
1299	1024
51	66
1279	1024
48	66
2206	66
1967	1024
53	66
1146	1024
55	66
9558	66
3395	154
3059	142
5483	162
12482	1024
61	218
734	150
2286	142
6535	1024
44	66
1315	1024
47	66
1285	1024
48	66
1340	1024
48	66
1244	1024
49	66
1449	1024
49	66
2182	66
2200	1024
45	66
1152	1024
43	66
4876	162
4315	146
3150	66
9220	162
2633	1024
44	66
1186	1024
189	66
49	174
1386	1024
86	66
1110	1024
45	66
1361	1024
46	66
1218	1024
45	66
148	162
2294	66
2018	1024
31	66
1195	1024
44	66
163	174
3178	162
1710	66
2327	174
2887	162
4079	174
2851	162
4342	174
926	1024
30	66
1284	1024
30	66
1497	1024
30	66
1213	1024
29	66
173	162
1090	1024
29	66
1310	1024
29	66
2402	174
3856	162
3994	174
2965	162
4256	174
2694	162
4044	174
4501	162
4286	174
4304	162
3922	174
2999	162
2090	86
2027	174
1516	162
1303	162
4391	174
4233	162
3965	174
2938	162
3984	174
2934	162
4000	174
2921	162
3968	174
2950	162
3981	174
2940	162
4027	174
2891	162
4156	174
2736	162
3937	174
2972	162
3787	66
512	174
1544	1024
29	66
1261	1024
29	66
173	162
4823	174
3771	162
2408	1024
30	66
1992	1024
29	66
198	174
1831	1024
29	66
1983	1024
41	66
100	66
182	162
1738	1024
37	66
1986	1024
37	66
503	174
2019	66
783	162
1788	1024
58	66
1741	1024
36	66
523	174
3259	1024
58	66
155	162
1051	1024
37	66
1308	1024
37	66
1233	1024
37	66
1230	1024
36	66
200	174
1325	1024
37	66
2186	66
247	162
2138	1024
33	66
1877	1024
29	66
198	174
2753	162
2754	66
1527	174
2710	162
1354	66
2623	174
2975	162
4151	174
2619	1024
29	66
1162	1024
29	66
178	162
1095	1024
30	66
1241	1024
29	66
1230	1024
30	66
1207	1024
29	66
2216	66
250	162
1799	1024
29	66
1491	1024
29	66
1355	174
3989	162
3995	174
1368	1024
24	494
940	714
2353	162
1597	162
2376	174
86	64
4594	1024
75	494
151	162
789	714
161	162
2962	162
271	174
783	90
2051	162
2825	1024
41	494
168	162
874	714
425	174
2266	90
523	162
160	162
3835	174
2045	1024
40	494
945	714
178	162
3938	174
1079	162
1943	162
4915	1024
73	494
173	174
977	714
2522	162
442	64
150	162
3614	174
2885	1024
31	494
162	162
789	714
3156	162
206	174
2833	162
3041	1024
39	494
936	714
223	174
2800	162
219	162
3798	174
2119	1024
30	494
920	714
159	162
4071	174
2896	162
3557	1024
29	66
1258	1024
30	66
179	174
1095	1024
36	66
1351	1024
29	66
1230	1024
29	66
156	162
1144	1024
29	66
3245	66
2023	1024
29	66
1261	1024
29	66
201	174
4158	162
4147	174
2802	162
3992	174
2940	162
3983	174
2944	162
4045	174
4507	162
1736	64
6288	174
3918	162
3842	66
1871	174
2879	162
4694	174
3868	162
4091	174
2831	162
1486	162
2972	174
2487	162
1352	1024
30	494
941	714
1790	174
1472	162
7442	1024
29	494
945	714
3767	162
5823	1024
70	494
882	714
3211	162
5812	1024
28	494
946	714
39516	64
15518	162
8414	174
58613	64
7104	66
4640	1024
50	66
1956	1024
45	66
1995	1024
45	66
166	162
1843	1024
55	66
1976	1024
44	66
42	64
2092	1024
57	494
883	1024
40	66
595	714
1308	66
2075	162
5017	1024
34	66
1279	1024
40	494
978	1024
39	66
616	714
931	1024
38	66
1191	1024
34	66
954	1024
35	66
166	162
926	1024
35	66
1170	1024
34	66
951	1024
35	66
2773	1024
34	334
106	66
2738	1024
32	66
1521	1024
29	66
4842	66
6855	66
2002	154
3159	142
5381	162
14395	1024
19	218
2900	1024
19	66
1269	1024
19	66
1270	1024
19	66
931	1024
19	66
920	1024
19	66
924	1024
19	66
929	1024
19	66
924	1024
19	66
928	1024
19	66
925	1024
19	66
959	1024
19	66
912	1024
18	66
601	66
1917	1024
19	66
152	162
1148	1024
19	66
129	66
2214	1024
19	66
1277	1024
19	66
2576	90
4086	162
3316	90
381	66
3355	64
15100	162
3335	64
1699	74
26250	64
1074	64
11410	162
4251	146
11456	154
4240	142
5940	162
12222	1024
19	218
53010	162
4126	174
4448	162
4074	174
4490	162
4039	174
2883	162
4108	174
2814	162
4240	174
2678	162
3963	174
2957	162
393	86
3549	162
194	174
1943	64
2552	64
1819	162
4218	174
2702	162
4299	174
1714	158
929	162
2596	74
1588	174
2780	162
398	158
3578	174
124	74
2897	162
1671	150
3488	174
2406	106
1066	162
4315	174
167	150
4110	162
470	106
3545	174
2104	162
866	162
4051	174
1479	174
1423	162
2198	150
1875	174
2072	142
883	162
3553	162
578	174
6135	162
4035	174
4512	162
4079	174
2865	162
1255	1024
19	494
1073	714
1946	174
1310	162
1451	162
4405	1024
19	494
214	174
770	714
3247	162
2390	162
1456	1024
19	66
538	174
1477	1024
19	66
1147	162
925	1024
19	66
1246	1024
19	494
936	1024
19	66
633	714
1064	1024
19	66
262	174
1993	1024
19	66
198	162
1624	162
109	66
2508	1024
19	66
1653	1024
22	494
905	1024
19	66
684	714
206	174
2708	162
4178	174
2749	162
4025	174
2903	162
4058	174
124	66
2807	162
3982	174
2941	162
4149	174
4425	162
4113	174
2820	162
4185	174
2735	162
3981	174
2944	162
4088	174
2834	162
1421	162
1436	64
1180	174
1276	90
1772	162
2616	162
1525	174
1888	90
957	162
4179	174
2743	162
3980	174
2940	162
3966	174
2959	162
4013	174
4553	162
4169	174
2756	162
4022	174
2901	162
4096	174
2823	162
4009	174
2919	162
4055	174
2870	162
4060	174
2890	162
4029	174
2913	162
3985	174
2936	162
3971	174
2953	162
3986	174
2948	162
4025	174
2895	162
4021	174
2913	162
3963	174
2958	162
4032	174
2892	162
4014	174
551	64
1680	66
747	162
462	66
3410	64
237	174
2883	162
3402	162
709	174
12580	1024
19	66
1294	1024
49	66
1244	1024
19	66
1290	1024
19	66
2085	1024
19	66
1838	1024
19	66
338	338
1915	66
1704	1024
20	66
1316	1024
19	66
196	162
1101	1024
19	66
1238	1024
19	66
1235	1024
19	66
1532	1024
23	66
149	146
1309	1024
27	66
1235	1024
29	66
139	66
2369	1024
19	66
1254	1024
19	66
2866	158
3649	74
4240	158
3495	74
4529	150
3768	106
5153	1024
19	66
187	150
1129	1024
19	66
1269	1024
19	66
1268	1024
19	66
1243	1024
19	66
140	106
1168	1024
19	66
1709	66
1913	166
1067	1024
19	66
1279	1024
19	66
2533	162
606	174
3519	174
282	150
3923	142
4559	162
10443	66
22804	1024
19	494
952	714
4009	162
831	64
5006	1024
19	494
959	714
3250	162
6000	1024
22	494
931	714
3346	162
5808	1024
19	494
961	714
16339	158
3372	74
4142	1024
19	66
193	158
1839	1024
19	66
2004	1024
19	66
136	74
1890	1024
19	66
1983	1024
19	66
601	150
1432	1024
19	66
1545	66
843	106
1783	1024
19	66
179	154
1647	1024
19	66
1108	150
446	142
4563	106
888	162
1207	158
2436	158
5006	74
3544	1024
19	218
1065	150
3119	142
13938	66
7390	1024
19	494
1577	1024
19	494
1307	1024
19	494
1526	1024
19	494
1305	1024
19	494
815	938
11652	158
21212	162
4010	90
2694	1024
19	494
1641	1024
19	494
203	162
1267	1024
19	494
1274	1024
19	494
1430	1024
19	494
135	90
809	938
8921	158
10627	64
372	154
3138	142
5407	162
3956	1024
19	66
1269	1024
19	66
1272	1024
19	66
1261	1024
19	66
1283	1024
19	494
929	1024
19	66
1278	1024
19	494
929	1024
19	66
1286	1024
19	494
1951	1024
19	494
2180	1024
19	494
809	938
110	66
2067	1024
19	218
928	1024
19	66
1261	1024
19	66
11004	66
1012	162
12036	878
4298	162
4267	146
22122	162
4555	174
5643	162
4072	174
2861	162
4032	174
2909	162
4089	174
2847	162
4233	174
3378	1024
19	66
208	162
7783	174
7390	162
4006	174
2898	162
4420	174
4142	162
4077	174
6126	162
4229	174
329	158
3364	74
707	162
3217	158
758	174
2802	74
208	162
4094	174
167	150
2698	162
2015	106
3232	174
1669	150
1716	162
2864	106
1168	174
2920	162
449	162
3568	174
2562	174
419	162
3905	150
192	174
2855	162
941	142
3074	174
2188	162
786	162
4002	174
2923	162
4031	174
2889	162
4168	174
3762	1024
19	494
199	162
776	714
3025	162
317	174
2889	162
1991	722
2262	174
2712	162
4060	174
1924	158
984	162
2452	74
1741	174
2306	158
525	162
2945	74
1264	174
2766	162
442	150
4324	174
2372	106
1529	162
1235	1024
19	66
1983	1024
63	66
125	150
943	174
901	1024
25	66
1978	1024
26	66
172	162
629	106
1228	1024
19	66
1989	1024
25	66
217	174
838	158
584	66
1559	162
1092	1024
19	66
1792	1024
19	66
96	74
928	1024
33	66
905	1024
19	66
916	1024
19	66
179	174
1030	1024
19	66
1250	1024
19	66
157	150
1119	1024
19	66
171	162
2675	142
1561	66
1222	174
1895	1024
19	66
1273	1024
25	66
176	162
2644	66
1528	174
2772	162
4181	174
1715	166
2735	162
734	74
3298	174
677	166
525	64
2959	74
527	162
3875	150
211	174
411	64
2479	162
739	570
68	106
779	66
2936	174
862	150
1665	162
2905	106
1152	174
2398	146
517	162
166	166
2524	142
1332	174
171	162
1410	74
1427	162
727	90
663	162
1418	166
2033	174
183	162
1365	174
1348	174
1003	162
432	90
2136	150
2290	174
1742	142
2061	162
2703	1024
30	494
170	162
1240	1024
19	494
865	1024
19	10
342	174
3376	162
4083	174
2868	162
4060	174
2879	162
3976	174
11147	162
4100	174
3350	430
1119	162
4164	174
2744	162
2292	158
1744	174
1681	74
3986	158
3398	74
3769	162
766	150
1928	142
2059	174
2407	106
1466	162
3046	150
1160	174
3403	106
994	162
114	66
3138	158
818	174
2914	162
1320	74
2741	174
1639	162
1232	162
3621	174
1267	1024
19	66
1285	1024
19	66
322	174
933	1024
30	66
139	150
1266	1024
26	66
1447	1024
27	66
149	162
974	1024
19	66
188	142
2149	66
2298	1024
26	66
167	162
206	174
930	1024
27	66
1839	162
4648	174
3936	162
4028	174
2901	162
5009	174
3920	1024
19	494
186	162
538	606
3660	174
247	64
2486	64
2586	158
1575	86
1872	74
1654	162
2377	158
3486	74
1718	64
3242	368
161	150
3766	106
4823	64
162	150
4640	106
4969	158
5004	74
4588	162
4008	174
821	64
1259	64
1838	150
3033	142
7430	162
16419	162
4935	174
4988	1024
21	494
1484	1024
19	450
79107	1024
19	66
1980	1024
19	66
1990	1024
19	66
1987	1024
19	66
1988	1024
19	66
1980	1024
19	66
1565	66
2611	1024
19	66
1788	1024
19	66
10864	64
3251	64
5567	64
7987	158
3377	66
124	74
2990	154
1746	158
1334	64
194	142
1385	64
566	74
3404	162
950	150
11954	1024
64	218
1165	106
4564	150
4796	106
4021	64
265	158
5001	74
2750	162
1656	162
2323	90
3328	174
794	162
3298	90
2282	150
3234	142
4358	162
10869	1024
19	494
376	398
27153	162
3421	74
3897	162
3574	74
4316	150
3878	106
4546	150
3019	154
1911	106
1233	142
3065	162
2366	162
2701	74
4071	162
6181	1024
19	218
1875	174
3545	150
2994	142
4517	162
19146	486
28590	162
4035	150
194	174
3394	106
978	162
3831	150
235	174
1519	64
1396	162
1491	106
2958	174
1663	162
2489	162
2912	174
1178	174
2078	109
800	150
1755	162
918	1024
19	66
1222	1024
19	66
158	142
1125	1024
19	66
1248	1024
19	66
186	174
1180	1024
19	66
1253	1024
19	66
175	162
1269	162
136	66
3018	1024
19	66
1249	1024
19	66
191	174
4036	162
4000	174
4574	162
4392	174
4160	162
4271	1024
19	494
197	174
342	66
168	170
3656	162
3685	66
618	174
2643	162
3947	174
269	150
2718	162
1711	106
3113	174
2176	150
1606	162
3466	1024
31	66
351	106
1111	1024
26	66
189	174
1358	1024
19	66
1213	1024
19	66
1249	1024
19	66
235	162
185	166
900	1024
23	66
2213	66
1996	1024
28	66
196	174
174	174
1199	1024
19	66
1886	162
533	150
3547	174
574	142
2329	162
2251	162
1805	174
2862	162
3966	174
4586	162
4206	174
4375	162
1279	1024
19	494
816	566
1154	1024
19	66
884	174
1131	1024
19	66
2100	1024
19	66
181	162
1835	1024
19	66
1983	1024
31	66
370	174
1624	1024
22	66
1181	162
379	66
2543	1024
19	66
1788	1024
19	66
170	150
3380	174
2433	106
1352	162
3182	150
1182	174
4229	162
506	106
3591	174
924	166
1943	162
3421	174
573	174
2942	162
189	150
3895	142
193	174
2662	162
1865	162
1307	66
920	174
2890	162
4069	174
2014	64
946	64
862	150
792	162
3391	142
878	174
1238	150
1377	64
1443	253
180	162
1717	142
1730	150
739	174
2616	1024
19	494
563	278
1727	162
1526	142
1788	150
623	174
3506	142
1169	162
436	150
3736	174
229	142
2032	158
2189	162
466	162
3499	174
974	90
3667	162
438	162
3417	90
225	174
2870	162
3980	174
2230	162
2378	162
4136	174
2813	162
3978	174
2935	162
3963	174
2946	162
3449	1024
19	494
519	174
1250	1024
20	494
1352	978
423	162
3988	174
2917	162
4158	174
195	150
2616	162
1295	142
1810	158
1082	174
2783	162
1291	74
2790	174
2850	162
3972	174
1792	1024
19	494
1055	714
190	162
2852	162
1354	174
2664	162
2783	1024
19	494
946	714
410	174
2559	150
182	162
152	162
3978	174
2928	162
1868	1024
29	494
909	714
1357	174
1798	162
1061	162
4788	1024
19	494
172	174
808	714
2898	162
1267	86
931	162
1845	174
837	162
2118	162
1411	1024
64	494
978	714
1657	174
1477	162
1423	162
643	106
2082	150
1340	174
2406	142
533	162
1301	150
3555	1024
20	494
177	174
763	714
2850	162
1519	142
1451	1024
19	66
139	150
1100	1024
13	66
307	174
966	1024
19	66
1255	1024
19	66
343	162
953	1024
19	66
163	142
1137	1024
19	66
906	158
778	162
1701	66
1923	1024
19	66
1245	1024
19	66
362	174
1280	182
1640	162
1727	64
349	150
573	150
1433	174
813	142
3306	1024
19	494
137	162
802	714
3055	142
206	174
127	162
1474	150
4783	142
1739	150
4526	1024
15	494
127	66
832	714
3066	142
1718	150
3027	66
905	142
1528	150
4015	142
2019	158
11404	162
5989	1024
24	494
949	714
3040	162
5181	194
5788	1024
24	494
962	714
2653	1024
19	66
438	162
918	1024
19	66
1300	1024
19	66
1495	1024
19	66
190	150
156	162
913	1024
22	66
1245	1024
26	66
711	866
1522	66
357	174
844	142
928	1024
19	66
1196	1024
19	66
163	150
3915	142
1972	158
15306	162
4407	146
