0	80
1221	13
371	138
312	124
335	110
414	97
665	21
395	4
1079	88
462	50
1054	68
189	325
181	144
318	53
89	19
523	100
1059	10
477	6
2043	385
308	20
797	135
451	23
2175	72
457	23
303	91
1523	156
872	379
420	227
416	92
547	132
1012	8
1520	159
1284	57
626	260
1594	20
1310	127
1400	22
371	110
650	61
767	43
2117	8
1473	127
1116	131
646	91
566	132
475	320
1921	121
1056	15
1428	47
311	57
2150	157
1814	68
120	79
493	98
334	86
2080	285
678	27
960	83
337	185
1851	358
743	27
899	277
215	43
2046	12
1770	180
2219	87
468	135
274	86
1011	24
439	59
2186	54
84	35
211	3
669	13
361	360
297	207
509	72
354	219
371	6
2631	31
288	109
1546	8
2895	19
1789	2
1420	132
809	8
1021	68
902	58
2132	179
263	190
227	29
228	43
1110	628
808	125
1985	110
646	278
1333	125
1008	66
517	114
547	16
448	80
1120	258
275	35
657	132
505	60
82	60
2519	69
1601	5
2111	7
1472	189
601	51
265	22
1366	9
1895	254
983	35
1409	145
134	35
1541	3
1592	28
571	36
254	97
1240	17
603	83
651	177
1583	57
758	6
120	147
955	34
2161	18
667	110
382	98
1449	35
1365	16
1626	148
78	57
1238	102
597	2
311	111
2232	35
2535	279
3415	3
3902	120
327	124
500	333
371	40
289	94
592	313
951	31
699	402
74	7
287	102
449	152
638	33
3422	98
73	118
97	131
240	14
1882	22
423	164
1052	340
59	49
1128	260
345	231
193	139
233	91
1372	20
1412	122
968	5
519	168
1030	10
1396	191
1066	254
188	111
899	324
1245	186
1199	103
209	55
735	166
838	155
589	147
1536	57
1214	196
617	15
569	14
256	1
247	68
414	277
248	12
181	89
211	179
773	33
3014	6
114	170
193	54
1276	33
1770	78
1213	34
639	1
510	473
5832	241
3727	93
69	43
21	91
975	87
291	632
244	43
919	67
279	88
275	19
280	12
221	99
1245	8
243	40
293	68
731	6
376	12
227	47
820	39
679	39
205	150
3483	30
1134	298
575	142
756	5
769	24
2982	69
1013	26
682	130
2470	56
667	86
1283	69
924	193
1357	81
434	83
118	22
978	31
284	420
2656	90
3794	163
339	7
983	320
394	100
496	5
221	116
277	55
415	67
354	126
1108	39
933	37
1601	187
277	50
701	14
1145	196
1126	59
1524	122
770	128
859	75
831	443
222	149
690	98
760	33
793	56
884	30
197	55
774	10
962	93
917	82
979	79
567	340
209	112
107	53
3632	60
244	308
889	217
1729	325
1564	24
2442	29
102	14
1602	49
215	114
773	74
39	357
2033	79
749	130
969	393
202	24
1072	28
644	113
173	241
1469	31
97	18
378	125
216	226
1412	31
186	17
237	175
517	69
1871	220
870	59
65	74
784	20
346	45
820	54
309	56
1175	125
3139	44
364	4
1661	5
413	3
210	17
86	51
908	173
666	211
630	263
128	26
373	19
1517	66
730	151
2093	190
2114	24
3907	172
2440	36
2775	24
1148	39
1304	20
849	245
301	115
966	22
2063	41
634	112
1208	99
449	93
655	187
767	204
2058	40
2652	48
2614	137
1005	76
941	379
1982	6
385	52
1021	21
341	26
768	10
1348	268
1273	56
648	204
1164	15
1409	89
1502	36
873	93
915	28
1966	9
902	107
588	26
756	59
1173	46
618	11
3562	69
740	110
437	90
2307	324
1080	69
138	116
641	142
2492	98
1067	154
430	201
317	656
903	39
1292	162
2242	112
812	115
1578	20
3260	44
749	523
254	94
184	29
301	113
600	13
825	19
1396	319
549	115
9194	32
1928	28
1706	15
926	44
465	35
1110	93
1148	118
990	29
566	119
979	278
699	48
2014	162
2727	4
1415	36
77	39
332	151
222	91
1070	108
4116	113
3398	17
1719	55
198	299
85	77
1456	43
399	277
2823	24
636	86
821	65
1344	63
1600	96
126	13
1124	200
479	33
1139	58
376	92
237	84
935	333
1191	43
426	159
790	344
597	24
1205	11
1985	36
1193	48
616	330
1589	74
322	101
1729	88
295	23
229	112
669	30
270	10
400	376
819	105
451	44
1598	164
667	18
967	59
2331	97
941	11
3309	101
3501	49
602	185
742	29
612	164
469	265
1728	12
1075	84
1315	41
1679	267
455	123
321	21
445	1
172	134
170	46
118	56
312	18
1682	52
621	37
480	73
304	63
506	153
1111	127
1187	76
51	154
844	153
895	16
206	34
120	49
1200	83
1858	29
762	170
1699	86
641	73
621	18
1910	16
800	209
191	64
162	69
2608	52
675	98
319	7
1289	703
835	82
2568	30
3291	118
988	67
804	594
185	56
959	38
909	96
382	24
175	200
1539	357
1008	114
79	22
254	55
274	21
225	115
2153	3
671	66
211	10
1077	50
1830	67
53	94
447	85
658	99
836	73
1795	56
1656	86
66	3
2100	30
1238	243
613	219
2088	24
1134	9
137	12
2272	20
520	60
1012	181
316	39
1062	158
113	192
1484	381
1108	9
794	16
179	108
1967	209
4720	123
125	523
69	123
1138	66
1108	22
1548	35
1143	10
2903	178
139	244
84	65
355	22
378	41
601	140
220	151
639	69
105	49
859	43
738	43
425	40
1854	77
2275	10
2024	23
398	49
322	103
915	98
506	44
1796	50
196	57
243	62
349	29
1106	15
551	6
95	153
183	63
443	1
4061	168
72	30
630	242
754	11
1215	4
1878	36
1073	245
1102	22
1670	62
192	151
280	78
85	185
284	92
672	21
214	74
185	183
388	298
223	19
1543	35
289	329
1079	177
385	40
1604	18
327	11
483	171
579	451
608	17
296	16
967	123
173	27
190	2
915	13
1012	4
734	122
45	16
500	45
1093	22
2207	31
374	46
290	2
527	51
151	169
1784	49
73	102
595	31
2056	51
1654	68
754	130
436	107
533	432
508	263
519	8
2997	121
424	123
691	6
1123	282
3171	126
1735	34
1931	75
41	20
45	69
2084	150
197	1
90	63
200	63
62	60
957	266
1136	18
1514	158
1326	202
963	36
2146	29
2480	14
88	139
51	196
3006	114
1952	47
2961	4
741	7
1123	291
498	37
245	76
1744	6
2484	77
30	16
2882	13
230	10
196	100
197	14
2972	389
424	10
274	174
419	195
874	106
367	181
292	88
216	39
85	268
330	18
444	134
2189	95
908	19
280	12
825	125
273	60
260	1
1363	177
1403	122
211	98
591	90
224	71
416	29
2734	80
100	206
4365	158
631	2
432	2
4240	58
761	16
735	102
868	235
292	265
174	151
889	34
977	133
383	78
1193	20
746	132
918	20
1404	181
1275	23
211	34
170	80
193	62
169	6
1061	80
390	525
1951	66
1667	155
880	50
193	10
1546	223
469	47
420	335
222	20
1269	44
1241	45
178	141
271	4
662	7
257	82
365	135
1468	146
260	124
821	17
745	86
687	84
3863	128
66	17
957	32
583	507
99	351
810	148
1698	99
3454	170
114	191
1707	38
875	31
756	170
740	119
372	30
219	123
233	222
600	33
70	35
970	10
41	101
557	15
1177	109
1720	6
1044	30
391	7
677	55
996	273
30	41
246	6
1221	222
910	45
2902	90
745	35
3012	24
3283	102
145	68
154	428
5554	8
3589	61
431	147
787	49
788	18
309	90
1067	24
298	29
258	103
1064	310
523	67
388	10
657	161
413	212
77	130
102	125
1382	29
176	35
715	141
360	4
671	64
1106	54
657	161
172	45
380	15
4060	60
597	109
227	91
1389	21
784	37
1512	118
1979	41
151	92
253	57
278	29
320	79
2811	24
1235	25
1571	5
1609	71
621	65
458	249
810	223
72	136
1711	11
770	61
2085	17
1145	29
418	291
212	14
516	21
330	85
939	232
569	17
898	15
276	31
603	5
3740	148
548	30
172	108
94	185
1865	314
434	70
198	39
1399	83
151	29
1070	75
653	683
1555	31
581	170
2723	19
758	26
1608	11
428	146
669	66
216	21
657	54
1772	297
130	23
140	33
1297	156
606	37
1265	239
380	58
109	102
295	202
215	159
1100	73
1120	53
1062	27
604	206
433	26
359	157
2069	156
165	245
824	266
124	159
382	138
659	95
5554	38
52	10
1626	27
705	84
1637	6
295	197
601	96
376	187
490	20
545	20
454	134
76	74
1570	56
339	63
606	57
2075	51
362	2
2185	16
2854	277
546	13
1106	42
665	137
234	95
688	191
1027	71
103	260
1409	82
157	239
675	88
451	60
288	65
1303	12
146	35
1206	144
172	263
1061	107
303	40
212	19
914	288
154	60
144	19
764	19
215	65
1081	3
480	467
1211	234
419	83
1596	44
908	124
1768	101
282	54
45	275
1696	65
650	24
483	56
1199	11
202	110
831	108
1055	48
514	322
1413	244
629	95
860	112
376	111
1670	48
306	7
227	218
1175	22
1584	112
467	55
263	38
378	328
3171	13
88	5
944	23
1104	226
1821	98
277	23
978	15
1403	84
84	9
788	143
147	17
793	64
242	64
708	129
299	10
819	290
77	35
1031	131
1153	59
555	102
3789	194
195	239
694	30
2392	176
573	55
343	47
623	50
1519	312
1046	14
1696	138
343	117
68	291
2740	95
642	148
1573	46
1444	118
603	2
458	286
394	186
169	5
191	65
878	23
227	122
177	217
455	188
244	48
1500	315
2105	160
241	74
739	188
960	64
2068	13
1321	19
171	28
733	134
211	229
608	46
109	256
842	40
2148	32
408	90
1216	48
909	99
227	155
662	2
1984	57
96	13
1412	13
206	194
1825	39
995	13
632	51
483	45
144	53
1269	158
559	22
3227	122
402	63
809	231
2111	14
1211	85
519	91
184	7
1653	23
3688	12
161	40
1274	85
709	102
377	52
799	97
221	22
257	203
2101	21
838	103
812	86
1091	27
50	41
1767	29
166	37
483	65
478	235
2692	229
293	144
586	12
626	25
163	107
1442	88
1962	94
2172	45
85	35
68	254
97	272
690	98
194	60
1443	23
164	434
1198	38
1238	138
741	191
3594	1
200	123
1138	35
1447	104
242	194
1096	6
1558	42
164	314
187	18
1473	21
284	243
160	128
530	14
599	268
2092	90
1504	157
218	113
166	30
308	8
188	23
174	134
648	444
979	111
337	85
679	6
411	25
182	149
2208	51
249	224
119	293
952	211
1455	62
1271	39
1998	136
88	101
4157	91
612	132
1979	20
160	27
561	397
158	393
883	19
848	26
394	88
1053	24
971	7
54	86
753	325
164	80
546	125
338	92
1521	209
1064	108
608	8
1614	91
226	158
574	39
104	21
315	56
1137	119
41	61
344	37
234	4
467	39
1286	16
207	46
538	127
85	167
643	182
493	56
2475	128
103	119
356	179
1211	15
767	4
64	91
707	71
2424	130
1034	191
1054	39
184	49
1153	7
796	347
208	80
187	114
173	512
2052	62
3548	75
775	115
1479	78
94	48
886	142
596	36
582	113
26	34
91	155
481	39
223	23
1484	142
758	207
1299	12
400	58
310	152
251	24
467	76
1409	339
1356	57
251	6
488	377
1477	20
1204	3
178	32
425	5
252	222
472	37
386	81
174	55
107	66
389	51
1449	4
284	24
257	48
582	55
179	116
2182	275
864	46
1733	17
627	17
276	79
3486	138
349	66
920	165
72	19
1075	365
244	50
784	150
656	90
1312	186
1148	12
363	49
1475	130
602	53
1028	95
457	197
374	151
841	101
184	105
974	137
1047	76
739	22
674	130
210	15
321	94
1446	227
1444	49
1651	38
315	25
167	64
1308	242
285	37
2190	134
524	5
158	99
401	98
402	177
472	116
288	152
3158	22
62	246
2300	213
852	7
431	67
176	298
298	86
52	48
1470	1
1583	4
30	29
386	113
1453	162
849	354
223	127
2477	310
446	53
1642	34
91	163
630	58
3711	107
106	56
292	29
847	187
35	46
726	6
1117	157
2740	103
1089	21
2733	135
980	122
77	77
874	98
283	60
1180	39
685	97
984	73
81	51
977	42
352	98
3519	25
1999	244
1643	75
295	88
1268	12
654	74
234	34
819	50
504	76
540	205
1898	139
1247	97
277	226
180	19
1186	31
820	51
1506	41
59	341
220	114
480	135
64	16
400	81
256	142
133	18
60	137
1372	110
913	32
872	56
1968	95
386	14
305	345
401	45
173	131
800	54
465	105
2098	19
63	364
1242	8
1381	184
584	3
1004	83
329	61
668	105
778	296
206	128
231	252
338	10
1304	51
1668	5
1130	45
618	188
198	79
1409	271
1270	87
330	44
1085	2
500	52
429	243
268	203
30	125
315	59
259	127
782	52
601	104
2031	184
552	154
1377	24
3299	168
855	8
1559	59
788	144
633	31
779	28
2114	50
2043	35
421	37
83	71
571	459
624	40
515	150
1728	101
1624	19
2745	1
221	143
267	52
1464	73
361	26
259	11
574	399
724	103
734	266
63	33
1113	157
2356	394
3256	75
423	101
825	160
172	124
340	45
234	23
250	128
837	79
493	81
2988	56
56	147
541	7
1343	258
735	437
1750	145
292	23
146	17
409	237
92	5
41	17
274	69
1979	92
1615	17
1320	106
1138	252
3735	2
1238	152
449	80
828	116
1168	17
1746	16
294	4
988	18
1352	225
96	1
1081	247
1785	39
45	1
798	49
839	127
2137	87
1050	16
1149	4
2857	50
816	84
842	192
839	12
420	13
975	269
1297	18
1305	112
285	90
1796	73
1516	41
243	80
50	44
453	23
1112	15
1107	156
1352	65
2140	425
1350	73
201	202
65	7
456	5
97	5
215	322
259	129
215	32
101	9
914	107
313	76
568	32
104	103
660	8
1187	31
260	11
1028	56
287	23
570	27
413	82
4142	187
470	69
388	38
1275	74
942	161
1317	21
2320	16
737	49
399	72
1773	229
545	579
94	108
726	259
1349	94
1875	246
818	15
275	44
689	171
844	40
770	237
872	59
483	41
668	209
1025	14
581	116
330	41
442	26
1081	16
1213	180
418	128
1597	129
2216	41
1408	34
56	459
2361	37
417	2
37	175
199	7
164	75
181	45
2206	55
105	159
209	39
2166	18
406	69
737	112
318	72
1081	14
465	60
854	64
644	121
2826	116
720	159
2099	133
272	343
146	24
2052	112
1470	27
405	11
1439	64
583	50
1045	47
460	21
746	245
44	51
1043	168
521	12
491	1
1151	159
1488	175
917	36
897	119
823	84
506	37
2099	4
335	73
1128	325
1783	14
395	85
687	24
1020	5
1048	177
362	59
749	36
1572	128
670	292
196	17
435	45
255	328
214	31
645	162
537	185
3362	16
363	12
67	54
625	31
6226	183
595	57
184	37
619	74
1575	90
724	420
262	55
1426	211
331	12
532	108
570	256
750	245
449	367
799	59
1013	20
1249	287
247	117
348	225
3815	45
1467	211
1056	52
1285	194
418	32
911	46
425	71
683	29
1181	64
1498	6
1402	15
87	117
220	72
3062	6
464	12
1030	100
433	65
956	26
1450	9
29	23
3058	63
255	1
83	242
606	9
855	133
2662	198
1092	3
745	92
690	34
1837	3
3187	15
3129	41
131	182
301	114
958	190
889	26
1581	33
196	87
1126	76
174	577
804	154
1394	207
189	151
727	162
1208	139
1016	11
883	175
1021	267
29	5
3275	160
618	18
1025	15
730	15
364	86
1681	19
601	79
1866	81
845	7
754	77
32	44
90	100
163	250
987	6
1373	61
959	37
556	200
664	53
855	137
613	189
239	41
1689	233
975	14
699	22
2157	32
3478	22
99	223
906	116
95	40
2088	199
1762	76
3181	37
465	55
1187	31
1171	196
413	18
503	21
750	65
568	38
249	78
50	14
395	72
296	4
285	51
1189	211
467	112
1111	332
299	136
221	97
351	240
54	67
649	57
364	86
1552	147
1529	151
172	614
2091	45
277	231
998	72
890	25
692	57
98	39
612	417
2199	298
1440	33
681	99
1129	61
207	369
1320	13
308	112
28	65
1242	82
436	120
2095	62
492	53
492	13
765	56
270	92
365	239
1169	24
575	127
441	77
653	36
1210	37
250	193
533	121
977	155
788	68
204	50
2043	121
284	318
1550	47
134	13
1091	1
1149	11
205	52
215	47
531	10
1345	3
270	56
95	245
919	46
585	86
327	268
499	49
186	82
3870	327
369	23
1993	111
1099	173
296	243
201	73
2792	4
257	1
366	20
2720	119
557	285
1210	112
186	141
628	17
558	14
210	38
2530	168
2693	33
931	57
51	15
393	37
733	167
722	114
828	349
1770	216
421	278
176	116
366	74
2095	47
47	335
3930	4
552	4
161	29
1128	2
697	37
284	115
3827	64
537	254
405	32
2817	83
180	68
1550	141
2094	349
82	35
408	164
63	16
512	10
91	82
272	29
656	25
722	18
110	188
1544	17
646	56
1421	32
314	152
396	166
128	89
533	52
309	42
1137	290
2509	201
318	97
319	77
975	36
185	34
2252	121
2036	102
568	17
609	126
544	528
496	4
1033	166
780	11
2248	26
991	42
83	64
2120	252
1800	182
531	94
820	268
418	28
1808	8
3281	105
932	26
115	37
1557	274
2638	22
497	1
962	12
2123	41
459	45
209	162
241	34
2342	6
1034	28
816	100
437	56
1523	101
202	77
778	353
1152	21
628	123
454	56
272	292
364	122
1849	212
56	72
479	3
432	258
1522	337
830	66
180	221
2404	6
83	57
504	214
911	113
669	27
1041	84
2439	83
52	151
300	21
212	28
2170	189
222	187
222	165
256	120
398	261
1199	65
337	123
305	6
891	155
1007	1
67	127
307	209
952	92
260	247
396	201
227	38
1773	14
1385	19
106	25
414	105
605	64
423	109
1630	57
445	33
528	122
2168	46
518	12
1136	96
819	20
723	12
4212	99
4500	99
556	71
2359	283
387	87
171	56
907	111
1178	160
185	9
365	365
283	31
181	47
1062	37
399	79
685	76
1725	129
327	49
268	19
194	168
766	170
263	37
962	22
874	234
2288	3
2678	195
761	32
1570	22
2787	196
30	99
1396	113
255	183
168	59
2219	95
2559	131
2362	24
648	97
1710	199
274	57
707	204
346	77
209	333
297	46
1036	23
483	26
682	9
1097	223
286	12
186	28
346	107
941	28
950	168
174	151
357	95
324	98
1074	26
2317	50
1872	72
82	11
3027	61
939	170
122	148
1013	4
2304	42
684	315
176	70
1843	168
490	247
2208	107
1108	117
906	200
1222	4
1203	39
1478	227
344	128
1108	81
483	34
626	10
39	13
657	20
295	455
286	268
2645	35
1730	95
1962	99
911	188
65	1
184	156
1452	136
173	36
462	455
301	19
527	65
180	21
1576	33
3312	23
615	26
56	11
1056	46
256	31
563	93
1143	106
1382	25
2835	179
171	54
1439	352
57	62
951	20
191	2
280	88
660	102
311	90
422	252
423	51
1293	6
553	65
463	104
777	483
2206	369
93	87
295	41
531	38
822	38
1887	71
585	145
909	65
1151	49
376	135
1016	325
1062	97
3417	7
436	110
263	50
362	1
411	1
842	31
1468	34
1813	4
308	54
675	77
692	94
1786	6
4401	174
756	306
813	61
348	28
1057	71
704	27
63	208
437	46
568	94
776	203
116	76
214	2
2022	69
2994	452
207	9
302	15
985	326
273	17
4442	139
407	144
946	40
706	75
24	63
2760	77
175	106
176	8
95	24
831	18
2065	672
1012	33
666	75
29	16
291	194
528	207
2537	23
1154	20
652	165
606	105
1783	68
1091	152
2717	9
933	146
348	126
1002	64
1323	52
146	13
2508	2
1194	196
2087	48
507	13
2041	89
420	11
925	84
430	66
879	15
1184	2
472	5
1235	101
1064	34
1179	50
890	60
350	17
405	45
1125	123
328	10
724	1
1932	38
1131	32
1072	67
960	2
502	160
2537	139
594	42
489	1
753	107
1488	17
1841	89
1023	107
503	56
221	136
168	63
244	191
477	113
1435	51
182	51
1065	235
1319	125
133	64
1058	37
277	42
679	91
369	93
320	154
521	36
640	6
1226	233
40	27
872	46
2209	11
107	50
160	58
631	138
1200	65
165	32
1521	11
1267	54
252	76
554	166
249	2
443	19
84	106
656	82
1055	60
1586	286
681	16
22	269
928	341
588	40
80	3
1174	57
560	70
726	11
1665	163
2589	5
3253	52
1980	312
228	60
231	141
1197	4
305	40
335	446
4070	146
421	64
344	131
50	227
613	289
1073	77
1579	46
1519	36
990	134
510	54
1219	308
1226	48
325	220
592	95
2776	37
984	207
217	142
3380	83
191	88
1794	282
1054	55
493	2
293	244
921	2
639	130
1433	132
935	21
782	19
351	102
1081	352
747	84
165	386
2198	92
540	17
505	138
149	177
1018	18
2306	86
2209	2
321	38
1820	18
969	79
1857	141
395	35
1946	24
50	138
681	78
212	7
536	74
827	105
337	4
633	125
306	105
450	36
228	193
451	11
154	37
763	399
264	71
735	322
514	46
346	37
256	63
449	107
123	273
418	87
554	123
163	43
895	122
1074	20
261	23
967	327
492	170
718	95
1448	275
766	219
780	18
1790	14
135	357
1915	201
562	59
318	9
36	65
598	247
226	181
403	245
268	217
584	38
311	7
1045	25
107	47
1032	222
492	217
189	165
391	91
1849	2
1623	105
566	22
823	308
265	134
1444	124
1774	55
1085	124
193	78
188	16
297	176
565	143
575	210
643	37
427	66
285	26
2429	158
556	104
1127	18
235	34
1075	95
647	26
1237	3
155	252
95	63
608	18
438	155
318	126
459	51
99	2
208	51
953	33
1962	291
1624	64
81	199
279	38
1365	112
350	71
268	289
1269	134
569	213
1930	184
480	28
961	96
809	15
361	258
542	142
868	115
217	3
178	58
650	64
955	136
856	87
760	4
1368	94
1177	130
358	24
1936	94
803	61
1008	150
159	15
1770	12
58	162
1569	64
790	685
631	22
573	336
1304	116
1056	22
1615	45
1244	89
338	98
23	63
1103	9
2583	51
1398	223
200	210
1310	13
190	58
615	2
1373	5
615	123
45	45
1145	98
307	35
460	26
205	50
944	276
216	129
40	32
1034	25
687	1
518	48
2807	177
73	13
324	24
60	6
550	33
390	131
224	176
807	34
41	23
1160	28
494	31
326	11
721	77
437	7
622	37
513	34
373	21
991	68
385	32
87	20
253	260
330	61
1217	114
2008	191
75	28
827	5
170	534
592	102
711	306
513	257
677	58
663	108
1125	22
1378	107
157	22
337	85
478	67
178	316
1494	238
1988	506
224	109
431	152
291	319
593	4
36	479
921	3
1129	3
157	137
216	182
288	10
2031	13
1184	81
2771	24
1554	159
1247	29
224	42
1812	38
397	214
63	213
112	5
564	37
558	263
28	128
301	6
703	6
88	213
1842	60
1310	136
1484	31
1356	345
303	116
223	10
995	6
1352	54
197	187
337	76
223	50
460	147
554	163
1747	55
554	41
36	82
169	95
270	29
954	1
88	86
699	22
1864	44
1284	19
1066	16
854	22
120	92
46	81
545	44
213	356
191	7
1726	50
1950	165
203	217
357	40
3371	113
738	10
93	150
220	96
2063	192
601	1
518	150
92	118
800	97
1246	55
499	83
880	69
863	27
3323	439
173	1
191	37
257	117
845	230
416	42
471	32
292	105
989	67
1097	5
1352	143
889	3
1140	21
460	29
69	80
1137	7
467	29
301	78
706	2
244	9
122	68
309	85
623	16
1404	11
690	70
255	59
1152	71
768	36
533	93
1376	30
83	274
1075	25
42	36
714	46
662	72
279	72
1799	21
853	27
2053	44
162	5
268	49
964	15
652	140
576	14
62	142
496	377
178	28
1748	66
1315	139
106	47
590	61
680	88
891	63
2403	273
1335	95
513	123
262	110
1504	49
785	158
826	190
169	58
1557	202
1587	98
1116	63
380	70
82	95
1075	89
320	36
1230	53
108	41
181	65
180	37
2055	27
169	101
1748	26
1781	134
659	29
168	27
338	685
1051	16
2076	8
509	116
139	194
181	50
577	2
1560	150
245	23
1389	6
1250	39
171	151
165	92
1051	113
1283	130
1167	17
1142	23
65	402
1399	199
587	65
1812	33
1833	18
567	72
422	109
1112	33
2793	22
1276	10
815	58
377	783
425	104
230	24
263	108
2136	23
1207	8
804	224
230	43
1114	101
36	17
690	62
375	22
1139	17
415	177
773	357
961	19
986	67
461	34
261	74
304	72
1273	68
880	29
522	222
1120	35
980	175
577	131
562	162
994	21
294	91
965	36
611	279
399	45
2584	9
2417	65
145	216
1801	212
1183	114
478	13
81	44
2777	458
2137	207
338	40
577	115
903	10
1453	46
1382	224
198	1
434	118
2208	22
1613	19
178	167
397	65
202	6
1927	49
1130	70
183	20
560	50
92	311
1998	13
616	12
2150	238
668	27
764	307
1327	62
133	36
1850	285
794	6
140	129
156	29
306	19
460	302
236	8
490	35
621	191
191	52
2457	49
333	34
448	43
283	1
2516	66
39	249
818	239
275	78
581	188
48	36
1052	160
49	65
245	67
1108	178
2094	49
82	185
1182	15
49	247
2532	12
410	159
468	102
83	200
356	146
84	61
2067	67
293	273
54	126
221	131
906	46
1624	199
741	31
518	16
1943	173
290	142
1345	37
1446	10
1707	14
719	34
570	82
548	127
1440	5
1979	106
392	20
258	12
831	223
1043	21
1256	4
1423	70
1664	39
1045	36
116	62
898	36
724	17
174	214
1317	155
1436	59
2182	4
1377	2
659	40
1612	140
487	24
1646	216
249	224
886	22
1517	19
606	15
511	39
4080	119
601	12
401	129
40	186
203	236
1233	57
2366	5
250	4
1795	215
296	60
528	50
1842	302
87	20
636	120
734	148
697	114
366	181
2773	485
307	45
852	22
685	21
325	43
192	28
520	90
714	349
549	27
216	120
953	335
242	32
416	10
1199	76
547	136
1665	14
392	75
930	272
320	141
909	248
366	25
266	73
208	77
763	168
1484	18
298	317
474	201
1882	66
60	49
242	37
889	13
290	101
3776	243
528	268
372	84
121	99
993	214
857	3
1407	53
372	320
489	108
597	237
833	17
945	535
572	323
3898	62
3199	167
240	52
478	7
447	59
90	83
845	19
355	185
771	58
1415	220
237	103
34	10
434	89
1965	7
67	134
340	42
1306	107
993	56
7508	123
51	150
263	146
30	378
17	231
15	124
14	7
85	17
473	74
540	49
1485	154
181	89
1085	18
306	3
730	40
1390	73
1080	2
309	30
1477	8
1859	1
723	37
668	164
2390	192
1426	25
639	194
954	157
1663	543
1529	335
1921	2
884	98
270	97
1734	35
1503	75
5630	8
898	104
1024	21
1143	8
948	341
782	60
451	82
941	303
173	87
1070	12
352	1
793	32
93	158
1234	28
565	29
1306	70
1482	28
1360	23
357	211
2020	7
509	85
3144	45
63	300
639	98
1068	68
2100	150
303	85
1671	51
293	35
420	42
1765	22
274	59
784	6
2831	24
1350	358
210	56
1916	52
971	40
605	14
689	40
80	61
354	154
2395	179
123	19
916	200
649	61
1510	162
1236	97
2337	3
445	98
1047	116
600	2
411	61
1237	20
308	3
184	72
700	168
1483	301
718	99
301	30
4201	269
776	120
832	88
615	144
779	159
60	189
407	287
341	107
51	357
1751	52
244	62
1178	83
531	57
792	203
706	67
187	73
282	52
725	17
286	171
622	67
984	167
663	183
2720	148
178	176
1150	72
375	8
178	96
283	101
1162	79
28	3
332	399
244	46
285	326
253	166
2211	57
1026	217
1486	52
905	80
894	20
1234	57
2348	304
170	63
1563	5
1449	40
1081	274
299	723
512	41
661	70
275	90
1228	271
750	69
443	87
1919	189
367	73
345	160
404	44
556	32
379	47
495	128
1658	66
692	174
1980	123
1772	49
197	10
316	33
187	94
998	87
426	60
299	37
203	79
348	13
237	44
504	164
1282	73
1315	22
463	123
81	16
856	44
543	21
333	137
33	53
1885	179
268	308
844	199
391	181
1148	27
2910	9
1015	148
180	1
1533	10
590	198
209	83
1110	206
371	10
2373	11
852	106
1808	56
475	90
1186	147
41	3
1099	156
116	253
2321	9
810	130
2426	12
1346	18
808	129
799	51
3969	42
97	197
53	49
922	52
445	131
286	192
388	37
454	35
228	34
870	68
1116	3
4002	105
1155	45
29	19
187	26
1448	4
717	295
342	318
196	60
331	6
243	3
875	66
2028	30
576	1
2375	205
995	98
616	38
1439	172
191	52
372	239
1064	377
587	159
2014	100
125	63
1155	15
2613	237
456	44
480	122
1000	10
364	151
2045	236
2139	92
1978	254
2049	158
899	127
1219	206
233	199
2430	116
948	224
464	5
732	54
220	492
81	28
432	108
31	46
994	117
507	132
517	272
1367	443
81	428
158	190
197	264
959	9
1436	95
471	181
656	49
3979	48
714	96
110	29
89	2
1733	30
51	35
789	244
427	2
937	271
168	142
489	118
1796	121
1272	46
38	6
570	110
38	340
225	49
255	108
313	41
63	16
682	234
730	510
810	174
292	3
174	88
386	134
873	14
565	80
870	145
635	78
445	12
1129	32
468	131
354	68
509	122
814	53
2294	174
65	168
1158	91
65	63
432	58
630	384
1356	51
413	71
302	233
1473	37
2593	105
1236	83
176	155
1102	303
987	44
48	163
1384	162
1365	113
1013	58
1378	83
476	8
1541	30
348	134
644	482
399	89
513	23
499	419
224	294
968	28
225	156
379	44
1469	17
1579	19
512	257
3205	8
754	65
463	100
481	107
99	15
65	26
4149	59
675	54
1276	37
93	14
3668	225
233	11
386	4
358	90
328	86
1377	21
459	56
380	23
1262	209
983	17
402	37
472	10
2230	58
410	1
243	237
186	33
256	171
1357	1
2267	3
2859	101
1022	13
359	294
62	61
424	33
472	112
665	47
340	12
578	8
1599	44
1107	173
984	104
753	302
1297	41
1883	34
311	159
1034	52
756	62
470	115
1445	20
454	60
223	259
224	210
49	45
195	62
1729	272
538	60
338	14
4336	22
592	43
870	41
406	181
171	107
1754	183
374	15
2659	182
699	199
253	22
53	1
1112	9
394	25
238	244
364	77
1195	33
241	9
2041	33
553	30
332	26
201	214
1146	24
5385	28
224	27
202	22
519	163
383	61
1689	46
286	52
512	154
2144	76
87	137
113	60
755	76
620	27
807	59
243	58
311	13
843	25
722	12
962	56
1139	34
380	29
1261	32
291	195
299	8
790	222
1071	23
120	440
94	55
168	48
243	146
245	39
669	248
327	48
1231	20
257	48
200	96
516	28
225	4
689	28
3348	214
1037	140
237	82
63	37
221	163
1600	343
264	261
66	150
279	39
468	271
291	13
46	12
371	40
1842	57
1230	89
54	147
1102	112
761	3
649	5
701	243
521	30
1046	202
54	3
2021	23
204	197
406	27
515	43
242	213
357	287
358	63
66	20
1100	26
79	11
924	155
2514	77
1147	31
878	334
100	89
695	66
2078	148
351	71
687	117
415	93
1693	49
1075	20
2270	38
101	131
1051	317
2762	22
492	32
1084	254
1304	490
1357	29
920	18
1269	98
1271	15
545	162
494	235
660	113
320	136
26	8
212	109
108	103
201	24
1019	170
3278	180
2341	243
524	265
1186	15
209	4
1557	1
863	3
389	558
1492	182
762	185
530	153
392	113
477	250
611	234
622	20
69	237
627	99
307	125
358	74
304	61
72	12
98	29
1912	118
492	8
416	19
1617	160
555	130
50	57
992	132
1655	113
304	125
710	194
607	54
946	72
468	87
464	3
941	49
1069	398
718	268
1878	15
202	151
566	22
433	76
300	2
424	15
888	329
526	12
332	16
58	51
1028	11
588	137
1140	413
1278	238
213	85
325	74
810	87
142	80
128	15
868	126
607	53
905	103
269	210
328	44
214	108
2521	344
46	92
381	22
534	208
186	20
1621	72
772	17
2302	103
393	95
2516	94
1123	9
1139	68
82	13
1891	398
306	37
856	217
282	197
845	69
1570	151
713	192
355	41
204	170
948	65
102	105
2357	122
2257	111
580	194
889	382
983	14
808	89
741	215
770	49
253	70
1481	77
1200	76
1946	19
2559	33
377	6
780	126
260	56
1324	34
384	45
480	23
1118	9
939	45
1925	81
332	83
1450	76
830	9
455	35
1032	165
599	259
1768	26
667	41
430	11
1696	44
3272	159
176	202
789	39
887	19
2430	74
933	193
689	151
772	188
965	461
566	158
450	115
217	35
1799	107
509	187
291	258
2596	106
129	227
882	68
1513	5
1663	132
399	112
751	348
1016	119
540	130
486	38
1080	149
240	105
3006	223
1225	3
38	105
312	2
2237	3
1024	163
2244	20
3408	168
349	141
408	63
668	48
91	60
333	41
814	22
3528	158
469	12
1318	20
285	87
95	515
310	56
216	67
606	11
256	78
2763	87
2934	38
1793	43
1402	54
468	54
79	375
160	697
949	337
162	34
1026	12
728	42
432	206
332	183
2327	149
107	44
876	7
87	38
223	119
195	35
169	97
38	25
301	129
281	25
407	131
192	84
624	15
593	127
1115	35
580	9
279	63
321	199
3479	21
369	56
438	121
672	51
1816	111
1116	58
360	52
1479	172
174	80
96	48
602	302
763	142
820	236
1845	45
545	23
190	115
773	77
48	92
838	253
1076	66
2004	19
1532	144
245	9
1946	19
160	253
236	32
58	89
483	72
343	98
1655	19
1975	119
1650	21
390	72
1556	124
84	5
659	73
531	130
286	23
459	80
861	120
499	6
710	78
695	211
265	169
2329	57
320	74
738	37
1364	100
132	264
97	151
700	61
44	167
1442	3
481	39
248	32
195	55
351	383
635	23
1561	185
894	268
771	49
860	16
1681	121
215	20
726	55
81	46
634	79
1426	296
1190	6
691	12
497	215
1153	265
107	82
4245	31
556	37
1446	2
889	31
1020	260
301	84
2091	113
119	28
278	320
421	115
898	220
80	11
272	63
1050	45
663	388
2802	72
908	32
98	101
346	108
77	35
2117	24
1080	152
2676	128
285	30
783	11
1867	8
235	40
3844	99
1006	19
199	66
991	90
973	19
266	168
918	21
1341	21
1289	60
414	90
176	48
259	499
1679	56
371	33
250	55
705	175
1625	251
266	55
420	68
1403	56
2004	160
1731	372
218	140
874	199
424	172
56	183
164	262
707	4
176	134
699	171
629	190
486	322
38	7
469	310
798	100
1824	63
701	22
1722	102
171	223
1972	293
252	88
1080	97
2924	28
442	2
507	193
1310	87
1783	136
207	135
1699	37
453	74
69	28
1794	21
415	126
849	95
459	140
523	28
769	511
288	172
842	85
997	133
958	62
1305	2
447	122
523	11
97	66
1143	96
609	243
2426	208
1842	10
285	154
485	99
381	126
1505	42
5526	127
476	38
404	284
1620	4
181	44
147	145
2093	9
439	272
1760	257
2826	26
754	124
649	89
341	244
1359	71
1366	155
426	47
1592	183
180	71
775	213
1549	27
638	65
480	7
1231	3
595	220
618	70
703	167
3264	4
151	162
42	80
1743	86
1666	73
1031	178
165	10
483	55
1046	37
225	391
340	27
1541	18
273	95
758	141
651	35
465	257
785	21
1668	604
1682	105
355	33
865	2
2086	408
532	157
2488	277
2277	151
202	67
403	5
382	101
681	4
95	10
200	165
880	162
494	55
1406	97
280	124
277	77
183	206
1837	8
533	1
903	251
6693	71
1264	44
366	235
2172	81
159	57
1796	43
1664	15
1334	24
933	200
932	31
475	40
1385	22
673	8
1485	79
271	7
579	32
1454	45
1168	27
301	46
1014	68
1243	44
442	147
1699	167
322	65
1391	83
1178	40
439	68
144	152
2408	255
902	81
480	157
619	171
1161	200
1154	112
264	34
1720	90
282	24
371	2
876	4
1042	164
329	38
1015	29
1901	42
1132	179
678	29
507	43
391	52
279	50
1994	14
713	37
586	143
1443	16
897	172
569	196
1073	119
992	177
171	308
507	24
1652	1
54	95
270	144
907	191
183	18
746	184
215	110
2034	109
83	306
625	127
793	135
465	261
165	120
164	21
106	121
189	57
469	142
1096	20
695	113
1029	161
376	232
222	162
595	261
794	48
661	233
1199	36
2049	3
38	378
238	42
458	87
91	143
201	93
744	21
1227	47
229	65
824	14
2964	64
345	24
1028	53
37	34
582	366
294	272
3140	55
2271	160
2405	179
511	76
1062	47
589	41
2792	40
433	98
118	48
679	5
61	179
272	103
773	64
900	98
762	53
2315	107
321	171
1172	4
174	54
1595	49
84	164
947	58
518	34
981	38
704	5
778	109
721	17
3604	57
203	234
1248	29
435	185
149	449
2415	107
701	98
3035	137
735	1
3241	191
309	288
492	75
248	282
708	24
344	339
36	29
413	36
222	3
575	54
370	1
264	24
411	111
606	89
654	61
1175	166
302	14
816	131
554	152
685	30
613	30
569	113
1502	50
292	202
1627	5
326	167
2422	1
1167	17
1405	83
265	167
738	181
1831	10
391	44
171	39
1252	42
318	45
201	91
448	34
971	90
53	40
1233	318
1192	7
2339	476
636	116
626	111
304	104
231	259
1202	58
1430	21
489	4
530	153
703	55
196	7
1315	17
519	221
1980	32
465	234
995	186
225	192
1043	292
107	98
300	272
429	59
596	110
500	134
61	150
1003	98
172	42
1112	42
732	149
733	26
3132	44
447	45
88	512
727	43
1092	83
1681	62
648	27
474	5
3042	3
801	56
239	234
783	12
934	9
729	33
1811	13
1758	68
626	205
406	108
306	87
787	60
1609	70
686	14
639	58
266	45
582	144
1808	8
359	254
1763	248
295	179
418	79
1238	84
75	233
1720	260
405	68
720	36
212	13
482	179
294	26
724	75
161	81
510	132
439	25
1772	67
4119	40
171	7
803	88
2411	142
935	158
787	124
688	36
505	34
496	163
624	16
464	124
3445	52
3025	68
623	108
2418	315
1620	269
1730	151
775	60
361	176
1257	61
1082	424
113	166
220	229
1204	158
434	78
1867	43
439	106
1629	163
510	17
2065	187
294	66
591	90
1354	9
130	161
204	20
857	44
2261	10
1918	105
27	47
1556	81
322	174
4291	142
92	38
250	93
246	53
597	382
412	66
177	17
1148	79
671	185
179	32
249	399
338	17
2492	51
548	15
280	34
195	19
276	339
606	128
49	118
397	178
392	32
658	2
537	83
237	128
2042	43
878	111
3420	21
183	131
474	139
1414	419
350	56
1602	144
2713	6
35	54
1742	336
770	234
727	289
265	78
1378	549
68	64
841	85
769	200
1254	2
713	264
688	5
470	42
763	62
382	103
614	171
1530	27
1070	8
349	9
2590	165
815	5
706	107
242	34
2493	37
534	222
1068	12
177	7
713	168
4884	34
1706	17
1398	42
680	25
1906	23
235	48
1895	98
596	70
603	171
195	22
1038	573
569	64
166	8
126	151
763	31
1768	50
197	49
1568	55
3376	125
1171	46
1590	4
853	25
1509	107
416	90
1243	206
2703	2
512	22
1919	142
37	121
577	30
541	4
670	2
1047	176
1470	188
908	157
2167	150
1059	6
275	27
774	350
607	106
279	224
348	341
495	13
570	334
1501	132
1424	2
414	76
523	103
1315	56
385	168
336	58
826	190
520	119
208	106
246	104
1222	39
1654	18
720	89
222	14
180	185
348	8
1614	327
556	104
296	27
1172	19
704	100
3258	362
1271	10
320	8
442	38
357	85
1089	32
412	15
1310	30
42	232
76	11
259	28
188	5
486	15
1496	202
174	171
775	81
553	7
1327	355
644	114
462	295
1255	1
298	242
950	35
3860	136
188	109
2872	83
232	4
1575	103
572	242
176	123
707	66
383	5
492	97
1837	88
1073	48
1069	95
2791	26
714	24
360	7
381	4
910	55
106	80
1643	144
2516	43
441	147
457	28
277	40
1259	81
1470	90
259	92
192	119
296	73
675	106
786	38
99	9
678	54
376	57
906	141
325	114
1055	225
2300	143
46	78
498	157
101	45
178	109
1054	4
834	159
1796	62
1377	39
885	20
530	83
524	4
1529	88
1986	56
685	35
580	113
529	246
241	71
438	45
427	51
59	46
902	132
856	13
421	293
415	169
1651	95
2394	60
813	194
1185	49
181	166
532	142
452	296
53	202
608	172
677	10
450	96
226	199
879	69
755	56
1211	30
1478	422
527	112
749	35
338	36
2824	11
1197	134
292	189
417	4
1221	35
2228	206
807	60
869	1
341	19
840	16
232	22
388	92
1777	59
967	210
55	159
1724	86
1350	4
294	128
325	123
85	133
307	36
1414	35
455	18
636	74
295	202
479	148
83	149
1999	11
379	3
1113	110
1432	36
639	29
1105	16
38	298
799	100
661	20
2261	85
188	19
960	17
3139	50
290	73
399	235
2641	114
110	3
398	303
408	27
665	7
308	5
645	22
1316	42
2822	2
920	49
539	179
570	7
235	17
233	184
1504	67
199	38
562	124
881	83
1502	52
506	128
384	4
830	110
246	9
626	5
32	19
2729	7
490	24
204	42
1394	38
67	113
971	37
747	94
216	322
304	21
233	278
906	84
1137	243
790	28
389	47
468	8
374	93
97	74
631	58
366	157
865	22
1001	323
379	27
377	33
2417	36
585	274
442	13
585	26
1107	93
2139	44
3536	82
240	58
929	81
1501	207
841	101
351	46
852	183
2301	237
744	88
840	17
1844	7
1956	780
610	27
2906	71
604	39
227	195
263	211
287	2
2047	222
1077	116
221	26
866	19
989	3
958	204
102	49
439	24
292	154
492	39
3863	28
1166	84
125	6
85	254
333	78
273	19
1139	29
106	58
1196	191
183	371
711	176
1631	464
236	131
37	97
970	69
797	577
987	44
302	24
582	192
1623	9
502	157
1764	127
231	30
218	215
1162	106
1197	140
226	27
628	75
2653	164
94	67
432	188
1240	47
1709	79
146	11
41	144
788	17
313	110
66	308
464	4
1180	148
852	56
1132	227
212	174
303	259
720	27
572	61
412	194
791	21
249	243
504	229
1465	65
2800	4
2124	33
952	197
1346	58
383	30
211	3
261	72
601	11
1598	93
439	94
592	26
71	51
1589	96
992	8
584	144
421	92
1196	29
721	5
693	110
523	62
62	32
1882	27
2783	38
644	165
1092	164
691	32
1094	95
615	7
900	125
2907	19
1270	32
574	7
3903	7
1561	76
706	216
638	25
1032	32
217	37
563	99
552	95
1767	46
910	81
1063	78
882	29
217	166
266	287
38	7
409	372
764	204
199	7
219	78
1619	254
421	251
2864	649
309	57
1951	129
100	57
594	110
212	38
427	244
1324	24
1640	35
329	50
375	175
1909	112
206	51
1722	99
2991	1
1481	148
2254	144
1377	259
3726	19
899	12
974	85
4767	33
973	313
380	85
571	146
2248	189
1814	32
871	185
701	89
2332	9
797	82
609	139
242	74
801	86
1718	170
1085	35
484	9
1193	69
806	107
184	32
2256	144
3155	3
818	152
434	95
54	132
974	98
673	87
96	160
283	318
314	2
348	17
2265	102
4836	18
154	283
1331	33
35	58
354	3
61	212
167	221
1957	27
493	22
61	3
998	96
1360	39
408	69
1057	45
59	88
1033	10
227	1
1466	68
634	36
1028	137
1626	169
75	163
771	215
1750	42
272	218
398	30
796	53
806	69
56	35
295	19
442	303
517	40
1287	291
1891	184
979	126
202	197
1995	96
852	18
1102	38
317	32
416	239
2984	21
1806	104
1152	8
513	228
522	92
234	39
540	228
1683	227
106	81
2233	215
588	3
136	100
102	4
266	13
1163	63
252	150
1068	82
451	156
967	322
2351	3
596	326
728	68
307	187
267	33
1449	1
124	78
354	66
184	30
683	8
273	82
25	53
2884	25
449	157
195	26
93	336
421	115
1316	39
176	27
1876	18
1137	37
187	55
2188	73
178	8
482	98
496	14
633	24
478	236
1580	130
212	48
2572	38
700	52
1475	11
362	11
1399	18
604	167
764	98
1332	36
327	62
316	23
600	160
2426	146
1273	18
420	106
232	23
297	33
2563	22
113	25
607	26
2167	155
70	311
1613	157
66	189
183	75
923	52
928	186
1636	405
539	153
272	271
623	53
540	42
612	35
245	54
566	20
334	6
2033	40
379	5
286	33
2022	49
630	12
254	65
720	25
2264	214
181	35
2829	88
1708	91
740	71
730	43
75	34
1289	43
967	84
3244	334
827	138
712	7
1027	14
1023	5
309	65
837	118
620	4
49	13
232	22
75	256
911	22
850	212
888	131
1665	20
182	83
859	319
1986	22
991	144
372	333
269	12
404	5
772	11
52	142
344	74
1412	15
268	74
275	97
2334	2
451	158
187	73
1522	106
1354	2
1458	106
560	15
1835	79
177	133
751	36
1122	4
372	84
317	242
282	114
1330	31
529	139
2011	258
253	216
633	37
826	44
1099	22
1700	18
825	21
427	21
1099	107
227	66
1122	43
84	15
896	5
421	24
2958	123
1522	63
1291	72
1028	250
1040	164
2405	11
2869	59
1063	219
529	121
2288	59
85	19
325	3
1608	409
1882	11
806	96
1454	80
1811	197
561	28
596	33
311	11
613	104
328	95
2881	24
1149	181
852	200
344	48
761	58
2198	23
201	78
576	76
816	56
747	73
627	21
432	34
338	51
301	11
1056	75
85	204
659	34
302	41
495	88
797	320
756	88
900	190
1255	332
487	6
484	143
51	85
208	181
446	89
1511	41
1161	59
1474	2
346	135
1263	13
822	38
90	47
816	512
658	18
260	53
1393	23
864	38
224	41
2868	145
1210	91
717	58
892	13
822	111
630	19
3515	49
64	77
276	10
1181	50
181	76
201	150
1121	450
1526	510
1491	142
62	726
1048	42
800	175
193	365
427	59
285	17
1853	1
1216	43
1796	11
1913	109
75	106
306	7
497	28
1270	59
3994	72
288	94
2139	209
489	128
1909	130
1844	153
1184	294
285	25
780	436
572	85
246	64
3419	41
473	143
80	107
301	167
989	192
723	155
100	5
808	187
56	26
1368	87
381	31
251	99
1530	143
2086	30
542	4
83	60
1182	35
78	33
347	55
274	28
735	6
78	283
992	50
378	47
82	259
1607	177
2591	58
95	215
554	9
1426	100
351	73
584	26
1494	95
1260	121
581	8
763	439
472	20
1068	106
886	107
876	63
1168	37
501	49
1043	48
1286	223
893	87
399	59
2115	6
599	104
232	62
1938	134
398	47
423	32
1439	59
1133	100
86	52
419	46
1615	56
212	93
360	23
506	198
883	126
1496	66
668	102
275	384
233	22
323	5
1118	8
1641	26
512	59
471	1
846	1
919	68
255	9
1242	186
1008	422
1415	81
340	284
636	130
522	49
55	3
1604	13
238	310
326	84
2107	12
592	141
529	92
224	32
191	50
912	155
1864	42
313	49
1668	169
1616	1
742	120
921	45
919	43
647	74
833	105
1213	344
453	80
909	38
161	34
115	61
795	206
212	112
280	9
778	17
1210	266
491	125
582	144
819	195
438	149
381	22
206	229
463	30
413	311
340	73
494	38
677	39
326	102
772	452
1563	77
407	120
998	49
691	142
755	276
2094	117
388	343
3521	138
1871	171
591	2
1315	68
574	83
69	15
532	81
217	124
547	473
1800	9
1467	253
155	110
2814	77
1823	43
204	76
735	54
326	57
854	44
199	369
340	127
540	49
2202	138
435	112
841	139
131	153
2979	182
1606	123
977	194
281	58
590	127
440	391
633	50
4113	333
1050	319
245	67
518	175
1066	120
402	145
950	309
931	8
305	211
634	26
1213	132
337	213
435	183
68	291
852	52
117	54
1134	353
1738	4
248	6
135	12
298	29
265	103
574	165
2170	137
242	33
67	360
638	9
341	5
2445	39
1651	59
912	39
884	206
419	15
1364	84
807	94
1124	97
2038	152
338	16
208	125
755	72
309	58
275	129
287	154
549	162
500	70
1431	121
870	17
173	40
385	35
2188	91
280	380
693	74
436	19
1522	60
272	53
326	169
202	39
268	47
1998	121
604	47
1093	138
255	156
1646	18
719	162
409	114
221	106
81	116
637	87
256	120
1548	34
2061	174
365	22
1945	670
692	71
285	140
465	105
617	59
394	115
1559	16
203	83
569	21
702	6
1197	42
1472	285
1082	82
1206	339
606	116
808	47
286	46
285	16
311	32
2426	174
1195	100
147	22
540	63
1464	49
1837	28
1320	69
1330	86
634	61
980	165
1751	51
1254	135
917	79
894	23
373	3
505	164
865	56
488	25
2479	68
488	86
2706	20
1392	208
2117	150
365	105
747	49
278	166
450	24
325	26
2348	11
376	88
746	167
453	68
200	29
316	122
345	45
699	124
53	102
256	6
829	117
1133	61
57	33
763	26
663	527
855	63
1549	47
451	31
4015	85
962	20
371	100
698	130
357	70
2532	41
2178	21
110	68
88	466
1114	284
884	94
222	111
1205	59
921	37
388	27
405	21
1373	5
1867	125
410	18
879	38
1312	70
171	171
269	41
1362	95
404	36
761	149
141	104
395	217
459	40
780	230
2005	99
401	27
1901	58
222	40
3432	2
690	82
474	10
3606	7
1294	216
695	123
611	7
259	149
153	35
356	253
4513	248
400	14
87	227
964	6
399	13
1380	5
1862	1
858	96
401	69
84	11
1925	10
116	125
198	38
442	87
445	128
1703	111
870	53
1493	180
263	81
237	15
354	45
550	17
82	120
86	57
2323	6
1439	22
653	124
1449	105
1014	158
285	269
1189	36
3047	54
457	401
744	14
1067	7
551	226
1173	332
2288	60
536	15
125	108
397	45
285	21
2212	245
499	20
277	27
166	48
386	110
413	140
97	134
1433	31
208	127
1122	60
1068	117
838	140
296	35
1343	2
1910	62
207	417
88	79
114	273
651	115
205	15
959	174
2745	22
765	130
126	76
823	108
597	42
840	239
819	38
531	109
1749	90
192	21
1379	109
42	341
1559	149
1563	6
629	29
560	22
1271	32
1189	17
372	191
304	36
1851	4
2170	46
88	45
623	9
49	52
1029	138
1013	21
274	105
388	254
814	53
1337	46
1781	3
218	93
259	1
56	21
586	48
1724	31
1585	22
431	20
203	154
221	229
25	12
1535	25
278	184
817	53
1216	20
1944	1
407	298
333	336
518	63
197	38
507	125
679	5
1341	11
792	96
2633	146
635	17
3972	229
3739	436
1531	14
948	221
253	121
196	208
188	38
1272	38
1011	155
610	148
1119	361
899	110
96	75
1590	39
315	324
1765	101
264	50
1706	152
184	126
251	4
132	89
200	6
3772	163
1616	78
759	60
1934	55
220	234
2278	140
537	59
1815	3
243	74
184	32
326	141
671	87
437	100
373	96
561	46
362	9
849	23
1014	3
332	10
953	116
980	285
2150	311
278	42
3631	62
1146	97
2729	2
1859	20
339	79
1602	131
294	357
273	146
340	89
1038	41
705	61
1149	120
1149	77
716	5
1015	25
1529	54
576	224
912	188
1164	108
67	8
1169	43
478	61
207	57
413	3
2493	126
1122	41
221	16
1340	46
250	10
1058	202
2788	22
2538	150
1690	143
2572	21
691	47
715	22
72	67
460	268
1155	107
398	121
1528	234
619	89
248	317
1605	336
591	348
65	29
482	220
2163	498
1144	7
1592	73
1635	128
37	41
16	74
15	102
181	93
540	175
1196	6
375	2
1098	11
1462	53
31	21
12	11
7526	53
61	100
15	87
12	244
12	2
486	276
208	20
1795	41
1234	55
1613	20
332	235
1106	63
220	30
857	31
520	362
850	39
2749	233
489	34
903	387
559	5
257	61
337	57
395	141
305	37
211	430
213	194
196	125
672	46
2599	35
532	78
903	66
71	58
1377	30
1570	119
276	107
411	6
243	187
300	214
939	67
855	13
244	14
974	206
2808	105
422	106
962	30
235	86
1021	28
2651	215
2435	183
486	24
789	436
474	45
1498	51
86	14
186	124
349	23
297	31
1030	60
373	251
534	19
510	24
3300	49
77	205
325	23
870	61
785	78
1660	47
364	29
1456	90
1023	195
645	57
983	33
93	131
265	40
527	163
284	35
309	53
602	161
75	66
455	164
66	135
241	24
1459	7
263	60
169	22
1284	42
418	14
354	67
582	28
785	4
381	61
1659	12
1077	170
494	102
854	52
422	86
1153	3
892	140
760	242
449	104
194	50
84	33
1430	111
82	15
628	30
666	60
432	45
2052	380
1013	57
1491	123
667	161
1076	68
317	265
378	158
803	26
139	318
3692	34
6404	12
49	270
17	31
14	8
15	121
13	19
14	462
4739	63
42	287
16	160
15	267
14	153
14	80
3231	154
51	15
17	63
14	2
14	64
14	190
899	71
1272	18
2020	13
790	44
919	432
194	17
108	212
290	48
509	213
504	40
121	56
531	11
1402	7
812	189
117	34
2654	273
40	15
661	17
22	298
1155	59
323	13
7015	52
40	308
1668	54
606	192
528	25
1888	115
1777	5
310	226
1490	159
893	258
312	17
2032	32
1769	89
471	149
780	47
90	22
2457	50
1499	45
424	26
1476	16
776	46
1438	41
69	66
603	23
1044	77
390	42
114	47
497	317
204	20
2534	37
2576	61
846	99
1683	87
1928	113
1910	55
421	11
488	97
264	54
90	195
190	6
2281	85
244	113
2219	399
793	27
2601	59
1536	4
547	27
1113	439
82	83
1601	148
622	203
373	113
662	30
2128	120
2250	58
343	145
245	27
1972	20
113	96
2489	36
520	301
1774	18
2106	65
86	15
981	48
295	238
1293	91
626	45
786	48
2703	47
1044	17
440	36
237	69
1593	48
513	79
391	8
978	5
469	29
191	248
2074	284
1253	155
200	42
468	123
101	286
762	10
460	78
79	40
349	18
1583	179
209	101
1279	156
347	225
461	242
129	8
679	9
101	26
784	27
908	36
60	293
930	326
3065	93
581	33
716	20
821	76
545	179
3307	23
1446	32
572	76
890	44
99	24
263	29
110	35
921	55
1955	46
806	56
1628	167
394	67
555	107
223	123
373	152
129	58
852	30
1997	106
474	14
2595	372
703	64
2343	17
2116	62
3139	335
1164	34
1255	478
1068	916
460	139
1358	87
526	181
2036	101
873	19
301	23
2055	71
527	28
629	253
4162	35
2027	9
776	237
231	308
102	229
642	14
773	123
2053	5
686	88
228	93
459	61
197	206
319	246
400	303
831	223
978	171
862	217
721	69
314	58
549	217
494	95
789	390
1422	77
1948	194
476	60
905	173
919	487
1073	139
1254	184
2365	50
315	34
1161	37
1657	79
1391	30
1293	37
80	27
1100	104
56	74
448	22
733	176
1073	146
103	4
899	1
204	23
415	23
201	12
665	10
422	119
86	98
909	18
370	22
204	80
79	280
704	19
163	82
166	67
486	59
293	46
192	54
315	11
190	16
699	209
1928	24
725	161
928	2
82	33
977	81
1134	73
2101	300
418	234
2319	17
274	100
1679	59
2524	127
1157	77
623	14
95	20
360	165
279	26
951	100
610	88
285	27
1061	203
90	61
1194	191
1758	27
40	32
298	193
89	66
196	117
617	69
1663	37
891	68
1678	97
475	21
81	15
390	287
3095	27
393	239
456	85
361	129
1120	55
2126	35
1665	1
1199	130
886	77
905	127
2911	82
1384	81
272	28
1990	87
1066	191
398	52
192	111
810	46
335	182
616	274
248	66
1091	62
326	42
207	235
448	62
1169	21
453	236
661	233
79	192
389	139
2074	32
985	93
442	30
1877	21
882	126
354	11
1673	32
812	35
914	29
468	46
616	11
640	195
338	21
213	357
678	75
719	18
983	132
641	1
228	21
345	16
765	24
1798	23
1111	3
330	274
1805	18
196	35
501	211
851	38
1627	364
971	10
207	80
1531	132
292	389
402	203
2270	113
96	75
917	143
1722	326
1894	1
426	45
607	14
3537	80
781	1
58	258
158	142
485	147
48	14
1792	2
1584	70
465	314
1488	20
101	217
119	168
903	104
243	26
553	222
1098	104
1454	30
924	164
975	15
890	204
566	2
84	24
525	12
707	226
628	76
369	2
1884	235
1131	279
86	148
134	164
47	50
788	360
2226	40
437	34
1158	78
348	298
1486	112
1338	23
739	42
4319	1
1961	79
2942	291
1787	248
1637	226
209	42
1222	19
2978	74
94	105
76	41
95	55
3866	65
483	100
1223	125
49	1
212	395
1680	40
1889	38
83	101
114	193
244	90
309	173
1155	101
987	13
1019	241
195	46
842	354
241	149
2274	84
2057	34
985	81
615	175
3300	19
329	163
965	215
1103	89
446	198
784	18
738	195
6124	14
67	53
1260	44
219	124
1013	119
243	170
1070	20
391	34
543	39
183	359
525	139
2186	124
469	20
545	84
340	39
1296	209
1326	7
123	37
231	134
2099	43
529	217
1743	35
386	89
296	399
200	87
603	43
1678	109
1350	78
766	32
321	173
2082	344
234	101
192	3
542	212
7477	79
134	167
395	74
103	232
1528	17
347	44
1025	124
90	27
608	8
717	46
423	153
99	31
336	54
1609	223
111	18
2057	64
419	63
542	144
339	56
397	93
265	56
905	18
1043	293
219	60
1780	135
1181	161
527	58
2152	105
241	65
703	16
366	32
261	139
1434	2
432	129
945	75
69	46
604	36
99	52
204	4
1592	2
1094	7
109	149
312	152
1994	110
1230	9
1086	133
478	143
1803	180
764	8
936	54
57	181
1396	91
56	59
3791	4
107	52
718	50
263	3
751	67
316	26
241	87
703	118
643	22
90	117
212	24
791	11
1467	35
707	74
1812	41
1585	2
95	75
226	104
487	34
331	21
1026	138
116	72
1223	26
1896	50
981	16
850	245
1308	73
1417	234
1856	91
647	15
204	20
1001	73
216	14
224	455
2449	2
1674	227
641	205
321	93
71	53
267	108
676	262
1666	13
395	230
102	21
598	161
888	94
1942	32
89	5
1022	50
819	128
585	105
248	20
983	43
3377	89
972	416
226	67
1045	87
84	35
210	96
1371	155
1124	25
1350	50
506	86
689	131
517	30
1413	100
647	44
262	103
1367	17
2340	20
299	86
663	36
1432	51
1498	344
95	7
268	129
440	216
568	20
495	160
554	81
1588	72
82	126
1700	1
2360	91
213	35
177	7
349	89
732	28
949	173
96	49
527	33
221	49
4107	144
1229	63
1128	124
101	33
1116	90
316	184
2096	117
1460	32
1714	206
1453	361
204	130
1683	50
264	86
661	9
44	387
100	107
212	35
306	196
2126	548
613	28
306	15
84	38
927	33
289	20
592	32
363	20
2876	233
319	231
592	156
714	6
645	125
1897	19
411	126
891	236
1011	20
306	109
735	34
5053	39
608	136
1940	1
680	2
454	22
281	48
808	39
1602	102
1150	212
65	45
712	15
320	282
520	1
41	36
245	165
1104	19
541	29
2470	57
103	132
464	33
1261	32
506	111
469	122
885	32
1448	59
353	188
1415	23
659	174
270	75
383	506
1066	33
722	4
539	10
786	23
748	482
228	35
86	430
242	112
1088	64
79	129
85	63
1099	49
360	467
547	153
795	61
78	73
1176	72
582	297
99	13
1779	175
2167	10
497	13
120	70
1535	157
867	10
1295	67
619	46
1345	52
149	51
936	152
388	12
376	161
1410	51
1346	34
1564	438
267	26
796	82
929	152
1673	206
1511	64
121	82
371	144
1219	52
698	15
1018	61
1179	30
2051	48
533	36
115	44
246	11
156	393
98	28
199	2
859	166
322	10
884	319
1391	18
899	70
618	35
339	183
605	82
945	58
1466	92
1009	81
766	73
1894	12
318	125
598	18
805	84
993	87
345	17
1951	57
890	128
1617	69
787	112
268	26
612	20
1755	60
308	78
279	350
1748	218
1081	124
1020	65
248	351
3362	96
144	179
364	155
307	137
982	164
265	24
403	216
260	12
262	160
248	173
292	108
289	60
263	225
64	183
95	3
1128	36
1355	138
99	233
1512	95
61	10
448	179
518	57
2798	97
528	45
969	58
60	185
574	40
752	73
822	189
228	66
834	151
859	11
635	3
3346	25
519	48
510	85
628	128
429	17
1577	7
141	119
1121	302
574	146
229	180
1466	113
770	39
372	174
105	11
537	108
2236	12
470	28
373	75
768	56
93	40
490	16
60	11
484	294
641	19
91	363
839	98
211	6
2050	159
1764	65
1305	5
677	108
2203	65
489	38
492	99
465	53
2102	114
577	25
1202	305
582	147
1457	985
938	430
655	42
853	22
1065	112
264	72
141	25
216	170
1480	14
1276	224
1299	68
121	18
347	28
213	34
478	69
626	85
659	109
307	72
1428	70
320	111
448	230
1222	24
306	526
416	180
511	161
311	66
202	23
3067	104
3809	126
1131	47
424	22
1007	366
203	1
210	218
106	21
1007	119
216	261
214	8
1491	216
638	127
3103	63
228	271
384	125
4488	58
224	92
737	34
432	37
534	110
580	76
2899	13
809	22
1143	87
1258	9
309	120
204	26
225	87
492	84
79	22
840	9
2192	32
1927	139
871	9
140	81
680	196
215	82
77	118
1435	5
221	17
600	195
2017	36
673	16
1930	118
480	64
248	93
1335	161
94	1
407	17
1397	75
245	71
358	63
2284	49
204	45
885	135
615	359
2374	2
1704	56
3308	45
605	38
1375	12
1631	52
980	245
1359	8
931	106
668	260
672	53
128	1
287	50
239	15
453	109
1571	16
66	22
2728	25
729	203
599	7
1445	214
221	14
218	60
969	350
1109	81
769	37
1000	195
1858	111
1046	39
2831	154
355	9
1110	199
2416	171
792	53
1008	172
1948	2
214	144
3380	4
59	125
1393	119
258	6
2020	3
658	48
525	2
398	78
344	20
261	75
375	76
799	115
742	250
756	110
388	312
1801	133
86	34
873	92
789	44
389	183
1071	43
113	146
463	126
2362	3
525	54
1050	10
196	12
2192	94
502	89
1496	269
239	40
111	133
370	579
258	2
2682	54
1374	32
4015	67
682	88
942	49
262	101
908	32
816	302
606	68
1437	6
691	4
1135	30
369	50
308	172
756	131
152	327
1075	60
86	73
3722	428
269	157
481	142
975	89
1090	136
92	67
362	90
269	143
348	68
414	249
1348	5
261	48
84	50
716	59
212	23
1882	77
51	119
413	343
236	54
700	34
1695	74
2796	106
763	29
767	96
399	24
2542	18
1247	101
2467	119
1816	146
1702	49
1157	47
1249	145
570	13
2250	12
718	66
283	127
93	2
255	18
1044	33
398	10
354	128
645	54
954	228
1178	19
507	50
949	454
210	22
826	150
463	141
580	54
2134	152
292	198
244	30
1766	6
1110	64
857	13
820	18
221	90
498	39
127	40
215	122
1547	88
1057	10
236	61
400	25
521	25
527	17
85	238
1700	64
455	110
803	331
1526	249
245	187
1004	114
458	67
130	5
1507	364
97	63
3493	35
88	109
2011	170
851	39
86	104
240	70
96	66
274	39
3057	229
2372	100
2353	27
1268	3
1628	18
1473	102
1087	126
506	9
701	97
123	62
3038	126
623	130
612	33
316	213
283	77
1360	188
781	98
89	114
622	30
304	199
698	296
978	28
540	19
1201	5
1467	1
364	137
1446	19
1673	264
895	267
204	11
534	32
891	161
843	19
3926	154
2450	30
2197	9
276	17
213	59
80	75
1111	231
108	1
2052	75
720	44
200	4
743	98
1291	32
933	32
272	1
1211	99
1544	218
742	101
1510	35
382	23
595	67
1127	29
203	20
80	67
758	4
2773	55
957	1
1679	218
1469	240
1069	12
412	63
3522	64
1361	152
281	78
440	1
1182	95
108	111
2779	55
3776	115
2809	137
105	80
233	140
928	70
403	1
256	5
478	51
4001	210
933	49
137	2
722	42
524	5
246	26
128	20
891	86
1062	79
385	31
285	174
1882	171
420	161
993	55
408	111
1053	142
1866	86
102	71
296	320
1705	13
1251	25
126	91
311	59
261	29
1685	73
813	59
548	107
1075	293
566	29
521	24
1248	168
322	240
580	77
1234	60
378	52
1068	9
470	12
261	19
186	243
919	55
824	25
1645	90
30	475
12	60
3951	244
463	29
900	47
1212	32
112	77
198	16
1223	101
798	126
373	129
972	49
729	33
4499	245
4263	31
784	92
91	8
275	122
1042	6
1598	16
346	47
367	3
2118	18
846	54
455	188
545	191
116	103
287	79
2414	8
82	143
606	206
377	227
459	261
1698	127
1475	180
1207	61
540	24
395	50
689	99
1336	99
2420	11
692	14
1190	50
2134	80
1403	33
375	55
410	123
915	33
235	635
213	208
560	39
653	120
855	50
59	78
251	114
2408	99
525	29
1329	128
2028	138
77	65
176	8
695	43
301	321
297	21
86	40
707	382
365	351
5835	44
1673	64
354	41
3281	2
237	11
233	329
332	24
1300	71
1921	27
1736	70
1088	88
1114	63
137	62
698	3
517	216
232	85
263	95
637	29
811	77
761	21
594	20
347	14
295	94
1011	160
307	46
81	40
1223	228
555	57
101	99
217	217
920	91
249	12
223	56
2558	85
344	146
1003	36
219	149
939	339
546	105
741	171
745	68
270	9
1209	30
453	85
1089	196
363	348
1923	29
90	21
1747	87
205	7
489	167
942	201
515	82
663	23
958	287
4173	251
53	151
1299	13
1350	67
593	40
1482	66
2009	101
1443	18
158	284
2431	108
192	41
2224	34
366	84
500	163
335	1
1100	74
86	11
208	67
2607	5
657	68
1084	37
789	2
1474	115
212	3
5261	403
333	201
1090	12
1055	109
3361	98
734	122
300	219
306	175
799	41
908	179
3011	15
445	1
272	62
1961	19
1703	41
444	41
699	174
603	42
803	31
459	42
257	1
1544	73
514	15
929	10
95	147
216	124
305	29
383	21
448	13
995	184
462	127
79	123
928	79
1196	152
1708	27
1469	159
961	32
517	34
271	71
43	150
1130	86
1614	11
1417	129
681	260
208	34
2460	40
1282	45
365	132
1853	45
783	20
1328	115
745	551
451	7
82	21
910	24
108	260
787	16
2442	260
1310	58
1339	59
237	23
1373	157
2925	200
2596	405
78	97
580	77
812	83
794	49
2072	465
209	60
200	10
591	185
113	301
2927	160
1008	65
54	133
1098	7
476	70
272	111
73	6
417	124
110	248
691	96
1032	42
469	52
213	66
787	42
710	25
1305	84
643	14
295	107
850	130
511	142
933	57
1061	5
1613	21
408	80
2345	484
217	31
231	2
1556	71
2060	8
3343	233
418	20
1962	150
1055	70
1031	70
606	199
2456	163
1012	34
1132	285
3405	63
839	35
130	26
147	72
195	76
1140	62
1113	58
4645	112
227	224
111	4
474	55
2226	77
959	138
1020	4
1315	220
1518	2
79	320
707	19
743	5
2891	20
343	2
1105	146
256	67
1152	190
650	155
3212	147
52	347
1720	52
870	119
42	44
462	96
1445	125
779	95
2290	102
331	83
965	376
409	35
1973	121
606	15
555	134
2497	18
1041	68
697	2
204	107
3997	3
61	103
297	49
78	185
1186	109
1064	108
923	5
535	163
3767	59
1039	30
827	15
1522	7
1174	42
1799	384
1027	102
1613	57
1937	187
244	441
530	78
575	68
412	192
497	227
860	137
1338	131
1647	230
475	182
93	15
1316	227
671	29
1384	82
688	138
405	211
916	19
1677	24
250	146
1501	65
306	75
661	87
193	352
298	85
1139	12
102	21
1386	24
404	54
345	4
1447	314
248	34
1512	90
1761	112
485	16
119	23
228	180
310	129
102	5
2524	67
839	82
881	106
387	63
1993	46
380	56
140	14
445	51
811	254
323	28
1714	240
984	10
1217	134
575	22
152	41
482	230
851	12
2451	39
472	16
2755	64
1322	15
646	39
884	204
116	168
319	230
673	77
446	31
318	12
1885	112
240	124
445	356
103	73
717	16
382	6
655	39
1107	239
237	79
2209	183
859	61
1315	126
1479	20
2348	17
1296	15
433	41
949	284
830	214
881	10
1711	72
2150	10
640	20
62	76
1077	181
471	83
1123	83
432	71
921	96
98	51
666	333
1143	188
44	10
1370	40
1014	81
1497	89
259	67
512	182
2605	25
1044	444
705	4
84	4
705	190
600	129
658	82
486	10
1444	16
2331	4
870	161
234	170
682	81
3156	49
973	15
1086	107
298	2
868	44
281	4
713	14
580	28
824	111
1585	100
262	2
1516	479
211	29
358	88
657	21
998	40
2990	208
51	401
264	54
2317	233
3579	50
718	81
1158	275
1335	171
1240	60
265	203
463	81
1198	434
105	3
716	38
1231	11
445	246
856	49
1593	58
824	48
487	7
300	87
1144	83
189	92
309	151
521	193
1387	66
419	273
225	38
276	41
1471	10
1240	68
125	166
208	8
475	170
1058	81
225	57
515	369
820	114
320	214
1408	99
1420	90
3239	38
262	75
943	177
953	109
1085	25
501	79
216	85
537	18
85	41
583	36
808	212
2130	55
1861	42
554	43
233	138
1440	116
1846	175
586	151
1359	94
287	114
1101	7
756	159
599	267
384	96
856	44
58	163
894	31
2054	72
845	38
773	32
89	196
1537	57
505	139
286	8
542	84
234	131
919	11
1277	272
1097	127
2399	6
233	168
528	13
286	65
2737	58
71	223
73	102
1719	38
240	58
3218	10
335	476
607	410
388	51
305	24
724	45
382	73
565	39
1033	197
296	150
1818	206
1877	48
776	9
498	37
160	3
1291	59
260	18
1490	85
618	36
372	8
206	75
2344	138
2382	65
1287	101
617	114
407	9
113	14
1216	109
1723	4
324	91
537	39
231	64
2117	20
93	188
746	48
258	117
2387	188
912	99
401	111
310	30
793	78
411	15
332	41
1527	20
57	184
3731	68
603	64
745	53
95	14
963	58
406	57
2053	262
46	37
339	305
901	123
205	6
630	47
1437	29
593	393
1314	215
1084	27
214	98
526	7
1847	40
1245	197
1440	27
424	36
453	31
93	44
615	9
810	154
1575	50
743	36
717	124
769	43
2097	236
1698	73
486	5
1078	51
473	221
333	12
1838	10
363	159
261	218
961	173
243	90
725	8
260	37
1316	313
339	116
901	12
1384	30
950	157
360	58
295	106
1247	204
266	146
1211	82
1778	22
1653	10
262	4
897	105
1335	21
2760	6
400	111
1447	39
1091	80
216	169
521	25
245	259
830	24
255	111
677	157
2688	21
570	100
399	99
1965	213
300	47
1969	78
1237	357
1441	297
461	31
1298	48
1368	303
2074	21
358	18
649	38
456	51
49	16
230	142
2092	44
1368	28
3442	159
1164	85
357	96
870	121
789	15
440	76
1101	73
128	41
116	2
331	45
920	106
1756	55
1469	161
849	17
820	129
847	71
212	181
937	55
1105	85
754	23
81	9
543	176
672	11
973	386
213	32
1413	21
867	49
1035	171
1239	28
312	103
492	372
67	13
2145	13
1596	12
357	69
644	150
161	382
186	100
1248	29
2260	414
1361	334
1090	227
346	15
1541	42
384	5
449	110
693	169
263	104
2137	9
614	13
112	33
795	313
371	167
2167	105
1202	58
205	2
611	85
2765	107
1177	92
443	39
273	220
417	1
1553	11
298	291
5418	9
394	38
1801	50
343	34
492	163
302	35
1573	38
2215	220
4854	22
766	7
1027	84
220	161
1020	50
1384	60
395	74
495	58
1130	15
820	278
923	65
1432	2
273	108
207	115
312	8
655	223
249	229
140	42
609	122
238	15
925	164
1453	50
140	12
504	21
664	4
251	19
46	92
250	85
1054	121
320	99
816	191
1134	19
791	61
98	165
4635	160
733	28
2710	16
1054	26
1137	44
247	24
394	145
2856	67
879	196
1047	53
1058	24
213	25
685	164
95	6
202	553
321	200
444	221
949	182
284	19
99	94
326	4
263	104
227	99
887	48
3627	103
106	338
980	6
349	422
1225	172
1191	9
329	12
1364	16
357	39
1129	215
120	81
448	72
281	18
1252	75
414	226
898	27
1194	66
410	48
2583	100
314	33
1047	39
193	61
1679	21
1703	67
402	169
964	53
757	21
701	104
407	114
1002	23
548	119
1043	51
487	31
404	299
2336	329
983	52
2202	154
242	56
995	128
74	2
245	177
210	8
1270	8
487	378
649	116
519	34
894	95
469	183
368	2
652	34
1008	45
1751	41
1051	118
1176	353
474	170
131	10
4103	45
701	123
1710	44
96	185
308	31
763	25
2113	26
1805	29
405	45
279	55
1405	118
1775	70
773	23
1301	3
689	49
49	7
385	24
521	78
1241	24
637	35
820	215
49	303
2671	68
287	346
91	37
1611	41
919	163
200	155
1072	86
280	16
955	42
248	139
2071	9
1148	239
608	319
450	81
1830	173
302	97
681	28
1284	103
1653	13
1144	12
378	17
1855	66
1739	150
1196	87
896	214
1068	157
347	145
438	62
476	49
1046	94
3944	185
2169	67
1373	53
162	182
686	36
457	18
212	46
1696	51
2070	333
419	6
405	135
1388	197
2321	52
222	10
3442	88
429	127
78	43
1308	5
155	20
2521	108
378	54
1109	58
233	107
560	45
1385	251
2831	198
603	361
473	116
404	67
503	157
279	12
169	18
545	182
617	31
1104	35
220	43
1317	89
2572	64
973	64
1002	73
2025	287
380	27
1611	90
443	383
319	72
954	447
785	162
205	209
244	22
708	85
227	36
1054	83
1791	62
1138	13
276	404
161	313
378	115
536	161
89	102
274	17
389	18
3025	60
1529	14
1651	5
2505	182
91	24
1700	64
92	504
534	65
1061	8
2456	112
1628	93
439	69
217	38
648	13
733	228
213	51
395	55
352	188
231	140
1011	1
208	35
1243	137
462	142
1920	58
315	321
481	69
716	175
549	260
219	390
396	206
619	15
290	53
779	87
276	126
260	49
451	34
206	10
1171	118
505	77
509	7
1359	151
868	160
248	240
115	49
908	156
485	99
471	25
721	29
367	147
423	105
149	7
625	34
170	103
274	55
769	322
364	61
53	23
833	106
573	223
503	22
1269	61
360	46
323	18
2717	21
929	57
585	6
886	73
685	54
803	29
1044	200
1296	167
1059	75
924	90
631	35
675	231
919	20
314	28
1693	25
980	8
2340	72
344	43
2664	147
731	100
629	71
120	178
770	2
268	39
1362	374
568	4
637	49
1163	290
701	22
158	153
294	14
358	42
1441	13
299	51
1537	73
846	176
519	17
734	84
606	43
2159	78
859	304
765	91
1948	22
736	88
346	26
723	66
121	66
238	41
117	138
267	69
3684	184
599	161
336	231
2568	123
48	1
343	7
492	28
627	293
890	86
789	56
1008	20
101	128
218	410
2444	17
704	8
1052	6
601	111
665	21
311	98
129	77
405	12
431	290
90	32
271	117
1485	97
1913	82
1045	250
1035	106
351	148
234	3
530	32
2173	3
1557	182
515	73
2133	16
652	254
349	106
506	61
229	15
630	82
248	98
954	47
1431	149
306	131
252	44
1222	217
657	109
929	167
3441	92
578	57
257	138
730	255
819	155
2302	15
607	27
577	218
2075	52
283	142
718	46
1571	51
657	18
882	157
505	113
559	47
305	6
936	23
1077	78
671	4
615	208
707	20
71	110
768	89
2045	6
1353	15
2235	163
599	131
813	52
278	68
124	164
640	96
789	73
1116	142
640	102
1066	79
52	51
468	186
46	158
1164	32
92	71
534	73
896	104
563	11
2424	18
1955	39
909	29
375	208
1258	51
1770	1
725	8
1658	68
235	114
118	200
483	451
97	92
340	14
1730	25
99	206
1622	26
381	91
986	9
1458	111
277	260
121	123
577	47
949	107
392	27
397	30
70	188
242	94
1701	157
77	7
195	30
779	201
104	99
543	55
210	226
2475	65
921	126
95	131
696	189
409	414
361	147
701	9
1226	39
1577	7
106	16
1028	418
1084	48
696	39
335	139
626	58
45	32
476	383
1942	29
747	38
118	85
571	138
703	80
415	225
415	127
649	127
171	18
1450	90
276	55
98	63
846	207
1291	98
339	131
825	261
304	44
693	138
372	20
437	102
297	40
345	10
249	130
2400	119
475	28
1253	18
286	125
1389	115
685	16
511	144
351	10
506	52
212	36
546	130
270	409
1787	31
873	182
1190	50
3667	18
100	95
1073	113
1135	24
66	109
284	92
101	320
2139	27
3542	38
72	214
589	91
257	114
261	113
2053	24
1326	3
148	10
877	548
1994	77
667	46
1468	278
1250	21
417	29
382	43
626	112
157	16
208	33
127	57
435	6
142	15
529	48
1133	306
519	15
578	34
1779	66
270	81
132	62
838	13
239	217
1511	28
366	31
65	7
348	152
155	88
851	34
507	153
725	5
735	124
953	14
394	70
750	180
721	223
219	39
281	89
325	80
215	58
211	16
4139	188
1737	40
391	49
1099	120
402	91
562	4
70	93
309	74
515	88
136	2
1655	430
810	43
654	515
558	161
1092	171
424	142
1819	50
1288	83
784	10
110	78
563	267
1875	43
803	248
1013	43
50	51
219	58
752	99
78	37
656	172
530	9
78	96
1182	260
2419	101
1109	146
585	48
1181	131
2495	357
360	7
1735	88
1396	33
781	49
1234	19
728	258
1190	125
48	4
2009	22
594	135
683	144
407	133
838	95
265	40
604	152
172	127
495	202
238	183
1080	171
925	226
1601	128
1114	146
95	65
974	182
98	22
877	107
425	163
372	38
555	58
271	80
1983	205
2634	21
278	191
1538	40
428	555
1157	54
225	103
408	111
197	36
544	118
605	149
422	259
400	1
768	92
3312	264
302	33
206	57
1531	104
511	155
366	16
1677	120
88	23
980	43
1517	17
283	495
590	85
1138	38
433	38
577	89
1013	355
802	90
405	120
235	46
256	222
108	114
519	111
1675	26
95	97
400	53
1552	24
1141	12
823	59
209	9
985	22
244	56
1379	55
108	64
1041	46
884	188
513	8
758	5
1115	30
102	36
481	142
518	31
598	94
1208	2
359	17
2089	71
883	51
445	250
450	82
407	128
1062	248
58	146
1267	124
457	185
708	78
463	44
1476	53
346	27
436	115
984	152
522	19
173	67
589	51
2625	43
99	14
1181	112
259	36
212	133
1350	301
2812	72
498	10
615	26
503	171
1462	16
1036	16
1127	205
460	172
4767	157
917	31
241	9
624	38
427	216
343	125
999	35
539	37
728	122
2618	11
374	28
784	97
2071	86
1351	283
258	74
1677	3
423	94
387	58
1636	61
652	226
641	43
266	29
247	104
2878	10
105	97
112	17
102	227
1620	103
988	64
1122	2
391	32
1239	28
1708	117
1541	148
89	45
469	114
395	6
969	188
56	15
2696	337
1687	4
273	41
318	183
736	64
1235	74
4121	33
1358	51
86	36
1531	39
267	40
966	35
951	7
1027	42
390	126
938	51
2715	65
460	54
883	62
50	55
747	38
2936	12
539	28
606	11
580	44
434	38
1132	67
765	43
199	154
765	30
205	38
955	154
1577	259
3103	159
1130	147
1008	56
898	29
1090	8
361	5
2575	145
209	87
230	9
1118	67
730	183
1220	57
237	105
539	129
387	146
796	314
328	31
257	73
881	76
282	16
689	10
261	1
415	446
485	1
98	5
1978	101
217	214
1059	15
707	9
797	8
1963	45
930	280
1199	44
135	46
2556	40
949	291
93	192
325	260
102	23
531	71
95	216
391	15
262	8
568	81
545	149
805	171
757	15
2517	115
417	153
2122	233
534	49
450	63
457	54
494	136
699	56
1122	28
1443	12
1023	20
257	51
102	54
666	42
2378	95
747	52
140	126
2364	4
702	30
299	76
579	54
219	61
562	3
869	60
50	41
695	116
426	32
927	15
1043	181
298	25
569	26
1298	37
531	40
639	52
849	258
241	35
267	513
235	37
234	7
383	27
291	19
131	212
1051	221
1672	133
81	107
530	20
1020	57
684	218
1954	306
1152	13
747	166
107	73
743	79
1223	109
570	6
559	93
193	21
544	3
858	9
496	173
1578	9
2562	4
761	88
1559	97
642	138
90	62
1119	10
1191	32
323	64
584	14
1526	86
87	29
283	40
57	183
209	134
2049	101
2851	114
1592	87
768	117
81	93
391	185
277	6
671	291
571	266
377	123
1696	135
681	195
134	46
575	61
577	353
913	178
127	351
1353	96
1218	184
1430	93
261	94
4108	41
427	36
116	137
1431	63
1185	133
558	21
1340	29
377	38
230	281
100	56
1612	43
1791	170
1021	69
632	25
668	143
141	103
1302	355
744	7
1166	178
413	2
2194	454
291	56
551	67
318	14
384	11
1097	43
4748	51
418	2
1148	360
349	188
1286	138
1670	9
1350	134
1074	26
611	86
269	36
221	15
2018	1
285	74
1286	46
220	248
120	280
579	28
322	15
577	34
5312	111
1180	106
275	59
1023	137
1174	43
323	18
881	277
1189	102
319	97
1402	117
315	18
483	10
555	1
2259	57
452	82
327	33
843	21
245	293
1276	173
656	33
3698	10
277	69
281	95
2839	20
1918	334
1715	70
91	44
284	76
1511	79
1990	113
375	9
599	49
2704	292
301	128
338	30
1357	183
342	44
939	42
2627	55
1780	92
3153	78
997	34
2245	427
834	202
2314	467
805	192
1625	205
1202	84
273	154
951	101
526	106
442	89
542	145
1072	98
1505	69
1294	13
117	2
670	134
681	90
1804	103
1483	15
486	97
278	190
2017	21
916	97
1072	71
1994	165
1468	90
540	29
1211	101
4916	183
3340	92
403	35
571	162
360	31
1466	98
169	398
1130	12
1838	50
860	124
1241	104
1495	55
111	77
2713	27
905	201
895	1
401	118
115	62
332	33
243	38
3608	122
698	18
673	44
2042	21
327	37
691	27
3023	38
1128	27
62	237
1378	67
1633	102
119	59
409	43
513	57
1002	55
109	36
952	2
1230	38
272	46
107	137
476	84
472	67
673	29
1290	125
276	119
245	89
316	165
438	114
630	32
1060	41
448	90
5375	45
1283	127
226	40
990	7
273	136
145	50
250	17
1348	103
1915	76
211	29
225	53
281	5
285	366
142	2
420	411
399	13
594	62
470	12
127	96
2306	59
1191	2
514	78
615	61
377	95
1594	112
253	24
1856	40
301	54
278	96
1406	9
105	41
253	10
945	92
2096	105
431	158
604	146
117	9
310	198
727	56
2780	54
368	56
1733	21
276	360
119	11
872	82
1397	339
329	91
270	127
98	115
204	34
758	79
491	1
661	63
1300	149
1865	208
290	109
955	24
248	40
2651	50
1305	232
614	42
1867	113
353	250
871	43
254	95
252	96
2344	192
577	26
2070	16
277	88
624	31
523	7
740	65
574	214
2394	42
221	38
115	17
1086	158
1307	42
815	485
618	24
375	113
201	18
1176	35
457	131
700	42
275	20
3149	58
308	48
104	324
478	15
300	21
2133	82
484	132
494	39
1091	247
234	57
2846	68
1856	64
522	24
650	83
419	133
2213	97
99	64
436	148
423	12
699	13
798	130
2642	91
1010	140
633	27
147	32
288	29
425	6
2293	35
553	290
636	236
139	40
205	124
682	189
756	279
627	130
768	19
2328	66
97	125
304	7
1156	47
743	54
1343	2
99	10
473	28
529	356
254	102
1268	82
312	74
2875	65
326	197
2082	35
481	27
250	4
1034	216
225	921
2633	4
342	50
302	44
232	159
771	76
445	40
127	57
489	18
1151	224
691	128
149	87
796	91
115	277
266	191
1985	6
428	112
360	138
225	152
243	82
506	120
987	29
2096	203
833	40
413	105
1832	112
906	243
788	60
649	55
366	128
1737	51
1886	78
695	224
338	418
2172	118
475	44
805	78
741	322
228	7
2232	21
2136	66
1335	154
591	24
970	28
420	32
555	26
1087	52
490	138
481	36
992	68
239	180
973	181
2427	107
244	168
125	38
610	213
283	108
485	138
1265	17
659	189
788	3
1477	15
458	94
132	15
651	206
493	95
352	143
316	136
508	161
465	18
386	6
329	88
154	39
221	14
1827	167
286	236
761	97
1211	169
1350	15
578	256
111	220
2444	44
1528	55
118	11
261	23
245	24
284	6
443	86
2701	3
1032	28
703	262
111	13
723	38
121	21
630	84
2123	8
705	312
247	285
870	37
2837	103
1328	87
1075	17
962	11
247	35
3396	98
883	28
1350	80
1951	45
1698	142
128	117
562	16
2252	23
225	96
703	47
164	45
122	62
192	14
238	68
1385	126
481	49
260	64
303	37
1174	68
637	34
265	110
1605	1
325	174
1183	128
694	232
255	50
336	25
245	20
657	49
460	14
880	78
173	7
772	289
584	131
472	84
375	224
415	69
528	471
458	235
1419	65
754	89
98	165
761	114
264	43
997	153
1011	128
263	6
1795	22
606	45
93	48
304	23
453	51
315	17
121	106
123	9
109	366
461	3
600	48
1328	6
602	5
2762	105
814	52
236	21
420	86
2802	18
3682	86
696	56
852	30
1960	89
391	8
1282	429
929	54
311	26
318	565
111	49
1470	3
2660	12
673	13
202	147
769	69
1876	257
96	57
365	36
274	11
405	37
957	391
104	219
1811	135
494	119
539	218
630	9
1171	139
1986	27
357	26
766	90
295	114
622	95
1714	365
905	19
790	13
1501	76
712	71
117	256
808	79
266	157
553	66
502	110
478	71
802	13
110	352
750	44
125	47
432	77
519	184
981	9
374	31
163	211
900	17
812	80
193	3
149	35
1459	6
294	148
1554	151
92	136
1271	17
2076	214
145	68
756	60
352	15
3504	60
383	75
193	189
832	91
2406	49
667	12
1744	88
156	450
475	69
571	98
629	2
804	298
1165	350
1442	144
522	89
612	30
856	105
1974	4
691	27
179	28
1092	70
456	830
369	56
691	38
321	77
368	98
56	57
392	443
958	47
997	48
314	116
269	67
1131	2
271	39
2257	8
115	71
2271	143
364	4
1123	18
280	68
1413	9
365	105
592	131
1148	22
1043	8
528	158
1891	208
767	150
2430	164
24	40
716	58
429	1
731	116
121	9
502	71
684	19
2354	134
1185	53
1537	202
2477	126
965	75
301	45
908	169
413	82
403	42
1240	279
347	106
128	10
845	46
251	98
330	26
47	38
778	160
573	1
461	258
149	111
438	12
1009	110
1166	14
711	17
251	72
1448	160
122	31
405	124
447	112
558	15
55	50
1077	15
281	37
436	203
1141	112
454	212
2155	163
1142	64
263	306
618	80
2036	25
5256	68
1427	218
626	27
241	56
457	212
618	278
132	82
351	40
2129	294
654	72
349	312
270	43
829	61
725	44
3302	122
902	87
122	73
253	173
3595	44
108	14
625	16
2040	82
135	8
496	7
1127	9
1611	72
455	83
824	18
392	90
441	83
2435	63
393	97
271	58
1114	52
290	299
821	7
386	97
1163	120
2055	6
234	8
673	29
428	168
502	122
460	438
2059	78
863	262
2780	123
53	196
337	172
595	54
481	19
425	20
1552	210
584	59
641	61
1308	12
959	14
1470	77
1949	48
1247	48
689	105
265	61
4399	27
51	77
313	37
245	155
239	199
587	282
443	54
759	24
1794	48
2555	227
4096	111
691	230
1577	26
1572	271
779	218
2079	39
370	8
356	35
1909	69
450	184
407	125
339	262
116	56
1046	190
470	194
113	13
228	16
1839	59
1529	109
617	111
867	12
719	51
2121	128
108	89
670	19
758	87
629	237
326	121
2121	114
353	65
123	182
228	146
693	258
1098	105
679	91
131	33
938	17
717	2
807	17
1524	18
139	152
313	38
5394	77
363	69
1196	83
1210	179
503	409
744	39
355	41
672	22
100	27
286	14
1664	50
2495	43
2009	8
546	204
1537	101
1198	32
1915	60
112	16
329	43
119	83
549	209
817	2
508	35
111	3
396	97
1325	7
1280	26
964	18
1031	159
431	135
710	129
1147	95
810	205
857	64
1026	206
1292	246
1816	6
101	60
1661	378
1653	19
713	394
1355	58
1101	13
1667	55
472	77
528	288
703	32
905	11
153	76
1514	404
613	115
818	191
1187	212
1180	153
533	20
497	72
425	327
862	5
1201	106
53	11
2294	51
258	1
828	122
1477	148
846	275
1371	147
532	77
700	79
1381	206
716	270
265	25
919	109
1592	19
767	449
3235	131
571	16
1551	295
364	42
676	163
2128	146
421	42
394	151
2425	120
314	130
338	56
1444	49
1448	14
838	99
667	139
893	47
2212	643
376	169
149	12
406	2
275	194
1072	208
670	61
1630	31
530	140
1346	24
2489	171
1185	100
712	229
1091	242
1777	34
258	23
335	34
141	140
221	69
1247	108
1245	26
742	53
665	1
1797	18
107	48
2531	55
506	71
145	4
261	69
446	89
395	55
1216	176
430	11
2087	12
468	25
813	106
568	216
129	4
563	155
1928	75
968	66
115	74
1705	109
408	99
2291	51
1339	293
331	83
1923	70
936	99
2308	49
53	106
1866	1
810	38
296	30
576	69
2578	49
1420	96
1197	229
2523	145
939	70
1503	33
744	160
1601	328
1027	34
765	203
1100	9
255	104
340	1
770	7
1337	38
2211	45
1080	359
53	95
345	29
1781	62
2004	156
1156	90
636	97
747	65
1703	308
1163	8
277	35
2080	70
1903	2
546	103
309	62
53	28
389	9
490	257
254	157
2260	197
352	43
2937	183
2445	80
842	1
544	1
739	11
64	21
691	32
419	143
104	118
123	50
247	35
832	38
1598	36
117	10
1101	26
652	59
391	289
91	156
873	248
664	1
1721	61
328	46
1843	187
629	84
478	58
138	81
911	50
1367	31
144	65
1365	24
496	102
325	294
910	93
990	20
1497	29
286	203
2640	30
634	89
287	142
2655	14
1299	178
277	226
1105	110
1495	449
475	151
638	1
394	198
761	75
1119	208
780	134
956	61
447	190
197	8
866	114
1318	54
752	132
114	12
999	117
248	266
1990	703
273	106
892	91
349	18
777	197
3251	88
94	143
1762	15
823	228
288	82
511	236
225	227
1200	69
117	32
125	249
1363	79
1399	31
426	478
1594	56
118	47
399	111
2337	277
610	105
1305	60
289	97
364	166
527	540
1358	79
776	8
1500	13
810	37
1413	16
142	263
271	4
1021	18
119	46
977	45
406	289
1833	25
246	83
889	7
547	1
1262	12
465	39
1908	218
698	106
408	12
925	135
951	35
787	20
407	229
548	227
304	63
489	6
2687	95
352	245
314	90
321	95
115	140
459	112
505	65
377	262
177	99
288	71
384	22
127	2
1114	5
745	187
777	9
238	54
282	38
247	190
829	12
493	136
122	448
1187	101
881	311
4695	62
1165	38
320	74
702	329
462	73
2206	86
130	9
730	151
1336	216
106	18
290	4
553	8
1257	110
144	11
2586	44
1056	139
969	105
371	92
1160	195
507	57
882	94
730	21
1677	59
319	24
151	184
412	196
642	24
701	45
4385	133
2975	11
2179	140
2311	82
742	25
296	16
463	28
1014	48
459	65
318	53
107	30
738	76
1387	13
585	199
244	63
384	49
239	45
1393	137
357	153
150	213
747	69
49	21
1254	227
635	190
298	25
640	42
1876	224
586	82
522	52
1688	132
113	20
351	221
644	73
1387	13
504	15
2946	50
448	153
1121	61
113	59
334	19
505	9
149	108
1547	27
124	129
256	1
820	54
200	109
228	34
326	128
1741	34
2706	78
583	35
932	29
1161	116
726	1
1143	46
1161	22
1070	55
1458	99
534	82
348	74
849	126
3624	6
1222	46
462	362
119	7
337	16
251	165
490	164
988	387
1463	25
1123	79
1027	37
431	65
863	266
738	173
429	170
147	76
2077	252
694	180
118	15
527	60
613	125
424	43
377	13
923	67
667	12
146	7
662	60
271	92
471	124
594	203
185	34
109	49
2138	230
663	47
500	5
955	35
608	95
895	268
369	402
1595	95
265	154
392	62
1003	37
363	80
297	47
1357	45
550	245
801	79
336	47
516	86
1858	67
744	56
125	119
235	252
118	167
107	341
2809	53
1026	30
586	36
1131	144
2514	39
3248	45
108	41
492	175
742	79
2837	248
142	6
861	62
1572	68
2356	175
349	294
123	78
264	258
978	9
738	16
1319	45
146	18
323	43
1760	152
231	97
317	69
869	24
509	534
245	24
832	204
149	154
117	103
1661	61
112	200
1745	66
1872	33
1259	24
1234	33
671	153
476	152
104	39
749	40
298	139
1248	273
805	6
634	84
318	333
118	111
852	46
947	306
487	69
3088	55
3130	154
2267	5
579	170
563	13
385	73
101	84
375	41
261	50
134	18
970	94
425	15
166	43
125	46
702	21
755	7
4159	27
1197	109
328	213
171	12
839	211
1265	123
1113	126
442	13
1040	14
1962	12
568	27
1584	223
618	39
928	7
1765	28
1960	288
300	3
410	210
125	52
329	45
610	139
205	264
1301	40
838	178
723	452
264	34
334	398
2335	112
1370	153
126	51
235	141
968	35
349	16
990	32
124	94
525	132
741	28
1272	16
241	39
1604	11
318	69
307	5
94	265
306	182
4064	29
484	62
590	77
1230	224
272	83
2028	69
1740	16
119	55
312	44
342	41
240	2
738	235
781	35
480	10
213	9
504	88
1342	8
701	100
1515	79
1029	102
116	164
1919	318
572	446
260	76
452	50
243	18
318	122
469	47
282	5
641	354
3666	132
377	67
609	92
599	97
114	146
424	50
1244	15
1756	30
637	145
1188	36
122	8
1335	120
759	209
65	159
1216	42
273	25
1146	39
254	103
2771	53
129	9
488	9
714	69
202	151
783	212
123	54
2058	94
656	22
430	50
460	185
1616	468
2227	74
383	1
961	148
1347	163
299	191
526	31
707	13
1167	49
871	91
892	103
75	52
1923	255
877	41
925	38
517	17
1636	95
546	111
179	169
2394	22
395	81
609	130
436	3
162	112
141	152
691	387
118	28
971	32
1889	36
2231	3
529	14
329	35
2283	173
1320	71
1271	253
1057	62
781	44
976	66
341	58
1488	61
146	93
134	49
3376	150
137	73
1751	5
897	77
1322	92
104	88
814	123
223	9
140	218
437	22
3813	75
3771	90
377	124
685	134
1606	105
168	83
1228	45
334	147
1806	35
784	41
676	204
1722	57
164	48
1159	13
282	21
251	144
766	73
145	150
289	145
373	187
257	27
748	84
792	5
437	82
489	297
806	1
2262	267
630	63
1212	17
260	38
1058	10
819	3
1422	116
121	24
259	33
274	95
752	96
1806	109
57	112
2324	272
2150	206
1142	176
368	2
2642	48
827	151
1410	13
2823	103
354	50
1295	292
482	32
2217	2
1254	302
123	21
949	162
187	21
125	21
284	119
264	4
220	5
1195	109
1308	113
442	4
241	23
470	8
156	316
1120	53
325	57
634	136
1310	247
1012	176
62	213
563	143
3447	59
609	86
621	33
326	65
507	89
760	22
362	19
413	35
481	26
554	101
299	52
1002	19
1598	54
1089	59
120	53
926	129
2377	136
115	141
395	30
1149	19
937	154
275	15
945	155
1420	52
65	44
241	5
549	116
1161	34
1191	62
529	77
1042	87
743	111
349	110
679	194
1046	77
867	38
1202	157
589	82
1162	6
1265	43
349	434
664	29
381	217
1605	64
3852	157
1165	167
1414	46
1291	22
1200	85
124	233
2422	10
1038	145
2377	156
403	194
247	93
1844	385
1777	66
1547	41
361	106
844	87
1480	158
2242	58
285	432
2242	317
1525	38
956	26
814	2
1153	622
255	178
941	48
486	97
1001	187
403	7
128	361
703	91
319	17
157	53
995	56
271	24
1468	33
2164	228
125	153
271	103
1491	101
683	174
3470	6
524	18
