1	0	11229
2	330	12234
3	479	12289
4	612	12333
5	738	12385
6	861	12428
7	992	12472
8	1116	12518
9	1246	12560
10	1376	12606
11	1507	12651
12	1645	12694
13	1792	12742
14	1938	12786
15	2090	12832
16	2233	12983
17	2382	13168
18	2531	13241
19	2680	13390
20	2829	13497
21	2978	13627
22	3133	13756
23	3296	13885
24	3453	14015
25	3623	14143
26	3782	14285
27	3936	14411
28	4096	14552
29	4239	14683
30	4366	14839
31	4483	14979
32	4582	15121
33	4679	15285
34	4777	15403
35	4882	15519
36	4981	15643
37	5080	15772
38	5179	15897
39	5289	16027
40	5403	16169
41	5505	16282
42	5603	16406
43	5702	16533
44	5810	16659
45	5911	16787
46	6009	16916
47	6107	17048
48	6206	17201
49	6316	17332
50	6423	17479
51	6523	17613
52	6621	17748
53	6720	17888
54	6818	18003
55	6917	18127
56	7016	18256
57	7119	18384
58	11501	21694
59	11635	21802
60	11714	21929
61	11790	22055
62	11867	22184
63	11943	22312
64	12024	22442
65	12105	22575
66	12186	22710
67	12279	22842
68	12360	22969
69	12438	23100
70	12516	23230
71	12598	23365
72	12680	23495
73	12765	23628
74	12850	23763
75	12925	23888
76	12994	24017
77	13069	24152
78	13138	24290
79	13204	24414
80	13287	24546
81	13356	24675
82	13426	24810
83	13494	24936
84	13564	25068
85	13632	25199
86	13702	25329
87	13769	25461
88	13842	25589
89	13909	25724
90	13978	25858
91	14046	25986
92	14114	26115
93	14181	26250
94	14248	26382
95	14316	26508
96	14384	26642
97	14452	26768
98	14520	26904
99	14587	27031
100	14655	27186
101	14722	27304
102	14793	27438
103	14869	27562
104	14940	27691
105	15013	27826
106	15082	27956
107	15153	28086
108	15230	28218
109	15299	28357
110	15371	28467
111	15443	28591
112	15512	28716
113	15582	28841
114	15651	28966
115	15721	29091
116	15789	29215
117	15860	29354
118	15927	29480
119	15999	29614
120	16070	29741
121	16139	29876
122	16210	30005
123	16284	30136
124	16352	30269
125	16420	30396
126	16488	30530
127	16555	30658
128	16622	30792
129	16689	30921
130	16756	31058
131	16823	31183
132	16891	31316
133	16957	31451
134	17025	31579
135	17091	31709
136	17162	31843
137	17238	31972
138	17306	32108
139	17374	32239
140	17445	32374
141	17514	32503
142	17584	32632
143	17651	32763
144	17719	32897
145	17785	33025
146	17867	33160
147	17934	33295
148	18001	33425
149	18075	33555
150	18143	33683
151	18212	33822
152	18284	33933
153	18353	34057
154	18423	34182
155	18491	34307
156	18557	34435
157	18623	34560
158	18691	34685
159	18758	34816
160	18824	34947
161	18890	35081
162	18957	35208
163	19024	35348
164	19090	35475
165	19156	35607
166	19224	35737
167	19291	35871
168	19360	35997
169	19427	36133
170	19494	36259
171	19561	36399
172	19627	36525
173	19696	36664
174	19763	36791
175	19830	36930
176	19896	37055
177	19962	37185
178	20030	37319
179	20096	37455
180	20163	37584
181	20229	37715
182	20296	37847
183	20362	37973
184	20432	38105
185	20500	38239
186	20574	38373
187	20689	38503
188	20754	38635
189	20819	38764
190	20883	38895
191	20948	39024
192	21013	39158
193	21077	39293
194	21141	39422
195	21206	39553
196	21276	39686
197	21341	39813
198	21406	39947
199	21470	40074
200	21537	40207
201	21601	40342
202	21668	40470
203	21734	40607
204	21799	40735
205	21867	40864
206	21932	40995
207	21999	41128
208	22064	41256
209	22158	41393
210	22224	41518
211	22290	41653
212	22355	41780
213	22421	41915
214	22486	42042
215	22552	42176
216	22619	42309
217	22685	42438
218	22753	42569
219	22819	42704
220	22884	42831
221	22950	42962
222	23014	43095
223	23080	43221
224	23145	43346
225	23210	43471
226	23279	43596
227	23344	43721
228	23409	43851
229	23475	43987
230	23540	44116
231	23606	45480
232	23673	45524
233	23739	45553
234	23803	45583
235	23869	45612
236	23934	45640
237	23999	45671
238	24064	45701
239	24130	45734
240	24195	45763
241	24264	45792
242	24330	45822
243	24396	45850
244	24460	45906
245	24526	46025
246	24590	46148
247	24656	46282
248	24722	46403
249	24788	46529
250	24853	46670
251	24919	46801
252	24983	46922
253	25049	47044
254	25114	47166
255	25180	47291
256	25245	47428
257	25311	47562
258	25375	47695
259	25441	47828
260	25506	47956
261	25571	48081
262	25636	48202
263	25701	48324
264	25769	48445
265	25835	48578
266	25900	48712
267	25965	48840
268	26030	48977
269	26096	49084
270	26162	49207
271	26228	49329
272	26293	49451
273	26359	49579
274	26424	49715
275	26489	49822
276	26554	49945
277	26620	50066
278	26685	50189
279	26750	50316
280	26817	50454
281	26883	50560
282	26948	50683
283	27013	50805
284	27078	50927
285	27143	51060
286	27208	51194
287	27282	51331
288	27347	51452
289	27412	51574
290	27477	51696
291	27543	51818
292	27608	51940
293	27674	52062
294	27739	52184
295	27805	52307
296	27872	52428
297	27938	52551
298	28003	52673
299	28068	52795
300	28133	52920
301	28199	53044
302	28268	53170
303	28336	53304
304	28406	53425
305	28471	53553
306	28538	53674
307	28604	53804
308	28671	53929
309	28736	54058
310	28802	54180
311	28867	54314
312	28935	54434
313	28999	54558
314	29065	54683
315	29130	54812
316	29196	54934
317	29266	55060
318	29332	55183
319	29397	55315
320	29463	55437
321	29527	55562
322	29593	55692
323	29658	55813
324	29724	55937
325	29788	56066
326	29854	56188
327	29919	56319
328	29987	56441
329	30051	56565
330	30117	56690
331	30182	56815
332	30247	56946
333	30313	57067
334	30378	57190
335	30443	57325
336	30509	57447
337	30574	57575
338	30641	57697
339	30705	57821
340	30771	57946
341	30836	58075
342	30902	58196
343	30967	58329
344	31035	58450
345	31100	58574
346	31166	58703
347	31231	58826
348	31297	58949
349	31362	59075
350	31430	59199
351	31495	59336
352	31561	59457
353	31626	59579
354	31691	59705
355	31756	59891
356	31822	60013
357	31888	60135
358	31953	60259
359	32019	60380
360	32087	60501
361	32152	60623
362	32218	60745
363	32286	60867
364	32353	60990
365	32418	61112
366	32484	61235
367	32549	61358
368	32614	61488
369	32679	61610
370	32745	61733
371	32810	61864
372	32876	61985
373	32941	62109
374	33007	62234
375	33071	62367
376	33139	62488
377	33204	62618
378	33273	62740
379	33338	62862
380	33404	62988
381	33469	63117
382	33534	63242
383	33600	63387
384	33665	63511
385	33730	63637
386	33805	63754
387	33870	63876
388	33936	63998
389	34002	64121
390	34068	64252
391	34136	64383
392	34203	64504
393	34274	64627
394	34341	64756
395	34407	64878
396	34472	65007
397	34537	65129
398	34602	65262
399	34668	65391
400	34733	65512
401	34799	65634
402	34864	65764
403	34929	65885
404	34994	66018
405	35060	66139
406	35125	66275
407	35190	66396
408	35260	66520
409	35326	66650
410	35392	66772
411	35458	66896
412	35522	67029
413	35588	67150
414	35653	67287
415	35719	67409
416	35784	67535
417	35850	67660
418	35914	67785
419	35980	67910
420	36045	68039
421	36110	68162
422	36176	68297
423	36241	68420
424	36308	68549
425	36374	68670
426	36441	68802
427	36507	68923
428	36572	69047
429	36642	69178
430	36707	69301
431	36773	69432
432	36838	69554
433	36904	69678
434	36970	69851
435	37036	69986
436	37101	70081
437	37166	70200
438	37231	70323
439	37298	70444
440	37365	70566
441	37433	70688
442	37498	70810
443	37564	70932
444	37629	71055
445	37694	71178
446	37760	71311
447	37826	71432
448	37891	71561
449	37956	71684
450	38021	71814
451	38087	71935
452	38152	72060
453	38218	72185
454	38286	72317
455	38352	72438
456	38420	72569
457	38485	72695
458	38550	72817
459	38616	72948
460	38681	73069
461	38746	73202
462	38811	73322
463	38877	73448
464	38941	73576
465	39007	73703
466	39071	73826
467	39137	73956
468	39202	74077
469	39271	74208
470	39337	74338
471	39402	74459
472	39469	74589
473	39535	74712
474	39599	74842
475	39665	74963
476	39730	75095
477	39796	75259
478	39860	75382
479	39926	75477
480	39991	75595
481	40056	75716
482	40121	75838
483	40186	75960
484	40255	76082
485	40321	76204
486	40386	76337
487	40452	76457
488	40520	76584
489	40585	76707
490	40650	76828
491	40716	76950
492	40780	77073
493	40846	77195
494	40911	77318
495	40976	77447
496	41041	77570
497	41107	77692
498	41171	77815
499	41237	77944
500	41302	78057
501	41368	78179
502	41434	78302
503	41500	78423
504	41566	78545
505	41632	78667
506	41697	78790
507	41763	78913
508	41828	79033
509	41893	79156
510	41958	79278
511	42024	79400
512	42089	79522
513	42155	79644
514	42220	79767
515	42288	79899
516	42353	80022
517	42420	80153
518	42485	80288
519	42550	80409
520	42617	80540
521	42683	80670
522	42748	80791
523	42813	80926
524	42878	81054
525	42944	81188
526	43009	81295
527	43075	81418
528	43140	81539
529	43227	81661
530	43296	81783
531	43363	81905
532	43432	82027
533	43498	82148
534	43564	82282
535	43630	82404
536	43699	82537
537	43765	82667
538	43832	82797
539	43897	82919
540	43964	83055
541	44030	83175
542	44097	83306
543	44163	83434
544	44232	83557
545	44301	83690
546	44365	83819
547	44431	83941
548	44496	84073
549	44561	84196
550	44636	84329
551	44702	84450
552	44769	84582
553	44834	84712
554	44899	84847
555	44963	84967
556	45028	85092
557	45092	85222
558	45158	85353
559	45224	85478
560	45289	85602
561	45353	85734
562	45419	85863
563	45483	85985
564	45560	86118
565	45629	86240
566	45697	86377
567	45769	86498
568	45839	86628
569	45907	86751
570	45977	86885
571	46043	87007
572	46110	87140
573	46177	87277
574	46244	87398
575	46310	87530
576	46377	87652
577	46448	87784
578	46519	87913
579	46586	88044
580	46652	88166
581	46719	88302
582	46786	88427
583	46856	88559
584	46925	88682
585	47001	88819
586	47067	88945
587	47134	89065
588	47200	89188
589	47278	89311
590	47345	89439
591	47412	89560
592	47479	89683
593	47546	89812
594	47612	89933
595	47679	90064
596	47745	90184
597	47812	90308
598	47878	90431
599	47946	90560
600	48017	90681
601	48083	90803
602	48156	90974
603	48225	91134
604	48293	91256
605	48359	91351
606	48429	91469
607	48495	91590
608	48562	91712
609	48629	91834
610	48696	91956
611	48762	92077
612	48830	92199
613	48896	92326
614	48964	92455
615	49030	92576
616	49100	92698
617	49168	92828
618	49233	92951
619	49301	93073
620	49367	93197
621	49434	93331
622	49500	93452
623	49567	93574
624	49634	93698
625	49701	93827
626	49769	93949
627	49836	94077
628	49904	94199
629	49970	94331
630	50037	94451
631	50103	94573
632	50172	94696
633	50237	94826
634	50305	94947
635	50371	95072
636	50440	95196
637	50506	95330
638	50573	95450
639	50641	95572
640	50707	95697
641	50778	95825
642	50844	95952
643	50912	96073
644	50977	96196
645	51044	96331
646	51111	96451
647	51178	96575
648	51247	96696
649	51314	96822
650	51404	96953
651	51467	97074
652	51529	97196
653	51591	97334
654	51654	97441
655	51716	97563
656	51779	97685
657	51841	97807
658	51904	97928
659	51966	98050
660	52029	98171
661	52091	98294
662	52154	98415
663	52216	98537
664	52284	98659
665	52347	98780
666	52410	98902
667	52472	99024
668	52535	99146
669	52597	99271
670	52661	99392
671	52723	99514
672	52786	99636
673	52848	99758
674	52911	99879
675	52973	100008
676	53036	100130
677	53098	100261
678	53161	100381
679	53224	100503
680	53289	100626
681	53351	100755
682	53415	100877
683	53477	100999
684	53540	101121
685	53603	101242
686	53666	101364
687	53728	101485
688	53794	101607
689	53857	101729
690	53920	101851
691	53982	101973
692	54045	102095
693	54107	102216
694	54170	102339
695	54232	102460
696	54298	102586
697	54360	102710
698	54424	102834
699	54486	102965
700	54549	103086
701	54611	103208
702	54674	103341
703	54736	103462
704	54799	103584
705	54861	103707
706	54924	103832
707	54986	103962
708	55049	104083
709	55111	104207
710	55174	104346
711	55236	104466
712	55301	104595
713	55365	104718
714	55427	104839
715	55490	104964
716	55553	105088
717	55615	105218
718	55678	105340
719	55740	105464
720	55803	105588
721	55865	105712
722	55928	105837
723	55990	105968
724	56053	106089
725	56115	106211
726	56178	106344
727	56240	106464
728	56305	106586
729	56367	106708
730	56431	106832
731	56493	106962
732	56555	107084
733	56618	107205
734	56681	107343
735	56743	107463
736	56806	107585
737	56869	107708
738	56931	107832
739	56994	107964
740	57057	108084
741	57119	108206
742	57181	108340
743	57244	108461
744	57309	108583
745	57371	108704
746	57436	108826
747	57499	108957
748	57561	109078
749	57624	109200
750	57687	109332
751	57749	109452
752	57812	109574
753	57874	109697
754	57936	109821
755	57999	109953
756	58062	110074
757	58124	110196
758	58187	110320
759	58249	110454
760	58314	110575
761	58377	110697
762	58440	110820
763	58502	110951
764	58565	111072
765	58627	111194
766	58689	111319
767	58752	111441
768	58815	111566
769	58877	111695
770	58940	111816
771	59002	111948
772	59065	112069
773	59127	112190
774	59190	112313
775	59255	112441
776	59320	112562
777	59383	112685
778	59445	112807
779	59507	112937
780	59570	113058
781	59632	113181
782	59695	113307
783	59758	113435
784	59821	113556
785	59892	113678
786	59960	113802
787	60022	113934
788	60086	114055
789	60148	114176
790	60211	114299
791	60277	114423
792	60343	114552
793	60405	114673
794	60468	114795
795	60529	114917
796	60592	115038
797	60654	115160
798	60717	115282
799	60779	115404
800	60842	115525
801	60904	115648
802	60967	115769
803	61029	115891
804	61092	116013
805	61154	116134
806	61217	116258
807	61283	116379
808	61348	116500
809	61411	116622
810	61474	116753
811	61536	116874
812	61599	116996
813	61661	117119
814	61724	117240
815	61786	117364
816	61849	117485
817	61911	117608
818	61974	117729
819	62037	117851
820	62099	117972
821	62162	118095
822	62224	118216
823	62287	118339
824	62352	118476
825	62415	118587
826	62478	118709
827	62540	118830
828	62603	118952
829	62665	119090
830	62728	119196
831	62790	119320
832	62853	119441
833	62916	119571
834	62979	119707
835	63041	119843
836	63104	119979
837	63166	120086
838	63232	120208
839	63295	120330
840	63359	120453
841	63423	120575
842	63486	120698
843	63549	120818
844	63611	120941
845	63673	121071
846	63736	121192
847	63798	121315
848	63861	121436
849	63923	121558
850	63986	121680
851	64049	121802
852	64112	121923
853	64174	122045
854	64237	122167
855	64301	122290
856	64366	122411
857	64429	122533
858	64492	122655
859	64554	122777
860	64617	122899
861	64680	123020
862	64743	123142
863	64805	123268
864	64868	123387
865	64931	123512
866	64994	123633
867	65056	123755
868	65119	123878
869	65182	123998
870	65245	124120
871	65307	124242
872	65372	124365
873	65436	124486
874	65499	124608
875	65561	124730
876	65624	124852
877	65687	124974
878	65750	125096
879	65813	125217
880	65876	125340
881	65939	125462
882	66003	125583
883	66066	125705
884	66129	125827
885	66191	125949
886	66258	126070
887	66321	126192
888	66386	126315
889	66448	126437
890	66511	126559
891	66573	126681
892	66636	126803
893	66698	126924
894	66762	127046
895	66824	127167
896	66887	127291
897	66949	127411
898	67012	127533
899	67075	127654
900	67138	127776
901	67200	127897
902	67271	128020
903	67334	128142
904	67399	128265
905	67462	128385
906	67525	128506
907	67587	128630
908	67650	128750
909	67713	128880
910	67776	128999
911	67838	129121
912	67901	129242
913	67964	129366
914	68027	129501
915	68090	129623
916	68153	129744
917	68215	129866
918	68281	129988
919	68344	130126
920	68410	130233
921	68472	130358
922	68535	130480
923	68598	130601
924	68662	130723
925	68724	130846
926	68787	130967
927	68849	131089
928	68913	131211
929	68975	131334
930	69038	131455
931	69100	131591
932	69164	131713
933	69226	131820
934	69289	131942
935	69352	132079
936	69417	132201
937	69480	132322
938	69543	132444
939	69606	132565
940	69669	132687
941	69732	132809
942	69795	132931
943	69868	133053
944	69941	133175
945	70012	133297
946	70083	133419
947	70150	133541
948	70212	133662
949	70279	133784
950	70342	133906
951	70412	134028
952	70477	134150
953	70540	134273
954	70602	134394
955	70667	134515
956	70730	134637
957	70793	134759
958	70855	134882
959	70918	135004
960	70981	135125
961	71044	135247
962	71107	135369
963	71170	135490
964	71232	135612
965	71296	135733
966	71359	135873
967	71422	135995
968	71484	136116
969	71548	136238
970	71610	136360
971	71675	136486
972	71737	136607
973	71800	136725
974	71863	136846
975	71926	136967
976	71988	137089
977	72051	137210
978	72114	137333
979	72177	137453
980	72239	137575
981	72303	137696
982	72365	137817
983	72430	137939
984	72492	138060
985	72555	138202
986	72618	138304
987	72683	138425
988	72745	138546
989	72808	138667
990	72871	138788
991	72934	138909
992	72996	139031
993	73060	139151
994	73122	139272
995	73185	139391
996	73247	139511
997	73311	139632
998	73373	139751
999	73437	139872
1000	73499	139998
1001	73562	140117
1002	73625	140238
1003	73690	140358
1004	73753	140478
1005	73816	140598
1006	73879	140717
1007	73942	140837
1008	74005	140957
1009	74068	141076
1010	74131	141196
1011	74194	141317
1012	74260	141436
1013	74323	141556
1014	74386	141675
1015	74449	141795
1016	74512	141915
1017	74575	142034
1018	74638	142154
1019	74703	142275
1020	74765	142394
1021	74828	142514
1022	74892	142634
1023	74955	142753
1024	75018	142873
1025	75081	142994
1026	75143	143112
1027	75206	143232
1028	75283	143353
1029	75356	143472
1030	75430	143591
1031	75501	143711
1032	75564	143831
1033	75627	143951
1034	75690	144070
1035	75754	144190
1036	75817	144324
1037	75880	144436
1038	75943	144553
1039	76005	144673
1040	76068	144791
1041	76130	144911
1042	76193	145031
1043	76259	145150
1044	76322	145271
1045	76385	145390
1046	76449	145510
1047	76513	145629
1048	76576	145749
1049	76639	145870
1050	76727	145989
1051	76792	146109
1052	76856	146229
1053	76920	146349
1054	76983	146468
1055	77047	146588
1056	77110	146708
1057	77174	146828
1058	77238	146947
1059	77303	147067
1060	77366	147187
1061	77433	147308
1062	77497	147427
1063	77561	147546
1064	77628	147666
1065	77701	147786
1066	77767	147906
1067	77830	148026
1068	77895	148145
1069	77966	148270
1070	78029	148388
1071	78091	148508
1072	78154	148628
1073	78216	148748
1074	78282	148867
1075	78344	148987
1076	78407	149106
1077	78469	149227
1078	78532	149347
1079	78596	149466
1080	78659	149586
1081	78738	149706
1082	78802	149825
1083	78866	149945
1084	78929	150065
1085	78993	150185
1086	79056	150305
1087	79120	150424
1088	79183	150544
1089	79247	150664
1090	79310	150783
1091	79374	150903
1092	79438	151030
1093	79502	151143
1094	79565	151265
1095	79631	151382
1096	79694	151502
1097	79758	151622
1098	79821	151741
1099	79884	151864
1100	79947	151985
1101	80012	152101
1102	80075	152228
1103	80139	152341
1104	80203	152460
1105	80271	152580
1106	80335	152700
1107	80399	152819
1108	80462	152939
1109	80526	153059
1110	80589	153178
1111	80655	153299
1112	80718	153418
1113	80782	153538
1114	80845	153657
1115	80909	153777
1116	80972	153897
1117	81041	154016
1118	81111	154136
1119	81175	154257
1120	81239	154377
1121	81303	154495
1122	81373	154615
1123	81453	154735
1124	81543	154856
1125	81612	154978
1126	81675	155098
1127	81743	155217
1128	81806	155338
1129	81871	155457
1130	81934	155577
1131	81999	155696
1132	82070	155816
1133	82134	155936
1134	82198	156056
1135	82266	156175
1136	82330	156296
1137	82394	156415
1138	82458	156535
1139	82522	156654
1140	82588	156774
1141	82652	156894
1142	82716	157013
1143	82782	157133
1144	82846	157254
1145	82910	157374
1146	82973	157493
1147	83037	157613
1148	83100	157732
1149	83164	157852
1150	83227	157972
1151	83291	158091
1152	83355	158211
1153	83420	158332
1154	83484	158451
1155	83548	158570
1156	83611	158690
1157	83675	158810
1158	83738	158930
1159	83804	159049
1160	83867	159169
1161	83931	159290
1162	83995	159409
1163	84059	159529
1164	84122	159649
1165	84186	159768
1166	84250	159888
1167	84314	160007
1168	84377	160127
1169	84441	160247
1170	84504	160367
1171	84568	160487
1172	84631	160606
1173	84695	160726
1174	84762	160845
1175	84828	160965
1176	84891	161085
1177	84955	161205
1178	85018	161326
1179	85081	161444
1180	85144	161564
1181	85208	161684
1182	85274	161804
1183	85339	161923
1184	85401	162043
1185	85465	162163
1186	85529	162283
1187	85593	162403
1188	85656	162522
1189	85720	162642
1190	85783	162762
1191	85849	162881
1192	85912	163001
1193	85976	163121
1194	86040	163241
1195	86104	163361
1196	86167	163480
1197	86231	163600
1198	86295	163729
1199	86358	163850
1200	86423	163969
1201	86487	164085
1202	86551	164204
1203	86615	164325
1204	86678	164444
1205	86742	164564
1206	86806	164683
1207	86871	164803
1208	86934	164923
1209	86998	165043
1210	87062	165162
1211	87126	165283
1212	87189	165402
1213	87261	165522
1214	87325	165641
1215	87389	165761
1216	87452	165881
1217	87516	166001
1218	87579	166120
1219	87643	166241
1220	87706	166361
1221	87770	166480
1222	87833	166600
1223	87899	166719
1224	87963	166839
1225	88030	166958
1226	88093	167078
1227	88156	167198
1228	88220	167319
1229	88287	167438
1230	88351	167557
1231	88418	167677
1232	88481	167797
1233	88545	167917
1234	88609	168036
1235	88672	168156
1236	88736	168277
1237	88804	168396
1238	88867	168515
1239	88931	168635
1240	88993	168755
1241	89055	168874
1242	89117	168994
1243	89179	169114
1244	89240	169234
1245	89303	169354
1246	89364	169473
1247	89427	169593
1248	89489	169713
1249	89551	169833
1250	89613	170015
1251	89675	170072
1252	89737	170191
1253	89799	170313
1254	89861	170431
1255	89925	170551
1256	89988	170671
1257	90050	170790
1258	90112	170910
1259	90174	171030
1260	90236	171150
1261	90298	171271
1262	90360	171389
1263	90423	171509
1264	90485	171629
1265	90547	171749
1266	90608	171868
1267	90671	171988
1268	90732	172108
1269	90794	172228
1270	90856	172348
1271	90920	172467
1272	90995	172587
1273	91057	172707
1274	91119	172826
1275	91192	172946
1276	91256	173066
1277	91322	173185
1278	91384	173306
1279	91447	173425
1280	91508	173548
1281	91570	173666
1282	91632	173785
1283	91694	173904
1284	91755	174025
1285	91817	174144
1286	91879	174268
1287	91943	174386
1288	92004	174508
1289	92067	174627
1290	92128	174746
1291	92190	174866
1292	92255	174986
1293	92318	175106
1294	92380	175226
1295	92443	175346
1296	92504	175465
1297	92566	175588
1298	92628	175706
1299	92691	175824
1300	92753	175951
1301	92816	176063
1302	92877	176183
1303	92941	176303
1304	93003	176422
1305	93065	176542
1306	93128	176662
1307	93190	176782
1308	93256	176901
1309	93319	177020
1310	93380	177140
1311	93443	177267
1312	93504	177380
1313	93566	177499
1314	93629	177619
1315	93691	177740
1316	93753	177858
1317	93816	177978
1318	93877	178098
1319	93941	178217
1320	94004	178338
1321	94066	178457
1322	94128	178577
1323	94190	178696
1324	94255	178816
1325	94317	178936
1326	94379	179055
1327	94441	179175
1328	94502	179296
1329	94565	179415
1330	94627	179535
1331	94689	179654
1332	94751	179774
1333	94814	179893
1334	94875	180013
1335	94939	180133
1336	95002	180253
1337	95064	180373
1338	95127	180492
1339	95189	180612
1340	95255	180731
1341	95317	180851
1342	95379	180971
1343	95441	181090
1344	95503	181210
1345	95565	181330
1346	95627	181450
1347	95689	181569
1348	95752	181689
1349	95814	181809
1350	95876	181928
1351	95941	182048
1352	96002	182168
1353	96065	182288
1354	96127	182408
1355	96189	182527
1356	96255	182647
1357	96318	182766
1358	96379	182886
1359	96442	183006
1360	96503	183125
1361	96565	183245
1362	96627	183365
1363	96689	183485
1364	96752	183604
1365	96814	183724
1366	96877	183844
1367	96941	183963
1368	97003	184083
1369	97065	184203
1370	97127	184323
1371	97189	184442
1372	97259	184562
1373	97322	184681
1374	97385	184801
1375	97447	184921
1376	97511	185040
1377	97572	185160
1378	97636	185281
1379	97697	185400
1380	97759	185520
1381	97820	185639
1382	97883	185758
1383	97946	185878
1384	98009	185998
1385	98070	186118
1386	98132	186238
1387	98193	186358
1388	98259	186477
1389	98320	186597
1390	98382	186717
1391	98444	186836
1392	98506	186956
1393	98567	187075
1394	98629	187195
1395	98691	187316
1396	98753	187435
1397	98814	187555
1398	98877	187674
1399	98940	187794
1400	99002	187914
1401	99064	188033
1402	99126	188153
1403	99187	188274
1404	99249	188393
1405	99311	188512
1406	99373	188632
1407	99438	188752
1408	99500	188871
1409	99561	188991
1410	99624	189111
1411	99685	189231
1412	99747	189351
1413	99808	189470
1414	99871	189590
1415	99935	189709
1416	99997	189829
1417	100059	189949
1418	100121	190068
1419	100184	190188
1420	100246	190308
1421	100308	190428
1422	100370	190547
1423	100432	190667
1424	100495	190788
1425	100556	190907
1426	100619	191027
1427	100681	191146
1428	100743	191268
1429	100805	191388
1430	100887	191507
1431	100951	191627
1432	101013	191746
1433	101076	191866
1434	101138	191986
1435	101209	192106
1436	101274	192226
1437	101337	192346
1438	101398	192473
1439	101460	192592
1440	101521	192712
1441	101583	192832
1442	101645	192951
1443	101707	193071
1444	101768	193191
1445	101830	193311
1446	101893	193439
1447	101955	193551
1448	102017	193670
1449	102079	193790
1450	102140	193910
1451	102202	194029
1452	102267	194149
1453	102330	194270
1454	102391	194389
1455	102453	194509
1456	102516	194629
1457	102578	194748
1458	102640	194868
1459	102702	194987
1460	102764	195107
1461	102827	195227
1462	102891	195347
1463	102953	195466
1464	103014	195586
1465	103076	195706
1466	103138	195825
1467	103200	195945
1468	103266	196065
1469	103328	196184
1470	103390	196305
1471	103452	196424
1472	103514	196544
1473	103576	196663
1474	103638	196783
1475	103700	196902
1476	103762	197022
1477	103824	197142
1478	103889	197268
1479	103951	197381
1480	104013	197501
1481	104075	197621
1482	104137	197740
1483	104199	197860
1484	104265	197980
1485	104331	198099
1486	104393	198219
1487	104456	198340
1488	104519	198459
1489	104582	198578
1490	104644	198698
1491	104708	198818
1492	104769	198938
1493	104831	199057
1494	104895	199177
1495	104957	199297
1496	105019	199417
1497	105081	199536
1498	105143	199656
1499	105205	199776
1500	105270	199895
1501	105332	200015
1502	105395	200134
1503	105457	200255
1504	105519	200375
1505	105581	200494
1506	105643	200613
1507	105705	200733
1508	105768	200852
1509	105830	200972
1510	105894	201092
1511	105956	201212
1512	106017	201332
1513	106079	201451
1514	106140	201571
1515	106202	201690
1516	106268	201810
1517	106331	201930
1518	106392	202050
1519	106454	202169
1520	106515	202290
1521	106577	202409
1522	106638	202529
1523	106701	202648
1524	106763	202768
1525	106825	202888
1526	106889	203007
1527	106951	203127
1528	107012	203247
1529	107074	203367
1530	107136	203486
1531	107198	203606
1532	107268	203726
1533	107330	203845
1534	107392	203965
1535	107454	204085
1536	107515	204204
1537	107577	204325
1538	107639	204444
1539	107701	204564
1540	107763	204684
1541	107825	204803
1542	107889	204923
1543	107951	205043
1544	108012	205162
1545	108075	205283
1546	108136	205402
1547	108198	205522
1548	108263	205642
1549	108325	205761
1550	108387	205881
1551	108449	206001
1552	108510	206120
1553	108572	206240
1554	108633	206360
1555	108695	206479
1556	108757	206599
1557	108819	206718
1558	108882	206839
1559	108944	206958
1560	109006	207078
1561	109068	207197
1562	109129	207319
1563	109191	207438
1564	109257	207557
1565	109319	207677
1566	109380	207796
1567	109442	207916
1568	109503	208036
1569	109565	208155
1570	109628	208276
1571	109690	208395
1572	109752	208515
1573	109814	208635
1574	109879	208754
1575	109941	208874
1576	110002	208993
1577	110064	209113
1578	110126	209233
1579	110187	209353
1580	110250	209473
1581	110312	209592
1582	110374	209712
1583	110441	209831
1584	110502	209951
1585	110565	210071
1586	110626	210190
1587	110688	210311
1588	110750	210430
1589	110812	210550
1590	110877	210670
1591	110939	210789
1592	111000	210909
1593	111062	211028
1594	111124	211148
1595	111186	211269
1596	111248	211388
1597	111310	211507
1598	111373	211627
1599	111434	211747
1600	111497	211866
1601	111559	211986
1602	111621	212106
1603	111683	212226
1604	111744	212346
1605	111806	212465
1606	111871	212585
1607	111933	212704
1608	111994	212824
1609	112056	212944
1610	112118	213063
1611	112180	213183
1612	112242	213304
1613	112304	213423
1614	112367	213542
1615	112429	213662
1616	112491	213782
1617	112553	213901
1618	112614	214021
1619	112676	214141
1620	112737	214263
1621	112799	214380
1622	112863	214500
1623	112925	214619
1624	112987	214740
1625	113049	214859
1626	113111	214979
1627	113173	215099
1628	113236	215218
1629	113299	215339
1630	113361	215458
1631	113423	215579
1632	113485	215697
1633	113547	215817
1634	113608	215937
1635	113671	216056
1636	113733	216176
1637	113795	216297
1638	113859	216416
1639	113921	216536
1640	113982	216655
1641	114044	216775
1642	114105	216895
1643	114167	217014
1644	114228	217134
1645	114291	217254
1646	114353	217374
1647	114416	217493
1648	114478	217613
1649	114540	217732
1650	114601	217860
1651	114683	217974
1652	114751	218093
1653	114812	218213
1654	114876	218334
1655	114938	218453
1656	115000	218572
1657	115061	218692
1658	115124	218812
1659	115185	218931
1660	115247	219051
1661	115309	219171
1662	115371	219292
1663	115433	219411
1664	115495	219530
1665	115556	219650
1666	115618	219770
1667	115679	219890
1668	115742	220009
1669	115803	220129
1670	115867	220249
1671	115928	220369
1672	115990	220488
1673	116051	220608
1674	116113	220728
1675	116175	220847
1676	116237	220967
1677	116299	221087
1678	116361	221207
1679	116423	221328
1680	116485	221447
1681	116546	221566
1682	116608	221686
1683	116676	221806
1684	116739	221925
1685	116801	222045
1686	116865	222165
1687	116927	222285
1688	116989	222404
1689	117070	222524
1690	117139	222644
1691	117208	222764
1692	117284	222883
1693	117353	223003
1694	117425	223123
1695	117493	223243
1696	117563	223363
1697	117631	223482
1698	117699	223604
1699	117766	223722
1700	117835	223842
1701	117915	223962
1702	117985	224082
1703	118053	224202
1704	118120	224322
1705	118188	224441
1706	118259	224561
1707	118328	224681
1708	118396	224800
1709	118464	224920
1710	118533	225040
1711	118601	225160
1712	118669	225280
1713	118736	225399
1714	118804	225519
1715	118871	225639
1716	118939	225759
1717	119007	225878
1718	119077	225998
1719	119145	226118
1720	119213	226238
1721	119285	226358
1722	119352	226477
1723	119422	226597
1724	119489	226716
1725	119557	226836
1726	119625	226956
1727	119693	227076
1728	119761	227195
1729	119829	227317
1730	119898	227435
1731	119966	227555
1732	120034	227675
1733	120102	227794
1734	120173	227914
1735	120241	228034
1736	120309	228153
1737	120376	228274
1738	120444	228393
1739	120512	228513
1740	120580	228633
1741	120650	228752
1742	120718	228872
1743	120786	228992
1744	120853	229112
1745	120921	229232
1746	120988	229352
1747	121058	229471
1748	121118	229591
1749	121179	229710
1750	121240	229830
1751	121301	229950
1752	121361	230070
1753	121422	230189
1754	121481	230310
1755	121542	230429
1756	121602	230549
1757	121662	230668
1758	121722	230788
1759	121782	230908
1760	121841	231027
1761	121902	231147
1762	121962	231268
1763	122022	231387
1764	122082	231507
1765	122142	231626
1766	122204	231746
1767	122268	231866
1768	122328	231986
1769	122388	232105
1770	122448	232225
1771	122509	232345
1772	122568	232464
1773	122629	232584
1774	122688	232704
1775	122749	232824
1776	122808	232975
1777	122869	233094
1778	122929	233214
1779	122989	233336
1780	123048	233426
1781	123109	233544
1782	123170	233663
1783	123250	233783
1784	123311	233903
1785	123372	234022
1786	123433	234142
1787	123495	234265
1788	123555	234382
1789	123616	234501
1790	123684	234621
1791	123745	234740
1792	123805	234860
1793	123865	234980
1794	123925	235100
1795	123989	235219
1796	124048	235340
1797	124109	235459
1798	124168	235579
1799	124228	235698
1800	124288	235818
1801	124348	235938
1802	124408	236058
1803	124468	236178
1804	124528	236298
1805	124588	236418
1806	124648	236537
1807	124708	236656
1808	124768	236776
1809	124828	236896
1810	124888	237016
1811	124951	237135
1812	125010	237256
1813	125070	237376
1814	125130	237495
1815	125190	237614
1816	125250	237734
1817	125310	237854
1818	125370	237973
1819	125430	238093
1820	125490	238213
1821	125550	238333
1822	125609	238452
1823	125670	238572
1824	125729	238692
1825	125789	238812
1826	125849	238931
1827	125912	239051
1828	125971	239171
1829	126031	239291
1830	126091	239410
1831	126151	239530
1832	126211	239650
1833	126275	239769
1834	126334	239889
1835	126394	240009
1836	126454	240129
1837	126515	240249
1838	126574	240369
1839	126635	240488
1840	126694	240608
1841	126755	240727
1842	126815	240847
1843	126877	240967
1844	126937	241087
1845	126997	241206
1846	127057	241327
1847	127117	241446
1848	127177	241566
1849	127238	241685
1850	127299	241805
1851	127361	241925
1852	127422	242044
1853	127483	242164
1854	127543	242285
1855	127603	242404
1856	127663	242524
1857	127724	242643
1858	127784	242763
1859	127847	242883
1860	127907	243002
1861	127967	243122
1862	128027	243242
1863	128089	243362
1864	128149	243482
1865	128210	243601
1866	128273	243721
1867	128335	243841
1868	128394	243960
1869	128455	244080
1870	128515	244200
1871	128576	244340
1872	128635	244481
1873	128696	244566
1874	128756	244684
1875	128821	244803
1876	128881	244923
1877	128945	245042
1878	129005	245162
1879	129066	245283
1880	129126	245402
1881	129187	245522
1882	129247	245641
1883	129309	245761
1884	129368	245881
1885	129430	246000
1886	129490	246120
1887	129550	246241
1888	129611	246361
1889	129671	246480
1890	129732	246599
1891	129793	246719
1892	129854	246839
1893	129914	246959
1894	129974	247078
1895	130054	247198
1896	130115	247319
1897	130176	247440
1898	130237	247558
1899	130302	247678
1900	130363	247798
1901	130426	247917
1902	130486	248045
1903	130547	248157
1904	130607	248277
1905	130668	248396
1906	130730	248516
1907	130791	248636
1908	130851	248756
1909	130913	248875
1910	130973	248995
1911	131035	249115
1912	131095	249236
1913	131156	249356
1914	131216	249475
1915	131280	249595
1916	131339	249714
1917	131401	249834
1918	131460	249954
1919	131521	250073
1920	131581	250193
1921	131641	250314
1922	131703	250433
1923	131763	250552
1924	131826	250672
1925	131888	250792
1926	131948	250912
1927	132009	251042
1928	132069	251165
1929	132128	251280
1930	132188	251397
1931	132248	251516
1932	132308	251636
1933	132368	251756
1934	132428	251875
1935	132488	251995
1936	132548	252115
1937	132608	252241
1938	132670	252359
1939	132730	252476
1940	132790	252596
1941	132849	252716
1942	132910	252836
1943	132969	252955
1944	133030	253075
1945	133089	253195
1946	133149	253315
1947	133209	253435
1948	133272	253554
1949	133332	253674
1950	133393	253794
1951	133452	253913
1952	133513	254033
1953	133572	254153
1954	133634	254273
1955	133694	254392
1956	133754	254512
1957	133814	254632
1958	133874	254752
1959	133934	254871
1960	133994	254991
1961	134053	255111
1962	134114	255232
1963	134173	255351
1964	134233	255470
1965	134293	255590
1966	134353	255709
1967	134414	255829
1968	134474	255949
1969	134534	256069
1970	134597	256188
1971	134656	256309
1972	134717	256428
1973	134776	256548
1974	134837	256667
1975	134897	256787
1976	134957	256907
1977	135017	257026
1978	135077	257146
1979	135137	257272
1980	135197	257391
1981	135259	257511
1982	135320	257630
1983	135380	257750
1984	135441	257870
1985	135500	257989
1986	135563	258109
1987	135622	258230
1988	135683	258351
1989	135743	258469
1990	135803	258589
1991	135863	258709
1992	135922	258828
1993	135983	258948
1994	136043	259068
1995	136103	259188
1996	136162	259309
1997	136223	259428
1998	136283	259547
1999	136344	259667
2000	136404	259786
