1	0	10856
2	276	11656
3	422	11693
4	549	11735
5	673	11777
6	796	11806
7	927	11837
8	1050	11867
9	1188	11896
10	1320	11927
11	1449	11985
12	1576	12127
13	1703	12242
14	1830	12376
15	1957	12510
16	2084	12626
17	2215	12758
18	2342	12888
19	2470	13013
20	2597	13219
21	2724	13264
22	2852	13391
23	2980	13523
24	3113	13647
25	7396	17641
26	7553	17755
27	7644	17892
28	7734	18082
29	7824	18195
30	7913	18265
31	8005	18410
32	8105	18529
33	8206	18685
34	8306	18837
35	8405	18964
36	8508	19050
37	8607	19183
38	8714	19309
39	8815	19428
40	8908	19549
41	9001	19673
42	9095	19795
43	9188	19919
44	9278	20042
45	9386	20164
46	9493	20289
47	9601	20414
48	9707	20536
49	9816	20660
50	9923	20783
51	10036	20911
52	10149	21041
53	10254	21156
54	10376	21282
55	10502	21402
56	10621	21525
57	10742	21648
58	10863	21783
59	10969	21912
60	11088	22040
61	11196	22171
62	11293	22305
63	11389	22449
64	11487	22561
65	11585	22690
66	11736	22819
67	11887	22969
68	12083	23085
69	12214	23198
70	12333	23326
71	12458	23455
72	12577	23579
73	12696	23718
74	12816	23835
75	12937	23962
76	13056	24091
77	13178	24219
78	13285	24360
79	13395	24488
80	13508	24637
81	13617	24754
82	13726	24870
83	13835	24998
84	13944	25126
85	14055	25275
86	14162	25389
87	14288	25506
88	14406	25635
89	14513	25761
90	14619	25887
91	14735	26018
92	14849	26142
93	14962	26275
94	15075	26397
95	15189	26523
96	15298	26651
97	15414	26779
98	15523	26906
99	15631	27034
100	15742	27160
101	15854	27293
102	15969	27413
103	16079	27539
104	16191	27668
105	16300	27794
106	16409	27921
107	16520	28047
108	16630	28198
109	16738	28309
110	16842	28431
111	16949	28559
112	17055	28692
113	17161	28848
114	17285	28959
115	17397	29081
116	17510	29205
117	17622	29328
118	17738	29447
119	17851	29585
120	17975	29694
121	18096	29815
122	18210	29952
123	18326	30074
124	18433	30196
125	18541	30319
126	18650	30441
127	18759	30563
128	18869	30688
129	18977	30808
130	19084	30930
131	19192	31053
132	19300	31175
133	19409	31299
134	19586	31421
135	19692	31542
136	19799	31665
137	19908	31788
138	20014	31909
139	20119	32032
140	20225	32154
141	20331	32279
142	20436	32399
143	20541	32522
144	20647	32643
145	20753	32766
146	20857	32889
147	20963	33010
148	21068	33133
149	21174	33255
150	21283	33378
151	21391	33500
152	21503	33623
153	21613	33744
154	21719	33867
155	21816	33990
156	21907	34112
157	21998	34234
158	22089	34358
159	22180	34479
160	22273	34603
161	22362	34725
162	22453	34846
163	22545	34970
164	22635	35093
165	22726	35213
166	22817	35338
167	22908	35460
168	23001	35580
169	23092	35719
170	23184	35839
171	23275	35961
172	23366	36085
173	23456	36205
174	23547	36328
175	23638	36452
176	23729	36573
177	23820	36695
178	23910	36818
179	24001	36939
180	24092	37062
181	24183	37184
182	24275	37307
183	24366	37429
184	24487	37553
185	24579	37673
186	24670	37796
187	24761	37919
188	24853	38040
189	24943	38163
190	25034	38286
191	25125	38408
192	25216	38530
193	25307	38653
194	25398	38774
195	25490	38899
196	25580	39021
197	25671	39144
198	25764	39266
199	25855	39389
200	25948	39509
201	26040	39633
202	26131	39755
203	26221	39877
204	26312	40000
205	26403	40123
206	26496	40244
207	26586	40367
208	26676	40489
209	26768	40611
210	26857	40734
211	26949	40856
212	27040	40978
213	27134	41101
214	27224	41223
215	27316	41346
216	27409	41474
217	27500	41595
218	27591	41715
219	27682	41852
220	27773	41973
221	27863	42096
222	27954	42218
223	28045	42341
224	28137	42463
225	28230	42587
226	28322	42707
227	28414	42830
228	28504	42953
229	28595	43075
230	28686	43197
231	28778	43321
232	28871	43442
233	28962	43564
234	29053	43687
235	29144	43809
236	29237	43931
237	29329	44054
238	29420	44176
239	29511	44300
240	29602	44422
241	29694	44543
242	29784	44666
243	29876	44789
244	29966	44910
245	30058	45033
246	30148	45155
247	30242	45280
248	30335	45400
249	30427	45522
250	30517	45644
251	30608	45767
252	30699	45889
253	30791	46011
254	30881	46134
255	30972	46256
256	31063	46438
257	31155	46500
258	31248	46623
259	31339	46794
260	31431	46937
261	31523	47001
262	31613	47122
263	31704	47288
264	31797	47426
265	31889	47515
266	31978	47636
267	32069	47758
268	32160	47882
269	32256	48002
270	32348	48125
271	32440	48249
272	32531	48370
273	32623	48492
274	32713	48616
275	32804	48737
276	32895	48865
277	32988	48984
278	33078	49106
279	33171	49231
280	33265	49352
281	33357	49473
282	33447	49598
283	33538	49718
284	33629	49839
285	33722	49965
286	33812	50086
287	33903	50206
288	33994	50332
289	34087	50452
290	34177	50573
291	34270	50699
292	34362	50818
293	34453	50940
294	34544	51065
295	34635	51185
296	34729	51308
297	34822	51432
298	34912	51552
299	35003	51674
300	35094	51799
301	35185	51918
302	35277	52039
303	35368	52165
304	35458	52286
305	35549	52408
306	35640	52533
307	35731	52653
308	35823	52775
309	35913	52914
310	36004	53024
311	36095	53145
312	36190	53284
313	36280	53405
314	36371	53530
315	36462	53651
316	36554	53772
317	36644	53897
318	36735	54018
319	36827	54140
320	36919	54262
321	37009	54388
322	37100	54508
323	37200	54629
324	37293	54754
325	37383	54875
326	37474	54996
327	37565	55121
328	37660	55243
329	37750	55364
330	37841	55489
331	37931	55610
332	38023	55731
333	38113	55857
334	38204	55976
335	38295	56098
336	38387	56222
337	38477	56346
338	38568	56494
339	38659	56645
340	38751	56748
341	38841	56863
342	38932	56985
343	39023	57093
344	39116	57229
345	39206	57343
346	39298	57457
347	39389	57570
348	39485	57691
349	39579	57817
350	39670	57963
351	39761	58067
352	39854	58199
353	39944	58313
354	40035	58437
355	40126	58559
356	40217	58682
357	40308	58803
358	40399	58929
359	40490	59051
360	40588	59174
361	40682	59298
362	40772	59423
363	40863	59541
364	40956	59663
365	41046	59786
366	41137	59909
367	41228	60031
368	41321	60156
369	41411	60281
370	41502	60402
371	41593	60524
372	41684	60644
373	41775	60768
374	41866	60890
375	41958	61013
376	42051	61136
377	42142	61258
378	42235	61388
379	42327	61509
380	42417	61632
381	42508	61755
382	42599	61877
383	42691	62000
384	42781	62122
385	42872	62244
386	42962	62368
387	43054	62511
388	43144	62611
389	43238	62734
390	43329	62857
391	43422	62979
392	43514	63124
393	43605	63225
394	43696	63348
395	43788	63471
396	43878	63593
397	43969	63737
398	44060	63837
399	44152	63960
400	44249	64083
401	44341	64206
402	44432	64328
403	44524	64454
404	44614	64576
405	44704	64699
406	44795	64822
407	44888	64967
408	44980	65066
409	45071	65188
410	45162	65312
411	45257	65434
412	45347	65556
413	45438	65681
414	45529	65804
415	45622	65926
416	45712	66093
417	45803	66169
418	45893	66294
419	45985	66416
420	46075	66539
421	46166	66661
422	46260	66783
423	46352	66916
424	46453	67037
425	46545	67160
426	46637	67285
427	46737	67407
428	46853	67529
429	46951	67651
430	47044	67787
431	47136	67896
432	47238	68019
433	47345	68141
434	47436	68263
435	47529	68387
436	47621	68509
437	47711	68652
438	47802	68753
439	47893	68876
440	47987	68999
441	48077	69121
442	48168	69242
443	48262	69366
444	48355	69488
445	48444	69611
446	48535	69734
447	48626	69854
448	48718	69988
449	48807	70110
450	48910	70233
451	49001	70356
452	49093	70477
453	49182	70601
454	49274	70723
455	49365	70846
456	49459	70972
457	49549	71092
458	49641	71214
459	49731	71338
460	49823	71460
461	49913	71582
462	50004	71704
463	50095	71841
464	50187	71962
465	50278	72086
466	50369	72208
467	50460	72357
468	50552	72452
469	50642	72575
470	50733	72698
471	50824	72820
472	50919	72940
473	51009	73067
474	51100	73190
475	51191	73313
476	51284	73435
477	51375	73556
478	51466	73680
479	51556	73802
480	51648	73925
481	51739	74047
482	51830	74169
483	51922	74294
484	52014	74416
485	52108	74538
486	52199	74661
487	52292	74783
488	52387	74906
489	52477	75029
490	52567	75173
491	52658	75276
492	52751	75395
493	52841	75519
494	52932	75641
495	53023	75761
496	53114	75893
497	53205	76015
498	53296	76138
499	53388	76261
500	53478	76384
501	53569	76507
502	53660	76629
503	53752	76751
504	53847	76874
505	53938	76994
506	54032	77118
507	54142	77240
508	54241	77364
509	54332	77486
510	54424	77608
511	54515	77734
512	54607	77856
513	54698	77979
514	54795	78102
515	54889	78224
516	54982	78356
517	55071	78477
518	55162	78600
519	55256	78723
520	55351	78845
521	55441	78967
522	55532	79089
523	55623	79212
524	55715	79342
525	55805	79458
526	55896	79577
527	55989	79702
528	56081	79824
529	56171	79944
530	56263	80068
531	56353	80190
532	56445	80313
533	56543	80437
534	56634	80557
535	56731	80685
536	56824	80807
537	56923	80929
538	57013	81053
539	57104	81172
540	57198	81311
541	57298	81432
542	57388	81555
543	57488	81677
544	57581	81799
545	57675	81922
546	57765	82059
547	57856	82201
548	57947	82303
549	58060	82422
550	58154	82544
551	58245	82666
552	58335	82789
553	58424	82911
554	58510	83033
555	58598	83155
556	58686	83280
557	58774	83399
558	58861	83522
559	58948	83643
560	59036	83776
561	59122	83897
562	59210	84022
563	59298	84144
564	59385	84264
565	59473	84399
566	59560	84520
567	59648	84644
568	59737	84765
569	59824	84887
570	59912	85009
571	60000	85132
572	60088	85253
573	60175	85377
574	60263	85497
575	60350	85630
576	60438	85751
577	60525	85874
578	60613	85996
579	60701	86119
580	60788	86256
581	60876	86383
582	60962	86515
583	61050	86640
584	61140	86765
585	61230	86891
586	61318	87017
587	61406	87141
588	61493	87271
589	61580	87394
590	61667	87519
591	61755	87659
592	61842	87771
593	61930	87887
594	62017	88010
595	62105	88131
596	62191	88266
597	62279	88388
598	62367	88510
599	62454	88632
600	62544	88754
601	62631	88876
602	62719	89002
603	62805	89138
604	62893	89246
605	62980	89370
606	63068	89491
607	63155	89613
608	63246	89741
609	63333	89859
610	63420	89980
611	63507	90116
612	63595	90237
613	63682	90363
614	63770	90482
615	63857	90606
616	63947	90725
617	64034	90847
618	64121	90972
619	64209	91092
620	64298	91213
621	64385	91337
622	64473	91459
623	64561	91584
624	64647	91704
625	64735	91825
626	64823	91948
627	64910	92070
628	64998	92195
629	65085	92315
630	65173	92436
631	65261	92568
632	65350	92689
633	65438	92815
634	65526	92933
635	65613	93058
636	65701	93177
637	65788	93300
638	65875	93425
639	65962	93544
640	66050	93666
641	66136	93800
642	66224	93921
643	66312	94048
644	66400	94181
645	66487	94312
646	66575	94422
647	66663	94543
648	66752	94668
649	66840	94788
650	66928	94909
651	67016	95032
652	67103	95155
653	67191	95282
654	67279	95400
655	67366	95521
656	67454	95656
657	67541	95765
658	67630	95890
659	67717	96009
660	67804	96135
661	67892	96255
662	67979	96377
663	68067	96498
664	68156	96623
665	68247	96744
666	68334	96864
667	68422	96985
668	68510	97120
669	68598	97230
670	68685	97355
671	68773	97490
672	68861	97619
673	68947	97744
674	69035	97865
675	69123	97986
676	69210	98106
677	69298	98225
678	69386	98351
679	69474	98473
680	69563	98597
681	69650	98720
682	69738	98839
683	69826	98964
684	69913	99087
685	70001	99211
686	70090	99333
687	70177	99453
688	70265	99588
689	70353	99709
690	70441	99835
691	70528	99954
692	70616	100078
693	70704	100198
694	70791	100321
695	70879	100445
696	70969	100564
697	71056	100686
698	71144	100817
699	71234	100939
700	71322	101063
701	71409	101183
702	71497	101306
703	71584	101427
704	71681	101549
705	71768	101685
706	71855	101794
707	71944	101916
708	72030	102038
709	72118	102160
710	72206	102298
711	72294	102444
712	72385	102570
713	72473	102686
714	72560	102806
715	72647	102929
716	72735	103051
717	72823	103195
718	72911	103295
719	72999	103416
720	73086	103539
721	73174	103661
722	73261	103782
723	73349	103907
724	73437	104028
725	73525	104151
726	73613	104280
727	73700	104416
728	73791	104516
729	73878	104638
730	73966	104767
731	74054	104888
732	74143	105009
733	74235	105131
734	74324	105253
735	74412	105377
736	74500	105498
737	74588	105620
738	74676	105742
739	74764	105864
740	74851	106002
741	74939	106110
742	75027	106232
743	75115	106354
744	75205	106476
745	75294	106599
746	75382	106721
747	75468	106843
748	75556	106965
749	75644	107087
750	75731	107210
751	75819	107333
752	75907	107454
753	75996	107576
754	76083	107698
755	76171	107827
756	76259	107947
757	76347	108069
758	76435	108191
759	76523	108313
760	76613	108448
761	76700	108557
762	76788	108679
763	76875	108801
764	76963	108923
765	77051	109059
766	77138	109167
767	77226	109290
768	77314	109411
769	77402	109533
770	77490	109658
771	77578	109779
772	77665	109901
773	77753	110024
774	77841	110146
775	77928	110268
776	78017	110390
777	78105	110511
778	78193	110635
779	78281	110756
780	78370	110880
781	78458	111002
782	78545	111123
783	78632	111245
784	78720	111367
785	78808	111491
786	78895	111612
787	78983	111734
788	79071	111856
789	79158	111977
790	79249	112099
791	79337	112222
792	79441	112365
793	79548	112465
794	79649	112588
795	79738	112710
796	79826	112832
797	79914	112985
798	80001	113091
799	80089	113218
800	80177	113349
801	80265	113466
802	80353	113585
803	80441	113707
804	80529	113829
805	80616	113952
806	80704	114074
807	80792	114197
808	80882	114321
809	80970	114441
810	81058	114571
811	81146	114692
812	81236	114815
813	81324	114937
814	81413	115057
815	81499	115180
816	81587	115303
817	81674	115425
818	81762	115547
819	81850	115687
820	81938	115790
821	82029	115913
822	82116	116035
823	82203	116158
824	82295	116284
825	82382	116430
826	82470	116556
827	82558	116675
828	82646	116793
829	82733	116915
830	82820	117037
831	82908	117159
832	82996	117298
833	83083	117418
834	83171	117542
835	83261	117663
836	83348	117786
837	83438	117907
838	83526	118029
839	83614	118152
840	83704	118277
841	83792	118395
842	83880	118517
843	83967	118639
844	84054	118774
845	84142	118883
846	84236	119006
847	84326	119128
848	84414	119249
849	84502	119374
850	84588	119495
851	84676	119617
852	84764	119739
853	84852	119861
854	84940	119996
855	85027	120106
856	85117	120228
857	85204	120350
858	85293	120471
859	85381	120594
860	85470	120716
861	85557	120837
862	85645	120966
863	85733	121084
864	85820	121208
865	85908	121330
866	85995	121451
867	86083	121574
868	86171	121695
869	86259	121818
870	86347	121940
871	86435	122061
872	86525	122184
873	86614	122306
874	86701	122428
875	86789	122550
876	86876	122672
877	86963	122794
878	87051	122915
879	87139	123038
880	87227	123160
881	87315	123285
882	87403	123406
883	87492	123528
884	87579	123651
885	87667	123773
886	87756	123894
887	87842	124018
888	87932	124139
889	88019	124261
890	88108	124394
891	88194	124514
892	88282	124636
893	88369	124757
894	88456	124891
895	88543	125011
896	88630	125134
897	88718	125256
898	88805	125379
899	88893	125502
900	88981	125623
901	89067	125745
902	89154	125867
903	89245	125989
904	89335	126112
905	89422	126233
906	89509	126373
907	89597	126482
908	89692	126604
909	89780	126726
910	89867	126847
911	89955	126983
912	90042	127092
913	90130	127214
914	90219	127337
915	90306	127458
916	90393	127580
917	90481	127702
918	90568	127824
919	90656	127946
920	90745	128067
921	90833	128192
922	90920	128313
923	91007	128434
924	91094	128556
925	91182	128678
926	91270	128803
927	91358	128923
928	91445	129045
929	91532	129167
930	91619	129289
931	91707	129412
932	91795	129533
933	91882	129655
934	91969	129777
935	92057	129899
936	92144	130028
937	92233	130146
938	92321	130268
939	92409	130401
940	92496	130522
941	92584	130645
942	92671	130766
943	92758	130888
944	92845	131011
945	92932	131133
946	93020	131255
947	93108	131378
948	93195	131521
949	93283	131621
950	93370	131743
951	93460	131866
952	93549	131988
953	93638	132117
954	93725	132232
955	93816	132357
956	93904	132477
957	93991	132600
958	94078	132720
959	94175	132852
960	94263	132973
961	94351	133096
962	94438	133217
963	94526	133340
964	94612	133463
965	94699	133584
966	94787	133719
967	94878	133828
968	94966	133950
969	95053	134072
970	95145	134194
971	95234	134319
972	95322	134440
973	95410	134562
974	95498	134684
975	95587	134805
976	95674	134928
977	95762	135050
978	95849	135172
979	95937	135294
980	96024	135416
981	96112	135551
982	96205	135660
983	96294	135782
984	96381	135904
985	96469	136026
986	96565	136151
987	96692	136274
988	96781	136394
989	96869	136517
990	96959	136638
991	97047	136760
992	97135	136882
993	97224	137004
994	97312	137126
995	97401	137247
996	97489	137370
997	97577	137492
998	97665	137632
999	97752	137736
1000	97841	137857
1001	97930	137980
1002	98020	138102
1003	98108	138222
1004	98195	138346
1005	98284	138468
1006	98371	138590
1007	98459	138712
1008	98546	138852
1009	98633	138955
1010	98720	139079
1011	98811	139200
1012	98898	139323
1013	98985	139444
1014	99073	139572
1015	99159	139694
1016	99250	139817
1017	99337	139939
1018	99429	140067
1019	99516	140204
1020	99603	140327
1021	99691	140458
1022	99778	140582
1023	99865	140697
1024	99953	140815
1025	100041	140953
1026	100128	141073
1027	100217	141198
1028	100307	141318
1029	100393	141439
1030	100480	141564
1031	100568	141683
1032	100656	141805
1033	100743	141940
1034	100832	142067
1035	100920	142194
1036	101006	142323
1037	101093	142441
1038	101180	142557
1039	101268	142682
1040	101355	142803
1041	101442	142924
1042	101529	143048
1043	101615	143167
1044	101702	143290
1045	101789	143414
1046	101876	143534
1047	101963	143655
1048	102049	143779
1049	102138	143900
1050	102226	144021
1051	102314	144145
1052	102401	144266
1053	102487	144387
1054	102574	144510
1055	102678	144631
1056	102785	144753
1057	102879	144875
1058	102967	144996
1059	103054	145120
1060	103141	145242
1061	103228	145365
1062	103316	145487
1063	103403	145608
1064	103489	145732
1065	103576	145868
1066	103666	145974
1067	103754	146097
1068	103840	146235
1069	103927	146343
1070	104014	146465
1071	104100	146587
1072	104187	146708
1073	104275	146831
1074	104362	146952
1075	104449	147084
1076	104536	147205
1077	104623	147340
1078	104709	147461
1079	104796	147593
1080	104883	147714
1081	104969	147846
1082	105058	147967
1083	105145	148109
1084	105236	148230
1085	105322	148354
1086	105409	148476
1087	105496	148611
1088	105583	148732
1089	105670	148866
1090	105757	148986
1091	105845	149122
1092	105931	149242
1093	106018	149377
1094	106105	149498
1095	106191	149631
1096	106279	149751
1097	106366	149884
1098	106457	150005
1099	106543	150141
1100	106630	150263
1101	106718	150394
1102	106805	150515
1103	106892	150664
1104	106979	150781
1105	107067	150902
1106	107153	151037
1107	107243	151158
1108	107331	151291
1109	107418	151411
1110	107505	151545
1111	107592	151666
1112	107680	151800
1113	107766	151951
1114	107855	152055
1115	107943	152192
1116	108029	152312
1117	108116	152438
1118	108203	152584
1119	108292	152691
1120	108378	152815
1121	108465	152939
1122	108553	153060
1123	108640	153185
1124	108727	153312
1125	108814	153439
1126	108903	153563
1127	108989	153687
1128	109076	153809
1129	109163	153933
1130	109256	154057
1131	109343	154176
1132	109430	154292
1133	109517	154410
1134	109603	154530
1135	109690	154650
1136	109778	154770
1137	109865	154890
1138	109952	155008
1139	110039	155130
1140	110127	155249
1141	110213	155370
1142	110301	155491
1143	110388	155609
1144	110475	155729
1145	110562	155849
1146	110652	155969
1147	110739	156090
1148	110826	156223
1149	110912	156329
1150	110999	156449
1151	111086	156579
1152	111174	156689
1153	111261	156809
1154	111349	156929
1155	111435	157048
1156	111522	157178
1157	111609	157298
1158	111697	157419
1159	111784	157538
1160	111871	157658
1161	111959	157778
1162	112048	157897
1163	112135	158027
1164	112223	158146
1165	112311	158266
1166	112398	158387
1167	112485	158506
1168	112572	158626
1169	112659	158745
1170	112746	158874
1171	112833	158993
1172	112921	159115
1173	113008	159235
1174	113098	159354
1175	113186	159474
1176	113273	159594
1177	113360	159715
1178	113451	159835
1179	113537	159955
1180	113625	160075
1181	113712	160194
1182	113800	160317
1183	113886	160437
1184	113973	160556
1185	114061	160677
1186	114147	160796
1187	114240	160916
1188	114328	161036
1189	114417	161156
1190	114503	161279
1191	114590	161414
1192	114677	161516
1193	114763	161635
1194	114852	161762
1195	114940	161875
1196	115027	161995
1197	115114	162116
1198	115201	162235
1199	115289	162362
1200	115375	162481
1201	115462	162601
1202	115550	162721
1203	115638	162840
1204	115724	162961
1205	115811	163081
1206	115899	163211
1207	115985	163321
1208	116075	163441
1209	116162	163561
1210	116256	163680
1211	116353	163809
1212	116441	163927
1213	116529	164049
1214	116615	164169
1215	116703	164290
1216	116790	164409
1217	116877	164528
1218	116964	164663
1219	117051	164773
1220	117139	164893
1221	117225	165013
1222	117312	165133
1223	117400	165255
1224	117486	165376
1225	117575	165495
1226	117662	165616
1227	117749	165735
1228	117836	165855
1229	117923	165975
1230	118010	166095
1231	118096	166216
1232	118184	166335
1233	118271	166455
1234	118358	166575
1235	118445	166695
1236	118532	166815
1237	118619	166950
1238	118705	167055
1239	118792	167174
1240	118879	167301
1241	118968	167419
1242	119056	167539
1243	119143	167660
1244	119233	167779
1245	119319	167900
1246	119407	168020
1247	119494	168141
1248	119581	168261
1249	119668	168381
1250	119755	168504
1251	119842	168622
1252	119928	168754
1253	120015	168863
1254	120102	168989
1255	120190	169112
1256	120278	169233
1257	120367	169355
1258	120454	169477
1259	120540	169600
1260	120627	169722
1261	120714	169845
1262	120801	169965
1263	120888	170088
1264	120976	170209
1265	121064	170332
1266	121150	170452
1267	121240	170575
1268	121328	170705
1269	121415	170827
1270	121502	170956
1271	121589	171072
1272	121676	171194
1273	121764	171315
1274	121851	171437
1275	121938	171559
1276	122026	171681
1277	122112	171808
1278	122199	171929
1279	122288	172052
1280	122374	172172
1281	122461	172294
1282	122548	172416
1283	122636	172537
1284	122723	172659
1285	122810	172781
1286	122897	172905
1287	122983	173026
1288	123071	173149
1289	123160	173273
1290	123250	173393
1291	123338	173515
1292	123425	173636
1293	123512	173758
1294	123598	173880
1295	123684	174003
1296	123771	174125
1297	123859	174249
1298	123946	174369
1299	124033	174491
1300	124120	174613
1301	124206	174734
1302	124295	174856
1303	124382	174978
1304	124468	175105
1305	124558	175226
1306	124645	175351
1307	124733	175473
1308	124819	175594
1309	124906	175716
1310	124994	175838
1311	125079	175960
1312	125167	176082
1313	125256	176207
1314	125344	176328
1315	125431	176457
1316	125518	176573
1317	125605	176695
1318	125691	176817
1319	125778	176939
1320	125865	177061
1321	125954	177182
1322	126042	177305
1323	126129	177426
1324	126216	177555
1325	126303	177670
1326	126390	177792
1327	126478	177914
1328	126565	178035
1329	126652	178158
1330	126739	178282
1331	126828	178403
1332	126913	178525
1333	127000	178648
1334	127088	178768
1335	127175	178890
1336	127263	179012
1337	127352	179134
1338	127439	179256
1339	127525	179378
1340	127613	179500
1341	127700	179621
1342	127787	179747
1343	127874	179868
1344	127961	179998
1345	128049	180114
1346	128134	180235
1347	128221	180357
1348	128309	180479
1349	128396	180601
1350	128484	180731
1351	128570	180845
1352	128659	180967
1353	128747	181089
1354	128835	181211
1355	128922	181332
1356	129009	181454
1357	129096	181576
1358	129183	181706
1359	129271	181828
1360	129357	181956
1361	129444	182078
1362	129532	182207
1363	129619	182322
1364	129706	182444
1365	129793	182565
1366	129880	182687
1367	129966	182809
1368	130065	182931
1369	130152	183053
1370	130244	183175
1371	130330	183305
1372	130418	183426
1373	130505	183555
1374	130591	183677
1375	130678	183806
1376	130765	183921
1377	130852	184043
1378	130939	184165
1379	131026	184292
1380	131114	184414
1381	131200	184535
1382	131288	184657
1383	131375	184779
1384	131465	184900
1385	131552	185022
1386	131639	185144
1387	131727	185265
1388	131813	185386
1389	131900	185508
1390	131987	185630
1391	132074	185751
1392	132161	185873
1393	132257	185995
1394	132345	186117
1395	132431	186239
1396	132518	186360
1397	132604	186481
1398	132692	186603
1399	132779	186725
1400	132868	186846
1401	132956	186968
1402	133042	187090
1403	133129	187211
1404	133216	187333
1405	133304	187454
1406	133391	187576
1407	133478	187697
1408	133565	187819
1409	133651	187941
1410	133738	188062
1411	133825	188192
1412	133912	188306
1413	133999	188427
1414	134086	188549
1415	134174	188670
1416	134264	188792
1417	134351	188914
1418	134438	189035
1419	134526	189165
1420	134612	189281
1421	134700	189401
1422	134787	189522
1423	134873	189644
1424	134960	189765
1425	135047	189887
1426	135134	190009
1427	135221	190131
1428	135308	190252
1429	135396	190374
1430	135482	190495
1431	135570	190617
1432	135661	190738
1433	135749	190860
1434	135835	190982
1435	135922	191104
1436	136010	191225
1437	136096	191347
1438	136183	191468
1439	136271	191590
1440	136358	191712
1441	136445	191833
1442	136532	191955
1443	136620	192076
1444	136706	192198
1445	136793	192321
1446	136880	192442
1447	136967	192564
1448	137057	192686
1449	137144	192807
1450	137234	192929
1451	137320	193051
1452	137408	193173
1453	137495	193295
1454	137582	193416
1455	137669	193538
1456	137756	193660
1457	137843	193781
1458	137929	193903
1459	138017	194025
1460	138104	194147
1461	138191	194269
1462	138279	194390
1463	138366	194512
1464	138455	194633
1465	138542	194755
1466	138629	194877
1467	138716	194999
1468	138803	195121
1469	138889	195243
1470	138976	195364
1471	139063	195485
1472	139149	195607
1473	139240	195729
1474	139328	195850
1475	139416	195972
1476	139502	196095
1477	139589	196216
1478	139677	196338
1479	139763	196459
1480	139852	196581
1481	139940	196703
1482	140027	196825
1483	140133	196947
1484	140226	197068
1485	140319	197190
1486	140410	197312
1487	140502	197433
1488	140593	197555
1489	140693	197677
1490	140785	197798
1491	140876	197920
1492	140967	198042
1493	141059	198164
1494	141150	198286
1495	141247	198408
1496	141339	198530
1497	141430	198651
1498	141520	198773
1499	141611	198895
1500	141702	199017
1501	141793	199142
1502	141883	199261
1503	141984	199382
1504	142075	199504
1505	142167	199626
1506	142261	199748
1507	142354	199869
1508	142448	199991
1509	142539	200113
1510	142630	200234
1511	142721	200356
1512	142813	200478
1513	142905	200600
1514	142995	200721
1515	143086	200868
1516	143177	200967
1517	143270	201089
1518	143360	201210
1519	143451	201332
1520	143542	201453
1521	143635	201575
1522	143725	201697
1523	143816	201819
1524	143910	201941
1525	144002	202062
1526	144093	202185
1527	144184	202307
1528	144277	202428
1529	144369	202550
1530	144460	202672
1531	144546	202794
1532	144631	202915
1533	144716	203037
1534	144800	203159
1535	144885	203283
1536	144971	203403
1537	145055	203525
1538	145140	203647
1539	145225	203768
1540	145313	203890
1541	145398	204012
1542	145483	204134
1543	145566	204256
1544	145651	204378
1545	145736	204499
1546	145822	204621
1547	145906	204750
1548	145991	204864
1549	146079	204987
1550	146163	205108
1551	146251	205230
1552	146336	205352
1553	146420	205473
1554	146505	205595
1555	146590	205717
1556	146678	205838
1557	146762	205960
1558	146847	206082
1559	146932	206203
1560	147016	206326
1561	147100	206448
1562	147185	206568
1563	147270	206690
1564	147355	206812
1565	147440	206933
1566	147524	207055
1567	147609	207177
1568	147693	207298
1569	147777	207420
1570	147862	207541
1571	147947	207663
1572	148033	207785
1573	148118	207907
1574	148204	208028
1575	148289	208150
1576	148374	208274
1577	148459	208393
1578	148543	208515
1579	148628	208636
1580	148712	208758
1581	148796	208880
1582	148881	209001
1583	148966	209131
1584	149050	209245
1585	149135	209367
1586	149220	209488
1587	149305	209609
1588	149392	209731
1589	149478	209853
1590	149561	209974
1591	149646	210096
1592	149731	210218
1593	149815	210340
1594	149900	210461
1595	149985	210583
1596	150068	210704
1597	150153	210825
1598	150242	210947
1599	150326	211068
1600	150411	211198
1601	150496	211312
1602	150580	211433
1603	150664	211555
1604	150770	211676
1605	150873	211798
1606	150966	211920
1607	151051	212041
1608	151137	212170
1609	151221	212285
1610	151307	212407
1611	151393	212528
1612	151477	212650
1613	151562	212771
1614	151647	212893
1615	151731	213014
1616	151816	213136
1617	151901	213257
1618	151992	213379
1619	152096	213501
1620	152205	213622
1621	152310	213744
1622	152415	213865
1623	152515	213987
1624	152618	214109
1625	152719	214230
1626	152819	214352
1627	152932	214473
1628	153036	214594
1629	153141	214716
1630	153251	214837
1631	153354	214959
1632	153456	215081
1633	153557	215210
1634	153657	215324
1635	153761	215445
1636	153870	215567
1637	153972	215689
1638	154074	215810
1639	154179	215932
1640	154281	216054
1641	154383	216175
1642	154469	216296
1643	154555	216418
1644	154640	216539
1645	154724	216661
1646	154808	216782
1647	154893	216904
1648	154978	217025
1649	155062	217148
1650	155147	217279
1651	155240	217392
1652	155330	217514
1653	155415	217635
1654	155500	217757
1655	155585	217878
1656	155670	218000
1657	155755	218122
1658	155839	218243
1659	155923	218367
1660	156008	218487
1661	156093	218608
1662	156178	218730
1663	156264	218852
1664	156349	218973
1665	156434	219095
1666	156518	219216
1667	156603	219338
1668	156690	219459
1669	156775	219581
1670	156859	219702
1671	156945	219824
1672	157030	219945
1673	157114	220067
1674	157199	220189
1675	157285	220311
1676	157369	220432
1677	157454	220553
1678	157539	220675
1679	157624	220796
1680	157708	220918
1681	157793	221039
1682	157878	221162
1683	157962	221285
1684	158049	221407
1685	158134	221528
1686	158218	221650
1687	158304	221771
1688	158389	221893
1689	158474	222014
1690	158558	222137
1691	158643	222258
1692	158728	222380
1693	158812	222501
1694	158897	222623
1695	158982	222744
1696	159065	222866
1697	159150	222987
1698	159238	223109
1699	159323	223230
1700	159410	223352
1701	159495	223474
1702	159580	223595
1703	159664	223717
1704	159749	223838
1705	159834	223960
1706	159919	224088
1707	160004	224210
1708	160088	224332
1709	160174	224455
1710	160259	224575
1711	160344	224697
1712	160429	224818
1713	160513	224940
1714	160598	225062
1715	160683	225184
1716	160771	225305
1717	160856	225426
1718	160941	225548
1719	161026	225670
1720	161109	225792
1721	161194	225913
1722	161280	226035
1723	161365	226157
1724	161450	226280
1725	161535	226400
1726	161620	226521
1727	161704	226643
1728	161788	226764
1729	161873	226886
1730	161958	227008
1731	162043	227130
1732	162130	227252
1733	162215	227373
1734	162300	227495
1735	162385	227616
1736	162470	227738
1737	162554	227859
1738	162639	227981
1739	162724	228103
1740	162809	228225
1741	162894	228347
1742	162978	228467
1743	163063	228589
1744	163147	228711
1745	163235	228833
1746	163320	228954
1747	163405	229076
1748	163492	229197
1749	163577	229319
1750	163662	229441
1751	163746	229563
1752	163831	229685
1753	163916	229806
1754	163999	229928
1755	164084	230049
1756	164175	230172
1757	164262	230292
1758	164347	230414
1759	164432	230536
1760	164517	230658
1761	164601	230779
1762	164686	230901
1763	164770	231022
1764	164858	231145
1765	164943	231266
1766	165027	231388
1767	165113	231509
1768	165196	231631
1769	165282	231752
1770	165367	231874
1771	165451	231996
1772	165543	232117
1773	165628	232239
1774	165714	232361
1775	165798	232482
1776	165883	232604
1777	165968	232726
1778	166052	232847
1779	166136	232969
1780	166223	233091
1781	166310	233212
1782	166395	233334
1783	166480	233456
1784	166565	233577
1785	166649	233699
1786	166733	233820
1787	166818	233942
1788	166903	234064
1789	166989	234186
1790	167075	234307
1791	167160	234429
1792	167247	234550
1793	167332	234672
1794	167417	234794
1795	167501	234916
1796	167588	235037
1797	167673	235159
1798	167759	235297
1799	167842	235411
1800	167927	235533
1801	168012	235654
1802	168096	235776
1803	168181	235897
1804	168267	236019
1805	168353	236148
1806	168437	236263
1807	168522	236384
1808	168607	236505
1809	168691	236627
1810	168776	236750
1811	168861	236872
1812	168948	236994
1813	169033	237116
1814	169117	237237
1815	169202	237359
1816	169288	237480
1817	169372	237602
1818	169457	237724
1819	169541	237845
1820	169626	237967
1821	169711	238089
1822	169795	238211
1823	169880	238332
1824	169964	238454
1825	170048	238576
1826	170133	238697
1827	170218	238819
1828	170306	238941
1829	170391	239063
1830	170476	239185
1831	170560	239306
1832	170644	239428
1833	170729	239550
1834	170813	239672
1835	170897	239793
1836	170981	239915
1837	171066	240037
1838	171150	240159
1839	171237	240281
1840	171322	240401
1841	171407	240522
1842	171491	240651
1843	171576	240765
1844	171664	240887
1845	171747	241008
1846	171832	241131
1847	171916	241252
1848	172000	241373
1849	172084	241495
1850	172169	241616
1851	172256	241738
1852	172340	241859
1853	172425	241981
1854	172510	242103
1855	172594	242224
1856	172679	242346
1857	172763	242467
1858	172847	242589
1859	172932	242710
1860	173018	242832
1861	173102	242953
1862	173187	243075
1863	173272	243197
1864	173356	243318
1865	173441	243440
1866	173525	243561
1867	173610	243682
1868	173693	243804
1869	173777	243926
1870	173861	244047
1871	173944	244169
1872	174028	244291
1873	174112	244412
1874	174195	244533
1875	174281	244655
1876	174367	244776
1877	174450	244898
1878	174534	245020
1879	174618	245148
1880	174706	245263
1881	174790	245385
1882	174874	245506
1883	174959	245627
1884	175041	245749
1885	175125	245871
1886	175209	245992
1887	175293	246114
1888	175377	246235
1889	175461	246357
1890	175545	246479
1891	175639	246600
1892	175728	246721
1893	175813	246843
1894	175896	246965
1895	175980	247087
1896	176064	247208
1897	176147	247329
1898	176233	247451
1899	176318	247572
1900	176401	247694
1901	176485	247815
1902	176569	247937
1903	176652	248058
1904	176736	248180
1905	176820	248301
1906	176904	248423
1907	176987	248544
1908	177074	248665
1909	177158	248787
1910	177244	248909
1911	177329	249030
1912	177413	249152
1913	177496	249276
1914	177580	249394
1915	177664	249516
1916	177747	249637
1917	177831	249759
1918	177914	249881
1919	177998	250002
1920	178082	250124
1921	178166	250245
1922	178253	250367
1923	178336	250488
1924	178429	250609
1925	178514	250731
1926	178597	250853
1927	178681	250974
1928	178764	251096
1929	178848	251217
1930	178931	251339
1931	179016	251460
1932	179100	251582
1933	179184	251704
1934	179269	251825
1935	179353	251946
1936	179436	252068
1937	179520	252190
1938	179604	252311
1939	179687	252433
1940	179773	252554
1941	179857	252676
1942	179940	252797
1943	180023	252918
1944	180107	253040
1945	180190	253162
1946	180275	253285
1947	180358	253407
1948	180448	253528
1949	180535	253650
1950	180620	253771
1951	180720	253893
1952	180804	254014
1953	180888	254136
1954	180972	254258
1955	181056	254379
1956	181142	254501
1957	181226	254622
1958	181311	254743
1959	181394	254865
1960	181478	254987
1961	181562	255109
1962	181645	255230
1963	181729	255351
1964	181813	255473
1965	181896	255594
1966	181980	255716
1967	182063	255837
1968	182146	255959
1969	182233	256081
1970	182317	256202
1971	182400	256323
1972	182486	256445
1973	182570	256567
1974	182654	256688
1975	182738	256810
1976	182822	256931
1977	182907	257053
1978	182990	257175
1979	183074	257296
1980	183157	257417
1981	183243	257539
1982	183327	257661
1983	183411	257782
1984	183494	257903
1985	183578	258025
1986	183662	258147
1987	183745	258268
1988	183831	258390
1989	183915	258511
1990	183998	258633
1991	184081	258754
1992	184165	258876
1993	184256	258998
1994	184340	259119
1995	184424	259240
1996	184508	259362
1997	184592	259484
1998	184676	259605
1999	184760	259727
2000	184843	259847
