1	0	12395
2	301	13257
3	501	13306
4	686	13343
5	883	13391
6	1076	13429
7	1271	13465
8	1466	13510
9	1662	13551
10	1856	13587
11	2058	13670
12	2250	13771
13	2441	13894
14	11109	21441
15	11395	21557
16	11548	21714
17	11740	21841
18	11891	22003
19	12061	22174
20	12238	22346
21	12412	22517
22	12567	22660
23	12724	22821
24	12886	22979
25	13044	23146
26	13200	23282
27	13353	23438
28	13508	23590
29	13661	23846
30	13856	24020
31	14063	24223
32	14273	24432
33	14479	28999
34	14688	29104
35	14949	29220
36	15180	29346
37	15417	29472
38	15649	29597
39	15877	29722
40	16104	29847
41	16335	29972
42	16560	30097
43	16794	30223
44	17050	30348
45	17222	30473
46	17393	30598
47	17567	30723
48	17743	30848
49	17916	30974
50	18091	31099
51	18263	31225
52	18436	31349
53	18612	31475
54	18788	31600
55	18974	31725
56	19143	31850
57	19313	31976
58	19484	32100
59	19655	32226
60	19830	32351
61	19999	32477
62	20168	32602
63	20337	32727
64	20509	32852
65	20681	32977
66	20854	33103
67	21045	33228
68	21218	33353
69	21391	33479
70	21566	33603
71	21742	33729
72	21913	33854
73	22081	33979
74	22250	34105
75	22418	34232
76	22589	34355
77	22757	34481
78	22925	34606
79	23095	34731
80	23265	34857
81	23432	34982
82	23602	35107
83	23772	35232
84	24024	35358
85	24194	35483
86	24363	35608
87	24534	35734
88	24692	35858
89	24842	35984
90	25000	36110
91	25149	36234
92	25298	36360
93	25448	36487
94	25597	36612
95	25747	36737
96	25896	36862
97	26046	36988
98	26195	37114
99	26345	37245
100	26494	37368
101	26644	37494
102	26793	37619
103	26952	37745
104	27104	37870
105	27253	37996
106	27402	38120
107	27551	38246
108	27700	38371
109	27848	38497
110	27998	38622
111	28147	38748
112	28296	38872
113	28444	38998
114	28593	39124
115	28742	39249
116	28890	39374
117	29040	39501
118	29190	39625
119	29340	39750
120	29494	39879
121	29644	40002
122	29794	40127
123	29947	40252
124	30098	40376
125	30249	40502
126	30398	40627
127	30549	40753
128	30699	40881
129	30848	41010
130	30999	41129
131	31149	41252
132	31299	41374
133	31449	41519
134	31599	41669
135	31749	41822
136	31902	41973
137	32052	42123
138	32202	42272
139	32352	42423
140	32502	42575
141	32652	42723
142	32802	42879
143	32955	43028
144	33105	43176
145	33256	43326
146	33406	43475
147	33555	43625
148	33705	43775
149	33855	43926
150	34006	44077
151	34156	44229
152	34308	44379
153	34458	44529
154	34608	44679
155	34758	44829
156	34908	44979
157	35059	45130
158	35209	45280
159	35359	45429
160	35509	45579
161	35659	45729
162	35809	45883
163	35963	46033
164	36113	46183
165	36263	46334
166	36413	46485
167	36564	46638
168	36717	46788
169	36867	46940
170	37020	47091
171	37171	47241
172	37321	47392
173	37471	47541
174	37621	47691
175	37771	47842
176	37921	47993
177	38072	48150
178	38222	48293
179	38373	48444
180	38523	48593
181	38673	48745
182	38824	48896
183	38975	49048
184	39127	49199
185	39278	49348
186	39428	49498
187	39578	49648
188	39728	49798
189	39878	49950
190	40029	50100
191	40179	50249
192	40329	50400
193	40479	50549
194	40629	50700
195	40780	50851
196	40933	51004
197	41084	51155
198	41234	51304
199	41384	51458
200	41538	51609
201	41689	51761
202	41840	51912
203	41992	52065
204	42143	52215
205	42295	52365
206	42445	52516
207	42596	52667
208	42747	52825
209	42897	52970
210	43049	53121
211	43200	53271
212	43351	53421
213	43501	53571
214	43651	53722
215	43802	53880
216	43957	54029
217	44108	54178
218	44258	54328
219	44408	54480
220	44559	54629
221	44709	54779
222	44859	54930
223	45010	55081
224	45161	55231
225	45311	55381
226	45461	55531
227	45611	55681
228	45761	55832
229	45912	55982
230	46063	56134
231	46213	56286
232	46367	56437
233	46517	56587
234	46667	56737
235	46817	56889
236	46969	57041
237	47120	57191
238	47270	57344
239	47424	57495
240	47575	57646
241	47725	57796
242	47875	57947
243	48027	58098
244	48178	58248
245	48328	58398
246	48478	58548
247	48628	58701
248	48780	58853
249	48933	59006
250	49085	59155
251	49235	59305
252	49385	59455
253	49536	59606
254	49686	59756
255	49836	59907
256	49987	60058
257	50138	60208
258	50288	60358
259	50438	60508
260	50588	60658
261	50738	60815
262	50888	60961
263	51040	61113
264	51192	61263
265	51343	61413
266	51493	61564
267	51643	61722
268	51802	61879
269	51956	62028
270	52106	62176
271	52256	62327
272	52407	62477
273	52557	62629
274	52707	62777
275	52857	62928
276	53008	63079
277	53159	63229
278	53309	63380
279	53459	63532
280	53611	63681
281	53761	63833
282	53912	63983
283	54063	64134
284	54213	64283
285	54363	64447
286	54527	64614
287	54694	64769
288	54849	64920
289	55000	65071
290	55151	65221
291	55301	65371
292	55451	65521
293	55601	65671
294	55750	65821
295	55900	65974
296	56054	66125
297	56204	66275
298	56355	66425
299	56505	66575
300	56655	66725
301	56805	66883
302	56963	67035
303	57114	67184
304	57264	67334
305	57414	67484
306	57564	67635
307	57715	67790
308	57869	67941
309	58021	68091
310	58171	68242
311	58321	68396
312	58474	68545
313	58624	68695
314	58775	68846
315	58926	68997
316	59077	69148
317	59227	69298
318	59377	69447
319	59528	69598
320	59678	69748
321	59828	69900
322	59979	70051
323	60130	70201
324	60280	70351
325	60431	70501
326	60581	70651
327	60731	70804
328	60883	70955
329	61035	71106
330	61185	71255
331	61336	71408
332	61486	71556
333	61637	71707
334	61787	71861
335	61941	72014
336	62091	72162
337	62242	72312
338	62392	72463
339	62542	72613
340	62693	72763
341	62843	72915
342	62994	73065
343	63145	73218
344	63297	73368
345	63447	73518
346	63598	73668
347	63748	73819
348	63898	73969
349	64049	74120
350	64200	74270
351	64350	74421
352	64500	74570
353	64650	74720
354	64800	74877
355	64953	75027
356	65104	75175
357	65255	75326
358	65405	75476
359	65556	75628
360	65708	75779
361	65859	75930
362	66011	76081
363	66161	76232
364	66312	76382
365	66462	76533
366	66613	76683
367	66763	76834
368	66914	76987
369	67066	77138
370	67217	77288
371	67367	77437
372	67517	77590
373	67668	77738
374	67818	77889
375	67970	78042
376	68122	78192
377	68273	78343
378	68424	78493
379	68574	78645
380	68725	78795
381	68875	78946
382	69027	79098
383	69178	79248
384	69329	79399
385	69479	79549
386	69629	79699
387	69780	79853
388	69933	80005
389	70085	80155
390	70235	80305
391	70386	80460
392	70539	80609
393	70689	80759
394	70840	80911
395	70991	81065
396	71141	81214
397	71292	81361
398	71442	81511
399	71592	81663
400	71743	81820
401	71893	81973
402	72045	82126
403	72196	82267
404	72346	82416
405	72497	82567
406	72647	82717
407	72798	82882
408	72954	83032
409	73104	83178
410	73255	83335
411	73411	83487
412	73567	83637
413	73718	83791
414	73871	83942
415	74022	84092
416	74173	84244
417	74323	84396
418	74477	84547
419	74627	84700
420	74781	84855
421	74935	85008
422	75086	85156
423	75237	85313
424	75393	85465
425	75546	85615
426	75696	85766
427	75847	85917
428	75998	86068
429	76148	86218
430	76299	86369
431	76449	86519
432	76600	86669
433	76750	86822
434	76903	86973
435	77055	87125
436	77205	87271
437	77352	87418
438	77499	87563
439	77645	87712
440	77793	87862
441	77943	88012
442	78090	88155
443	78236	88300
444	78382	88447
445	78528	88598
446	78678	88744
447	78824	88892
448	78971	89038
449	79118	89185
450	79265	89343
451	79412	89479
452	79559	89625
453	79706	89783
454	79853	89921
455	80000	90079
456	80149	90225
457	80295	90367
458	80441	90514
459	80587	90663
460	80733	90816
461	80880	90958
462	81027	91154
463	81173	91276
464	81320	91399
465	81466	91538
466	81612	91691
467	81759	91838
468	81905	91985
469	82052	92118
470	82198	92264
471	82344	92422
472	82492	92560
473	82639	92705
474	82785	92878
475	82957	93029
476	83109	93175
477	83256	93321
478	83402	93469
479	83549	93615
480	83695	93761
481	83842	93908
482	83989	94054
483	84135	94201
484	84282	94351
485	84432	94497
486	84579	94644
487	84725	94793
488	84874	94940
489	85021	95088
490	85169	95237
491	85316	95382
492	85463	95528
493	85609	95675
494	85755	95821
495	85901	95968
496	86048	96114
497	86194	96260
498	86341	96406
499	86487	96553
500	86633	96702
501	86779	96845
502	86925	96994
503	87073	97143
504	87222	97289
505	87368	97435
506	87515	97581
507	87661	97730
508	87807	97881
509	87957	98028
510	88104	98173
511	88250	98319
512	88397	98465
513	88543	98615
514	88689	98761
515	88836	98908
516	88983	99055
517	89129	99202
518	89276	99342
519	89422	99496
520	89570	99642
521	89717	99782
522	89863	99940
523	90010	100079
524	90156	100224
525	90303	100370
526	90449	100516
527	90596	100663
528	90742	100816
529	90888	100955
530	91035	101146
531	91182	101268
532	91328	101395
533	91474	101542
534	91620	101690
535	91767	101835
536	91915	101984
537	92062	102135
538	92209	102281
539	92355	102421
540	92501	102579
541	92648	102721
542	92794	102863
543	92944	103012
544	93090	103157
545	93237	103302
546	93383	103449
547	93529	103595
548	93676	103742
549	93822	103888
550	93969	104037
551	94115	104183
552	94264	104329
553	94410	104476
554	94557	104622
555	94703	104768
556	94849	104915
557	94996	105061
558	95142	105208
559	95288	105354
560	95435	105501
561	95581	105647
562	95727	105793
563	95873	105940
564	96020	106086
565	96167	106233
566	96313	106378
567	96459	106527
568	96608	106674
569	96754	106820
570	96901	106967
571	97048	107114
572	97194	107260
573	97341	107406
574	97487	107552
575	97633	107698
576	97780	107847
577	97926	107993
578	98073	108139
579	98219	108285
580	98365	108431
581	98512	108577
582	98658	108723
583	98804	108877
584	98956	109024
585	99102	109168
586	99249	109314
587	99395	109461
588	99541	109606
589	99687	109755
590	99834	109900
591	99981	110048
592	100127	110192
593	100274	110338
594	100420	110485
595	100566	110648
596	100713	110778
597	100859	110925
598	101006	111071
599	101152	111220
600	101301	111366
601	101448	111513
602	101594	111659
603	101741	111805
604	101887	111953
605	102034	112099
606	102181	112246
607	102327	112392
608	102473	112539
609	102620	112685
610	102766	112833
611	102913	112979
612	103060	113125
613	103206	113271
614	103353	113417
615	103499	113566
616	103647	113719
617	103801	113870
618	103951	114019
619	104097	114161
620	104244	114309
621	104390	114455
622	104536	114601
623	104683	114747
624	104829	114894
625	104976	115042
626	105123	115188
627	105269	115334
628	105416	115482
629	105562	115627
630	105709	115774
631	105855	115926
632	106004	116071
633	106151	116217
634	106297	116363
635	106444	116512
636	106590	116658
637	106737	116804
638	106883	116951
639	107031	117097
640	107178	117243
641	107324	117389
642	107470	117535
643	107617	117683
644	107763	117828
645	107910	117976
646	108056	118122
647	108203	118271
648	108352	118417
649	108498	118565
650	108645	118710
651	108791	118862
652	108941	119009
653	109087	119153
654	109234	119302
655	109380	119445
656	109526	119593
657	109673	119753
658	109833	119918
659	109999	120069
660	110150	120216
661	110297	120362
662	110444	120510
663	110590	120698
664	110741	120846
665	110889	120967
666	111037	121114
667	111183	121254
668	111330	121398
669	111477	121545
670	111623	121691
671	111770	121838
672	111916	121985
673	112063	122131
674	112210	122278
675	112356	122424
676	112503	122570
677	112649	122718
678	112795	122866
679	112945	123016
680	113094	123159
681	113240	123306
682	113387	123452
683	113533	123599
684	113680	123745
685	113826	123892
686	113973	124039
687	114120	124185
688	114266	124332
689	114413	124478
690	114559	124625
691	114706	124772
692	114852	124918
693	115000	125066
694	115146	125213
695	115293	125372
696	115441	125508
697	115588	125656
698	115734	125815
699	115880	125950
700	116029	126101
701	116177	126246
702	116324	126399
703	116471	126550
704	116618	126696
705	116765	126836
706	116912	126983
707	117061	127130
708	117209	127276
709	117355	127422
710	117501	127569
711	117648	127716
712	117796	127865
713	117945	128014
714	118091	128157
715	118238	128304
716	118384	128450
717	118530	128597
718	118676	128747
719	118822	128892
720	118969	129036
721	119115	129189
722	119261	129328
723	119408	129484
724	119554	129622
725	119700	129774
726	119846	129913
727	119993	130061
728	120141	130207
729	120288	130353
730	120434	130502
731	120580	130653
732	120726	130800
733	120872	130947
734	121019	131094
735	121165	131241
736	121311	131388
737	121457	131525
738	121603	131678
739	121749	131831
740	121895	131962
741	122042	132110
742	122188	132256
743	122335	132402
744	122483	132549
745	122629	132695
746	122775	132841
747	122921	132987
748	123068	133133
749	123214	133279
750	123360	133434
751	123509	133574
752	123655	133720
753	123801	133870
754	123950	134017
755	124097	134161
756	124243	134308
757	124389	134453
758	124535	134600
759	124681	134752
760	124832	134898
761	124980	135045
762	125126	135193
763	125274	135340
764	125421	135488
765	125568	135634
766	125715	135782
767	125861	135935
768	126009	136079
769	126156	136234
770	126303	136379
771	126450	136527
772	126597	136672
773	126744	136817
774	126891	136961
775	127039	137108
776	127189	137255
777	127336	137402
778	127483	137549
779	127630	137696
780	127777	137844
781	127924	137991
782	128072	138138
783	128218	138284
784	128365	138431
785	128512	138577
786	128659	138728
787	128806	138878
788	128956	139024
789	129103	139169
790	129250	139316
791	129397	139479
792	129546	139618
793	129693	139766
794	129840	139910
795	129990	140056
796	130137	140203
797	130284	140350
798	130431	140499
799	130580	140647
800	130727	140830
801	130873	140941
802	131021	141094
803	131168	141239
804	131315	141384
805	131462	141544
806	131609	141679
807	131755	141835
808	131904	141984
809	132052	142128
810	132199	142274
811	132346	142420
812	132497	142567
813	132646	142715
814	132793	142864
815	132945	143023
816	133092	143166
817	133238	143306
818	133384	143462
819	133539	143606
820	133684	143758
821	133830	143897
822	133976	144043
823	134122	144199
824	134270	144334
825	134415	144483
826	134561	144635
827	134706	144771
828	134852	144917
829	134998	145063
830	135144	145211
831	135289	145357
832	135435	145503
833	135580	145650
834	135725	145801
835	135871	145938
836	136017	146095
837	136163	146233
838	136308	146373
839	136454	146523
840	136601	146666
841	136747	146814
842	136892	146958
843	137039	147104
844	137185	147249
845	137331	147395
846	137476	147540
847	137622	147686
848	137767	147831
849	137913	147978
850	138059	148123
851	138204	148268
852	138350	148414
853	138495	148559
854	138641	148711
855	138793	148862
856	138944	149010
857	139090	149154
858	139235	149320
859	139390	149467
860	139549	149614
861	139695	149760
862	139841	149907
863	139989	150054
864	140135	150201
865	140282	150368
866	140449	150517
867	140596	150663
868	140743	150846
869	140892	150967
870	141039	151275
871	141187	151400
872	141332	151525
873	141478	151652
874	141623	151775
875	141769	151897
876	141914	152022
877	142061	152143
878	142207	152270
879	142352	152435
880	142511	152586
881	142659	152733
882	142805	152880
883	142954	153023
884	143100	153166
885	143245	153322
886	143391	153457
887	143539	153603
888	143685	153749
889	143830	153894
890	143977	154040
891	144122	154186
892	144267	154331
893	144413	154477
894	144558	154622
895	144704	154768
896	144849	154914
897	144996	155060
898	145141	155205
899	145287	155350
900	145432	155496
901	145577	155641
902	145723	155788
903	145870	155935
904	146017	156081
905	146162	156226
906	146307	156371
907	146453	156516
908	146598	156662
909	146743	156810
910	146888	156954
911	147035	157099
912	147181	157245
913	147326	157390
914	147472	157535
915	147617	157680
916	147762	157826
917	147908	157973
918	148054	158120
919	148201	158265
920	148347	158411
921	148492	158556
922	148638	158701
923	148783	158847
924	148928	159027
925	149107	159172
926	149254	159318
927	149399	159464
928	149545	159609
929	149691	159755
930	149837	159901
931	149983	160048
932	150129	160192
933	150275	160338
934	150420	160484
935	150566	160630
936	150712	160776
937	150857	160923
938	151005	161069
939	151150	161213
940	151295	161359
941	151440	161504
942	151586	161650
943	151732	161797
944	151877	161942
945	152023	162088
946	152169	162233
947	152315	162379
948	152461	162526
949	152606	162673
950	152754	162821
951	152902	162966
952	153048	163112
953	153194	163258
954	153339	163403
955	153485	163550
956	153631	163696
957	153778	163843
958	153924	163989
959	154071	164135
960	154216	164280
961	154362	164426
962	154508	164571
963	154653	164717
964	154799	164866
965	154948	165027
966	155107	165177
967	155260	165324
968	155406	165470
969	155551	165616
970	155697	165761
971	155843	165907
972	155989	166056
973	156137	166201
974	156283	166346
975	156428	166493
976	156574	166638
977	156720	166783
978	156865	166930
979	157012	167076
980	157158	167222
981	157303	167367
982	157448	167512
983	157594	167658
984	157739	167805
985	157885	167951
986	158032	168096
987	158177	168242
988	158323	168389
989	158471	168535
990	158616	168679
991	158761	168826
992	158907	168972
993	159053	169118
994	159199	169268
995	159345	169409
996	159491	169554
997	159636	169700
998	159782	169846
999	159927	169992
1000	160074	170138
1001	160220	170283
1002	160365	170435
1003	160511	170580
1004	160656	170728
1005	160804	170876
1006	160953	171021
1007	161099	171164
1008	161244	171309
1009	161390	171454
1010	161536	171599
1011	161681	171746
1012	161827	171891
1013	161973	172038
1014	162119	172183
1015	162265	172328
1016	162410	172493
1017	162574	172639
1018	162721	172787
1019	162867	172935
1020	163017	173082
1021	163162	173227
1022	163308	173371
1023	163453	173517
1024	163598	173662
1025	163744	173812
1026	163889	173954
1027	164036	174100
1028	164181	174246
1029	164327	174391
1030	164473	174536
1031	164618	174682
1032	164764	174828
1033	164909	174974
1034	165055	175119
1035	165200	175266
1036	165348	175412
1037	165494	175557
1038	165639	175703
1039	165785	175851
1040	165933	175998
1041	166079	176144
1042	166225	176289
1043	166371	176434
1044	166516	176580
1045	166662	176725
1046	166807	176920
1047	166960	177039
1048	167105	177170
1049	167251	177314
1050	167396	177460
1051	167541	177608
1052	167689	177753
1053	167835	177899
1054	167981	178047
1055	168127	178190
1056	168272	178336
1057	168418	178481
1058	168563	178627
1059	168708	178781
1060	168854	178919
1061	169000	179072
1062	169146	179216
1063	169298	179362
1064	169444	179508
1065	169589	179653
1066	169735	179799
1067	169880	179947
1068	170028	180092
1069	170174	180239
1070	170320	180383
1071	170465	180529
1072	170610	180674
1073	170756	180823
1074	170904	180969
1075	171050	181115
1076	171196	181260
1077	171342	181405
1078	171487	181551
1079	171633	181697
1080	171779	181844
1081	171924	181990
1082	172071	182135
1083	172216	182284
1084	172364	182428
1085	172509	182574
1086	172656	182722
1087	172803	182870
1088	172952	183028
1089	173099	183164
1090	173245	183310
1091	173391	183471
1092	173544	183609
1093	173690	183754
1094	173836	183900
1095	173982	184046
1096	174128	184192
1097	174273	184337
1098	174418	184482
1099	174564	184637
1100	174713	184784
1101	174862	184927
1102	175008	185077
1103	175153	185219
1104	175299	185363
1105	175444	185508
1106	175590	185653
1107	175735	185800
1108	175881	185946
1109	176027	186091
1110	176173	186237
1111	176318	186382
1112	176464	186528
1113	176609	186673
1114	176755	186821
1115	176900	187007
1116	177048	187126
1117	177196	187260
1118	177342	187405
1119	177487	187551
1120	177633	187696
1121	177778	187842
1122	177924	187989
1123	178070	188134
1124	178216	188280
1125	178361	188425
1126	178507	188570
1127	178652	188716
1128	178798	188879
1129	178957	189033
1130	179103	189168
1131	179249	189315
1132	179397	189461
1133	179542	189606
1134	179688	189752
1135	179833	189898
1136	179980	190044
1137	180125	190188
1138	180270	190334
1139	180416	190480
1140	180561	190625
1141	180707	190779
1142	180852	190917
1143	180998	191081
1144	181153	191218
1145	181300	191363
1146	181445	191511
1147	181591	191657
1148	181738	191803
1149	181884	191952
1150	182033	192097
1151	182178	192242
1152	182324	192387
1153	182469	192533
1154	182614	192678
1155	182760	192824
1156	182905	192970
1157	183052	193123
1158	183205	193269
1159	183351	193414
1160	183496	193560
1161	183642	193706
1162	183788	193854
1163	183936	194004
1164	184085	194149
1165	184231	194294
1166	184376	194440
1167	184521	194585
1168	184667	194734
1169	184815	194882
1170	184962	195035
1171	185107	195172
1172	185253	195319
1173	185399	195478
1174	185544	195618
1175	185689	195763
1176	185834	195901
1177	185981	196053
1178	186126	196191
1179	186272	196338
1180	186420	196483
1181	186565	196629
1182	186711	196775
1183	186856	196925
1184	187003	197069
1185	187147	197217
1186	187293	197363
1187	187438	197509
1188	187584	197656
1189	187729	197796
1190	187875	197939
1191	188021	198085
1192	188167	198231
1193	188312	198378
1194	188457	198524
1195	188603	198678
1196	188750	198830
1197	188896	198962
1198	189047	199123
1199	189194	199269
1200	189339	199415
1201	189485	199561
1202	189631	199698
1203	189776	199850
1204	189922	199996
1205	190068	200134
1206	190214	200280
1207	190359	200437
1208	190505	200569
1209	190650	200716
1210	190796	200882
1211	190955	201028
1212	191103	201172
1213	191248	201324
1214	191394	201467
1215	191539	201610
1216	191684	201748
1217	191830	201895
1218	191976	204423
1219	192122	204474
1220	192267	204514
1221	192413	204542
1222	192558	204570
1223	192704	204602
1224	192849	204646
1225	192995	204674
1226	193150	204702
1227	193297	204729
1228	193445	204759
1229	193590	204803
1230	193736	204832
1231	193881	204859
1232	194029	204886
1233	194185	204928
1234	194330	204964
1235	194476	204992
1236	194621	205019
1237	194766	205047
1238	194912	205087
1239	195058	205119
1240	195205	205259
1241	195351	205404
1242	195496	205552
1243	195642	205697
1244	195789	205845
1245	195938	205991
1246	196084	206136
1247	196229	206282
1248	196374	206427
1249	196520	206572
1250	196665	206741
1251	196833	206933
1252	196982	207076
1253	197146	207244
1254	197292	207385
1255	197439	207531
1256	197585	207681
1257	197733	207824
1258	197880	207962
1259	198027	208105
1260	198174	208249
1261	198320	208383
1262	198466	208530
1263	198612	208666
1264	198758	208814
1265	198905	208966
1266	199052	209106
1267	199198	209254
1268	199344	209400
1269	199490	209546
1270	199636	209702
1271	199782	209839
1272	199928	209985
1273	200077	210141
1274	200223	210287
1275	200369	210442
1276	200515	210574
1277	200661	210724
1278	200808	210864
1279	200957	211014
1280	201103	211157
1281	201253	211310
1282	201399	211452
1283	201544	211614
1284	201705	211778
1285	201868	211928
1286	202020	212089
1287	202171	212248
1288	202324	212395
1289	202473	212545
1290	202623	212693
1291	202773	212841
1292	202922	212992
1293	203073	213140
1294	203222	213289
1295	203372	213437
1296	203521	213587
1297	203670	213737
1298	203820	213887
1299	203970	214036
1300	204119	214184
1301	204269	214333
1302	204418	214487
1303	204568	214637
1304	204721	214787
1305	204873	214962
1306	205025	215093
1307	205177	215242
1308	205327	215392
1309	205478	215549
1310	205628	215690
1311	205779	215841
1312	205932	215989
1313	206078	216133
1314	206222	216276
1315	206366	216420
1316	206510	216564
1317	206654	216708
1318	206798	216860
1319	206949	217013
1320	207097	217159
1321	207248	217308
1322	207398	217452
1323	207542	217596
1324	207686	217757
1325	207846	217903
1326	207993	218048
1327	208137	218191
1328	208281	218334
1329	208424	218478
1330	208567	218621
1331	208711	218766
1332	208854	218909
1333	208998	219052
1334	209141	219198
1335	209287	219341
1336	209431	219484
1337	209574	219627
1338	209717	219770
1339	209860	219915
1340	210004	220058
1341	210148	220202
1342	210292	220346
1343	210436	220514
1344	210579	220635
1345	210724	220797
1346	210867	220923
1347	211013	221086
1348	211156	221213
1349	211302	221355
1350	211446	221499
1351	211593	221644
1352	211737	221793
1353	211881	221937
1354	212026	222077
1355	212170	222224
1356	212313	222368
1357	212457	222512
1358	212601	222656
1359	212745	222803
1360	212889	222946
1361	213034	223089
1362	213178	223232
1363	213321	223376
1364	213465	223519
1365	213609	223664
1366	213753	223811
1367	213899	223955
1368	214044	224100
1369	214189	224245
1370	214334	224389
1371	214478	224529
1372	214622	224672
1373	214766	224817
1374	214910	224966
1375	215055	225111
1376	215199	225249
1377	215342	225392
1378	215485	225540
1379	215629	225684
1380	215773	225828
1381	215917	225972
1382	216061	226119
1383	216207	226263
1384	216353	226407
1385	216496	226551
1386	216641	226695
1387	216784	226839
1388	216928	226984
1389	217073	227131
1390	217218	227272
1391	217362	227416
1392	217505	227560
1393	217649	227704
1394	217793	227852
1395	217941	227996
1396	218085	228140
1397	218229	228284
1398	218373	228429
1399	218519	228573
1400	218663	228717
1401	218806	228864
1402	218954	229011
1403	219097	229152
1404	219241	229296
1405	219385	229440
1406	219529	229584
1407	219673	229727
1408	219817	229873
1409	219962	230017
1410	220106	230160
1411	220250	230304
1412	220393	230448
1413	220537	230591
1414	220681	230738
1415	220827	230882
1416	220972	231027
1417	221116	231171
1418	221260	231314
1419	221404	231458
1420	221548	231602
1421	221691	231746
1422	221835	231890
1423	221980	232035
1424	222124	232178
1425	222267	232322
1426	222411	232466
1427	222555	232610
1428	222699	232754
1429	222843	232898
1430	222988	233045
1431	223134	233189
1432	223278	233332
1433	223422	233476
1434	223566	233623
1435	223713	233768
1436	223857	233913
1437	224002	234057
1438	224146	234201
1439	224290	234344
1440	224433	234489
1441	224577	234632
1442	224721	234781
1443	224868	234924
1444	225013	235069
1445	225157	235212
1446	225301	235357
1447	225447	235501
1448	225591	235645
1449	225735	235789
1450	225879	235934
1451	226023	236079
1452	226167	236222
1453	226311	236366
1454	226455	236510
1455	226599	236653
1456	226743	236800
1457	226887	236943
1458	227032	237088
1459	227176	237232
1460	227320	237374
1461	227464	237518
1462	227607	237664
1463	227753	237813
1464	227897	237953
1465	228042	238098
1466	228186	238241
1467	228330	238385
1468	228474	238528
1469	228618	238672
1470	228762	238816
1471	228905	238961
1472	229050	239105
1473	229194	239249
1474	229338	239392
1475	229482	239536
1476	229625	239680
1477	229769	239824
1478	229913	239973
1479	230060	240115
1480	230203	240258
1481	230347	240402
1482	230491	240546
1483	230635	240690
1484	230779	240834
1485	230923	240978
1486	231067	241123
1487	231211	241266
1488	231355	241410
1489	231499	241554
1490	231643	241698
1491	231787	241844
1492	231934	241989
1493	232078	242134
1494	232223	242279
1495	232369	242423
1496	232512	242567
1497	232656	242711
1498	232800	242859
1499	232948	243002
1500	233092	243147
1501	233236	243290
1502	233379	243434
1503	233523	243578
1504	233667	243722
1505	233813	243869
1506	233958	244015
1507	234102	244156
1508	234246	244300
1509	234389	244447
1510	234536	244593
1511	234682	244737
1512	234826	244882
1513	234971	245027
1514	235115	245170
1515	235259	245314
1516	235403	245458
1517	235547	245602
1518	235691	245745
1519	235835	245890
1520	235979	246035
1521	236123	246178
1522	236267	246322
1523	236411	246465
1524	236555	246609
1525	236698	246753
1526	236842	246901
1527	236990	247046
1528	237134	247189
1529	237278	247333
1530	237422	247484
1531	237566	247619
1532	237709	247764
1533	237853	247914
1534	238003	248059
1535	238148	248202
1536	238292	248350
1537	238440	248495
1538	238584	248638
1539	238728	248784
1540	238872	248927
1541	239016	249071
1542	239161	249218
1543	239308	249362
1544	239452	249506
1545	239596	249650
1546	239740	249795
1547	239884	249941
1548	240031	250088
1549	240175	250230
1550	240319	250373
1551	240463	250517
1552	240607	250661
1553	240751	250808
1554	240895	250950
1555	241040	251095
1556	241184	251238
1557	241328	251382
1558	241472	251528
1559	241618	251680
1560	241769	251823
1561	241913	251969
1562	242058	252112
1563	242202	252255
1564	242346	252399
1565	242490	252542
1566	242634	252688
1567	242777	252831
1568	242921	252975
1569	243066	253121
1570	243210	253263
1571	243354	253407
1572	243497	253551
1573	243641	253694
1574	243784	253842
1575	243933	253987
1576	244078	254131
1577	244222	254276
1578	244365	254418
1579	244509	254562
1580	244652	254705
1581	244796	254853
1582	244943	254996
1583	245087	255140
1584	245231	255284
1585	245374	255428
1586	245518	255572
1587	245662	255716
1588	245805	255863
1589	245952	256008
1590	246096	256153
1591	246242	256296
1592	246386	256447
1593	246536	256591
1594	246680	256735
1595	246824	256880
1596	246969	257025
1597	247113	257167
1598	247256	257310
1599	247399	257453
1600	247542	257596
1601	247685	257738
1602	247828	257882
1603	247971	258024
1604	248113	258166
1605	248255	258308
1606	248398	258454
1607	248542	258595
1608	248685	258737
1609	248827	258881
1610	248970	259023
1611	249112	259165
1612	249254	259307
1613	249396	259449
1614	249538	259598
1615	249680	259733
1616	249823	259877
1617	249966	260019
1618	250108	260161
1619	250250	260303
1620	250392	260445
1621	250534	260587
1622	250677	260735
1623	250821	260875
1624	250964	261018
1625	251107	261160
1626	251250	261303
1627	251392	261445
1628	251535	261588
1629	251678	261764
1630	251820	261884
1631	251965	262053
1632	252108	262195
1633	252252	262339
1634	252396	262483
1635	252540	262603
1636	252683	262769
1637	252825	262914
1638	252970	263034
1639	253116	263202
1640	253259	263348
1641	253403	263476
1642	253547	263600
1643	253691	263741
1644	253835	263885
1645	253978	264029
1646	254121	264171
1647	254264	264313
1648	254407	264457
1649	254550	264599
1650	254693	264755
1651	254840	264892
1652	254985	265036
1653	255128	265187
1654	255281	265356
1655	255445	265505
1656	255594	265649
1657	255738	265792
1658	255881	265935
1659	256025	266080
1660	256168	266221
1661	256311	266364
1662	256454	266508
1663	256598	266652
1664	256741	266799
1665	256885	266941
1666	257031	267086
1667	257175	267229
1668	257319	267373
1669	257462	267516
1670	257606	267662
1671	257752	267811
1672	257895	267949
1673	258039	268092
1674	258182	268235
1675	258324	268378
1676	258467	268521
1677	258610	268663
1678	258753	268809
1679	258896	268950
1680	259040	269094
1681	259183	269243
1682	259333	269386
1683	259476	269529
1684	259619	269684
1685	259774	269831
1686	259917	269973
1687	260063	270118
1688	260207	270259
1689	260350	270403
1690	260493	270545
1691	260635	270687
1692	260778	270831
1693	260921	270974
1694	261065	271118
1695	261208	271263
1696	261351	271403
1697	261494	271546
1698	261637	271691
1699	261780	271833
1700	261923	271976
1701	262067	272122
1702	262210	272264
1703	262355	272409
1704	262498	272550
1705	262641	272697
1706	262784	272868
1707	262927	273012
1708	263071	273154
1709	263213	273298
1710	263357	273441
1711	263501	273585
1712	263644	273727
1713	263786	273841
1714	263932	274014
1715	264076	274147
1716	264219	274289
1717	264362	274417
1718	264505	274561
1719	264650	274704
1720	264793	274850
1721	264939	274993
1722	265083	275137
1723	265226	275279
1724	265368	275423
1725	265512	275566
1726	265656	275710
1727	265799	275863
1728	265952	276008
1729	266096	276150
1730	266240	276292
1731	266382	276434
1732	266524	276577
1733	266666	276719
1734	266809	276870
1735	266960	277018
1736	267102	277155
1737	267244	277297
1738	267387	277439
1739	267529	277582
1740	267671	277724
1741	267814	277869
1742	267958	278014
1743	268101	278155
1744	268244	278298
1745	268387	278441
1746	268531	278584
1747	268674	278727
1748	268817	278871
1749	268961	279016
1750	269104	279160
1751	269249	279303
1752	269393	279446
1753	269536	279589
1754	269679	279764
1755	269820	279906
1756	269964	280050
1757	270108	280193
1758	270251	280323
1759	270394	280445
1760	270538	280588
1761	270681	280732
1762	270824	280875
1763	270968	281020
1764	271112	281162
1765	271256	281306
1766	271399	281451
1767	271544	281599
1768	271688	281738
1769	271831	281882
1770	271976	282031
1771	272119	282170
1772	272263	282317
1773	272406	282456
1774	272549	282604
1775	272693	282742
1776	272835	282894
1777	272994	283045
1778	273138	283188
1779	273282	283332
1780	273426	283476
1781	273569	283622
1782	273716	283769
1783	273862	283921
1784	274006	284057
1785	274149	284200
1786	274293	284352
1787	274437	284491
1788	274580	284633
1789	274723	284778
1790	274868	284925
1791	275014	285069
1792	275157	285211
1793	275300	285354
1794	275443	285499
1795	275586	285640
1796	275729	285784
1797	275872	285927
1798	276016	286073
1799	276162	286217
1800	276306	286359
1801	276449	286503
1802	276592	286646
1803	276735	286789
1804	276878	286935
1805	277024	287080
1806	277167	287222
1807	277310	287365
1808	277454	287508
1809	277597	287651
1810	277740	287794
1811	277883	287938
1812	278027	288082
1813	278170	288224
1814	278313	288369
1815	278458	288512
1816	278602	288655
1817	278745	288801
1818	278887	288942
1819	279031	289086
1820	279175	289228
1821	279318	289371
1822	279461	289514
1823	279604	289659
1824	279747	289797
1825	279889	289939
1826	280033	290083
1827	280176	290226
1828	280319	290370
1829	280463	290518
1830	280606	290662
1831	280751	290807
1832	280894	290949
1833	281038	291093
1834	281181	291235
1835	281324	291378
1836	281467	291521
1837	281610	291665
1838	281754	291810
1839	281897	291951
1840	282041	292096
1841	282185	292238
1842	282328	292382
1843	282471	292525
1844	282614	292669
1845	282758	292813
1846	282901	292958
1847	283048	293102
1848	283191	293259
1849	283348	293402
1850	283492	293549
1851	283639	293691
1852	283782	293835
1853	283925	293979
1854	284070	294123
1855	284213	294266
1856	284356	294409
1857	284500	294554
1858	284643	294696
1859	284787	294844
1860	284933	294987
1861	285078	295132
1862	285222	295277
1863	285368	295420
1864	285511	295563
1865	285654	295706
1866	285797	295853
1867	285944	295996
1868	286087	296140
1869	286230	296282
1870	286373	296425
1871	286516	296568
1872	286659	296712
1873	286802	296862
1874	286953	297010
1875	287096	297149
1876	287239	297292
1877	287382	297434
1878	287525	297580
1879	287671	297723
1880	287814	297867
1881	287958	298012
1882	288101	298153
1883	288244	298298
1884	288387	298440
1885	288530	298582
1886	288673	298725
1887	288816	298869
1888	288960	299015
1889	289103	299155
1890	289246	299298
1891	289389	299441
1892	289532	299584
1893	289675	299727
1894	289818	299873
1895	289964	300017
1896	290107	300160
1897	290250	300302
1898	290393	300445
1899	290536	300588
1900	290679	300731
1901	290822	300875
1902	290966	301018
1903	291109	301161
1904	291251	301303
1905	291394	301446
1906	291537	301589
1907	291680	301733
1908	291823	301877
1909	291968	302020
1910	292110	302164
1911	292255	302308
1912	292398	302453
1913	292541	302594
1914	292685	302736
1915	292827	302880
1916	292971	303024
1917	293115	303167
1918	293258	303307
1919	293400	303453
1920	293544	303631
1921	293686	303777
1922	293830	303929
1923	293975	304071
1924	294119	304191
1925	294262	304316
1926	294407	304463
1927	294552	304601
1928	294695	304748
1929	294839	304888
1930	294982	305032
1931	295126	305174
1932	295269	305318
1933	295412	305459
1934	295555	305603
1935	295698	305745
1936	295841	305889
1937	295985	306033
1938	296128	306175
1939	296271	306318
1940	296413	306460
1941	296556	306603
1942	296699	306748
1943	296844	306893
1944	296988	307037
1945	297132	307179
1946	297275	307322
1947	297418	307464
1948	297561	307608
1949	297704	307751
1950	297847	307895
1951	297991	308041
1952	298134	308181
1953	298277	308324
1954	298420	308467
1955	298563	308610
1956	298706	308753
1957	298849	308898
1958	298993	309043
1959	299138	309185
1960	299281	309329
1961	299424	309474
1962	299567	309625
1963	299710	309763
1964	299853	309906
1965	299997	310051
1966	300140	310209
1967	300283	310334
1968	300426	310479
1969	300569	310623
1970	300712	310760
1971	300855	310904
1972	300999	311047
1973	301142	311189
1974	301285	311336
1975	301431	311479
1976	301575	311622
1977	301718	311766
1978	301861	311910
1979	302005	312053
1980	302148	312195
1981	302291	312338
1982	302434	312483
1983	302577	312625
1984	302721	312768
1985	302863	312913
1986	303007	313056
1987	303150	313198
1988	303293	313341
1989	303436	313483
1990	303579	313637
1991	303724	313772
1992	303868	313921
1993	304011	314064
1994	304155	314206
1995	304298	314350
1996	304441	314488
1997	304583	314631
1998	304726	314774
1999	304869	314919
2000	305014	315061
