1	0
2	330
3	479
4	612
5	738
6	861
7	992
8	1116
9	1246
10	1376
11	1507
12	1645
13	1792
14	1938
15	2090
16	2233
17	2382
18	2531
19	2680
20	2829
21	2978
22	3133
23	3296
24	3453
25	3623
26	3782
27	3936
28	4096
29	4239
30	4366
31	4483
32	4582
33	4679
34	4777
35	4882
36	4981
37	5080
38	5179
39	5289
40	5403
41	5505
42	5603
43	5702
44	5810
45	5911
46	6009
47	6107
48	6206
49	6316
50	6423
51	6523
52	6621
53	6720
54	6818
55	6917
56	7016
57	7119
58	11501
59	11635
60	11714
61	11790
62	11867
63	11943
64	12024
65	12105
66	12186
67	12279
68	12360
69	12438
70	12516
71	12598
72	12680
73	12765
74	12850
75	12925
76	12994
77	13069
78	13138
79	13204
80	13287
81	13356
82	13426
83	13494
84	13564
85	13632
86	13702
87	13769
88	13842
89	13909
90	13978
91	14046
92	14114
93	14181
94	14248
95	14316
96	14384
97	14452
98	14520
99	14587
100	14655
101	14722
102	14793
103	14869
104	14940
105	15013
106	15082
107	15153
108	15230
109	15299
110	15371
111	15443
112	15512
113	15582
114	15651
115	15721
116	15789
117	15860
118	15927
119	15999
120	16070
121	16139
122	16210
123	16284
124	16352
125	16420
126	16488
127	16555
128	16622
129	16689
130	16756
131	16823
132	16891
133	16957
134	17025
135	17091
136	17162
137	17238
138	17306
139	17374
140	17445
141	17514
142	17584
143	17651
144	17719
145	17785
146	17867
147	17934
148	18001
149	18075
150	18143
151	18212
152	18284
153	18353
154	18423
155	18491
156	18557
157	18623
158	18691
159	18758
160	18824
161	18890
162	18957
163	19024
164	19090
165	19156
166	19224
167	19291
168	19360
169	19427
170	19494
171	19561
172	19627
173	19696
174	19763
175	19830
176	19896
177	19962
178	20030
179	20096
180	20163
181	20229
182	20296
183	20362
184	20432
185	20500
186	20574
187	20689
188	20754
189	20819
190	20883
191	20948
192	21013
193	21077
194	21141
195	21206
196	21276
197	21341
198	21406
199	21470
200	21537
201	21601
202	21668
203	21734
204	21799
205	21867
206	21932
207	21999
208	22064
209	22158
210	22224
211	22290
212	22355
213	22421
214	22486
215	22552
216	22619
217	22685
218	22753
219	22819
220	22884
221	22950
222	23014
223	23080
224	23145
225	23210
226	23279
227	23344
228	23409
229	23475
230	23540
231	23606
232	23673
233	23739
234	23803
235	23869
236	23934
237	23999
238	24064
239	24130
240	24195
241	24264
242	24330
243	24396
244	24460
245	24526
246	24590
247	24656
248	24722
249	24788
250	24853
251	24919
252	24983
253	25049
254	25114
255	25180
256	25245
257	25311
258	25375
259	25441
260	25506
261	25571
262	25636
263	25701
264	25769
265	25835
266	25900
267	25965
268	26030
269	26096
270	26162
271	26228
272	26293
273	26359
274	26424
275	26489
276	26554
277	26620
278	26685
279	26750
280	26817
281	26883
282	26948
283	27013
284	27078
285	27143
286	27208
287	27282
288	27347
289	27412
290	27477
291	27543
292	27608
293	27674
294	27739
295	27805
296	27872
297	27938
298	28003
299	28068
300	28133
301	28199
302	28268
303	28336
304	28406
305	28471
306	28538
307	28604
308	28671
309	28736
310	28802
311	28867
312	28935
313	28999
314	29065
315	29130
316	29196
317	29266
318	29332
319	29397
320	29463
321	29527
322	29593
323	29658
324	29724
325	29788
326	29854
327	29919
328	29987
329	30051
330	30117
331	30182
332	30247
333	30313
334	30378
335	30443
336	30509
337	30574
338	30641
339	30705
340	30771
341	30836
342	30902
343	30967
344	31035
345	31100
346	31166
347	31231
348	31297
349	31362
350	31430
351	31495
352	31561
353	31626
354	31691
355	31756
356	31822
357	31888
358	31953
359	32019
360	32087
361	32152
362	32218
363	32286
364	32353
365	32418
366	32484
367	32549
368	32614
369	32679
370	32745
371	32810
372	32876
373	32941
374	33007
375	33071
376	33139
377	33204
378	33273
379	33338
380	33404
381	33469
382	33534
383	33600
384	33665
385	33730
386	33805
387	33870
388	33936
389	34002
390	34068
391	34136
392	34203
393	34274
394	34341
395	34407
396	34472
397	34537
398	34602
399	34668
400	34733
401	34799
402	34864
403	34929
404	34994
405	35060
406	35125
407	35190
408	35260
409	35326
410	35392
411	35458
412	35522
413	35588
414	35653
415	35719
416	35784
417	35850
418	35914
419	35980
420	36045
421	36110
422	36176
423	36241
424	36308
425	36374
426	36441
427	36507
428	36572
429	36642
430	36707
431	36773
432	36838
433	36904
434	36970
435	37036
436	37101
437	37166
438	37231
439	37298
440	37365
441	37433
442	37498
443	37564
444	37629
445	37694
446	37760
447	37826
448	37891
449	37956
450	38021
451	38087
452	38152
453	38218
454	38286
455	38352
456	38420
457	38485
458	38550
459	38616
460	38681
461	38746
462	38811
463	38877
464	38941
465	39007
466	39071
467	39137
468	39202
469	39271
470	39337
471	39402
472	39469
473	39535
474	39599
475	39665
476	39730
477	39796
478	39860
479	39926
480	39991
481	40056
482	40121
483	40186
484	40255
485	40321
486	40386
487	40452
488	40520
489	40585
490	40650
491	40716
492	40780
493	40846
494	40911
495	40976
496	41041
497	41107
498	41171
499	41237
500	41302
501	41368
502	41434
503	41500
504	41566
505	41632
506	41697
507	41763
508	41828
509	41893
510	41958
511	42024
512	42089
513	42155
514	42220
515	42288
516	42353
517	42420
518	42485
519	42550
520	42617
521	42683
522	42748
523	42813
524	42878
525	42944
526	43009
527	43075
528	43140
529	43227
530	43296
531	43363
532	43432
533	43498
534	43564
535	43630
536	43699
537	43765
538	43832
539	43897
540	43964
541	44030
542	44097
543	44163
544	44232
545	44301
546	44365
547	44431
548	44496
549	44561
550	44636
551	44702
552	44769
553	44834
554	44899
555	44963
556	45028
557	45092
558	45158
559	45224
560	45289
561	45353
562	45419
563	45483
564	45560
565	45629
566	45697
567	45769
568	45839
569	45907
570	45977
571	46043
572	46110
573	46177
574	46244
575	46310
576	46377
577	46448
578	46519
579	46586
580	46652
581	46719
582	46786
583	46856
584	46925
585	47001
586	47067
587	47134
588	47200
589	47278
590	47345
591	47412
592	47479
593	47546
594	47612
595	47679
596	47745
597	47812
598	47878
599	47946
600	48017
601	48083
602	48156
603	48225
604	48293
605	48359
606	48429
607	48495
608	48562
609	48629
610	48696
611	48762
612	48830
613	48896
614	48964
615	49030
616	49100
617	49168
618	49233
619	49301
620	49367
621	49434
622	49500
623	49567
624	49634
625	49701
626	49769
627	49836
628	49904
629	49970
630	50037
631	50103
632	50172
633	50237
634	50305
635	50371
636	50440
637	50506
638	50573
639	50641
640	50707
641	50778
642	50844
643	50912
644	50977
645	51044
646	51111
647	51178
648	51247
649	51314
650	51404
651	51467
652	51529
653	51591
654	51654
655	51716
656	51779
657	51841
658	51904
659	51966
660	52029
661	52091
662	52154
663	52216
664	52284
665	52347
666	52410
667	52472
668	52535
669	52597
670	52661
671	52723
672	52786
673	52848
674	52911
675	52973
676	53036
677	53098
678	53161
679	53224
680	53289
681	53351
682	53415
683	53477
684	53540
685	53603
686	53666
687	53728
688	53794
689	53857
690	53920
691	53982
692	54045
693	54107
694	54170
695	54232
696	54298
697	54360
698	54424
699	54486
700	54549
701	54611
702	54674
703	54736
704	54799
705	54861
706	54924
707	54986
708	55049
709	55111
710	55174
711	55236
712	55301
713	55365
714	55427
715	55490
716	55553
717	55615
718	55678
719	55740
720	55803
721	55865
722	55928
723	55990
724	56053
725	56115
726	56178
727	56240
728	56305
729	56367
730	56431
731	56493
732	56555
733	56618
734	56681
735	56743
736	56806
737	56869
738	56931
739	56994
740	57057
741	57119
742	57181
743	57244
744	57309
745	57371
746	57436
747	57499
748	57561
749	57624
750	57687
751	57749
752	57812
753	57874
754	57936
755	57999
756	58062
757	58124
758	58187
759	58249
760	58314
761	58377
762	58440
763	58502
764	58565
765	58627
766	58689
767	58752
768	58815
769	58877
770	58940
771	59002
772	59065
773	59127
774	59190
775	59255
776	59320
777	59383
778	59445
779	59507
780	59570
781	59632
782	59695
783	59758
784	59821
785	59892
786	59960
787	60022
788	60086
789	60148
790	60211
791	60277
792	60343
793	60405
794	60468
795	60529
796	60592
797	60654
798	60717
799	60779
800	60842
801	60904
802	60967
803	61029
804	61092
805	61154
806	61217
807	61283
808	61348
809	61411
810	61474
811	61536
812	61599
813	61661
814	61724
815	61786
816	61849
817	61911
818	61974
819	62037
820	62099
821	62162
822	62224
823	62287
824	62352
825	62415
826	62478
827	62540
828	62603
829	62665
830	62728
831	62790
832	62853
833	62916
834	62979
835	63041
836	63104
837	63166
838	63232
839	63295
840	63359
841	63423
842	63486
843	63549
844	63611
845	63673
846	63736
847	63798
848	63861
849	63923
850	63986
851	64049
852	64112
853	64174
854	64237
855	64301
856	64366
857	64429
858	64492
859	64554
860	64617
861	64680
862	64743
863	64805
864	64868
865	64931
866	64994
867	65056
868	65119
869	65182
870	65245
871	65307
872	65372
873	65436
874	65499
875	65561
876	65624
877	65687
878	65750
879	65813
880	65876
881	65939
882	66003
883	66066
884	66129
885	66191
886	66258
887	66321
888	66386
889	66448
890	66511
891	66573
892	66636
893	66698
894	66762
895	66824
896	66887
897	66949
898	67012
899	67075
900	67138
901	67200
902	67271
903	67334
904	67399
905	67462
906	67525
907	67587
908	67650
909	67713
910	67776
911	67838
912	67901
913	67964
914	68027
915	68090
916	68153
917	68215
918	68281
919	68344
920	68410
921	68472
922	68535
923	68598
924	68662
925	68724
926	68787
927	68849
928	68913
929	68975
930	69038
931	69100
932	69164
933	69226
934	69289
935	69352
936	69417
937	69480
938	69543
939	69606
940	69669
941	69732
942	69795
943	69868
944	69941
945	70012
946	70083
947	70150
948	70212
949	70279
950	70342
951	70412
952	70477
953	70540
954	70602
955	70667
956	70730
957	70793
958	70855
959	70918
960	70981
961	71044
962	71107
963	71170
964	71232
965	71296
966	71359
967	71422
968	71484
969	71548
970	71610
971	71675
972	71737
973	71800
974	71863
975	71926
976	71988
977	72051
978	72114
979	72177
980	72239
981	72303
982	72365
983	72430
984	72492
985	72555
986	72618
987	72683
988	72745
989	72808
990	72871
991	72934
992	72996
993	73060
994	73122
995	73185
996	73247
997	73311
998	73373
999	73437
1000	73499
1001	73562
1002	73625
1003	73690
1004	73753
1005	73816
1006	73879
1007	73942
1008	74005
1009	74068
1010	74131
1011	74194
1012	74260
1013	74323
1014	74386
1015	74449
1016	74512
1017	74575
1018	74638
1019	74703
1020	74765
1021	74828
1022	74892
1023	74955
1024	75018
1025	75081
1026	75143
1027	75206
1028	75283
1029	75356
1030	75430
1031	75501
1032	75564
1033	75627
1034	75690
1035	75754
1036	75817
1037	75880
1038	75943
1039	76005
1040	76068
1041	76130
1042	76193
1043	76259
1044	76322
1045	76385
1046	76449
1047	76513
1048	76576
1049	76639
1050	76727
1051	76792
1052	76856
1053	76920
1054	76983
1055	77047
1056	77110
1057	77174
1058	77238
1059	77303
1060	77366
1061	77433
1062	77497
1063	77561
1064	77628
1065	77701
1066	77767
1067	77830
1068	77895
1069	77966
1070	78029
1071	78091
1072	78154
1073	78216
1074	78282
1075	78344
1076	78407
1077	78469
1078	78532
1079	78596
1080	78659
1081	78738
1082	78802
1083	78866
1084	78929
1085	78993
1086	79056
1087	79120
1088	79183
1089	79247
1090	79310
1091	79374
1092	79438
1093	79502
1094	79565
1095	79631
1096	79694
1097	79758
1098	79821
1099	79884
1100	79947
1101	80012
1102	80075
1103	80139
1104	80203
1105	80271
1106	80335
1107	80399
1108	80462
1109	80526
1110	80589
1111	80655
1112	80718
1113	80782
1114	80845
1115	80909
1116	80972
1117	81041
1118	81111
1119	81175
1120	81239
1121	81303
1122	81373
1123	81453
1124	81543
1125	81612
1126	81675
1127	81743
1128	81806
1129	81871
1130	81934
1131	81999
1132	82070
1133	82134
1134	82198
1135	82266
1136	82330
1137	82394
1138	82458
1139	82522
1140	82588
1141	82652
1142	82716
1143	82782
1144	82846
1145	82910
1146	82973
1147	83037
1148	83100
1149	83164
1150	83227
1151	83291
1152	83355
1153	83420
1154	83484
1155	83548
1156	83611
1157	83675
1158	83738
1159	83804
1160	83867
1161	83931
1162	83995
1163	84059
1164	84122
1165	84186
1166	84250
1167	84314
1168	84377
1169	84441
1170	84504
1171	84568
1172	84631
1173	84695
1174	84762
1175	84828
1176	84891
1177	84955
1178	85018
1179	85081
1180	85144
1181	85208
1182	85274
1183	85339
1184	85401
1185	85465
1186	85529
1187	85593
1188	85656
1189	85720
1190	85783
1191	85849
1192	85912
1193	85976
1194	86040
1195	86104
1196	86167
1197	86231
1198	86295
1199	86358
1200	86423
1201	86487
1202	86551
1203	86615
1204	86678
1205	86742
1206	86806
1207	86871
1208	86934
1209	86998
1210	87062
1211	87126
1212	87189
1213	87261
1214	87325
1215	87389
1216	87452
1217	87516
1218	87579
1219	87643
1220	87706
1221	87770
1222	87833
1223	87899
1224	87963
1225	88030
1226	88093
1227	88156
1228	88220
1229	88287
1230	88351
1231	88418
1232	88481
1233	88545
1234	88609
1235	88672
1236	88736
1237	88804
1238	88867
1239	88931
1240	88993
1241	89055
1242	89117
1243	89179
1244	89240
1245	89303
1246	89364
1247	89427
1248	89489
1249	89551
1250	89613
1251	89675
1252	89737
1253	89799
1254	89861
1255	89925
1256	89988
1257	90050
1258	90112
1259	90174
1260	90236
1261	90298
1262	90360
1263	90423
1264	90485
1265	90547
1266	90608
1267	90671
1268	90732
1269	90794
1270	90856
1271	90920
1272	90995
1273	91057
1274	91119
1275	91192
1276	91256
1277	91322
1278	91384
1279	91447
1280	91508
1281	91570
1282	91632
1283	91694
1284	91755
1285	91817
1286	91879
1287	91943
1288	92004
1289	92067
1290	92128
1291	92190
1292	92255
1293	92318
1294	92380
1295	92443
1296	92504
1297	92566
1298	92628
1299	92691
1300	92753
1301	92816
1302	92877
1303	92941
1304	93003
1305	93065
1306	93128
1307	93190
1308	93256
1309	93319
1310	93380
1311	93443
1312	93504
1313	93566
1314	93629
1315	93691
1316	93753
1317	93816
1318	93877
1319	93941
1320	94004
1321	94066
1322	94128
1323	94190
1324	94255
1325	94317
1326	94379
1327	94441
1328	94502
1329	94565
1330	94627
1331	94689
1332	94751
1333	94814
1334	94875
1335	94939
1336	95002
1337	95064
1338	95127
1339	95189
1340	95255
1341	95317
1342	95379
1343	95441
1344	95503
1345	95565
1346	95627
1347	95689
1348	95752
1349	95814
1350	95876
1351	95941
1352	96002
1353	96065
1354	96127
1355	96189
1356	96255
1357	96318
1358	96379
1359	96442
1360	96503
1361	96565
1362	96627
1363	96689
1364	96752
1365	96814
1366	96877
1367	96941
1368	97003
1369	97065
1370	97127
1371	97189
1372	97259
1373	97322
1374	97385
1375	97447
1376	97511
1377	97572
1378	97636
1379	97697
1380	97759
1381	97820
1382	97883
1383	97946
1384	98009
1385	98070
1386	98132
1387	98193
1388	98259
1389	98320
1390	98382
1391	98444
1392	98506
1393	98567
1394	98629
1395	98691
1396	98753
1397	98814
1398	98877
1399	98940
1400	99002
1401	99064
1402	99126
1403	99187
1404	99249
1405	99311
1406	99373
1407	99438
1408	99500
1409	99561
1410	99624
1411	99685
1412	99747
1413	99808
1414	99871
1415	99935
1416	99997
1417	100059
1418	100121
1419	100184
1420	100246
1421	100308
1422	100370
1423	100432
1424	100495
1425	100556
1426	100619
1427	100681
1428	100743
1429	100805
1430	100887
1431	100951
1432	101013
1433	101076
1434	101138
1435	101209
1436	101274
1437	101337
1438	101398
1439	101460
1440	101521
1441	101583
1442	101645
1443	101707
1444	101768
1445	101830
1446	101893
1447	101955
1448	102017
1449	102079
1450	102140
1451	102202
1452	102267
1453	102330
1454	102391
1455	102453
1456	102516
1457	102578
1458	102640
1459	102702
1460	102764
1461	102827
1462	102891
1463	102953
1464	103014
1465	103076
1466	103138
1467	103200
1468	103266
1469	103328
1470	103390
1471	103452
1472	103514
1473	103576
1474	103638
1475	103700
1476	103762
1477	103824
1478	103889
1479	103951
1480	104013
1481	104075
1482	104137
1483	104199
1484	104265
1485	104331
1486	104393
1487	104456
1488	104519
1489	104582
1490	104644
1491	104708
1492	104769
1493	104831
1494	104895
1495	104957
1496	105019
1497	105081
1498	105143
1499	105205
1500	105270
1501	105332
1502	105395
1503	105457
1504	105519
1505	105581
1506	105643
1507	105705
1508	105768
1509	105830
1510	105894
1511	105956
1512	106017
1513	106079
1514	106140
1515	106202
1516	106268
1517	106331
1518	106392
1519	106454
1520	106515
1521	106577
1522	106638
1523	106701
1524	106763
1525	106825
1526	106889
1527	106951
1528	107012
1529	107074
1530	107136
1531	107198
1532	107268
1533	107330
1534	107392
1535	107454
1536	107515
1537	107577
1538	107639
1539	107701
1540	107763
1541	107825
1542	107889
1543	107951
1544	108012
1545	108075
1546	108136
1547	108198
1548	108263
1549	108325
1550	108387
1551	108449
1552	108510
1553	108572
1554	108633
1555	108695
1556	108757
1557	108819
1558	108882
1559	108944
1560	109006
1561	109068
1562	109129
1563	109191
1564	109257
1565	109319
1566	109380
1567	109442
1568	109503
1569	109565
1570	109628
1571	109690
1572	109752
1573	109814
1574	109879
1575	109941
1576	110002
1577	110064
1578	110126
1579	110187
1580	110250
1581	110312
1582	110374
1583	110441
1584	110502
1585	110565
1586	110626
1587	110688
1588	110750
1589	110812
1590	110877
1591	110939
1592	111000
1593	111062
1594	111124
1595	111186
1596	111248
1597	111310
1598	111373
1599	111434
1600	111497
1601	111559
1602	111621
1603	111683
1604	111744
1605	111806
1606	111871
1607	111933
1608	111994
1609	112056
1610	112118
1611	112180
1612	112242
1613	112304
1614	112367
1615	112429
1616	112491
1617	112553
1618	112614
1619	112676
1620	112737
1621	112799
1622	112863
1623	112925
1624	112987
1625	113049
1626	113111
1627	113173
1628	113236
1629	113299
1630	113361
1631	113423
1632	113485
1633	113547
1634	113608
1635	113671
1636	113733
1637	113795
1638	113859
1639	113921
1640	113982
1641	114044
1642	114105
1643	114167
1644	114228
1645	114291
1646	114353
1647	114416
1648	114478
1649	114540
1650	114601
1651	114683
1652	114751
1653	114812
1654	114876
1655	114938
1656	115000
1657	115061
1658	115124
1659	115185
1660	115247
1661	115309
1662	115371
1663	115433
1664	115495
1665	115556
1666	115618
1667	115679
1668	115742
1669	115803
1670	115867
1671	115928
1672	115990
1673	116051
1674	116113
1675	116175
1676	116237
1677	116299
1678	116361
1679	116423
1680	116485
1681	116546
1682	116608
1683	116676
1684	116739
1685	116801
1686	116865
1687	116927
1688	116989
1689	117070
1690	117139
1691	117208
1692	117284
1693	117353
1694	117425
1695	117493
1696	117563
1697	117631
1698	117699
1699	117766
1700	117835
1701	117915
1702	117985
1703	118053
1704	118120
1705	118188
1706	118259
1707	118328
1708	118396
1709	118464
1710	118533
1711	118601
1712	118669
1713	118736
1714	118804
1715	118871
1716	118939
1717	119007
1718	119077
1719	119145
1720	119213
1721	119285
1722	119352
1723	119422
1724	119489
1725	119557
1726	119625
1727	119693
1728	119761
1729	119829
1730	119898
1731	119966
1732	120034
1733	120102
1734	120173
1735	120241
1736	120309
1737	120376
1738	120444
1739	120512
1740	120580
1741	120650
1742	120718
1743	120786
1744	120853
1745	120921
1746	120988
1747	121058
1748	121118
1749	121179
1750	121240
1751	121301
1752	121361
1753	121422
1754	121481
1755	121542
1756	121602
1757	121662
1758	121722
1759	121782
1760	121841
1761	121902
1762	121962
1763	122022
1764	122082
1765	122142
1766	122204
1767	122268
1768	122328
1769	122388
1770	122448
1771	122509
1772	122568
1773	122629
1774	122688
1775	122749
1776	122808
1777	122869
1778	122929
1779	122989
1780	123048
1781	123109
1782	123170
1783	123250
1784	123311
1785	123372
1786	123433
1787	123495
1788	123555
1789	123616
1790	123684
1791	123745
1792	123805
1793	123865
1794	123925
1795	123989
1796	124048
1797	124109
1798	124168
1799	124228
1800	124288
1801	124348
1802	124408
1803	124468
1804	124528
1805	124588
1806	124648
1807	124708
1808	124768
1809	124828
1810	124888
1811	124951
1812	125010
1813	125070
1814	125130
1815	125190
1816	125250
1817	125310
1818	125370
1819	125430
1820	125490
1821	125550
1822	125609
1823	125670
1824	125729
1825	125789
1826	125849
1827	125912
1828	125971
1829	126031
1830	126091
1831	126151
1832	126211
1833	126275
1834	126334
1835	126394
1836	126454
1837	126515
1838	126574
1839	126635
1840	126694
1841	126755
1842	126815
1843	126877
1844	126937
1845	126997
1846	127057
1847	127117
1848	127177
1849	127238
1850	127299
1851	127361
1852	127422
1853	127483
1854	127543
1855	127603
1856	127663
1857	127724
1858	127784
1859	127847
1860	127907
1861	127967
1862	128027
1863	128089
1864	128149
1865	128210
1866	128273
1867	128335
1868	128394
1869	128455
1870	128515
1871	128576
1872	128635
1873	128696
1874	128756
1875	128821
1876	128881
1877	128945
1878	129005
1879	129066
1880	129126
1881	129187
1882	129247
1883	129309
1884	129368
1885	129430
1886	129490
1887	129550
1888	129611
1889	129671
1890	129732
1891	129793
1892	129854
1893	129914
1894	129974
1895	130054
1896	130115
1897	130176
1898	130237
1899	130302
1900	130363
1901	130426
1902	130486
1903	130547
1904	130607
1905	130668
1906	130730
1907	130791
1908	130851
1909	130913
1910	130973
1911	131035
1912	131095
1913	131156
1914	131216
1915	131280
1916	131339
1917	131401
1918	131460
1919	131521
1920	131581
1921	131641
1922	131703
1923	131763
1924	131826
1925	131888
1926	131948
1927	132009
1928	132069
1929	132128
1930	132188
1931	132248
1932	132308
1933	132368
1934	132428
1935	132488
1936	132548
1937	132608
1938	132670
1939	132730
1940	132790
1941	132849
1942	132910
1943	132969
1944	133030
1945	133089
1946	133149
1947	133209
1948	133272
1949	133332
1950	133393
1951	133452
1952	133513
1953	133572
1954	133634
1955	133694
1956	133754
1957	133814
1958	133874
1959	133934
1960	133994
1961	134053
1962	134114
1963	134173
1964	134233
1965	134293
1966	134353
1967	134414
1968	134474
1969	134534
1970	134597
1971	134656
1972	134717
1973	134776
1974	134837
1975	134897
1976	134957
1977	135017
1978	135077
1979	135137
1980	135197
1981	135259
1982	135320
1983	135380
1984	135441
1985	135500
1986	135563
1987	135622
1988	135683
1989	135743
1990	135803
1991	135863
1992	135922
1993	135983
1994	136043
1995	136103
1996	136162
1997	136223
1998	136283
1999	136344
2000	136404
