1	0
2	181
3	294
4	400
5	503
6	613
7	724
8	830
9	956
10	1063
11	1170
12	1280
13	1387
14	1496
15	1602
16	1707
17	1813
18	1926
19	2032
20	2137
21	2246
22	2353
23	2459
24	2570
25	2677
26	2783
27	2887
28	2995
29	3102
30	3213
31	3323
32	3431
33	3542
34	3650
35	8437
36	8596
37	8692
38	8784
39	8881
40	8977
41	9090
42	9182
43	9273
44	9365
45	9457
46	9542
47	9634
48	9722
49	9808
50	9909
51	10007
52	10108
53	10198
54	10291
55	10385
56	10479
57	10573
58	10668
59	10761
60	10855
61	10948
62	11045
63	11143
64	11237
65	11329
66	11420
67	11509
68	11604
69	11699
70	11788
71	11881
72	11972
73	12073
74	12164
75	12252
76	12339
77	12428
78	12520
79	12612
80	12703
81	12793
82	12885
83	14136
84	14230
85	14316
86	14396
87	14475
88	14556
89	14633
90	14710
91	14787
92	14862
93	14938
94	15014
95	15089
96	15167
97	15243
98	15319
99	15394
100	15472
101	15550
102	15631
103	15715
104	15800
105	15882
106	15961
107	16043
108	16125
109	16207
110	16289
111	16372
112	16456
113	16539
114	16621
115	16708
116	16785
117	16861
118	16937
119	17029
120	17106
121	17181
122	17256
123	17330
124	17405
125	17480
126	17555
127	17629
128	17704
129	17782
130	17857
131	17932
132	18011
133	18086
134	18161
135	18237
136	18316
137	18391
138	18467
139	18544
140	18621
141	18698
142	18775
143	18854
144	18929
145	19019
146	19095
147	19171
148	19247
149	19325
150	19400
151	19476
152	19555
153	19631
154	19718
155	19793
156	19869
157	19944
158	20019
159	20094
160	20170
161	20245
162	20320
163	20395
164	20470
165	20545
166	20620
167	20695
168	20832
169	20907
170	20984
171	21073
172	21148
173	21222
174	21295
175	21368
176	21442
177	21516
178	21591
179	21664
180	21738
181	21811
182	21884
183	21958
184	22043
185	22118
186	22191
187	22264
188	22339
189	22412
190	22486
191	22559
192	22633
193	22706
194	22780
195	22854
196	22927
197	23003
198	23110
199	23184
200	23261
201	23334
202	23408
203	23484
204	23556
205	23631
206	23704
207	23778
208	23855
209	23930
210	24006
211	24087
212	24162
213	24237
214	24310
215	24384
216	24459
217	24534
218	24609
219	24683
220	24757
221	24830
222	24904
223	24981
224	25055
225	25130
226	25203
227	25277
228	25351
229	25426
230	25499
231	25573
232	25649
233	25722
234	25796
235	25871
236	25944
237	26019
238	26095
239	26169
240	26243
241	26317
242	26392
243	26465
244	26539
245	26612
246	26687
247	26761
248	26837
249	26911
250	26987
251	27061
252	27135
253	27209
254	27283
255	27356
256	27430
257	27504
258	27578
259	27653
260	27727
261	27801
262	27874
263	27948
264	28025
265	28099
266	28172
267	28246
268	28320
269	28393
270	28467
271	28542
272	28615
273	28689
274	28762
275	28836
276	28911
277	28993
278	29067
279	29140
280	29219
281	29294
282	29367
283	29441
284	29514
285	29588
286	29663
287	29736
288	29810
289	29887
290	29961
291	30037
292	30110
293	30184
294	30257
295	30341
296	30418
297	30492
298	30565
299	30639
300	30713
301	30788
302	30861
303	30935
304	31009
305	31083
306	31157
307	31231
308	31305
309	31378
310	31452
311	31526
312	31602
313	31677
314	31750
315	31824
316	31898
317	31976
318	32051
319	32125
320	32199
321	32272
322	32346
323	32422
324	32495
325	32569
326	32642
327	32717
328	32793
329	32867
330	32941
331	33014
332	33089
333	33164
334	33238
335	33312
336	33385
337	33459
338	33533
339	33607
340	33682
341	33755
342	33829
343	33902
344	33981
345	34057
346	34130
347	34204
348	34285
349	34360
350	34435
351	34507
352	34582
353	34655
354	34729
355	34804
356	34877
357	34952
358	35034
359	35108
360	35185
361	35259
362	35333
363	35406
364	35480
365	35555
366	35629
367	35703
368	35775
369	35849
370	35923
371	36000
372	36075
373	36152
374	36228
375	36306
376	36381
377	36455
378	36528
379	36603
380	36679
381	36752
382	36826
383	36899
384	36977
385	37052
386	37126
387	37200
388	37273
389	37347
390	37420
391	37495
392	37572
393	37645
394	37719
395	37792
396	37867
397	37942
398	38016
399	38090
400	38163
401	38237
402	38310
403	38385
404	38459
405	38532
406	38606
407	38680
408	38756
409	38831
410	38905
411	38986
412	39059
413	39134
414	39209
415	39282
416	39356
417	39429
418	39503
419	39579
420	39652
421	39726
422	39799
423	39873
424	39950
425	40025
426	40098
427	40172
428	40251
429	40327
430	40400
431	40475
432	40548
433	40623
434	40698
435	40772
436	40846
437	40920
438	40997
439	41071
440	41146
441	41222
442	41295
443	41369
444	41442
445	41516
446	41591
447	41665
448	41739
449	41812
450	41886
451	41960
452	42034
453	42110
454	42183
455	42257
456	42332
457	42407
458	42482
459	42555
460	42629
461	42702
462	42777
463	42852
464	42927
465	43004
466	43077
467	43151
468	43225
469	43299
470	43374
471	43448
472	43524
473	43597
474	43671
475	43747
476	43820
477	43895
478	43968
479	44042
480	44116
481	44190
482	44265
483	44337
484	44412
485	44485
486	44559
487	44635
488	44710
489	44784
490	44857
491	44935
492	45011
493	45084
494	45159
495	45257
496	45341
497	45426
498	45512
499	45597
500	45686
501	45775
502	45862
503	45950
504	46041
505	46133
506	46220
507	46308
508	46396
509	46485
510	46572
511	46661
512	46749
513	46834
514	46915
515	47005
516	47090
517	47176
518	47259
519	47341
520	47426
521	47512
522	47595
523	47681
524	47764
525	47849
526	47936
527	48024
528	48107
529	48193
530	48278
531	48362
532	48446
533	48529
534	48619
535	48704
536	48789
537	48872
538	49912
539	50009
540	50101
541	50193
542	50278
543	50363
544	50450
545	50538
546	50623
547	50709
548	50794
549	50886
550	50969
551	51052
552	51139
553	51222
554	51305
555	51391
556	51473
557	51555
558	51638
559	51719
560	51801
561	51884
562	51967
563	52050
564	52133
565	52215
566	52297
567	52379
568	52466
569	52548
570	52632
571	52722
572	52806
573	52889
574	52971
575	53057
576	53140
577	53224
578	53306
579	53389
580	53471
581	53556
582	53640
583	53722
584	53810
585	53894
586	53979
587	54070
588	54165
589	54251
590	54336
591	54421
592	54512
593	54597
594	54682
595	54766
596	54849
597	54936
598	55022
599	55107
600	55192
601	55278
602	55363
603	55447
604	55530
605	55613
606	55697
607	55783
608	55867
609	55951
610	56036
611	56122
612	56205
613	56291
614	56378
615	56464
616	56552
617	56639
618	56727
619	56815
620	56902
621	56969
622	57036
623	57103
624	57169
625	57236
626	57302
627	57368
628	57434
629	57500
630	57566
631	57633
632	57702
633	57768
634	57835
635	57901
636	57969
637	58035
638	58102
639	58167
640	58234
641	58299
642	58366
643	58431
644	58498
645	58564
646	58630
647	58696
648	58764
649	58830
650	58895
651	58964
652	59034
653	59101
654	59169
655	59236
656	59303
657	59371
658	59438
659	59506
660	59573
661	59641
662	59708
663	59775
664	59843
665	59911
666	59981
667	60048
668	60115
669	60183
670	60250
671	60317
672	60384
673	60452
674	60518
675	60586
676	60652
677	60720
678	60786
679	60854
680	60922
681	60993
682	61060
683	61127
684	61195
685	61261
686	61329
687	61395
688	61463
689	61530
690	61597
691	61664
692	61732
693	61800
694	61867
695	61935
696	62005
697	62072
698	62139
699	62206
700	62273
701	62340
702	62408
703	62475
704	62543
705	62611
706	62678
707	62745
708	62812
709	62879
710	62946
711	63014
712	63083
713	63150
714	63217
715	63284
716	63352
717	63419
718	63486
719	63553
720	63620
721	63687
722	63755
723	63821
724	63889
725	63955
726	64024
727	64090
728	64160
729	64227
730	64294
731	64361
732	64429
733	64495
734	64563
735	64629
736	64697
737	64763
738	64831
739	64898
740	64965
741	65033
742	65100
743	65167
744	65236
745	65304
746	65371
747	65438
748	65505
749	65571
750	65639
751	65706
752	65774
753	65841
754	65908
755	65988
756	66073
757	66142
758	66217
759	66285
760	66363
761	66431
762	66499
763	66583
764	66651
765	66719
766	66786
767	66854
768	66920
769	66991
770	67058
771	67126
772	67192
773	67260
774	67328
775	67395
776	67466
777	67533
778	67601
779	67667
780	67735
781	67802
782	67870
783	67937
784	68005
785	68072
786	68140
787	68207
788	68275
789	68342
790	68410
791	68476
792	68547
793	68615
794	68683
795	68750
796	68817
797	68885
798	68951
799	69021
800	69088
801	69156
802	69223
803	69290
804	69357
805	69425
806	69492
807	69559
808	69629
809	69696
810	69764
811	69832
812	69899
813	69966
814	70034
815	70101
816	70169
817	70235
818	70303
819	70371
820	70439
821	70507
822	70574
823	70642
824	70711
825	70779
826	70845
827	70913
828	70983
829	71051
830	71119
831	71186
832	71254
833	71321
834	71388
835	71455
836	71522
837	71589
838	71662
839	71729
840	71799
841	71866
842	71935
843	72004
844	72072
845	72139
846	72206
847	72274
848	72340
849	72408
850	72475
851	72543
852	72610
853	72677
854	72745
855	72813
856	72883
857	72950
858	73018
859	73085
860	73153
861	73220
862	73287
863	73354
864	73422
865	73488
866	73556
867	73623
868	73690
869	73757
870	73825
871	73891
872	73961
873	74028
874	74096
875	74163
876	74231
877	74298
878	74365
879	74432
880	74499
881	74566
882	74634
883	74700
884	74768
885	74835
886	74903
887	74970
888	75040
889	75108
890	75175
891	75242
892	75310
893	75377
894	75444
895	75511
896	75579
897	75646
898	75713
899	75781
900	75849
901	75917
902	75988
903	76056
904	76136
905	76204
906	76272
907	76340
908	76407
909	76475
910	76543
911	76610
912	76678
913	76745
914	76812
915	76879
916	76946
917	77014
918	77082
919	77149
920	77218
921	77285
922	77353
923	77420
924	77488
925	77555
926	77622
927	77689
928	77757
929	77824
930	77892
931	77958
932	78027
933	78094
934	78162
935	78229
936	78297
937	78364
938	78431
939	78498
940	78566
941	78632
942	78700
943	78766
944	78834
945	78901
946	78969
947	79038
948	79105
949	79173
950	79240
951	79315
952	79385
953	79454
954	79521
955	79591
956	79659
957	79726
958	79794
959	79860
960	79928
961	79999
962	80067
963	80135
964	80202
965	80270
966	80336
967	80404
968	80471
969	80539
970	80606
971	80676
972	80743
973	80811
974	80878
975	80948
976	81018
977	81085
978	81153
979	81220
980	81287
981	81353
982	81421
983	81487
984	81555
985	81622
986	81689
987	81759
988	81826
989	81893
990	81960
991	82028
992	82096
993	82163
994	82230
995	82297
996	82365
997	82432
998	82499
999	82566
1000	82633
1001	82722
1002	82811
1003	82899
1004	82971
1005	83039
1006	83107
1007	83174
1008	83241
1009	83308
1010	83376
1011	83442
1012	83510
1013	83578
1014	83648
1015	83716
1016	83782
1017	83850
1018	83921
1019	83991
1020	84058
1021	84125
1022	84191
1023	84258
1024	84325
1025	84392
1026	84459
1027	84526
1028	84593
1029	84660
1030	84727
1031	84794
1032	84860
1033	84928
1034	84999
1035	85066
1036	85133
1037	85200
1038	85266
1039	85333
1040	85400
1041	85467
1042	85533
1043	85600
1044	85666
1045	85733
1046	85800
1047	85867
1048	85935
1049	86002
1050	86071
1051	86138
1052	86205
1053	86272
1054	86338
1055	86405
1056	86472
1057	86539
1058	86605
1059	86672
1060	86739
1061	86805
1062	86872
1063	86939
1064	87007
1065	87074
1066	87143
1067	87217
1068	87286
1069	87353
1070	87420
1071	87486
1072	87560
1073	87669
1074	87740
1075	87808
1076	87875
1077	87943
1078	88011
1079	88079
1080	88146
1081	88229
1082	88320
1083	88405
1084	88492
1085	88577
1086	88662
1087	88738
1088	88807
1089	88874
1090	88941
1091	89010
1092	89077
1093	89149
1094	89217
1095	89283
1096	89350
1097	89417
1098	89487
1099	89553
1100	89621
1101	89687
1102	89754
1103	89821
1104	89888
1105	89954
1106	90026
1107	90093
1108	90160
1109	90227
1110	90294
1111	90360
1112	90427
1113	90493
1114	90563
1115	90630
1116	90697
1117	90763
1118	90830
1119	90898
1120	90966
1121	91033
1122	91100
1123	91167
1124	91234
1125	91300
1126	91368
1127	91434
1128	91502
1129	91568
1130	91637
1131	91704
1132	91771
1133	91837
1134	91904
1135	91971
1136	92039
1137	92104
1138	92172
1139	92238
1140	92305
1141	92372
1142	92439
1143	92505
1144	92573
1145	92639
1146	92709
1147	92775
1148	92842
1149	92909
1150	92979
1151	93046
1152	93114
1153	93180
1154	93247
1155	93313
1156	93380
1157	93447
1158	93514
1159	93580
1160	93647
1161	93714
1162	93784
1163	93850
1164	93917
1165	93987
1166	94055
1167	94121
1168	94189
1169	94255
1170	94322
1171	94388
1172	94456
1173	94522
1174	94589
1175	94656
1176	94724
1177	94791
1178	94861
1179	94927
1180	94997
1181	95064
1182	95131
1183	95198
1184	95265
1185	95332
1186	95399
1187	95466
1188	95534
1189	95600
1190	95667
1191	95733
1192	95801
1193	95867
1194	95936
1195	96004
1196	96071
1197	96138
1198	96206
1199	96272
1200	96340
1201	96408
1202	96476
1203	96545
1204	96611
1205	96679
1206	96745
1207	96813
1208	96879
1209	96948
1210	97017
1211	97084
1212	97151
1213	97218
1214	97285
1215	97352
1216	97419
1217	97486
1218	97553
1219	97620
1220	97687
1221	97755
1222	97822
1223	97889
1224	97956
1225	98027
1226	98097
1227	98163
1228	98230
1229	98296
1230	98362
1231	98428
1232	98495
1233	98561
1234	98628
1235	98695
1236	98761
1237	98828
1238	98895
1239	98963
1240	99031
1241	99098
1242	99167
1243	99234
1244	99299
1245	99367
1246	99434
1247	99501
1248	99568
1249	99635
1250	99701
1251	99768
1252	99835
1253	99902
1254	99970
1255	100037
1256	100104
1257	100170
1258	100239
1259	100304
1260	100372
1261	100437
1262	100504
1263	100571
1264	100638
1265	100705
1266	100772
1267	100839
1268	100906
1269	100972
1270	101039
1271	101106
1272	101172
1273	101239
1274	101307
1275	101374
1276	101440
1277	101507
1278	101574
1279	101641
1280	101709
1281	101775
1282	101842
1283	101909
1284	101980
1285	102046
1286	102113
1287	102178
1288	102245
1289	102311
1290	102380
1291	102448
1292	102514
1293	102582
1294	102649
1295	102715
1296	102782
1297	102849
1298	102916
1299	102987
1300	103054
1301	103121
1302	103188
1303	103255
1304	103321
1305	103388
1306	103455
1307	103522
1308	103588
1309	103655
1310	103722
1311	103789
1312	103856
1313	103923
1314	103993
1315	104059
1316	104126
1317	104192
1318	104259
1319	104325
1320	104392
1321	104458
1322	104527
1323	104594
1324	104660
1325	104726
1326	104797
1327	104873
1328	104948
1329	105016
1330	105090
1331	105158
1332	105225
1333	105298
1334	105370
1335	105438
1336	105507
1337	105581
1338	105651
1339	105718
1340	105785
1341	105860
1342	105928
1343	106005
1344	106081
1345	106157
1346	106224
1347	106291
1348	106356
1349	106423
1350	106490
1351	106557
1352	106623
1353	106690
1354	106759
1355	106826
1356	106893
1357	106960
1358	107028
1359	107112
1360	107198
1361	107282
1362	107366
1363	107449
1364	107522
1365	107589
1366	107656
1367	107722
1368	107788
1369	107857
1370	107924
1371	107993
1372	108060
1373	108127
1374	108194
1375	108260
1376	108327
1377	108393
1378	108460
1379	108526
1380	108593
1381	108659
1382	108725
1383	108792
1384	108858
1385	108942
1386	109011
1387	109077
1388	109143
1389	109209
1390	109275
1391	109341
1392	109407
1393	109473
1394	109540
1395	109607
1396	109673
1397	109740
1398	109806
1399	109873
1400	109944
1401	110012
1402	110080
1403	110146
1404	110212
1405	110277
1406	110344
1407	110410
1408	110476
1409	110541
1410	110608
1411	110675
1412	110741
1413	110807
1414	110873
1415	110940
1416	111010
1417	111076
1418	111143
1419	111209
1420	111275
1421	111341
1422	111407
1423	111473
1424	111539
1425	111606
1426	111673
1427	111739
1428	111806
1429	111873
1430	111939
1431	112006
1432	112075
1433	112142
1434	112208
1435	112275
1436	112340
1437	112407
1438	112474
1439	112541
1440	112608
1441	112675
1442	112742
1443	112808
1444	112875
1445	112942
1446	113010
1447	113076
1448	113146
1449	113213
1450	113280
1451	113347
1452	113413
1453	113479
1454	113545
1455	113611
1456	113677
1457	113743
1458	113810
1459	113877
1460	113943
1461	114011
1462	114077
1463	114143
1464	114212
1465	114279
1466	114346
1467	114412
1468	114479
1469	114546
1470	114613
1471	114679
1472	114746
1473	114813
1474	114887
1475	114955
1476	115021
1477	115088
1478	115154
1479	115220
1480	115288
1481	115355
1482	115420
1483	115487
1484	115554
1485	115620
1486	115687
1487	115754
1488	115822
1489	115888
1490	115954
1491	116020
1492	116087
1493	116153
1494	116220
1495	116285
1496	116354
1497	116421
1498	116488
1499	116556
1500	116622
1501	116688
1502	116754
1503	116820
1504	116886
1505	116952
1506	117019
1507	117085
1508	117151
1509	117217
1510	117285
1511	117350
1512	117419
1513	117485
1514	117553
1515	117620
1516	117686
1517	117752
1518	117818
1519	117884
1520	117950
1521	118017
1522	118084
1523	118151
1524	118218
1525	118285
1526	118351
1527	118418
1528	118486
1529	118553
1530	118618
1531	118685
1532	118751
1533	118818
1534	118885
1535	118951
1536	119020
1537	119086
1538	119153
1539	119220
1540	119286
1541	119352
1542	119418
1543	119484
1544	119553
1545	119618
1546	119685
1547	119752
1548	119818
1549	119885
1550	119952
1551	120020
1552	120085
1553	120152
1554	120218
1555	120284
1556	120350
1557	120416
1558	120482
1559	120549
1560	120618
1561	120684
1562	120750
1563	120817
1564	120884
1565	120950
1566	121017
1567	121082
1568	121149
1569	121218
1570	121284
1571	121350
1572	121416
1573	121483
1574	121549
1575	121616
1576	121684
1577	121751
1578	121817
1579	121884
1580	121949
1581	122016
1582	122082
1583	122149
1584	122214
1585	122281
1586	122348
1587	122414
1588	122480
1589	122547
1590	122614
1591	122680
1592	122748
1593	122814
1594	122880
1595	122946
1596	123013
1597	123079
1598	123145
1599	123212
1600	123278
1601	123345
1602	123411
1603	123478
1604	123543
1605	123610
1606	123675
1607	123742
1608	123810
1609	123876
1610	123943
1611	124010
1612	124077
1613	124144
1614	124210
1615	124277
1616	124343
1617	124410
1618	124477
1619	124544
1620	124611
1621	124677
1622	124744
1623	124810
1624	124879
1625	124945
1626	125013
1627	125080
1628	125146
1629	125238
1630	125339
1631	125432
1632	125528
1633	125623
1634	125717
1635	125812
1636	125906
1637	126003
1638	126094
1639	126187
1640	126277
1641	126365
1642	126455
1643	126543
1644	126633
1645	126723
1646	126813
1647	126901
1648	126996
1649	127084
1650	127177
1651	127272
1652	127365
1653	127459
1654	127551
1655	127646
1656	127735
1657	127824
1658	127914
1659	128007
1660	128094
1661	128183
1662	128271
1663	128359
1664	128446
1665	128536
1666	128627
1667	128716
1668	128804
1669	128891
1670	128986
1671	129079
1672	129166
1673	129256
1674	129345
1675	129432
1676	129519
1677	129606
1678	129694
1679	129781
1680	129868
1681	129956
1682	130043
1683	130131
1684	130218
1685	130311
1686	130400
1687	130494
1688	130587
1689	130659
1690	130723
1691	130788
1692	130871
1693	130936
1694	131001
1695	131065
1696	131129
1697	131193
1698	131258
1699	131322
1700	131386
1701	131454
1702	131519
1703	131584
1704	131648
1705	131713
1706	131778
1707	131842
1708	131908
1709	131974
1710	132040
1711	132105
1712	132169
1713	132233
1714	132298
1715	132362
1716	132427
1717	132494
1718	132559
1719	132623
1720	132687
1721	132751
1722	132816
1723	132882
1724	132946
1725	133013
1726	133078
1727	133143
1728	133207
1729	133272
1730	133336
1731	133401
1732	133465
1733	133532
1734	133596
1735	133661
1736	133725
1737	133790
1738	133854
1739	133919
1740	133986
1741	134051
1742	134116
1743	134181
1744	134245
1745	134310
1746	134374
1747	134439
1748	134504
1749	134571
1750	134635
1751	134700
1752	134765
1753	134829
1754	134894
1755	134958
1756	135024
1757	135089
1758	135153
1759	135218
1760	135283
1761	135348
1762	135414
1763	135478
1764	135543
1765	135609
1766	135675
1767	135739
1768	135805
1769	135869
1770	135936
1771	136001
1772	136066
1773	136131
1774	136196
1775	136260
1776	136325
1777	136389
1778	136454
1779	136518
1780	136583
1781	136650
1782	136715
1783	136779
1784	136844
1785	136909
1786	136976
1787	137042
1788	137107
1789	137172
1790	137237
1791	137301
1792	137365
1793	137430
1794	137494
1795	137559
1796	137623
1797	137690
1798	137754
1799	137819
1800	137884
1801	137948
1802	138014
1803	138079
1804	138143
1805	138208
1806	138273
1807	138337
1808	138404
1809	138468
1810	138533
1811	138598
1812	138683
1813	138766
1814	138849
1815	138931
1816	139010
1817	139075
1818	139140
1819	139205
1820	139270
1821	139334
1822	139398
1823	139462
1824	139527
1825	139591
1826	139656
1827	139720
1828	139787
1829	139851
1830	139916
1831	139984
1832	140049
1833	140113
1834	140178
1835	140243
1836	140307
1837	140373
1838	140436
1839	140501
1840	140565
1841	140629
1842	140694
1843	140758
1844	140825
1845	140890
1846	140955
1847	141020
1848	141085
1849	141148
1850	141213
1851	141278
1852	141342
1853	141406
1854	141471
1855	141535
1856	141599
1857	141664
1858	141729
1859	141793
1860	141862
1861	141926
1862	141993
1863	142058
1864	142123
1865	142187
1866	142252
1867	142317
1868	142381
1869	142445
1870	142510
1871	142574
1872	142639
1873	142703
1874	142768
1875	142832
1876	142900
1877	142964
1878	143029
1879	143094
1880	143158
1881	143223
1882	143288
1883	143352
1884	143417
1885	143482
1886	143547
1887	143611
1888	143676
1889	143740
1890	143805
1891	143869
1892	143936
1893	144000
1894	144065
1895	144129
1896	144194
1897	144258
1898	144322
1899	144386
1900	144450
1901	144514
1902	144578
1903	144642
1904	144707
1905	144771
1906	144835
1907	144899
1908	144966
1909	145031
1910	145099
1911	145163
1912	145227
1913	145291
1914	145355
1915	145419
1916	145484
1917	145548
1918	145613
1919	145677
1920	145742
1921	145805
1922	145870
1923	145935
1924	146002
1925	146066
1926	146131
1927	146195
1928	146260
1929	146325
1930	146389
1931	146454
1932	146518
1933	146582
1934	146646
1935	146710
1936	146774
1937	146839
1938	146903
1939	146968
1940	147036
1941	147100
1942	147165
1943	147229
1944	147294
1945	147358
1946	147422
1947	147495
1948	147560
1949	147623
1950	147688
1951	147753
1952	147817
1953	147883
1954	147947
1955	148013
1956	148079
1957	148144
1958	148208
1959	148273
1960	148337
1961	148401
1962	148465
1963	148530
1964	148594
1965	148659
1966	148723
1967	148788
1968	148853
1969	148917
1970	148990
1971	149054
1972	149121
1973	149185
1974	149250
1975	149313
1976	149378
1977	149442
1978	149507
1979	149571
1980	149636
1981	149719
1982	149802
1983	149885
1984	149967
1985	150047
1986	150129
1987	150210
1988	150293
1989	150375
1990	150455
1991	150535
1992	150616
1993	150697
1994	150777
1995	150858
1996	150937
1997	151017
1998	151098
1999	151177
2000	151255
