1	0
2	276
3	436
4	566
5	830
6	917
7	1023
8	1122
9	1225
10	1325
11	1451
12	1547
13	1660
14	1771
15	1885
16	2016
17	2129
18	2237
19	2336
20	2417
21	2485
22	2555
23	2638
24	2714
25	2781
26	2852
27	2918
28	2988
29	3053
30	3120
31	3190
32	3259
33	3327
34	3413
35	3483
36	3551
37	3635
38	3701
39	3768
40	3837
41	3900
42	10856
43	10967
44	11036
45	11100
46	11162
47	11224
48	11286
49	11348
50	11415
51	11479
52	11544
53	11608
54	11678
55	11752
56	11812
57	11880
58	11943
59	12014
60	12075
61	12139
62	12208
63	12271
64	12335
65	12405
66	12467
67	12534
68	12595
69	12657
70	12718
71	12782
72	12845
73	12908
74	12971
75	13033
76	13094
77	13157
78	13220
79	13284
80	13347
81	13414
82	13477
83	13541
84	13603
85	13665
86	13727
87	13788
88	13852
89	13916
90	13980
91	14042
92	14104
93	14165
94	14228
95	14291
96	14378
97	14441
98	14507
99	14574
100	14639
101	14703
102	14767
103	14830
104	14896
105	14957
106	15020
107	15082
108	15144
109	15206
110	15268
111	15332
112	15441
113	15579
114	15741
115	15912
116	16077
117	16242
118	16426
119	16590
120	16763
121	16907
122	16991
123	17064
124	17121
125	17177
126	17232
127	17287
128	17342
129	17398
130	17459
131	17517
132	17573
133	17627
134	17683
135	17739
136	17798
137	17855
138	17911
139	17972
140	18039
141	18110
142	18167
143	18237
144	18295
145	18367
146	18431
147	18505
148	18565
149	18637
150	18696
151	18767
152	18829
153	18896
154	18954
155	19021
156	19078
157	19145
158	19203
159	19271
160	19331
161	19397
162	19460
163	19525
164	19584
165	19651
166	19708
167	19777
168	19838
169	19904
170	19961
171	20030
172	20088
173	20220
174	20276
175	20339
176	20402
177	20487
178	20544
179	20607
180	20662
181	20733
182	20788
183	20851
184	20917
185	20981
186	21034
187	21090
188	21152
189	21208
190	21262
191	21318
192	21372
193	21429
194	21484
195	21539
196	21593
197	21648
198	21703
199	21757
200	21815
201	21869
202	21925
203	21980
204	22034
205	22089
206	22143
207	22198
208	22252
209	22308
210	22362
211	22417
212	22475
213	22529
214	22584
215	22639
216	22696
217	22758
218	22823
219	22878
220	22933
221	22987
222	23043
223	23122
224	23178
225	23233
226	23289
227	23343
228	23399
229	23456
230	23510
231	23566
232	23622
233	23677
234	23731
235	23787
236	23842
237	23897
238	23952
239	24008
240	24064
241	24118
242	24173
243	24227
244	24284
245	24338
246	24393
247	24448
248	24505
249	24560
250	24614
251	24670
252	24724
253	24779
254	24834
255	24889
256	24944
257	24998
258	25053
259	25107
260	25176
261	25234
262	25288
263	25342
264	25401
265	25458
266	25515
267	25570
268	25624
269	25679
270	25733
271	25788
272	25844
273	25900
274	25954
275	26010
276	26065
277	26120
278	26175
279	26229
280	26286
281	26341
282	26397
283	26453
284	26510
285	26565
286	26621
287	26675
288	26730
289	26785
290	26839
291	26895
292	26950
293	27006
294	27060
295	27116
296	27174
297	27229
298	27284
299	27338
300	27395
301	27449
302	27506
303	27561
304	27616
305	27671
306	27725
307	27781
308	27835
309	27890
310	27944
311	27999
312	28056
313	28110
314	28166
315	28221
316	28277
317	28332
318	28386
319	28442
320	28497
321	28552
322	28612
323	28668
324	28723
325	28780
326	28835
327	28889
328	28948
329	29003
330	29058
331	29112
332	29169
333	29224
334	29280
335	29335
336	29389
337	29445
338	29500
339	29556
340	29610
341	29669
342	29723
343	29780
344	29837
345	29891
346	29947
347	30001
348	30057
349	30111
350	30167
351	30222
352	30277
353	30332
354	30386
355	30441
356	30497
357	30553
358	30607
359	30663
360	30720
361	30783
362	30837
363	30900
364	30969
365	31024
366	31091
367	31148
368	31203
369	31271
370	31326
371	31393
372	31447
373	31517
374	31572
375	31643
376	31706
377	31762
378	31817
379	31872
380	31935
381	31998
382	32062
383	32867
384	32932
385	32999
386	33060
387	33125
388	33187
389	33250
390	33313
391	33374
392	33437
393	33501
394	33562
395	33625
396	33686
397	33748
398	33809
399	33873
400	33937
401	34003
402	34072
403	34134
404	34194
405	34257
406	34318
407	34381
408	34444
409	34509
410	34571
411	34637
412	34700
413	34762
414	34834
415	34891
416	34944
417	34998
418	35058
419	35118
420	35172
421	35226
422	35278
423	35342
424	35400
425	35455
426	35508
427	35586
428	35662
429	35743
430	35818
431	35892
432	35969
433	36043
434	36115
435	36176
436	36237
437	36306
438	36362
439	36415
440	36470
441	36522
442	36581
443	36647
444	36701
445	36753
446	36805
447	36858
448	36911
449	36963
450	37016
451	37077
452	37130
453	37183
454	37236
455	37305
456	37362
457	37429
458	37484
459	37537
460	37600
461	37654
462	37707
463	37769
464	37841
465	37922
466	37997
467	38074
468	38148
469	38224
470	38302
471	38376
472	38455
473	38530
474	38610
475	38686
476	38758
477	38823
478	38893
479	38958
480	39012
481	39066
482	39118
483	39171
484	39223
485	39277
486	39329
487	39382
488	39437
489	39506
490	39560
491	39630
492	39684
493	39736
494	39789
495	39841
496	39894
497	39945
498	40000
499	40052
500	40103
501	40156
502	40208
503	40261
504	40315
505	40370
506	40429
507	40498
508	40560
509	40617
510	40672
511	40724
512	40782
513	40839
514	40893
515	40946
516	41000
517	41054
518	41109
519	41174
520	41236
521	41298
522	41357
523	41419
524	41486
525	41554
526	41614
527	41675
528	41735
529	41796
530	41856
531	41916
532	41975
533	42036
534	42095
535	42157
536	42218
537	42279
538	42338
539	42398
540	42459
541	42531
542	42594
543	42655
544	42714
545	42775
546	42835
547	42904
548	42965
549	43026
550	43090
551	43151
552	43214
553	43276
554	43337
555	43399
556	43460
557	43523
558	43586
559	43650
560	43710
561	43773
562	43834
563	43896
564	43957
565	44019
566	44080
567	44142
568	44208
569	44269
570	44330
571	44393
572	44454
573	44516
574	44580
575	44641
576	44703
577	44764
578	44826
579	44888
580	44948
581	45011
582	45075
583	45138
584	45202
585	45265
586	45326
587	45387
588	45449
589	45516
590	45581
591	45643
592	45704
593	45773
594	45839
595	45906
596	45971
597	46034
598	46095
599	46158
600	46221
601	46283
602	46346
603	46415
604	46484
605	46547
606	46611
607	46675
608	46736
609	46797
610	46859
611	46921
612	46982
613	47044
614	47106
615	47168
616	47231
617	47294
618	47355
619	47426
620	47496
621	47558
622	47622
623	47684
624	47745
625	47807
626	47869
627	47931
628	47992
629	48055
630	48115
631	48178
632	48241
633	48304
634	48368
635	48436
636	48508
637	48570
638	48633
639	48696
640	48756
641	48819
642	48880
643	48943
644	49004
645	49066
646	49128
647	49190
648	49254
649	49317
650	49378
651	49442
652	49504
653	49567
654	49629
655	49691
656	49752
657	49814
658	49875
659	49937
660	49999
661	50061
662	50122
663	50184
664	50247
665	50310
666	50372
667	50435
668	50502
669	50564
670	50627
671	50689
672	50751
673	50813
674	50873
675	50936
676	50997
677	51060
678	51120
679	51180
680	51240
681	51299
682	51357
683	51416
684	51475
685	51533
686	51594
687	51654
688	51711
689	51771
690	51828
691	51888
692	51946
693	52007
694	52065
695	52125
696	52185
697	52246
698	52303
699	52367
700	52425
701	52489
702	52547
703	52611
704	52670
705	52731
706	52790
707	52849
708	52908
709	52968
710	53027
711	53085
712	53145
713	53204
714	53264
715	53321
716	53382
717	53439
718	53508
719	53566
720	53627
721	53685
722	53745
723	53803
724	53864
725	53922
726	53984
727	54042
728	54107
729	54165
730	54227
731	54285
732	54344
733	54403
734	54462
735	54521
736	54581
737	54640
738	54698
739	54757
740	54815
741	54873
742	54931
743	54992
744	55052
745	55112
746	55169
747	55230
748	55287
749	55349
750	55406
751	55468
752	55529
753	55594
754	55652
755	55715
756	55774
757	55838
758	55896
759	55958
760	56018
761	56082
762	56139
763	56198
764	56258
765	56317
766	56376
767	56434
768	56494
769	56554
770	56613
771	56672
772	56730
773	56788
774	56847
775	56904
776	56965
777	57023
778	57084
779	57142
780	57202
781	57260
782	57322
783	57382
784	57442
785	57503
786	57564
787	57622
788	57684
789	57742
790	57803
791	57862
792	57923
793	57983
794	58040
795	58099
796	58156
797	58215
798	58273
799	58332
800	58390
801	58449
802	58509
803	58568
804	58625
805	58687
806	58744
807	58806
808	58865
809	58925
810	58984
811	59045
812	59104
813	59163
814	59228
815	59290
816	59348
817	59408
818	59467
819	59526
820	59588
821	59645
822	59705
823	59762
824	59824
825	59881
826	59939
827	59997
828	60056
829	60114
830	60173
831	60231
832	60292
833	60349
834	60410
835	60468
836	60534
837	60599
838	60660
839	60718
840	60780
841	60839
842	60899
843	60958
844	61019
845	61077
846	61139
847	61197
848	61257
849	61316
850	61374
851	61434
852	61495
853	61555
854	61613
855	61672
856	61732
857	61790
858	61850
859	61908
860	61967
861	62025
862	62083
863	62144
864	62202
865	62262
866	62320
867	62380
868	62438
869	62500
870	62558
871	62618
872	62680
873	62738
874	62797
875	62856
876	62914
877	62973
878	63032
879	63089
880	63149
881	63206
882	63265
883	63323
884	63383
885	63441
886	63504
887	63563
888	63625
889	63684
890	63744
891	63802
892	63865
893	63922
894	63986
895	64044
896	64106
897	64165
898	64228
899	64287
900	64348
901	64407
902	64467
903	64526
904	64589
905	64648
906	64706
907	64765
908	64822
909	64881
910	64938
911	64998
912	65055
913	65115
914	65173
915	65232
916	65290
917	65351
918	65410
919	65473
920	65533
921	65599
922	65657
923	65719
924	65777
925	65839
926	65898
927	65960
928	66019
929	66082
930	66141
931	66204
932	66265
933	66329
934	66387
935	66450
936	66509
937	66573
938	66631
939	66693
940	66752
941	66810
942	66870
943	66929
944	66987
945	67046
946	67104
947	67163
948	67222
949	67280
950	67339
951	67401
952	67463
953	67520
954	67583
955	67643
956	67702
957	67761
958	67820
959	67879
960	67940
961	67999
962	68059
963	68117
964	68179
965	68237
966	68300
967	68358
968	68418
969	68478
970	68540
971	68605
972	68664
973	68731
974	68788
975	68845
976	68902
977	68959
978	69017
979	69074
980	69130
981	69189
982	69245
983	69305
984	69361
985	69421
986	69479
987	69541
988	69602
989	69662
990	69720
991	69778
992	69835
993	69892
994	69950
995	70007
996	70065
997	70121
998	70179
999	70236
1000	70295
1001	70352
1002	70413
1003	70472
1004	70533
1005	70598
1006	70659
1007	70718
1008	70780
1009	70837
1010	70895
1011	70953
1012	71011
1013	71068
1014	71125
1015	71183
1016	71239
1017	71298
1018	71354
1019	71415
1020	71471
1021	71531
1022	71591
1023	71651
1024	71708
1025	71768
1026	71824
1027	71883
1028	71940
1029	72000
1030	72057
1031	72114
1032	72172
1033	72228
1034	72286
1035	72345
1036	72403
1037	72459
1038	72518
1039	72578
1040	72637
1041	72694
1042	72754
1043	72811
1044	72870
1045	72928
1046	72986
1047	73043
1048	73100
1049	73157
1050	73214
1051	73273
1052	73330
1053	73388
1054	73445
1055	73506
1056	73564
1057	73623
1058	73680
1059	73743
1060	73801
1061	73858
1062	73915
1063	73972
1064	74030
1065	74087
1066	74157
1067	74217
1068	74277
1069	74335
1070	74402
1071	74459
1072	74516
1073	74573
1074	74630
1075	74687
1076	74745
1077	74801
1078	74860
1079	74916
1080	74975
1081	75057
1082	75117
1083	75175
1084	75233
1085	75300
1086	75359
1087	75417
1088	75477
1089	75535
1090	75597
1091	75654
1092	75715
1093	75772
1094	75833
1095	75893
1096	75953
1097	76011
1098	76073
1099	76131
1100	76193
1101	76253
1102	76314
1103	76372
1104	76431
1105	76491
1106	76548
1107	76609
1108	76666
1109	76732
1110	76789
1111	76850
1112	76907
1113	76966
1114	77024
1115	77082
1116	77140
1117	77198
1118	77256
1119	77315
1120	77373
1121	77433
1122	77491
1123	77555
1124	77612
1125	77674
1126	77731
1127	77793
1128	77852
1129	77910
1130	77969
1131	78026
1132	78084
1133	78142
1134	78200
1135	78258
1136	78316
1137	78374
1138	78433
1139	78491
1140	78554
1141	78612
1142	78674
1143	78733
1144	78793
1145	78855
1146	78915
1147	78973
1148	79036
1149	79095
1150	79161
1151	79232
1152	79303
1153	79389
1154	79455
1155	79518
1156	79579
1157	79643
1158	79701
1159	79766
1160	79824
1161	79885
1162	79944
1163	80002
1164	80062
1165	80121
1166	80181
1167	80238
1168	80297
1169	80358
1170	80416
1171	80474
1172	80533
1173	80598
1174	80662
1175	80721
1176	80780
1177	80838
1178	80897
1179	80954
1180	81012
1181	81070
1182	81129
1183	81187
1184	81247
1185	81304
1186	81366
1187	81423
1188	81489
1189	81547
1190	81613
1191	81673
1192	81734
1193	81791
1194	81852
1195	81910
1196	81969
1197	82027
1198	82089
1199	82147
1200	82206
1201	82264
1202	82321
1203	82380
1204	82437
1205	82497
1206	82554
1207	82616
1208	82673
1209	82732
1210	82789
1211	82849
1212	82907
1213	82967
1214	83024
1215	83086
1216	83143
1217	83202
1218	83261
1219	83319
1220	83378
1221	83434
1222	83495
1223	83554
1224	83617
1225	83674
1226	83732
1227	83790
1228	83848
1229	83906
1230	83964
1231	84021
1232	84081
1233	84138
1234	84199
1235	84256
1236	84318
1237	84375
1238	84433
1239	84496
1240	84554
1241	84614
1242	84671
1243	84729
1244	84786
1245	84844
1246	84902
1247	84960
1248	85018
1249	85077
1250	85134
1251	85194
1252	85251
1253	85311
1254	85368
1255	85431
1256	85491
1257	85554
1258	85613
1259	85674
1260	85731
1261	85790
1262	85848
1263	85907
1264	85965
1265	86023
1266	86081
1267	86138
1268	86197
1269	86254
1270	86312
1271	86371
1272	86430
1273	86489
1274	86548
1275	86609
1276	86669
1277	86727
1278	86787
1279	86844
1280	86916
1281	86971
1282	87030
1283	87086
1284	87145
1285	87201
1286	87257
1287	87316
1288	87371
1289	87428
1290	87484
1291	87541
1292	87601
1293	87657
1294	87713
1295	87771
1296	87827
1297	87884
1298	87941
1299	87997
1300	88053
1301	88109
1302	88166
1303	88223
1304	88280
1305	88336
1306	88394
1307	88449
1308	88509
1309	88564
1310	88624
1311	88689
1312	88750
1313	88806
1314	88875
1315	88932
1316	88995
1317	89051
1318	89114
1319	89172
1320	89228
1321	89285
1322	89341
1323	89398
1324	89453
1325	89511
1326	89566
1327	89624
1328	89680
1329	89739
1330	89795
1331	89852
1332	89908
1333	89964
1334	90021
1335	90078
1336	90135
1337	90190
1338	90247
1339	90302
1340	90359
1341	90414
1342	90475
1343	90531
1344	90597
1345	90654
1346	90710
1347	90767
1348	90822
1349	90884
1350	90940
1351	90998
1352	91054
1353	91110
1354	91166
1355	91223
1356	91278
1357	91337
1358	91393
1359	91452
1360	91508
1361	91565
1362	91622
1363	91678
1364	91735
1365	91791
1366	91848
1367	91905
1368	91962
1369	92018
1370	92074
1371	92130
1372	92189
1373	92244
1374	92301
1375	92358
1376	92413
1377	92470
1378	92526
1379	92585
1380	92640
1381	92698
1382	92754
1383	92814
1384	92869
1385	92928
1386	92984
1387	93040
1388	93097
1389	93152
1390	93208
1391	93264
1392	93321
1393	93377
1394	93436
1395	93496
1396	93554
1397	93610
1398	93671
1399	93728
1400	93785
1401	93842
1402	93897
1403	93954
1404	94010
1405	94067
1406	94122
1407	94180
1408	94236
1409	94294
1410	94350
1411	94407
1412	94464
1413	94519
1414	94580
1415	94637
1416	94694
1417	94749
1418	94806
1419	94861
1420	94920
1421	94976
1422	95036
1423	95092
1424	95149
1425	95206
1426	95261
1427	95318
1428	95373
1429	95430
1430	95487
1431	95547
1432	95606
1433	95664
1434	95720
1435	95779
1436	95835
1437	95891
1438	95948
1439	96004
1440	96060
1441	96116
1442	96173
1443	96228
1444	96286
1445	96342
1446	96402
1447	96460
1448	96515
1449	96573
1450	96628
1451	96686
1452	96741
1453	96798
1454	96853
1455	96910
1456	96967
1457	97024
1458	97079
1459	97138
1460	97193
1461	97251
1462	97307
1463	97366
1464	97422
1465	97479
1466	97535
1467	97593
1468	97650
1469	97706
1470	97762
1471	97818
1472	97875
1473	97931
1474	97990
1475	98046
1476	98102
1477	98176
1478	98236
1479	98293
1480	98350
1481	98408
1482	98465
1483	98524
1484	98582
1485	98639
1486	98694
1487	98752
1488	98808
1489	98867
1490	98922
1491	98979
1492	99036
1493	99112
1494	99171
1495	99232
1496	99290
1497	99347
1498	99405
1499	99469
1500	99525
1501	99583
1502	99640
1503	99695
1504	99751
1505	99806
1506	99864
1507	99919
1508	99979
1509	100036
1510	100092
1511	100150
1512	100206
1513	100263
1514	100318
1515	100374
1516	100429
1517	100489
1518	100545
1519	100609
1520	100664
1521	100722
1522	100777
1523	100837
1524	100892
1525	100951
1526	101007
1527	101062
1528	101119
1529	101174
1530	101232
1531	101287
1532	101343
1533	101399
1534	101467
1535	101524
1536	101584
1537	101642
1538	101703
1539	101759
1540	101817
1541	101877
1542	101934
1543	101991
1544	102047
1545	102105
1546	102161
1547	102219
1548	102275
1549	102333
1550	102391
1551	102450
1552	102515
1553	102572
1554	102628
1555	102685
1556	102741
1557	102798
1558	102855
1559	102910
1560	102966
1561	103021
1562	103078
1563	103133
1564	103190
1565	103245
1566	103303
1567	103358
1568	103413
1569	103470
1570	103525
1571	103584
1572	103639
1573	103697
1574	103752
1575	103810
1576	103865
1577	103924
1578	103980
1579	104036
1580	104092
1581	104148
1582	104204
1583	104259
1584	104315
1585	104370
1586	104429
1587	104486
1588	104545
1589	104609
1590	104668
1591	104724
1592	104780
1593	104837
1594	104892
1595	104948
1596	105004
1597	105060
1598	105116
1599	105172
1600	105228
1601	105286
1602	105341
1603	105398
1604	105454
1605	105512
1606	105568
1607	105623
1608	105680
1609	105735
1610	105799
1611	105854
1612	105912
1613	105967
1614	106026
1615	106083
1616	106138
1617	106195
1618	106250
1619	106306
1620	106362
1621	106420
1622	106476
1623	106533
1624	106592
1625	106649
1626	106704
1627	106761
1628	106817
1629	106873
1630	106929
1631	106984
1632	107041
1633	107096
1634	107153
1635	107208
1636	107267
1637	107326
1638	107383
1639	107439
1640	107496
1641	107554
1642	107609
1643	107665
1644	107721
1645	107778
1646	107834
1647	107892
1648	107948
1649	108004
1650	108060
1651	108123
1652	108185
1653	108243
1654	108299
1655	108354
1656	108411
1657	108467
1658	108524
1659	108581
1660	108639
1661	108696
1662	108755
1663	108811
1664	108867
1665	108923
1666	108979
1667	109035
1668	109091
1669	109149
1670	109205
1671	109263
1672	109318
1673	109378
1674	109433
1675	109492
1676	109548
1677	109607
1678	109663
1679	109718
1680	109775
1681	109831
1682	109890
1683	109945
1684	110004
1685	110062
1686	110121
1687	110177
1688	110233
1689	110290
1690	110345
1691	110401
1692	110457
1693	110514
1694	110570
1695	110627
1696	110683
1697	110744
1698	110799
1699	110856
1700	110912
1701	110970
1702	111026
1703	111081
1704	111138
1705	111193
1706	111251
1707	111306
1708	111366
1709	111421
1710	111481
1711	111538
1712	111597
1713	111654
1714	111709
1715	111765
1716	111821
1717	111879
1718	111934
1719	111991
1720	112046
1721	112106
1722	112161
1723	112218
1724	112274
1725	112329
1726	112386
1727	112441
1728	112501
1729	112567
1730	112624
1731	112684
1732	112745
1733	112798
1734	112851
1735	112904
1736	112957
1737	113010
1738	113063
1739	113116
1740	113169
1741	113221
1742	113274
1743	113327
1744	113397
1745	113475
1746	113555
1747	113638
1748	113717
1749	113792
1750	113866
1751	113927
1752	113990
1753	114052
1754	114113
1755	114176
1756	114237
1757	114298
1758	114359
1759	114420
1760	114481
1761	114541
1762	114607
1763	114667
1764	114731
1765	114791
1766	114853
1767	114913
1768	114976
1769	115037
1770	115098
1771	115159
1772	115221
1773	115282
1774	115345
1775	115405
1776	115469
1777	115529
1778	115595
1779	115656
1780	115720
1781	115781
1782	115843
1783	115903
1784	115967
1785	116027
1786	116090
1787	116150
1788	116212
1789	116273
1790	116335
1791	116396
1792	116458
1793	116519
1794	116584
1795	116645
1796	116710
1797	116770
1798	116834
1799	116894
1800	116958
1801	117018
1802	117081
1803	117142
1804	117204
1805	117265
1806	117327
1807	117388
1808	117451
1809	117512
1810	117578
1811	117638
1812	117696
1813	117751
1814	117808
1815	117862
1816	117916
1817	117971
1818	118025
1819	118079
1820	118133
1821	118188
1822	118242
1823	118301
1824	118354
1825	118417
1826	118474
1827	118532
1828	118591
1829	118646
1830	118701
1831	118754
1832	118809
1833	118863
1834	118922
1835	118975
1836	119030
1837	119085
1838	119138
1839	119193
1840	119246
1841	119304
1842	119357
1843	119414
1844	119470
1845	119525
1846	119583
1847	119637
1848	119692
1849	119757
1850	119822
1851	119877
1852	119942
1853	119996
1854	120055
1855	120116
1856	120174
1857	120240
1858	120295
1859	120349
1860	120407
1861	120461
1862	120515
1863	120570
1864	120625
1865	120680
1866	120733
1867	120789
1868	120843
1869	120902
1870	120956
1871	121010
1872	121065
1873	121121
1874	121176
1875	121230
1876	121285
1877	121339
1878	121395
1879	121449
1880	121508
1881	121563
1882	121617
1883	121672
1884	121725
1885	121782
1886	121836
1887	121891
1888	121946
1889	122002
1890	122056
1891	122110
1892	122166
1893	122219
1894	122277
1895	122330
1896	122385
1897	122440
1898	122495
1899	122550
1900	122607
1901	122661
1902	122716
1903	122774
1904	122828
1905	122885
1906	122940
1907	122994
1908	123048
1909	123110
1910	123174
1911	123228
1912	123282
1913	123336
1914	123394
1915	123448
1916	123505
1917	123559
1918	123614
1919	123669
1920	123722
1921	123781
1922	123834
1923	123892
1924	123946
1925	124000
1926	124055
1927	124109
1928	124164
1929	124217
1930	124276
1931	124330
1932	124386
1933	124441
1934	124497
1935	124554
1936	124607
1937	124664
1938	124718
1939	124773
1940	124827
1941	124885
1942	124939
1943	124994
1944	125048
1945	125103
1946	125157
1947	125211
1948	125301
1949	125364
1950	125422
1951	125480
1952	125536
1953	125595
1954	125650
1955	125705
1956	125770
1957	125825
1958	125880
1959	125934
1960	125994
1961	126048
1962	126102
1963	126157
1964	126211
1965	126267
1966	126324
1967	126383
1968	126438
1969	126496
1970	126550
1971	126606
1972	126661
1973	126715
1974	126770
1975	126823
1976	126880
1977	126933
1978	126990
1979	127044
1980	127099
1981	127154
1982	127207
1983	127262
1984	127318
1985	127373
1986	127427
1987	127487
1988	127542
1989	127598
1990	127653
1991	127707
1992	127761
1993	127816
1994	127870
1995	127924
1996	127982
1997	128036
1998	128090
1999	128145
2000	128200
