1	0
2	301
3	501
4	686
5	883
6	1076
7	1271
8	1466
9	1662
10	1856
11	2058
12	2250
13	2441
14	11109
15	11395
16	11548
17	11740
18	11891
19	12061
20	12238
21	12412
22	12567
23	12724
24	12886
25	13044
26	13200
27	13353
28	13508
29	13661
30	13856
31	14063
32	14273
33	14479
34	14688
35	14949
36	15180
37	15417
38	15649
39	15877
40	16104
41	16335
42	16560
43	16794
44	17050
45	17222
46	17393
47	17567
48	17743
49	17916
50	18091
51	18263
52	18436
53	18612
54	18788
55	18974
56	19143
57	19313
58	19484
59	19655
60	19830
61	19999
62	20168
63	20337
64	20509
65	20681
66	20854
67	21045
68	21218
69	21391
70	21566
71	21742
72	21913
73	22081
74	22250
75	22418
76	22589
77	22757
78	22925
79	23095
80	23265
81	23432
82	23602
83	23772
84	24024
85	24194
86	24363
87	24534
88	24692
89	24842
90	25000
91	25149
92	25298
93	25448
94	25597
95	25747
96	25896
97	26046
98	26195
99	26345
100	26494
101	26644
102	26793
103	26952
104	27104
105	27253
106	27402
107	27551
108	27700
109	27848
110	27998
111	28147
112	28296
113	28444
114	28593
115	28742
116	28890
117	29040
118	29190
119	29340
120	29494
121	29644
122	29794
123	29947
124	30098
125	30249
126	30398
127	30549
128	30699
129	30848
130	30999
131	31149
132	31299
133	31449
134	31599
135	31749
136	31902
137	32052
138	32202
139	32352
140	32502
141	32652
142	32802
143	32955
144	33105
145	33256
146	33406
147	33555
148	33705
149	33855
150	34006
151	34156
152	34308
153	34458
154	34608
155	34758
156	34908
157	35059
158	35209
159	35359
160	35509
161	35659
162	35809
163	35963
164	36113
165	36263
166	36413
167	36564
168	36717
169	36867
170	37020
171	37171
172	37321
173	37471
174	37621
175	37771
176	37921
177	38072
178	38222
179	38373
180	38523
181	38673
182	38824
183	38975
184	39127
185	39278
186	39428
187	39578
188	39728
189	39878
190	40029
191	40179
192	40329
193	40479
194	40629
195	40780
196	40933
197	41084
198	41234
199	41384
200	41538
201	41689
202	41840
203	41992
204	42143
205	42295
206	42445
207	42596
208	42747
209	42897
210	43049
211	43200
212	43351
213	43501
214	43651
215	43802
216	43957
217	44108
218	44258
219	44408
220	44559
221	44709
222	44859
223	45010
224	45161
225	45311
226	45461
227	45611
228	45761
229	45912
230	46063
231	46213
232	46367
233	46517
234	46667
235	46817
236	46969
237	47120
238	47270
239	47424
240	47575
241	47725
242	47875
243	48027
244	48178
245	48328
246	48478
247	48628
248	48780
249	48933
250	49085
251	49235
252	49385
253	49536
254	49686
255	49836
256	49987
257	50138
258	50288
259	50438
260	50588
261	50738
262	50888
263	51040
264	51192
265	51343
266	51493
267	51643
268	51802
269	51956
270	52106
271	52256
272	52407
273	52557
274	52707
275	52857
276	53008
277	53159
278	53309
279	53459
280	53611
281	53761
282	53912
283	54063
284	54213
285	54363
286	54527
287	54694
288	54849
289	55000
290	55151
291	55301
292	55451
293	55601
294	55750
295	55900
296	56054
297	56204
298	56355
299	56505
300	56655
301	56805
302	56963
303	57114
304	57264
305	57414
306	57564
307	57715
308	57869
309	58021
310	58171
311	58321
312	58474
313	58624
314	58775
315	58926
316	59077
317	59227
318	59377
319	59528
320	59678
321	59828
322	59979
323	60130
324	60280
325	60431
326	60581
327	60731
328	60883
329	61035
330	61185
331	61336
332	61486
333	61637
334	61787
335	61941
336	62091
337	62242
338	62392
339	62542
340	62693
341	62843
342	62994
343	63145
344	63297
345	63447
346	63598
347	63748
348	63898
349	64049
350	64200
351	64350
352	64500
353	64650
354	64800
355	64953
356	65104
357	65255
358	65405
359	65556
360	65708
361	65859
362	66011
363	66161
364	66312
365	66462
366	66613
367	66763
368	66914
369	67066
370	67217
371	67367
372	67517
373	67668
374	67818
375	67970
376	68122
377	68273
378	68424
379	68574
380	68725
381	68875
382	69027
383	69178
384	69329
385	69479
386	69629
387	69780
388	69933
389	70085
390	70235
391	70386
392	70539
393	70689
394	70840
395	70991
396	71141
397	71292
398	71442
399	71592
400	71743
401	71893
402	72045
403	72196
404	72346
405	72497
406	72647
407	72798
408	72954
409	73104
410	73255
411	73411
412	73567
413	73718
414	73871
415	74022
416	74173
417	74323
418	74477
419	74627
420	74781
421	74935
422	75086
423	75237
424	75393
425	75546
426	75696
427	75847
428	75998
429	76148
430	76299
431	76449
432	76600
433	76750
434	76903
435	77055
436	77205
437	77352
438	77499
439	77645
440	77793
441	77943
442	78090
443	78236
444	78382
445	78528
446	78678
447	78824
448	78971
449	79118
450	79265
451	79412
452	79559
453	79706
454	79853
455	80000
456	80149
457	80295
458	80441
459	80587
460	80733
461	80880
462	81027
463	81173
464	81320
465	81466
466	81612
467	81759
468	81905
469	82052
470	82198
471	82344
472	82492
473	82639
474	82785
475	82957
476	83109
477	83256
478	83402
479	83549
480	83695
481	83842
482	83989
483	84135
484	84282
485	84432
486	84579
487	84725
488	84874
489	85021
490	85169
491	85316
492	85463
493	85609
494	85755
495	85901
496	86048
497	86194
498	86341
499	86487
500	86633
501	86779
502	86925
503	87073
504	87222
505	87368
506	87515
507	87661
508	87807
509	87957
510	88104
511	88250
512	88397
513	88543
514	88689
515	88836
516	88983
517	89129
518	89276
519	89422
520	89570
521	89717
522	89863
523	90010
524	90156
525	90303
526	90449
527	90596
528	90742
529	90888
530	91035
531	91182
532	91328
533	91474
534	91620
535	91767
536	91915
537	92062
538	92209
539	92355
540	92501
541	92648
542	92794
543	92944
544	93090
545	93237
546	93383
547	93529
548	93676
549	93822
550	93969
551	94115
552	94264
553	94410
554	94557
555	94703
556	94849
557	94996
558	95142
559	95288
560	95435
561	95581
562	95727
563	95873
564	96020
565	96167
566	96313
567	96459
568	96608
569	96754
570	96901
571	97048
572	97194
573	97341
574	97487
575	97633
576	97780
577	97926
578	98073
579	98219
580	98365
581	98512
582	98658
583	98804
584	98956
585	99102
586	99249
587	99395
588	99541
589	99687
590	99834
591	99981
592	100127
593	100274
594	100420
595	100566
596	100713
597	100859
598	101006
599	101152
600	101301
601	101448
602	101594
603	101741
604	101887
605	102034
606	102181
607	102327
608	102473
609	102620
610	102766
611	102913
612	103060
613	103206
614	103353
615	103499
616	103647
617	103801
618	103951
619	104097
620	104244
621	104390
622	104536
623	104683
624	104829
625	104976
626	105123
627	105269
628	105416
629	105562
630	105709
631	105855
632	106004
633	106151
634	106297
635	106444
636	106590
637	106737
638	106883
639	107031
640	107178
641	107324
642	107470
643	107617
644	107763
645	107910
646	108056
647	108203
648	108352
649	108498
650	108645
651	108791
652	108941
653	109087
654	109234
655	109380
656	109526
657	109673
658	109833
659	109999
660	110150
661	110297
662	110444
663	110590
664	110741
665	110889
666	111037
667	111183
668	111330
669	111477
670	111623
671	111770
672	111916
673	112063
674	112210
675	112356
676	112503
677	112649
678	112795
679	112945
680	113094
681	113240
682	113387
683	113533
684	113680
685	113826
686	113973
687	114120
688	114266
689	114413
690	114559
691	114706
692	114852
693	115000
694	115146
695	115293
696	115441
697	115588
698	115734
699	115880
700	116029
701	116177
702	116324
703	116471
704	116618
705	116765
706	116912
707	117061
708	117209
709	117355
710	117501
711	117648
712	117796
713	117945
714	118091
715	118238
716	118384
717	118530
718	118676
719	118822
720	118969
721	119115
722	119261
723	119408
724	119554
725	119700
726	119846
727	119993
728	120141
729	120288
730	120434
731	120580
732	120726
733	120872
734	121019
735	121165
736	121311
737	121457
738	121603
739	121749
740	121895
741	122042
742	122188
743	122335
744	122483
745	122629
746	122775
747	122921
748	123068
749	123214
750	123360
751	123509
752	123655
753	123801
754	123950
755	124097
756	124243
757	124389
758	124535
759	124681
760	124832
761	124980
762	125126
763	125274
764	125421
765	125568
766	125715
767	125861
768	126009
769	126156
770	126303
771	126450
772	126597
773	126744
774	126891
775	127039
776	127189
777	127336
778	127483
779	127630
780	127777
781	127924
782	128072
783	128218
784	128365
785	128512
786	128659
787	128806
788	128956
789	129103
790	129250
791	129397
792	129546
793	129693
794	129840
795	129990
796	130137
797	130284
798	130431
799	130580
800	130727
801	130873
802	131021
803	131168
804	131315
805	131462
806	131609
807	131755
808	131904
809	132052
810	132199
811	132346
812	132497
813	132646
814	132793
815	132945
816	133092
817	133238
818	133384
819	133539
820	133684
821	133830
822	133976
823	134122
824	134270
825	134415
826	134561
827	134706
828	134852
829	134998
830	135144
831	135289
832	135435
833	135580
834	135725
835	135871
836	136017
837	136163
838	136308
839	136454
840	136601
841	136747
842	136892
843	137039
844	137185
845	137331
846	137476
847	137622
848	137767
849	137913
850	138059
851	138204
852	138350
853	138495
854	138641
855	138793
856	138944
857	139090
858	139235
859	139390
860	139549
861	139695
862	139841
863	139989
864	140135
865	140282
866	140449
867	140596
868	140743
869	140892
870	141039
871	141187
872	141332
873	141478
874	141623
875	141769
876	141914
877	142061
878	142207
879	142352
880	142511
881	142659
882	142805
883	142954
884	143100
885	143245
886	143391
887	143539
888	143685
889	143830
890	143977
891	144122
892	144267
893	144413
894	144558
895	144704
896	144849
897	144996
898	145141
899	145287
900	145432
901	145577
902	145723
903	145870
904	146017
905	146162
906	146307
907	146453
908	146598
909	146743
910	146888
911	147035
912	147181
913	147326
914	147472
915	147617
916	147762
917	147908
918	148054
919	148201
920	148347
921	148492
922	148638
923	148783
924	148928
925	149107
926	149254
927	149399
928	149545
929	149691
930	149837
931	149983
932	150129
933	150275
934	150420
935	150566
936	150712
937	150857
938	151005
939	151150
940	151295
941	151440
942	151586
943	151732
944	151877
945	152023
946	152169
947	152315
948	152461
949	152606
950	152754
951	152902
952	153048
953	153194
954	153339
955	153485
956	153631
957	153778
958	153924
959	154071
960	154216
961	154362
962	154508
963	154653
964	154799
965	154948
966	155107
967	155260
968	155406
969	155551
970	155697
971	155843
972	155989
973	156137
974	156283
975	156428
976	156574
977	156720
978	156865
979	157012
980	157158
981	157303
982	157448
983	157594
984	157739
985	157885
986	158032
987	158177
988	158323
989	158471
990	158616
991	158761
992	158907
993	159053
994	159199
995	159345
996	159491
997	159636
998	159782
999	159927
1000	160074
1001	160220
1002	160365
1003	160511
1004	160656
1005	160804
1006	160953
1007	161099
1008	161244
1009	161390
1010	161536
1011	161681
1012	161827
1013	161973
1014	162119
1015	162265
1016	162410
1017	162574
1018	162721
1019	162867
1020	163017
1021	163162
1022	163308
1023	163453
1024	163598
1025	163744
1026	163889
1027	164036
1028	164181
1029	164327
1030	164473
1031	164618
1032	164764
1033	164909
1034	165055
1035	165200
1036	165348
1037	165494
1038	165639
1039	165785
1040	165933
1041	166079
1042	166225
1043	166371
1044	166516
1045	166662
1046	166807
1047	166960
1048	167105
1049	167251
1050	167396
1051	167541
1052	167689
1053	167835
1054	167981
1055	168127
1056	168272
1057	168418
1058	168563
1059	168708
1060	168854
1061	169000
1062	169146
1063	169298
1064	169444
1065	169589
1066	169735
1067	169880
1068	170028
1069	170174
1070	170320
1071	170465
1072	170610
1073	170756
1074	170904
1075	171050
1076	171196
1077	171342
1078	171487
1079	171633
1080	171779
1081	171924
1082	172071
1083	172216
1084	172364
1085	172509
1086	172656
1087	172803
1088	172952
1089	173099
1090	173245
1091	173391
1092	173544
1093	173690
1094	173836
1095	173982
1096	174128
1097	174273
1098	174418
1099	174564
1100	174713
1101	174862
1102	175008
1103	175153
1104	175299
1105	175444
1106	175590
1107	175735
1108	175881
1109	176027
1110	176173
1111	176318
1112	176464
1113	176609
1114	176755
1115	176900
1116	177048
1117	177196
1118	177342
1119	177487
1120	177633
1121	177778
1122	177924
1123	178070
1124	178216
1125	178361
1126	178507
1127	178652
1128	178798
1129	178957
1130	179103
1131	179249
1132	179397
1133	179542
1134	179688
1135	179833
1136	179980
1137	180125
1138	180270
1139	180416
1140	180561
1141	180707
1142	180852
1143	180998
1144	181153
1145	181300
1146	181445
1147	181591
1148	181738
1149	181884
1150	182033
1151	182178
1152	182324
1153	182469
1154	182614
1155	182760
1156	182905
1157	183052
1158	183205
1159	183351
1160	183496
1161	183642
1162	183788
1163	183936
1164	184085
1165	184231
1166	184376
1167	184521
1168	184667
1169	184815
1170	184962
1171	185107
1172	185253
1173	185399
1174	185544
1175	185689
1176	185834
1177	185981
1178	186126
1179	186272
1180	186420
1181	186565
1182	186711
1183	186856
1184	187003
1185	187147
1186	187293
1187	187438
1188	187584
1189	187729
1190	187875
1191	188021
1192	188167
1193	188312
1194	188457
1195	188603
1196	188750
1197	188896
1198	189047
1199	189194
1200	189339
1201	189485
1202	189631
1203	189776
1204	189922
1205	190068
1206	190214
1207	190359
1208	190505
1209	190650
1210	190796
1211	190955
1212	191103
1213	191248
1214	191394
1215	191539
1216	191684
1217	191830
1218	191976
1219	192122
1220	192267
1221	192413
1222	192558
1223	192704
1224	192849
1225	192995
1226	193150
1227	193297
1228	193445
1229	193590
1230	193736
1231	193881
1232	194029
1233	194185
1234	194330
1235	194476
1236	194621
1237	194766
1238	194912
1239	195058
1240	195205
1241	195351
1242	195496
1243	195642
1244	195789
1245	195938
1246	196084
1247	196229
1248	196374
1249	196520
1250	196665
1251	196833
1252	196982
1253	197146
1254	197292
1255	197439
1256	197585
1257	197733
1258	197880
1259	198027
1260	198174
1261	198320
1262	198466
1263	198612
1264	198758
1265	198905
1266	199052
1267	199198
1268	199344
1269	199490
1270	199636
1271	199782
1272	199928
1273	200077
1274	200223
1275	200369
1276	200515
1277	200661
1278	200808
1279	200957
1280	201103
1281	201253
1282	201399
1283	201544
1284	201705
1285	201868
1286	202020
1287	202171
1288	202324
1289	202473
1290	202623
1291	202773
1292	202922
1293	203073
1294	203222
1295	203372
1296	203521
1297	203670
1298	203820
1299	203970
1300	204119
1301	204269
1302	204418
1303	204568
1304	204721
1305	204873
1306	205025
1307	205177
1308	205327
1309	205478
1310	205628
1311	205779
1312	205932
1313	206078
1314	206222
1315	206366
1316	206510
1317	206654
1318	206798
1319	206949
1320	207097
1321	207248
1322	207398
1323	207542
1324	207686
1325	207846
1326	207993
1327	208137
1328	208281
1329	208424
1330	208567
1331	208711
1332	208854
1333	208998
1334	209141
1335	209287
1336	209431
1337	209574
1338	209717
1339	209860
1340	210004
1341	210148
1342	210292
1343	210436
1344	210579
1345	210724
1346	210867
1347	211013
1348	211156
1349	211302
1350	211446
1351	211593
1352	211737
1353	211881
1354	212026
1355	212170
1356	212313
1357	212457
1358	212601
1359	212745
1360	212889
1361	213034
1362	213178
1363	213321
1364	213465
1365	213609
1366	213753
1367	213899
1368	214044
1369	214189
1370	214334
1371	214478
1372	214622
1373	214766
1374	214910
1375	215055
1376	215199
1377	215342
1378	215485
1379	215629
1380	215773
1381	215917
1382	216061
1383	216207
1384	216353
1385	216496
1386	216641
1387	216784
1388	216928
1389	217073
1390	217218
1391	217362
1392	217505
1393	217649
1394	217793
1395	217941
1396	218085
1397	218229
1398	218373
1399	218519
1400	218663
1401	218806
1402	218954
1403	219097
1404	219241
1405	219385
1406	219529
1407	219673
1408	219817
1409	219962
1410	220106
1411	220250
1412	220393
1413	220537
1414	220681
1415	220827
1416	220972
1417	221116
1418	221260
1419	221404
1420	221548
1421	221691
1422	221835
1423	221980
1424	222124
1425	222267
1426	222411
1427	222555
1428	222699
1429	222843
1430	222988
1431	223134
1432	223278
1433	223422
1434	223566
1435	223713
1436	223857
1437	224002
1438	224146
1439	224290
1440	224433
1441	224577
1442	224721
1443	224868
1444	225013
1445	225157
1446	225301
1447	225447
1448	225591
1449	225735
1450	225879
1451	226023
1452	226167
1453	226311
1454	226455
1455	226599
1456	226743
1457	226887
1458	227032
1459	227176
1460	227320
1461	227464
1462	227607
1463	227753
1464	227897
1465	228042
1466	228186
1467	228330
1468	228474
1469	228618
1470	228762
1471	228905
1472	229050
1473	229194
1474	229338
1475	229482
1476	229625
1477	229769
1478	229913
1479	230060
1480	230203
1481	230347
1482	230491
1483	230635
1484	230779
1485	230923
1486	231067
1487	231211
1488	231355
1489	231499
1490	231643
1491	231787
1492	231934
1493	232078
1494	232223
1495	232369
1496	232512
1497	232656
1498	232800
1499	232948
1500	233092
1501	233236
1502	233379
1503	233523
1504	233667
1505	233813
1506	233958
1507	234102
1508	234246
1509	234389
1510	234536
1511	234682
1512	234826
1513	234971
1514	235115
1515	235259
1516	235403
1517	235547
1518	235691
1519	235835
1520	235979
1521	236123
1522	236267
1523	236411
1524	236555
1525	236698
1526	236842
1527	236990
1528	237134
1529	237278
1530	237422
1531	237566
1532	237709
1533	237853
1534	238003
1535	238148
1536	238292
1537	238440
1538	238584
1539	238728
1540	238872
1541	239016
1542	239161
1543	239308
1544	239452
1545	239596
1546	239740
1547	239884
1548	240031
1549	240175
1550	240319
1551	240463
1552	240607
1553	240751
1554	240895
1555	241040
1556	241184
1557	241328
1558	241472
1559	241618
1560	241769
1561	241913
1562	242058
1563	242202
1564	242346
1565	242490
1566	242634
1567	242777
1568	242921
1569	243066
1570	243210
1571	243354
1572	243497
1573	243641
1574	243784
1575	243933
1576	244078
1577	244222
1578	244365
1579	244509
1580	244652
1581	244796
1582	244943
1583	245087
1584	245231
1585	245374
1586	245518
1587	245662
1588	245805
1589	245952
1590	246096
1591	246242
1592	246386
1593	246536
1594	246680
1595	246824
1596	246969
1597	247113
1598	247256
1599	247399
1600	247542
1601	247685
1602	247828
1603	247971
1604	248113
1605	248255
1606	248398
1607	248542
1608	248685
1609	248827
1610	248970
1611	249112
1612	249254
1613	249396
1614	249538
1615	249680
1616	249823
1617	249966
1618	250108
1619	250250
1620	250392
1621	250534
1622	250677
1623	250821
1624	250964
1625	251107
1626	251250
1627	251392
1628	251535
1629	251678
1630	251820
1631	251965
1632	252108
1633	252252
1634	252396
1635	252540
1636	252683
1637	252825
1638	252970
1639	253116
1640	253259
1641	253403
1642	253547
1643	253691
1644	253835
1645	253978
1646	254121
1647	254264
1648	254407
1649	254550
1650	254693
1651	254840
1652	254985
1653	255128
1654	255281
1655	255445
1656	255594
1657	255738
1658	255881
1659	256025
1660	256168
1661	256311
1662	256454
1663	256598
1664	256741
1665	256885
1666	257031
1667	257175
1668	257319
1669	257462
1670	257606
1671	257752
1672	257895
1673	258039
1674	258182
1675	258324
1676	258467
1677	258610
1678	258753
1679	258896
1680	259040
1681	259183
1682	259333
1683	259476
1684	259619
1685	259774
1686	259917
1687	260063
1688	260207
1689	260350
1690	260493
1691	260635
1692	260778
1693	260921
1694	261065
1695	261208
1696	261351
1697	261494
1698	261637
1699	261780
1700	261923
1701	262067
1702	262210
1703	262355
1704	262498
1705	262641
1706	262784
1707	262927
1708	263071
1709	263213
1710	263357
1711	263501
1712	263644
1713	263786
1714	263932
1715	264076
1716	264219
1717	264362
1718	264505
1719	264650
1720	264793
1721	264939
1722	265083
1723	265226
1724	265368
1725	265512
1726	265656
1727	265799
1728	265952
1729	266096
1730	266240
1731	266382
1732	266524
1733	266666
1734	266809
1735	266960
1736	267102
1737	267244
1738	267387
1739	267529
1740	267671
1741	267814
1742	267958
1743	268101
1744	268244
1745	268387
1746	268531
1747	268674
1748	268817
1749	268961
1750	269104
1751	269249
1752	269393
1753	269536
1754	269679
1755	269820
1756	269964
1757	270108
1758	270251
1759	270394
1760	270538
1761	270681
1762	270824
1763	270968
1764	271112
1765	271256
1766	271399
1767	271544
1768	271688
1769	271831
1770	271976
1771	272119
1772	272263
1773	272406
1774	272549
1775	272693
1776	272835
1777	272994
1778	273138
1779	273282
1780	273426
1781	273569
1782	273716
1783	273862
1784	274006
1785	274149
1786	274293
1787	274437
1788	274580
1789	274723
1790	274868
1791	275014
1792	275157
1793	275300
1794	275443
1795	275586
1796	275729
1797	275872
1798	276016
1799	276162
1800	276306
1801	276449
1802	276592
1803	276735
1804	276878
1805	277024
1806	277167
1807	277310
1808	277454
1809	277597
1810	277740
1811	277883
1812	278027
1813	278170
1814	278313
1815	278458
1816	278602
1817	278745
1818	278887
1819	279031
1820	279175
1821	279318
1822	279461
1823	279604
1824	279747
1825	279889
1826	280033
1827	280176
1828	280319
1829	280463
1830	280606
1831	280751
1832	280894
1833	281038
1834	281181
1835	281324
1836	281467
1837	281610
1838	281754
1839	281897
1840	282041
1841	282185
1842	282328
1843	282471
1844	282614
1845	282758
1846	282901
1847	283048
1848	283191
1849	283348
1850	283492
1851	283639
1852	283782
1853	283925
1854	284070
1855	284213
1856	284356
1857	284500
1858	284643
1859	284787
1860	284933
1861	285078
1862	285222
1863	285368
1864	285511
1865	285654
1866	285797
1867	285944
1868	286087
1869	286230
1870	286373
1871	286516
1872	286659
1873	286802
1874	286953
1875	287096
1876	287239
1877	287382
1878	287525
1879	287671
1880	287814
1881	287958
1882	288101
1883	288244
1884	288387
1885	288530
1886	288673
1887	288816
1888	288960
1889	289103
1890	289246
1891	289389
1892	289532
1893	289675
1894	289818
1895	289964
1896	290107
1897	290250
1898	290393
1899	290536
1900	290679
1901	290822
1902	290966
1903	291109
1904	291251
1905	291394
1906	291537
1907	291680
1908	291823
1909	291968
1910	292110
1911	292255
1912	292398
1913	292541
1914	292685
1915	292827
1916	292971
1917	293115
1918	293258
1919	293400
1920	293544
1921	293686
1922	293830
1923	293975
1924	294119
1925	294262
1926	294407
1927	294552
1928	294695
1929	294839
1930	294982
1931	295126
1932	295269
1933	295412
1934	295555
1935	295698
1936	295841
1937	295985
1938	296128
1939	296271
1940	296413
1941	296556
1942	296699
1943	296844
1944	296988
1945	297132
1946	297275
1947	297418
1948	297561
1949	297704
1950	297847
1951	297991
1952	298134
1953	298277
1954	298420
1955	298563
1956	298706
1957	298849
1958	298993
1959	299138
1960	299281
1961	299424
1962	299567
1963	299710
1964	299853
1965	299997
1966	300140
1967	300283
1968	300426
1969	300569
1970	300712
1971	300855
1972	300999
1973	301142
1974	301285
1975	301431
1976	301575
1977	301718
1978	301861
1979	302005
1980	302148
1981	302291
1982	302434
1983	302577
1984	302721
1985	302863
1986	303007
1987	303150
1988	303293
1989	303436
1990	303579
1991	303724
1992	303868
1993	304011
1994	304155
1995	304298
1996	304441
1997	304583
1998	304726
1999	304869
2000	305014
