2931	30
661	99
1359	27
968	80
609	13
170	138
121	124
2	110
224	97
478	21
209	4
856	88
56	50
751	68
91	325
35	144
184	53
17	19
276	100
986	10
268	6
1811	385
85	20
549	135
249	23
1795	72
247	23
191	91
1416	156
660	379
217	227
31	92
127	132
890	8
1171	159
985	57
149	260
1281	20
1179	127
1176	22
177	110
289	61
491	43
1864	8
1256	127
793	131
371	91
517	132
284	320
1434	121
617	15
997	47
51	57
1589	157
1485	68
103	79
41	98
9	86
1668	285
519	27
864	83
82	185
1632	358
656	27
766	277
109	43
1766	12
1602	180
2106	87
362	135
180	86
904	24
347	59
2122	54
15	35
27	3
584	13
280	360
202	207
421	72
270	219
280	6
2544	31
179	109
1334	8
2798	19
1691	2
1340	132
729	8
583	68
822	58
2068	179
184	190
97	29
137	43
1014	628
728	125
1894	110
523	278
1254	125
853	66
286	114
553	16
345	80
1037	258
180	35
565	132
345	60
11	60
2273	69
1476	5
2062	7
1354	189
531	51
159	22
1104	9
1824	254
868	35
1333	145
79	35
1398	3
1365	28
428	36
192	97
1110	17
507	83
570	177
1484	57
605	6
53	147
591	34
1947	18
570	110
167	98
1350	35
1292	16
1343	148
26	57
1163	102
412	2
100	111
2027	35
2447	279
3302	3
3682	120
246	124
371	333
164	40
184	94
429	313
763	31
470	402
6	7
158	102
353	152
543	33
852	98
1188	118
1034	131
244	14
1780	22
319	164
980	340
1	49
950	260
109	231
70	139
63	91
1221	20
1327	122
910	5
425	168
959	10
1304	191
965	254
96	111
819	324
1170	186
1111	103
127	55
641	166
727	155
519	147
1461	57
1141	196
529	15
500	14
140	1
40	68
336	277
164	12
107	89
76	179
668	33
2246	6
506	170
260	54
1059	33
1513	78
1158	34
563	1
384	473
5607	241
1277	93
19	43
1685	91
1185	87
218	632
83	43
837	67
138	88
109	19
122	12
14	99
1043	8
148	40
204	68
668	6
254	12
146	47
734	39
607	39
78	150
3396	30
1059	298
491	142
678	5
651	24
2940	69
937	26
588	130
2282	56
565	86
1204	69
723	193
1074	81
382	83
77	22
866	31
188	420
2568	90
3687	163
120	7
886	320
310	100
372	5
91	116
181	55
319	67
176	126
902	39
857	37
1504	187
76	50
638	14
1013	196
1031	59
1258	122
28	128
306	75
561	443
144	149
490	98
567	33
705	56
658	30
25	55
570	10
834	93
867	82
802	79
433	340
139	112
52	53
3526	60
179	308
774	217
1466	325
1453	24
2351	29
49	14
1467	49
99	114
593	74
8	357
1927	79
651	130
918	393
94	24
980	28
517	113
89	241
1408	31
53	18
183	125
123	226
1356	31
112	17
153	175
453	69
1791	220
781	59
36	74
661	20
276	45
761	54
233	56
1032	125
3092	44
287	4
1576	5
331	3
114	17
52	51
715	173
646	211
551	263
59	26
284	19
1436	66
646	151
1718	190
1186	24
158	172
1136	36
1091	24
544	39
878	20
712	245
99	115
386	22
1573	41
323	112
1033	99
220	93
515	187
624	204
1720	40
2418	48
884	137
572	76
719	379
1247	6
52	52
580	21
46	26
426	10
1149	268
676	56
267	204
820	15
1258	89
1316	36
761	93
519	28
1593	9
768	107
250	26
644	59
768	46
262	11
3304	69
403	110
130	90
1937	324
675	69
86	116
433	142
2090	98
533	154
28	201
23	656
604	39
688	162
995	112
406	115
1147	20
3052	44
612	523
29	94
32	29
131	113
400	13
519	19
975	319
294	115
1259	32
324	28
1238	15
830	44
119	35
705	93
791	118
632	29
196	119
603	278
137	48
1822	162
1516	4
993	36
2	39
113	151
142	91
899	108
860	113
448	17
958	55
7	299
7	77
1045	43
210	277
2448	24
190	86
498	65
1179	63
1483	96
5	13
943	200
421	33
1004	58
306	92
159	84
824	333
1022	43
410	159
712	344
554	24
1071	11
1870	36
1062	48
432	330
1450	74
199	101
1577	88
161	23
196	112
588	30
227	10
324	376
770	105
370	44
1542	164
595	18
865	59
2279	97
858	11
3190	101
3287	49
428	185
854	29
558	164
364	265
1642	12
1030	84
1273	41
1625	267
417	123
280	21
402	1
128	134
127	46
81	56
271	18
1634	52
581	37
420	73
256	63
447	153
1053	127
1109	76
11	154
760	153
733	16
168	34
66	49
1063	83
1792	29
729	170
1585	86
555	73
530	18
1870	16
760	209
149	64
98	69
2470	52
617	98
264	7
1173	703
767	82
2415	30
3210	118
867	67
748	594
69	56
847	38
838	96
358	24
116	200
1425	357
892	114
60	22
196	55
226	21
188	115
2089	3
625	66
169	10
1020	50
1775	67
7	94
288	85
571	99
763	73
1361	56
334	86
835	3
2466	30
1156	243
556	219
1923	24
1065	9
100	12
2199	20
487	60
939	181
237	39
1037	158
33	192
1380	381
1051	9
735	16
136	108
1919	209
4516	123
103	523
1	123
1084	66
1071	22
1448	35
1051	10
2763	178
127	244
30	65
298	22
338	41
506	140
201	151
569	69
69	49
755	43
694	43
327	40
1736	77
2154	10
1963	23
327	49
241	103
836	98
389	44
1606	50
118	57
176	62
271	29
995	15
490	6
53	153
79	63
397	1
3872	168
48	30
534	242
695	11
1132	4
1750	36
1020	245
1035	22
1577	62
155	151
203	78
53	185
179	92
606	21
150	74
115	183
341	298
171	19
1465	35
227	329
992	177
345	40
1534	18
267	11
399	171
514	451
583	17
236	16
916	123
111	27
98	2
857	13
921	4
669	122
19	16
428	45
1040	22
2140	31
314	46
222	2
470	51
87	169
1706	49
27	102
507	31
2011	51
1580	68
701	130
366	107
469	432
455	263
458	8
2940	121
384	123
607	6
1044	282
3121	126
1636	34
43	75
93	20
1523	69
2103	150
103	1
70	63
73	63
47	60
861	266
1051	18
1464	158
1255	202
737	36
2224	29
2406	14
8	139
54	196
2670	114
2034	47
2887	4
674	7
1048	291
442	37
181	76
1683	6
2412	77
10	16
2783	13
183	10
102	100
124	14
2898	389
343	10
226	174
347	195
814	106
299	181
233	88
139	39
53	268
230	18
365	134
2129	95
839	19
217	12
669	125
290	60
209	1
1295	177
1323	122
157	98
517	90
159	71
347	29
2667	80
65	206
4269	158
581	2
364	2
4156	58
551	16
760	102
760	235
219	265
92	151
814	34
909	133
308	78
1119	20
685	132
815	20
1235	181
1218	23
158	34
82	80
129	62
83	6
998	80
316	525
1882	66
1605	155
795	50
121	10
1462	223
426	47
348	335
157	20
1205	44
1174	45
116	141
206	4
601	7
189	82
298	135
1385	146
197	124
758	17
673	86
621	84
3779	128
48	17
786	32
488	507
6	351
658	148
1677	99
3290	170
2	191
1664	38
779	31
609	170
671	119
314	30
135	123
146	222
512	33
15	35
863	10
18	101
467	15
1119	109
1659	6
973	30
299	7
659	55
921	273
9	41
162	6
1172	222
805	45
2843	90
692	35
2628	24
1429	102
420	68
328	428
5789	8
3394	61
436	147
730	49
718	18
268	90
783	24
279	29
236	103
871	310
464	67
321	10
545	161
352	212
23	130
54	125
1245	29
114	35
612	141
306	4
601	64
1042	54
590	161
120	45
319	15
2835	60
507	109
130	91
1298	21
721	37
1417	118
1932	41
87	92
204	57
210	29
270	79
2434	24
1261	25
1136	5
1714	71
584	65
385	249
690	223
10	136
1606	11
697	61
1990	17
1074	29
352	291
130	14
452	21
259	85
862	232
494	17
817	15
209	31
553	5
653	148
3429	30
130	108
14	185
1799	314
401	70
136	39
1358	83
86	29
987	75
592	683
1421	31
531	170
2607	19
722	26
1513	11
394	146
624	66
167	21
615	54
1599	297
39	23
123	33
1071	156
618	37
1199	239
342	58
64	102
239	202
181	159
1051	73
1047	53
977	27
578	206
393	26
316	157
2023	156
111	245
740	266
45	159
342	138
570	95
2173	38
725	10
1381	27
593	84
1528	6
218	197
559	96
313	187
389	20
479	20
367	134
33	74
1510	56
276	63
568	57
2030	51
320	2
2028	16
2772	277
556	13
1051	42
618	137
154	95
636	191
958	71
91	260
1323	82
72	239
610	88
422	60
254	65
1266	12
113	35
1138	144
148	263
983	107
277	40
168	19
860	288
44	60
25	19
698	19
172	65
1033	3
429	467
1145	234
344	83
1469	44
858	124
1716	101
226	54
23	275
1597	65
566	24
439	56
1142	11
127	110
787	108
1016	48
463	322
1281	244
633	95
806	112
329	111
1566	48
296	7
175	218
1078	22
1492	112
443	55
217	38
322	328
3101	13
13	5
885	23
1043	226
1626	98
283	23
889	15
1322	84
13	9
709	143
118	17
713	64
193	64
665	129
253	10
773	290
28	35
959	131
1061	59
505	102
3740	194
130	239
607	30
2328	176
496	55
315	47
524	50
672	312
1693	14
1517	138
357	117
32	291
2671	95
583	148
1449	46
1334	118
555	2
417	286
335	186
100	5
80	65
777	23
203	122
112	217
82	188
453	48
1419	315
2063	160
202	74
686	188
893	64
1980	13
1289	19
144	28
680	134
166	229
565	46
21	256
740	40
2099	32
374	90
1163	48
838	99
200	155
623	2
1879	57
68	13
1285	13
123	194
1780	39
941	13
582	51
426	45
69	53
1227	158
480	22
3103	122
364	63
733	231
2073	14
1156	85
467	91
131	7
1604	23
3640	12
88	40
1202	85
658	102
309	52
728	97
127	22
141	203
2010	21
808	103
759	86
1036	27
40	41
1692	29
127	37
425	65
446	235
2585	229
240	144
518	12
569	25
84	107
1390	88
1916	94
2116	45
18	35
4	254
41	272
601	98
149	60
1394	23
84	434
1155	38
1172	138
651	191
3556	1
152	123
1086	35
1304	104
242	194
997	6
1521	42
81	314
127	18
1428	21
231	243
92	128
462	14
541	268
2029	90
1449	157
150	113
103	30
241	8
127	23
80	134
588	444
896	111
268	85
631	6
329	25
115	149
2141	51
192	224
67	293
849	211
1383	62
1209	39
1942	136
36	101
4107	91
561	132
1936	20
97	27
509	397
69	393
803	19
726	26
319	88
927	24
988	7
32	86
673	325
82	80
497	125
293	92
1442	209
1026	108
539	8
1559	91
139	158
521	39
56	21
233	56
1074	119
25	61
260	37
178	4
399	39
1231	16
142	46
477	127
17	167
589	182
447	56
2409	128
53	119
267	179
1145	15
669	4
57	91
621	71
2370	130
938	191
1030	39
97	49
1102	7
724	347
158	80
103	114
111	512
1926	62
3483	75
702	115
1426	78
52	48
788	142
546	36
421	113
59	34
18	155
370	39
171	23
1459	142
708	207
1253	12
330	58
239	152
183	24
412	76
1336	339
1329	57
204	6
426	377
1421	20
1158	3
137	32
384	5
195	222
444	37
323	81
145	55
52	66
342	51
1410	4
231	24
223	48
527	55
139	116
2117	275
838	46
1619	17
581	17
218	79
3417	138
296	66
840	165
52	19
962	365
181	50
695	150
517	90
1264	186
1139	12
296	49
1409	130
568	53
913	95
397	197
307	151
799	101
88	105
865	137
960	76
663	22
610	130
155	15
265	94
1345	227
1407	49
1594	38
261	25
122	64
1223	242
256	37
2089	134
434	5
74	99
333	98
351	177
376	116
243	152
3063	22
42	246
2198	213
796	7
382	67
82	298
231	86
47	48
1381	1
1524	4
0	29
319	113
1380	162
795	354
143	127
2436	310
403	53
1559	34
77	163
538	58
3605	107
69	56
173	29
775	187
12	46
636	6
1004	157
2731	103
947	21
2685	135
909	122
52	77
785	98
220	60
1129	39
611	97
928	73
12	51
905	42
279	98
3477	25
1928	244
1593	75
227	88
1143	12
640	74
166	34
739	50
424	76
425	205
1895	139
1179	97
215	226
115	19
1135	31
768	51
1434	41
37	341
133	114
423	135
27	16
310	81
174	142
84	18
8	137
1291	110
811	32
794	56
1917	95
344	14
210	345
367	45
81	131
743	54
395	105
2037	19
24	364
1150	8
1313	184
538	3
933	83
263	61
613	105
708	296
158	128
158	252
293	10
1226	51
1629	5
1057	45
563	188
137	79
1344	271
1129	87
257	44
1003	2
454	52
361	243
217	203
7	125
244	59
172	127
741	52
540	104
1980	184
468	154
1326	24
3255	168
762	8
1462	59
725	144
553	31
695	28
2096	50
1975	35
367	37
11	71
523	459
556	40
449	150
1643	101
1589	19
2680	1
152	143
209	52
1412	73
296	26
197	11
483	399
610	103
665	266
42	33
994	157
2328	394
3188	75
365	101
748	160
112	124
288	45
176	23
180	128
756	79
403	81
2959	56
38	147
457	7
1214	258
698	437
1583	145
179	23
97	17
324	237
16	5
16	17
168	69
1924	92
1515	17
1285	106
1064	252
3686	2
1167	152
381	80
785	116
1093	17
1695	16
251	4
929	18
1274	225
58	1
991	247
846	39
730	1
844	49
770	127
2071	87
983	16
1108	4
2790	50
738	84
734	192
760	12
319	13
926	269
1156	18
1330	112
216	90
1737	73
1452	41
176	80
25	44
349	23
1058	15
1022	156
1237	65
2081	425
1275	73
118	202
53	7
343	5
12	5
145	322
202	129
125	32
83	9
795	107
245	76
478	32
82	103
573	8
1124	31
232	11
995	56
189	23
544	27
321	82
4113	187
379	69
353	38
1155	74
891	161
1249	21
2257	16
654	49
345	72
1700	229
480	579
48	108
633	259
1281	94
1814	246
750	15
214	44
613	171
791	40
666	237
789	59
383	41
629	209
931	14
501	116
217	41
374	26
1046	16
1119	180
374	128
1505	129
2192	41
1337	34
48	459
2253	37
354	2
11	175
117	7
90	75
98	45
2085	55
49	159
149	39
2103	18
373	69
668	112
278	72
1014	14
426	60
787	64
598	121
2764	116
677	159
2024	133
226	343
51	24
2008	112
1394	27
364	11
1346	64
502	50
999	47
391	21
669	245
47	51
952	168
455	12
426	1
1086	159
1416	175
844	36
755	119
707	84
395	37
2124	4
286	73
1058	325
1725	14
329	85
629	24
955	5
992	177
296	59
680	36
1499	128
570	292
153	17
367	45
187	328
144	31
578	162
489	185
3295	16
302	12
37	54
535	31
6153	183
542	57
103	37
561	74
1457	90
688	420
203	55
1353	211
276	12
463	108
502	256
664	245
365	367
733	59
944	20
1184	287
205	117
286	225
3750	45
1330	211
941	52
1214	194
365	32
826	46
338	71
596	29
1038	64
1525	6
1333	15
54	117
118	72
3007	6
405	12
961	100
370	65
874	26
1369	9
9	23
2983	63
200	1
23	242
543	9
797	133
2528	198
1027	3
634	92
599	34
1798	3
3127	15
3083	41
67	182
232	114
888	190
828	26
1514	33
119	87
1061	76
90	577
737	154
1333	207
106	151
664	162
1159	139
940	11
844	175
952	267
5	5
3189	160
527	18
965	15
636	15
350	86
1612	19
554	79
1784	81
756	7
707	77
9	44
27	100
38	250
938	6
1309	61
857	37
509	200
614	53
737	137
516	189
141	41
1628	233
924	14
675	22
2072	32
3379	22
89	223
830	116
8	40
1994	199
1685	76
3022	37
376	55
1151	31
1081	196
354	18
375	21
719	65
501	38
173	78
29	14
300	72
233	4
226	51
1111	211
400	112
1009	332
256	136
149	97
288	240
28	67
551	57
296	86
1501	147
1454	151
90	614
2054	45
206	231
938	72
814	25
634	57
20	39
545	417
2148	298
1381	33
606	99
1084	61
120	369
1258	13
246	112
15	65
1132	82
396	120
2004	62
463	53
417	13
722	56
189	92
324	239
1097	24
537	127
371	77
607	36
1142	37
172	193
498	121
900	155
747	68
134	50
1997	121
212	318
1472	47
96	13
1021	1
1072	11
155	52
150	47
467	10
1247	3
196	56
1	245
850	46
523	86
251	268
442	49
96	82
3803	327
312	23
1910	111
1032	173
231	243
126	73
2691	4
172	1
315	20
2639	119
474	285
1192	112
108	141
565	17
496	14
133	38
2467	168
2631	33
870	57
35	15
295	37
658	167
664	114
724	349
1701	216
388	278
115	116
335	74
2026	47
5	335
3803	4
525	4
63	29
1057	2
658	37
203	115
3776	64
455	254
373	32
2709	83
141	68
1446	141
1980	349
35	35
297	164
62	16
407	10
34	82
223	29
607	25
650	18
75	188
1454	17
578	56
1359	32
237	152
334	166
66	89
456	52
251	42
1041	290
2442	201
273	97
210	77
885	36
104	34
2185	121
1958	102
469	17
526	126
443	528
414	4
893	166
694	11
2254	26
927	42
9	64
2054	252
1733	182
463	94
755	268
367	28
1727	8
3222	105
833	26
5	37
1520	274
2574	22
435	1
868	12
2070	41
408	45
133	162
178	34
2280	6
966	28
753	100
372	56
1451	101
134	77
728	353
1084	21
519	123
319	56
100	292
263	122
1792	212
49	72
301	3
334	258
1396	337
851	66
100	221
2342	6
6	57
437	214
834	113
612	27
936	84
2417	83
42	151
206	21
145	28
2107	189
153	187
164	165
189	120
336	261
1130	65
282	123
238	6
824	155
924	1
46	127
219	209
874	92
193	247
318	201
194	38
1685	14
1298	19
91	25
276	105
547	64
322	109
1589	57
353	33
451	122
2138	46
459	12
1065	96
717	20
637	12
4190	99
4436	99
464	71
2322	283
320	87
91	56
820	111
1099	160
126	9
304	365
221	31
134	47
992	37
348	79
611	76
1671	129
264	49
206	19
108	168
706	170
197	37
902	22
782	234
2249	3
2602	195
693	32
1511	22
2722	196
5	99
1321	113
207	183
72	59
2119	95
2483	131
2300	24
568	97
1675	199
213	57
644	204
283	77
137	333
217	46
991	23
413	26
591	9
1007	223
218	12
92	28
251	107
869	28
885	168
109	151
293	95
250	98
1003	26
2265	50
1807	72
5	11
2842	61
820	170
101	148
896	4
2275	42
606	315
97	70
1796	168
423	247
2138	107
1036	117
841	200
1130	4
1133	39
1441	227
274	128
1036	81
320	34
561	10
3	13
585	20
246	455
216	268
2580	35
1666	95
1894	99
819	188
41	1
26	156
1357	136
105	36
397	455
237	19
465	65
115	21
1522	33
3244	23
526	26
23	11
943	46
200	31
497	93
1081	106
1316	25
2771	179
83	54
1364	352
42	62
865	20
116	2
213	88
599	102
244	90
350	252
340	51
1246	6
485	65
367	104
701	483
2158	369
61	87
216	41
446	38
761	38
1833	71
523	145
828	65
1089	49
308	135
942	325
989	97
3381	7
365	110
206	50
290	1
347	1
751	31
1371	34
1797	4
235	54
622	77
581	94
1770	6
1982	174
764	306
738	61
307	28
1012	71
657	27
30	208
350	46
477	94
732	203
67	76
130	2
1973	69
2931	452
161	9
256	15
916	326
224	17
4334	139
348	144
830	40
648	75
48	63
2703	77
65	106
124	8
55	24
741	18
1998	672
958	33
601	75
26	16
208	194
455	207
2490	23
1108	20
603	165
543	105
1732	68
1003	152
2691	9
880	146
303	126
865	64
1298	52
105	13
2471	2
1144	196
2043	48
439	13
1990	89
368	11
869	84
365	66
829	15
1069	2
455	5
1181	101
1021	34
1089	50
859	60
306	17
294	45
1116	123
263	10
669	1
1873	38
1029	32
1037	67
915	2
438	160
2399	139
544	42
305	1
807	107
1450	17
1764	89
956	107
439	56
168	136
88	63
188	191
413	113
1380	51
105	51
977	235
1205	125
2	64
916	37
136	42
636	91
323	93
275	154
442	36
588	6
371	233
704	27
775	46
2107	11
90	50
52	58
573	138
1135	65
105	32
1470	11
1221	54
205	76
486	166
204	2
385	19
14	106
610	82
980	60
1496	286
584	16
42	269
851	341
539	40
20	3
1112	57
497	70
672	11
1572	163
2548	5
3162	52
1960	312
180	60
182	141
1153	4
261	40
271	446
4015	146
348	64
301	131
37	227
512	289
1024	77
1472	46
1489	36
903	134
421	54
1211	308
1159	48
273	220
545	95
2732	37
934	207
168	142
3295	83
122	88
1729	282
937	55
375	2
221	244
853	2
569	130
1408	132
900	21
720	19
291	102
1015	352
687	84
67	386
2160	92
478	17
412	138
83	177
901	18
2306	86
2168	2
277	38
1704	18
902	79
1803	141
353	35
1899	24
43	138
578	78
164	7
427	74
804	105
309	4
571	125
276	105
405	36
191	193
404	11
123	37
647	399
221	71
627	322
459	46
318	37
164	63
378	107
48	273
342	87
489	123
113	43
776	122
1037	20
230	23
908	327
464	170
668	95
1410	275
706	219
751	18
1674	14
151	357
1834	201
512	59
256	9
17	65
519	247
158	181
352	245
198	217
533	38
247	7
948	25
16	47
987	222
460	217
132	165
341	91
1794	2
1554	105
520	22
751	308
212	134
1383	124
1723	55
1009	124
143	78
114	16
249	176
490	143
503	210
543	37
335	66
207	26
2429	158
451	104
1062	18
169	34
1017	95
607	26
1166	3
103	252
64	63
515	18
373	155
239	126
406	51
41	2
124	51
906	33
1910	291
1574	64
4	199
232	38
1310	112
291	71
215	289
1174	134
555	213
1848	184
422	28
897	96
773	15
304	258
477	142
823	115
151	3
118	58
584	64
898	136
758	87
690	4
1343	94
1108	130
307	24
1872	94
754	61
930	150
119	15
1707	12
40	162
1498	64
737	685
562	22
500	336
1233	116
1011	22
1563	45
1180	89
229	98
50	63
1046	9
2519	51
1302	223
168	210
1246	13
137	58
545	2
1325	5
551	123
28	45
1027	98
227	35
414	26
125	50
854	276
113	129
37	32
915	25
615	1
445	48
2779	177
59	13
237	24
23	6
456	33
308	131
172	176
747	34
53	23
1075	28
427	31
265	11
658	77
396	7
552	37
435	34
323	21
923	68
318	32
62	20
164	260
268	61
1158	114
1942	191
55	28
725	5
76	534
538	102
625	306
458	257
620	58
544	108
1137	22
1317	107
97	22
270	85
423	67
92	316
1442	238
1921	506
173	109
365	152
238	319
533	4
10	479
853	3
1041	3
93	137
147	182
255	10
1970	13
1135	81
2685	24
1483	159
1174	29
149	42
1740	38
343	214
58	213
11	5
472	37
494	263
31	128
210	6
615	6
60	213
1746	60
1225	136
1445	31
1295	345
241	116
181	10
926	6
1302	54
110	187
275	76
165	50
408	147
447	163
1733	55
493	41
19	82
80	95
198	29
876	1
65	86
627	22
1793	44
1230	19
1000	16
806	22
63	92
16	81
452	44
147	356
139	7
1659	50
1898	165
128	217
306	40
3304	113
685	10
65	150
128	96
2015	192
536	1
463	150
56	118
705	97
1184	55
435	83
807	69
784	27
3289	439
95	1
120	37
195	117
780	230
376	42
403	32
242	105
906	67
1063	5
1215	143
889	3
1071	21
407	29
41	80
1053	7
399	29
219	78
631	2
191	9
73	68
219	85
511	16
1410	11
588	70
186	59
1097	71
672	36
449	93
1371	30
6	274
1030	25
35	36
587	46
584	72
231	72
1744	21
800	27
2003	44
97	5
193	49
909	15
565	140
527	14
26	142
403	377
86	28
1704	66
1233	139
102	47
502	61
625	88
823	63
2358	273
1255	95
467	123
194	110
1458	49
716	158
770	190
74	58
1501	202
1542	98
1055	63
319	70
10	95
1017	89
259	36
1160	53
74	41
82	65
122	37
1989	27
89	101
1686	26
1717	134
613	29
85	27
276	685
985	16
2018	8
435	116
52	194
120	50
526	2
1520	150
195	23
1298	6
1230	39
70	151
111	92
981	113
1170	130
1091	17
1121	23
20	402
1274	199
513	65
1752	33
1680	18
468	72
329	109
1006	33
2770	22
1235	10
730	58
317	783
356	104
167	24
188	108
2111	23
1146	8
739	224
186	43
1052	101
26	17
609	62
306	22
1080	17
349	177
707	357
834	19
889	67
338	34
157	74
227	72
1190	68
768	29
423	222
1102	35
886	175
563	131
512	162
953	21
244	91
904	36
579	279
344	45
2515	9
2356	65
105	216
1742	212
1043	114
463	13
39	44
2685	458
2030	207
309	40
504	115
839	10
1343	46
1246	224
142	1
357	118
2085	22
1542	19
138	167
310	65
140	6
1860	49
1040	70
128	20
455	50
85	311
1857	13
544	12
2075	238
592	27
664	307
1203	62
103	36
1736	285
644	6
68	129
111	29
155	19
431	302
151	8
417	35
541	191
108	52
2421	49
282	34
385	43
231	1
2456	66
9	249
753	239
229	78
503	188
43	36
930	160
36	65
156	67
1056	178
2033	49
7	185
1124	15
31	247
2453	12
344	159
406	102
7	200
244	146
89	61
1979	67
252	273
33	126
128	131
844	46
1522	199
643	31
453	16
1919	173
234	142
1282	37
1394	10
1610	14
650	34
519	82
443	127
1411	5
1921	106
342	20
180	12
774	223
987	21
1198	4
1361	70
1613	39
948	36
91	62
775	36
691	17
98	214
1250	155
1349	59
2141	4
1315	2
573	40
1522	140
453	24
1575	216
189	224
824	22
1472	19
531	15
426	39
3974	119
553	12
334	129
13	186
130	236
1186	57
2298	5
188	4
1711	215
248	60
465	50
1775	302
23	20
592	120
623	148
616	114
325	181
2668	485
239	45
768	22
640	21
274	43
92	28
476	90
670	349
463	27
185	120
872	335
209	32
347	10
1155	76
462	136
1629	14
304	75
903	272
241	141
872	248
296	25
232	73
138	77
722	168
1413	18
215	317
439	201
1794	66
14	49
212	37
808	13
263	101
3683	243
504	268
300	84
67	99
920	214
788	3
1342	53
310	320
406	108
560	237
771	17
881	535
504	323
3834	62
3136	167
173	52
378	7
370	59
69	83
734	19
290	185
697	58
1296	220
139	103
40	10
324	89
1885	7
13	134
249	42
1212	107
879	56
233	123
1240	150
819	146
89	378
2555	231
1175	124
645	7
437	17
380	74
475	49
1393	154
122	89
1029	18
228	3
641	40
1344	73
1005	2
231	30
1442	8
1769	1
695	37
584	164
2304	192
1321	25
593	194
820	157
1598	543
1476	335
1855	2
760	98
192	97
1705	35
1441	75
5569	8
830	104
966	21
1075	8
887	341
709	60
407	82
867	303
113	87
1015	12
286	1
718	32
20	158
1160	28
533	29
1183	70
1473	28
1296	23
295	211
1942	7
456	85
3090	45
23	300
513	98
998	68
2054	150
245	85
1568	51
259	35
347	42
1628	22
224	59
684	6
2689	24
1296	358
95	56
1816	52
914	40
577	14
634	40
49	61
297	154
2336	179
77	19
870	200
586	61
1424	162
1121	97
2267	3
368	98
977	116
540	2
365	61
1236	20
245	3
109	72
632	168
1384	301
668	99
240	30
4147	269
685	120
798	88
507	144
719	159
40	189
318	287
260	107
44	357
1641	52
181	62
1108	83
476	57
688	203
641	67
93	73
204	52
709	17
206	171
577	67
842	167
613	183
2610	148
88	176
1104	72
307	8
109	96
219	101
1094	79
11	3
205	399
188	46
215	326
187	166
2143	57
964	217
1417	52
828	80
840	20
1173	57
2286	304
83	63
1501	5
1380	40
983	274
176	723
474	41
530	70
183	90
1150	271
671	69
357	87
1861	189
308	73
276	160
351	44
497	32
316	47
416	128
1570	66
662	174
1856	123
1720	49
128	10
249	33
102	94
932	87
364	60
232	37
129	79
272	13
181	44
431	164
1206	73
1275	22
365	123
40	16
791	44
483	21
260	137
22	53
1773	179
228	308
790	199
312	181
1098	27
2850	9
945	148
107	1
1470	10
520	198
145	83
1061	206
297	10
2316	11
783	106
1751	56
409	90
1127	147
33	3
909	156
28	253
2268	9
732	130
2344	12
1294	18
642	129
759	51
3940	42
57	197
13	49
840	52
383	131
222	192
321	37
397	35
160	34
810	68
1068	3
3906	105
1097	45
18	19
98	26
1379	4
611	295
266	318
119	60
245	6
195	3
804	66
1946	30
505	1
2332	205
958	98
560	38
1328	172
128	52
300	239
995	377
552	159
1952	100
49	63
1087	15
2543	237
405	44
410	122
912	10
317	151
1994	236
2071	92
1912	254
1980	158
836	127
1158	206
152	199
2374	116
898	224
415	5
625	54
156	492
15	28
370	108
3	46
921	117
432	132
459	272
1285	443
67	428
55	190
130	264
904	9
1293	95
458	181
576	49
3874	48
632	96
84	29
37	2
1628	30
36	35
647	244
378	2
822	271
108	142
429	118
1721	121
1207	46
28	6
486	110
14	340
144	49
213	108
242	41
48	16
570	234
665	510
743	174
237	3
73	88
328	134
806	14
488	80
801	145
588	78
368	12
1078	32
394	131
267	68
425	122
697	53
2270	174
3	168
1124	91
49	63
376	58
560	384
1298	51
348	71
240	233
1397	37
2517	105
1197	83
94	155
1039	303
874	44
19	163
1209	162
1376	113
954	58
1308	83
402	8
1485	30
284	134
567	482
340	89
433	23
451	419
160	294
907	28
183	156
297	44
1385	17
1531	19
428	257
3029	8
641	65
371	100
355	107
15	15
18	26
4143	59
608	54
1179	37
16	14
3673	225
179	11
320	4
294	90
253	86
1329	21
391	56
304	23
1195	209
889	17
318	37
387	10
2190	58
367	1
169	237
144	33
191	171
1274	1
2181	3
2793	101
960	13
290	294
37	61
343	33
378	112
626	47
279	12
515	8
1533	44
1036	173
887	104
654	302
1260	41
1815	34
240	159
926	52
660	62
365	115
1377	20
366	60
129	259
122	210
4	45
131	62
1676	272
412	60
317	14
4268	22
541	43
801	41
330	181
107	107
1701	183
313	15
2597	182
604	199
213	22
37	1
1015	9
328	25
174	244
304	77
1134	33
173	9
1981	33
486	30
246	26
96	214
1118	24
5325	28
152	27
151	22
449	163
312	61
1636	46
223	52
445	154
2074	76
16	137
63	60
679	76
526	27
740	59
194	58
256	13
778	25
643	12
893	56
1109	34
316	29
1199	32
226	195
247	8
716	222
1014	23
62	440
33	55
87	48
204	146
199	39
600	248
297	48
1158	20
207	48
136	96
468	28
155	4
630	28
3267	214
988	140
159	82
35	37
157	163
1532	343
187	261
38	150
190	39
395	271
226	13
19	12
268	40
1773	57
1172	89
33	147
995	112
720	3
572	5
652	243
441	30
964	202
53	3
1935	23
126	197
348	27
426	43
176	213
284	287
272	63
51	20
1019	26
15	11
848	155
2427	77
1028	31
804	334
67	89
577	66
1995	148
340	71
613	117
351	93
1638	49
976	20
2200	38
12	131
1029	317
2682	22
451	32
1013	254
1240	490
1230	29
914	18
1196	98
1084	15
468	162
436	235
560	113
188	136
1	8
146	109
35	103
111	24
914	170
3228	180
2289	243
442	265
1115	15
141	4
1494	1
784	3
322	558
1406	182
712	185
409	153
371	113
358	250
507	234
558	20
39	237
502	99
237	125
277	74
227	61
56	12
18	29
1816	118
339	8
357	19
1524	160
458	130
23	57
931	132
1607	113
235	125
645	194
529	54
881	72
393	87
406	3
826	49
950	398
586	268
1901	15
124	151
507	22
366	76
242	2
356	15
827	329
460	12
269	16
15	51
923	11
514	137
1063	413
1099	238
178	85
198	74
770	87
71	80
42	15
821	126
548	53
781	103
178	210
271	44
166	108
2387	344
1	92
326	22
452	208
92	20
1583	72
692	17
2227	103
308	95
2473	94
1007	9
1002	68
85	13
1833	398
238	37
788	217
204	197
777	69
1496	151
609	192
281	41
119	170
866	65
76	105
2218	122
2211	111
511	194
783	382
949	14
714	89
602	215
649	49
168	70
1403	77
1199	76
1873	19
2513	33
312	6
699	126
204	56
1264	34
322	45
412	23
1038	9
893	45
1865	81
265	83
1345	76
717	9
395	35
888	165
579	259
1686	26
557	41
337	11
1658	44
3236	159
83	202
730	39
813	19
2382	74
852	193
617	151
671	188
880	461
484	158
371	115
155	35
1729	107
442	187
176	258
2455	106
25	227
815	68
1485	5
1579	132
345	112
680	348
950	119
481	130
392	38
1002	149
200	105
2943	223
1160	3
17	105
231	2
2200	3
947	163
2150	20
3306	168
283	141
308	63
580	48
54	60
275	41
744	22
3486	158
398	12
1255	20
209	87
68	515
213	56
153	67
537	11
194	78
2695	87
2875	38
1716	43
1358	54
397	54
49	375
31	697
889	337
99	34
944	12
675	42
368	206
250	183
2270	149
71	44
778	7
62	38
128	119
126	35
86	97
20	25
215	129
220	25
338	131
113	84
555	15
529	127
1004	35
469	9
176	63
226	199
3479	21
310	56
370	121
605	51
1758	111
1040	58
284	52
1446	172
72	80
58	48
499	302
704	142
752	236
1799	45
458	23
98	115
699	77
2	92
779	253
977	66
1965	19
1460	144
182	9
1874	19
76	253
161	32
42	89
371	72
275	98
1616	19
1824	119
1568	21
343	72
1481	124
53	5
560	73
448	130
222	23
386	80
800	120
432	6
633	78
619	211
200	169
2265	57
263	74
670	37
1256	100
87	264
10	151
593	61
43	167
1338	3
450	39
176	32
151	55
291	383
553	23
1532	185
820	268
717	49
795	16
1617	121
151	20
657	55
10	46
561	79
1376	296
1086	6
595	12
394	215
1070	265
13	82
4221	31
490	37
1381	2
813	31
963	260
236	84
2030	113
63	28
205	320
341	115
831	220
2	11
227	63
981	45
525	388
2806	72
826	32
71	101
247	108
10	35
2050	24
997	152
2595	128
259	30
716	11
1782	8
153	40
3786	99
948	19
120	66
929	90
898	19
218	168
836	21
1280	21
1187	60
319	90
111	48
178	499
1646	56
305	33
170	55
615	175
1587	251
198	55
358	68
1337	56
1942	160
1658	372
155	140
807	199
352	172
45	183
47	262
638	4
95	134
636	171
570	190
406	322
32	7
386	310
736	100
1717	63
649	22
1623	102
152	223
1900	293
188	88
1011	97
2863	28
376	2
442	193
1245	87
1651	136
124	135
1629	37
361	74
54	28
1682	21
327	126
748	95
373	140
419	28
654	511
173	172
682	85
969	133
879	62
1268	2
372	122
430	11
23	66
1057	96
505	243
2413	208
1775	10
202	154
434	99
316	126
1439	42
3492	127
452	38
322	284
1546	4
116	44
52	145
2019	9
360	272
1685	257
2751	26
694	124
575	89
263	244
1236	71
1281	155
381	47
1511	183
98	71
705	213
1445	27
603	65
399	7
1177	3
530	220
523	70
563	167
3260	4
87	162
27	80
1640	86
1590	73
917	178
114	10
421	55
984	37
155	391
319	27
1431	18
151	95
705	141
582	35
398	257
691	21
1516	604
1692	105
290	33
807	2
2019	408
450	157
2443	277
2207	151
129	67
335	5
311	101
609	4
61	10
87	165
815	162
428	55
1337	97
204	124
217	77
94	206
1776	8
465	1
802	251
6658	71
1161	44
293	235
2116	81
76	57
1741	43
1606	15
1266	24
864	200
874	31
404	40
1288	22
594	8
1404	79
180	7
527	32
1351	45
1113	27
219	46
972	68
1114	44
358	147
1630	167
234	65
1325	83
1075	40
323	68
114	152
2346	255
808	81
409	157
506	171
1155	200
1079	112
195	34
1649	90
222	24
304	2
773	4
959	164
300	38
945	29
1831	42
995	179
550	29
405	43
278	52
178	50
2004	14
633	37
509	143
1379	16
829	172
507	196
972	119
884	177
99	308
405	24
1558	1
21	95
235	144
844	191
105	18
678	184
146	110
1957	109
12	306
569	127
701	135
361	261
100	120
92	21
72	121
101	57
404	142
1033	20
613	113
960	161
328	232
140	162
533	261
718	48
613	233
1122	36
1988	3
12	378
133	42
369	87
75	143
81	93
691	21
1120	47
150	65
778	14
2924	64
281	24
959	53
6	34
505	366
249	272
3074	55
2184	160
2343	179
447	76
986	47
537	41
2746	40
340	98
88	48
576	5
44	179
177	103
703	64
846	98
694	53
2250	107
254	171
1116	4
77	54
1524	49
4	164
890	58
443	34
887	38
565	5
707	109
715	17
3503	57
107	234
1182	29
332	185
88	449
2372	107
584	98
3020	137
665	1
3153	191
231	288
437	75
177	282
645	24
275	339
14	29
326	36
176	3
501	54
303	1
183	24
346	111
527	89
570	61
1150	166
221	14
743	131
483	152
587	30
530	30
507	113
1403	50
237	202
1576	5
257	167
2344	1
1110	17
1288	83
204	167
665	181
1785	10
326	44
77	39
1177	42
254	45
115	91
386	34
876	90
6	40
1078	318
1069	7
2350	476
566	116
558	111
241	104
171	259
1138	58
1347	21
411	4
302	153
610	55
130	7
1232	17
454	221
1933	32
414	234
907	186
163	192
976	292
72	98
201	272
362	59
496	110
438	134
44	150
911	98
74	42
1048	42
664	149
654	26
3084	44
375	45
56	512
607	43
990	83
1665	62
568	27
395	5
2992	3
705	56
155	234
713	12
828	9
669	33
1775	13
1704	68
509	205
342	108
212	87
716	60
1385	70
642	14
608	58
178	45
420	144
1770	8
318	254
1717	248
220	179
352	79
1160	84
37	233
1647	260
315	68
677	36
136	13
402	179
255	26
645	75
67	81
362	132
407	25
1716	67
4029	40
90	7
686	88
2357	142
880	158
689	124
592	36
405	34
434	163
583	16
366	124
3381	52
2972	68
532	108
2346	315
1568	269
1646	151
723	60
278	176
1211	61
992	424
70	166
130	229
1134	158
368	78
1819	43
365	106
1548	163
451	17
1978	187
237	66
525	90
1198	9
93	161
105	20
806	44
2176	10
1829	105
1	47
1474	81
244	174
4223	142
63	38
147	93
172	53
522	382
351	66
116	17
1061	79
625	185
85	32
189	399
269	17
2419	51
497	15
202	34
143	19
186	339
536	128
15	118
301	178
328	32
586	2
471	83
170	128
1983	43
819	111
3363	21
85	131
422	139
1342	419
292	56
1525	144
2670	6
32	54
1605	336
728	234
645	289
210	78
1305	549
37	64
774	85
645	200
1163	2
706	264
612	5
422	42
663	62
319	103
522	171
1517	27
965	8
293	9
2504	165
686	5
631	107
170	34
2472	37
470	222
994	12
104	7
613	168
4852	34
1466	17
1379	42
650	25
1844	23
190	48
1829	98
544	70
549	171
141	22
958	573
508	64
107	8
66	151
681	31
1726	50
139	49
1516	55
3286	125
1086	46
1487	4
793	25
1425	107
357	90
1163	206
2634	2
332	22
1919	142
26	121
467	30
447	4
583	2
996	176
1402	188
836	157
2094	150
991	6
201	27
710	350
505	106
195	224
266	341
403	13
483	334
1347	132
1370	2
308	76
436	103
1252	56
278	168
271	58
719	190
455	119
117	106
192	104
1151	39
1558	18
666	89
121	14
107	185
271	8
1550	327
476	104
222	27
1117	19
625	100
3174	362
1222	10
253	8
366	38
297	85
1014	32
362	15
1226	30
3	232
22	11
181	28
93	5
415	15
1421	202
108	171
715	81
466	7
1277	355
558	114
388	295
1152	1
211	242
898	35
3814	136
98	109
2820	83
154	4
1509	103
460	242
107	123
614	66
351	5
425	97
1785	88
990	48
1028	95
2725	26
581	24
283	7
288	4
827	55
30	80
1610	144
2438	43
381	147
409	28
204	40
1197	81
1365	90
212	92
108	119
233	73
599	106
716	38
23	9
607	54
286	57
841	141
268	114
996	225
2197	143
11	78
448	157
64	45
113	109
990	4
778	159
1703	62
1312	39
829	20
455	83
425	4
1395	88
1975	56
609	35
482	113
408	246
178	71
386	45
365	51
32	46
788	132
750	13
323	293
311	169
1580	95
2370	60
741	194
1106	49
109	166
453	142
405	296
25	202
507	172
605	10
390	96
142	199
826	69
682	56
1160	30
1400	422
450	112
621	35
253	36
2800	11
1105	134
272	189
372	4
1139	35
2164	206
741	60
800	1
275	19
739	16
108	22
344	92
1716	59
896	210
8	159
1632	86
1265	4
239	128
245	123
39	133
250	36
1335	35
387	18
576	74
209	202
430	148
5	149
1937	11
317	3
1032	110
1390	36
548	29
1063	16
16	298
709	100
619	20
2180	85
123	19
892	17
2985	50
258	73
322	235
2541	114
16	3
338	303
327	27
603	7
234	5
550	22
1239	42
2770	2
855	49
443	179
507	7
151	17
160	184
1435	67
89	38
506	124
754	83
1487	52
430	128
328	4
751	110
182	9
563	5
21	19
2531	7
353	24
171	42
1316	38
34	113
860	37
657	94
157	322
215	21
170	278
829	84
1013	243
649	28
290	47
347	8
255	93
90	74
482	58
248	157
785	22
839	323
259	27
409	33
2342	36
528	274
348	13
509	26
1059	93
1969	44
3461	82
142	58
851	81
1440	207
776	101
294	46
785	183
2187	237
710	88
782	17
1778	7
1889	780
557	27
2670	71
502	39
222	195
76	211
188	2
1975	222
1009	116
137	26
785	19
919	3
865	204
29	49
400	24
180	154
439	39
3816	28
1074	84
83	6
30	254
210	78
191	19
1052	29
63	58
1088	191
81	371
637	176
1730	464
150	131
23	97
3017	69
733	577
903	44
253	24
505	192
1567	9
406	157
1683	127
179	30
157	215
1071	106
1146	140
139	27
562	75
2527	164
10	67
346	188
1204	47
1603	79
94	11
0	144
668	17
227	110
20	308
392	4
1097	148
781	56
1024	227
117	174
235	259
645	27
509	61
328	194
736	21
165	243
437	229
1412	65
2721	4
2061	33
749	197
1269	58
304	30
128	3
162	72
543	11
1427	93
293	94
424	26
26	51
1489	96
954	8
481	144
346	92
1107	29
655	5
604	110
456	62
47	32
1761	27
2666	38
523	165
1050	164
611	32
974	95
531	7
788	125
2856	19
1221	32
432	7
3853	7
1470	76
569	216
567	25
966	32
125	37
490	99
504	95
1688	46
834	81
990	78
796	29
151	166
188	287
10	7
315	372
708	204
91	7
141	78
1533	254
376	251
2776	649
240	57
1879	129
55	57
506	110
118	38
345	244
1234	24
1528	35
265	50
338	175
1841	112
86	51
1646	99
2899	1
1444	148
2132	144
1333	259
3614	19
863	12
874	85
4613	33
776	313
262	85
463	146
2247	189
1040	32
1473	185
607	89
2269	9
710	82
543	139
138	74
735	86
1629	170
1009	35
400	9
1089	69
734	107
96	32
2193	144
3041	3
716	152
367	95
34	132
789	98
546	87
1	160
229	318
177	2
346	17
2204	102
4259	18
222	283
1268	33
25	58
215	3
11	212
76	221
1877	27
417	22
48	3
899	96
1269	39
361	69
961	45
11	88
940	10
146	1
168	68
1738	36
960	137
1542	169
17	163
716	215
1655	42
216	218
292	30
737	53
621	69
24	35
126	19
354	303
434	40
1254	291
1793	184
940	126
102	197
1926	96
785	18
1021	38
234	32
356	239
2913	21
1753	104
1052	8
455	228
407	92
152	39
454	228
1666	227
19	81
2133	215
481	3
76	100
46	4
168	13
1087	63
183	150
992	82
389	156
903	322
2270	3
531	326
635	68
246	187
189	33
1400	1
75	78
263	66
91	30
611	8
197	82
22	53
2769	25
358	157
95	26
72	336
301	115
1244	39
106	27
1801	18
1037	37
123	55
2132	73
106	8
404	98
445	14
556	24
424	236
1491	130
154	48
2498	38
620	52
1432	11
286	11
1347	18
532	167
689	98
1241	36
291	62
242	23
543	160
2348	146
1230	18
344	106
137	23
255	33
2487	22
79	25
505	26
2091	155
47	311
1514	157
57	189
80	75
841	52
873	186
1563	405
473	153
173	271
555	53
452	42
540	35
105	54
508	20
222	6
2032	40
306	5
217	33
1960	49
540	12
179	65
670	25
2196	214
120	35
2757	88
1624	91
680	71
671	43
51	34
1163	43
890	84
3208	334
749	138
645	7
938	14
901	5
233	65
731	118
600	4
22	13
69	22
37	256
840	22
750	212
830	131
1598	20
106	83
782	319
1890	22
900	144
303	333
196	12
330	5
689	11
15	142
227	74
1376	15
180	74
198	97
2300	2
384	158
104	73
1449	106
1279	2
1402	106
489	15
1769	79
94	133
691	36
1054	4
303	84
233	242
225	114
1268	31
458	139
1935	258
196	216
567	37
767	44
1028	22
1627	18
720	21
360	21
997	107
164	66
1022	43
68	15
762	5
341	24
2921	123
1436	63
1245	72
917	250
985	164
2332	11
2791	59
1015	219
427	121
2176	59
41	19
215	3
1538	409
1838	11
731	96
1402	80
1739	197
490	28
501	33
233	11
523	104
235	95
2865	24
1080	181
782	200
281	48
690	58
2135	23
108	78
517	76
748	56
681	73
519	21
348	34
247	51
220	11
977	75
12	204
552	34
238	41
428	88
673	320
747	88
816	190
1199	332
418	6
366	143
33	85
88	181
336	89
1505	41
1033	59
1431	2
263	135
1209	13
722	38
54	47
707	512
567	18
195	53
1332	23
783	38
148	41
2825	145
1120	91
643	58
854	13
744	111
564	19
3444	49
52	77
191	10
1104	50
112	76
108	150
1061	450
1458	510
1415	142
62	726
948	42
726	175
107	365
351	59
220	17
1783	1
1145	43
1728	11
1831	109
56	106
207	7
433	28
1169	59
3901	72
207	94
2028	209
267	128
1840	130
1634	153
1070	294
178	25
725	436
478	85
121	64
3306	41
327	143
73	107
154	167
938	192
650	155
13	5
711	187
30	26
1269	87
289	31
185	99
1449	143
1968	30
443	4
19	60
1085	35
45	33
239	55
231	28
617	6
0	283
881	50
282	47
35	259
1530	177
2457	58
9	215
426	9
1379	100
235	73
399	26
1406	95
1170	121
541	8
698	439
381	20
981	106
795	107
778	63
1036	37
459	49
935	48
1185	223
817	87
330	59
2015	6
438	104
132	62
1859	134
302	47
320	32
1309	59
1032	100
12	52
326	46
1543	56
147	93
270	23
437	198
796	126
1447	66
579	102
190	384
164	22
236	5
1049	8
1561	26
428	59
395	1
775	1
834	68
197	9
1118	186
924	422
1304	81
227	284
595	130
408	49
11	3
1500	13
152	310
251	84
2025	12
496	141
475	92
127	32
169	50
815	155
1799	42
148	49
1553	169
1523	1
650	120
828	45
840	43
565	74
742	105
1062	344
394	80
792	38
71	34
71	61
690	206
86	112
220	9
700	17
1118	266
401	125
483	144
776	195
357	149
293	22
99	229
386	30
358	311
254	73
420	38
591	39
223	102
686	452
1493	77
315	120
926	49
595	142
703	276
2038	117
231	343
3426	138
1801	171
516	2
1190	68
431	83
33	15
409	81
167	124
476	473
1742	9
1356	253
98	110
2692	77
1787	43
78	76
667	54
243	57
754	44
107	369
264	127
480	49
2126	138
369	112
676	139
91	153
2892	182
1521	123
894	194
206	58
515	127
356	391
533	50
4038	333
960	319
162	67
467	175
945	120
322	145
822	309
874	8
262	211
525	26
1117	132
264	213
345	183
42	291
714	52
76	54
1002	353
1697	4
102	6
73	12
217	29
166	103
459	165
2086	137
184	33
33	360
541	9
258	5
2345	39
1547	59
772	39
819	206
327	15
1261	84
742	94
1001	97
1977	152
254	16
99	125
679	72
248	58
190	129
201	154
452	162
426	70
1369	121
759	17
119	40
290	35
2098	91
196	380
615	74
351	19
1432	60
194	53
236	169
120	39
192	47
1900	121
522	47
990	138
193	156
1516	18
635	162
329	114
118	106
44	116
571	87
169	120
1482	34
1977	174
290	22
1887	670
584	71
190	140
377	105
534	59
319	115
1442	16
172	83
497	21
625	6
1110	42
1411	285
956	82
1060	339
485	116
709	47
162	46
200	16
133	32
2298	174
1058	100
76	22
530	63
1422	49
1754	28
1243	69
1239	86
580	61
883	165
1701	51
1174	135
790	79
761	23
274	3
374	164
761	56
432	25
2457	68
413	86
2635	20
1308	208
2048	150
295	105
671	49
209	166
384	24
247	26
2230	11
283	88
684	167
360	68
117	29
233	122
288	45
591	124
25	102
179	6
750	117
1061	61
29	33
669	26
581	527
800	63
1442	47
423	31
3939	85
834	20
281	100
656	130
247	70
2460	41
2113	21
4	68
13	466
1023	284
837	94
66	111
1120	59
821	37
343	27
275	21
1297	5
1775	125
337	18
828	38
1213	70
55	171
150	41
1214	95
320	36
649	149
16	104
336	217
394	40
697	230
1845	99
356	27
1678	58
158	40
3305	2
572	82
455	10
3445	7
1227	216
603	123
560	7
167	149
103	35
242	253
4426	248
303	14
49	227
911	6
309	13
1302	5
1726	1
812	96
330	69
4	11
1802	10
65	125
88	38
392	87
352	128
1623	111
744	53
1362	180
168	81
175	15
271	45
442	17
66	120
9	57
2208	6
1293	22
614	124
1381	105
927	158
215	269
1107	36
2976	54
375	401
661	14
977	7
481	226
1090	332
2168	60
416	15
104	108
212	45
181	21
2203	245
417	20
175	27
96	48
306	110
321	140
68	134
1330	31
117	127
1064	60
984	117
749	140
225	35
1285	2
1844	62
90	417
13	79
10	273
563	115
123	15
896	174
2676	22
696	130
73	76
737	108
528	42
772	239
704	38
461	109
1630	90
145	21
1284	109
27	341
1430	149
1476	6
550	29
490	22
1188	32
1114	17
289	191
232	36
1786	4
2086	46
29	45
537	9
18	52
918	138
923	21
195	105
315	254
746	53
1262	46
1715	3
130	93
201	1
16	21
477	48
1684	31
1515	22
355	20
127	154
126	229
45	12
1416	25
183	184
744	53
1158	20
1877	1
331	298
271	336
427	63
118	38
431	125
619	5
1268	11
725	96
2563	146
536	17
3939	229
3663	436
1461	14
883	221
181	121
99	208
99	38
1202	38
938	155
544	148
1018	361
816	110
0	75
1525	39
254	324
1702	101
207	50
1608	152
105	126
144	4
64	89
130	6
3579	163
1544	78
689	60
1848	55
146	234
2218	140
449	59
1742	3
166	74
73	32
254	141
513	87
317	100
283	96
482	46
294	9
708	23
947	3
263	10
893	116
882	285
2078	311
202	42
3534	62
1057	97
2526	2
1824	20
228	79
1513	131
202	357
183	146
250	89
951	41
589	61
1078	120
1079	77
652	5
954	25
1451	54
456	224
807	188
1132	108
49	8
1067	43
401	61
87	57
332	3
2437	126
1016	41
146	16
1239	46
135	10
962	202
2724	22
2454	150
1598	143
2460	21
573	47
567	22
33	67
327	268
1075	107
319	121
1447	234
542	89
151	317
1530	336
492	348
37	29
411	220
2024	498
355	7
1342	73
631	128
64	41
108	74
1248	102
107	93
450	175
1085	6
321	2
976	11
216	53
48	21
274	11
3156	53
3546	100
491	87
57	244
174	2
648	276
107	20
1689	41
1186	55
1406	20
230	235
1019	63
124	30
771	31
438	362
729	39
2709	233
407	34
776	387
463	5
173	61
263	57
292	141
218	37
99	430
99	194
50	125
613	46
2501	35
452	78
775	66
38	58
1295	30
1486	119
219	107
301	6
145	187
235	214
837	67
785	13
149	14
895	206
2716	105
343	106
890	30
117	86
952	28
2579	215
2347	183
421	24
658	436
386	45
1443	51
76	14
17	124
269	23
219	31
952	60
300	251
443	19
442	24
3210	49
66	205
226	23
769	61
739	78
1576	47
288	29
1370	90
935	195
536	57
834	33
15	131
157	40
437	163
231	35
228	53
516	161
79	66
337	164
48	135
151	24
1310	7
234	60
80	22
1169	42
337	14
282	67
506	28
691	4
300	61
1557	12
1023	170
429	102
700	52
303	86
1133	3
818	140
668	242
371	104
103	50
37	33
1348	111
25	15
562	30
545	60
354	45
1980	380
863	57
1362	123
667	161
999	68
238	265
326	158
695	26
70	318
3067	34
1909	12
576	270
20	31
520	8
134	121
145	19
1275	462
793	63
277	287
606	160
1909	267
1017	153
339	80
33	154
172	15
117	63
696	2
114	64
19	190
2005	71
1627	18
1856	13
761	44
712	432
93	17
83	212
191	48
333	213
475	40
47	56
394	11
1219	7
659	189
65	34
1308	273
123	15
650	17
88	298
1614	59
240	13
5509	52
837	308
1753	54
533	192
437	25
1802	115
1700	5
218	226
1351	159
761	258
212	17
1968	32
1679	89
391	149
649	47
37	22
2398	50
1412	45
344	26
1419	16
641	46
1323	41
47	66
522	23
905	77
211	42
67	47
385	317
133	20
2451	37
2509	61
726	99
1610	87
1872	113
1827	55
365	11
411	97
126	54
40	195
97	6
2222	85
129	113
2136	399
721	27
2529	59
1435	4
498	27
989	439
50	83
1489	148
554	203
293	113
592	30
2053	120
2159	58
269	145
185	27
1876	20
69	96
2362	36
445	301
1696	18
2016	65
54	15
894	48
211	238
1225	91
561	45
689	48
2558	47
1001	17
373	36
169	69
1509	48
435	79
281	8
898	5
403	29
54	248
1957	284
1170	155
111	42
379	123
78	286
655	10
311	78
66	40
194	18
1567	179
41	101
1195	156
276	225
339	242
81	8
579	9
62	26
659	27
801	36
15	293
838	326
2957	93
362	33
606	20
687	76
448	179
3181	23
1326	32
549	76
784	44
18	24
105	29
110	35
810	55
1805	46
583	56
1517	167
292	67
380	107
140	123
219	152
52	58
714	30
1916	106
359	14
2564	372
571	64
2286	17
2074	62
3063	335
1103	34
1142	478
1011	916
391	139
1237	87
489	181
1964	101
799	19
217	23
2001	71
455	28
551	253
4094	35
1956	9
701	237
134	308
75	229
523	14
708	123
1984	5
635	88
119	93
386	61
125	206
233	246
325	303
747	223
856	171
697	217
605	69
174	58
428	217
522	95
687	390
1363	77
1899	194
377	60
828	173
865	487
1009	139
1176	184
2304	50
242	34
1095	37
1585	79
1272	30
1229	37
18	27
1025	104
11	74
366	22
658	176
985	146
77	4
773	1
133	23
357	23
106	12
598	10
339	119
59	98
809	18
307	22
98	80
46	280
626	19
102	82
78	67
400	59
234	46
150	54
251	11
28	16
614	209
1853	24
649	161
830	2
33	33
876	81
999	73
2032	300
327	234
2302	17
194	100
1613	59
2328	127
1073	77
556	14
45	20
246	165
191	26
869	100
529	88
201	27
972	203
55	61
1079	191
1682	27
24	32
158	193
30	66
83	117
545	69
1575	37
814	68
1581	97
400	21
31	15
326	287
3030	27
317	239
389	85
295	129
1053	55
2064	35
1568	1
1085	130
798	77
776	127
2894	82
1325	81
192	28
1923	87
990	191
332	52
86	111
756	46
265	182
545	274
169	66
1034	62
261	42
78	235
378	62
1069	21
365	236
559	233
43	192
352	139
2003	32
920	93
367	30
1809	21
806	126
287	11
1598	32
742	35
845	29
397	46
517	11
564	195
278	21
94	357
606	75
667	18
895	132
548	1
149	21
263	16
739	24
1734	23
1011	3
259	274
1768	18
85	35
427	211
771	38
1568	364
896	10
113	80
1466	132
219	389
338	203
2145	113
91	75
805	143
1625	326
1868	1
382	45
543	14
3451	80
700	1
11	258
64	142
384	147
18	14
1682	2
1499	70
404	314
1377	20
49	217
48	168
786	104
183	26
493	222
1030	104
1377	30
808	164
885	15
761	204
454	2
50	24
467	12
612	226
555	76
288	2
1846	235
1065	279
54	148
37	164
17	50
665	360
2165	40
369	34
1080	78
276	298
1422	112
1227	23
695	42
4262	1
1888	79
2824	291
1666	248
1555	226
147	42
1153	19
2910	74
29	105
13	41
47	55
3762	65
419	100
1116	125
56	1
88	395
1608	40
1824	38
5	101
47	193
147	90
239	173
1094	101
924	13
949	241
94	46
772	354
164	149
2172	84
1966	34
909	81
530	175
3261	19
258	163
894	215
1023	89
379	198
682	18
623	195
6108	14
67	53
1138	44
135	124
962	119
168	170
998	20
332	34
455	39
96	359
448	139
2070	124
397	20
472	84
243	39
1226	209
1206	7
84	37
119	134
2032	43
447	217
1679	35
290	89
214	399
102	87
537	43
1601	109
1263	78
713	32
247	173
2010	344
150	101
111	3
480	212
7223	79
131	167
210	74
29	232
1342	17
227	44
830	124
5	27
526	8
549	46
266	153
89	31
200	54
1489	223
17	18
1963	64
319	63
496	144
239	56
321	93
174	56
841	18
959	293
139	60
1728	135
1100	161
464	58
2072	105
168	65
631	16
306	32
177	139
1369	2
354	129
858	75
81	46
481	36
80	52
88	4
1529	2
1034	7
16	149
207	152
1921	110
1161	9
1014	133
419	143
1729	180
694	8
853	54
35	181
1299	91
12	59
3723	4
9	52
621	50
185	3
682	67
247	26
168	87
630	118
562	22
74	117
98	24
703	11
1398	35
603	74
1737	41
1470	2
12	75
110	104
400	34
251	21
942	138
75	72
1052	26
1838	50
856	16
701	245
1172	73
1334	234
1797	91
565	15
119	20
893	73
161	14
150	455
2404	2
1490	227
576	205
212	93
38	53
147	108
552	262
1649	13
311	230
40	21
466	161
799	94
1869	32
33	5
929	50
735	128
472	105
132	20
937	43
3315	89
876	416
145	67
935	87
3	35
132	96
1276	155
991	25
1222	50
511	86
572	131
444	30
1353	100
574	44
198	103
1293	17
2268	20
225	86
587	36
1312	51
1475	344
16	7
183	129
352	216
512	20
406	160
464	81
1521	72
41	126
1639	1
2286	91
108	35
92	7
250	89
655	28
825	173
3	49
505	33
103	49
3880	144
1117	63
995	124
59	33
1026	90
237	184
2018	117
1311	32
1714	206
1358	361
105	130
1611	50
198	86
606	9
18	387
21	107
107	35
234	196
2070	548
517	28
204	15
3	38
880	33
211	20
527	32
291	20
2804	233
247	231
526	156
614	6
576	125
1843	19
343	126
821	236
954	20
229	109
663	34
4987	39
545	136
1878	1
596	2
383	22
205	48
755	39
1509	102
1086	212
68	45
599	15
235	282
459	1
33	36
81	165
963	19
483	29
2337	57
49	132
378	33
1161	32
409	111
369	122
792	32
1393	59
274	188
1313	23
573	174
187	75
314	506
967	33
638	4
458	10
658	23
606	482
142	35
29	430
99	112
965	64
46	129
3	63
990	49
286	467
462	153
695	61
88	73
1006	72
467	297
87	13
1673	175
2044	10
387	13
21	70
1455	157
763	10
1239	67
537	46
1224	52
14	51
853	152
324	12
314	161
1330	51
1270	34
1470	438
215	26
697	82
865	152
1245	206
1660	64
71	82
301	144
1175	52
573	15
895	61
1125	30
1934	48
446	36
13	44
111	11
27	393
15	28
55	2
777	166
238	10
796	319
1285	18
825	70
556	35
230	183
527	82
860	58
1397	92
926	81
613	73
1839	12
236	125
522	18
727	84
945	87
261	17
1883	57
813	128
1548	69
728	112
210	26
522	20
1628	60
213	78
215	350
1666	218
1033	124
945	65
183	351
3301	96
87	179
274	155
236	137
913	164
192	24
346	216
191	12
178	160
163	173
226	108
270	60
152	225
52	183
3	3
1066	36
1218	138
6	233
1418	95
62	10
360	179
427	57
2706	97
457	45
842	58
49	185
436	40
689	73
731	189
128	66
754	151
712	11
499	3
3404	25
469	48
400	85
541	128
349	17
1460	7
86	119
1019	302
503	146
142	180
1411	113
656	39
249	174
84	11
458	108
2180	12
395	28
278	75
647	56
12	40
447	16
26	11
392	294
537	19
50	363
796	98
140	6
1958	159
1698	65
1192	5
593	108
2168	65
398	38
422	99
377	53
2066	114
502	25
1125	305
528	147
1347	985
868	430
593	42
754	22
993	112
159	72
98	25
112	170
1429	14
1204	224
1150	68
56	18
242	28
128	34
319	69
576	85
569	109
236	72
1370	70
266	111
363	230
1139	24
234	526
338	180
420	161
240	66
119	23
3012	104
3734	126
1062	47
323	22
961	366
95	1
125	218
75	21
904	119
116	261
136	8
1418	216
567	127
3033	63
145	271
312	125
4401	58
128	92
662	34
377	37
458	110
469	76
2846	13
746	22
1086	87
1175	9
235	120
113	26
132	87
407	84
29	22
759	9
2131	32
1857	139
761	9
102	81
527	196
105	82
46	118
1361	5
151	17
518	195
1896	36
596	16
1842	118
402	64
167	93
1237	161
35	1
335	17
1313	75
177	71
285	63
2078	49
130	45
772	135
558	359
2259	2
1636	56
3199	45
546	38
1274	12
1568	52
870	245
1250	8
832	106
558	260
601	53
91	1
148	50
142	15
359	109
1489	16
19	22
2634	25
637	203
513	7
1330	214
142	14
113	60
884	350
1007	81
608	37
939	195
1773	111
962	39
2773	154
277	9
1057	199
2321	171
687	53
900	172
1891	2
113	144
3286	4
24	125
1282	119
193	6
1937	3
571	48
450	2
284	78
260	20
168	75
292	76
738	115
664	250
613	110
283	312
1775	133
77	34
740	92
684	44
315	183
955	43
2	146
386	126
2225	3
428	54
924	10
205	12
2109	94
429	89
1422	269
137	40
24	133
328	579
223	2
522	54
1317	32
3941	67
600	88
825	49
132	101
822	32
718	302
536	68
1323	6
596	4
1006	30
262	50
186	172
668	131
25	327
956	60
63	73
3621	428
200	157
398	142
849	89
885	136
24	67
223	90
180	143
253	68
303	249
1328	5
186	48
16	50
597	59
98	23
1750	77
29	119
335	343
160	54
606	34
1579	74
2682	106
662	29
686	96
284	24
2435	18
1127	101
2395	119
1694	146
1638	49
1014	47
1154	145
489	13
2173	12
630	66
157	127
41	2
145	18
970	33
292	10
249	128
557	54
830	228
1088	19
351	50
912	454
102	22
743	150
394	141
503	54
2071	152
193	198
186	30
1690	6
1014	64
735	13
572	18
147	90
317	39
111	40
85	122
1462	88
1026	10
155	61
329	25
441	25
460	17
52	238
1618	64
373	110
711	331
1380	249
150	187
877	114
364	67
111	5
1346	364
106	63
3372	35
83	109
1889	170
701	39
52	104
109	70
30	66
212	39
2962	229
2276	100
2278	27
1180	3
1539	18
1382	102
997	126
423	9
573	97
76	62
2920	126
557	130
538	33
190	213
214	77
1287	188
671	98
44	114
527	30
222	199
632	296
900	28
530	19
1088	5
1437	1
285	137
1373	19
1603	264
825	267
81	11
473	32
767	161
755	19
3896	154
2367	30
2147	9
199	17
103	59
70	75
998	231
66	1
1934	75
650	44
121	4
658	98
1210	32
865	32
204	1
1141	99
1441	218
685	101
1448	35
307	23
521	67
1061	29
116	20
53	67
645	4
2672	55
892	1
1567	218
1348	240
1026	12
293	63
3344	64
1311	152
235	78
380	1
1087	95
48	111
2666	55
3468	115
2793	137
74	80
116	140
862	70
312	1
130	5
384	51
3906	210
813	49
66	2
588	42
416	5
67	26
84	20
781	86
915	79
324	31
188	174
1803	171
354	161
900	55
304	111
954	142
1805	86
23	71
156	320
1617	13
1110	25
100	91
182	59
187	29
1607	73
768	59
468	107
990	293
453	29
439	24
1096	168
278	240
491	77
1151	60
339	52
981	9
399	12
186	19
86	243
863	55
745	25
1100	90
35	475
91	60
4037	244
381	29
799	47
1130	32
51	77
90	16
1115	101
692	126
289	129
879	49
648	33
4418	245
4169	31
685	92
48	8
180	122
980	6
1534	16
249	47
317	3
2029	18
770	54
351	188
431	191
104	103
178	79
2331	8
60	143
482	206
307	227
390	261
1630	127
1405	180
1141	61
453	24
335	50
592	99
1231	99
2380	11
632	14
1059	50
2060	80
1336	33
310	55
341	123
835	33
152	635
118	208
489	39
578	120
771	50
36	78
151	114
2355	99
445	29
1244	128
1940	138
38	65
101	8
603	43
236	321
221	21
58	40
609	382
291	351
5769	44
1472	64
236	41
3263	2
205	11
147	329
263	24
1218	71
1852	27
1667	70
970	88
940	63
74	62
681	3
439	216
113	85
183	95
546	29
747	77
707	21
508	20
273	14
215	94
929	160
198	46
2	40
1165	228
485	57
5	99
103	217
850	91
192	12
156	56
2435	85
261	146
926	36
114	149
848	339
418	105
659	171
671	68
190	9
1101	30
394	85
994	196
276	348
1870	29
65	21
1633	87
102	7
412	167
865	201
459	82
546	23
834	287
4152	251
14	151
1170	13
1271	67
545	40
1389	66
1938	101
1334	18
89	284
2340	108
81	41
2162	34
296	84
418	163
272	1
972	74
74	11
77	67
2554	5
581	68
1022	37
706	2
1423	115
132	3
5187	403
245	201
1018	12
970	109
3311	98
634	122
216	219
229	175
745	41
823	179
2963	15
370	1
192	62
1917	19
1638	41
367	41
632	174
535	42
670	31
371	42
134	1
1524	73
426	15
820	10
73	147
103	124
229	29
294	21
371	13
895	184
362	127
48	123
830	79
1105	152
1673	27
1390	159
899	32
448	34
187	71
24	150
1006	86
1551	11
1300	129
638	260
140	34
2391	40
1211	45
288	132
1795	45
706	20
1175	115
666	551
366	7
5	21
731	24
17	260
728	16
2369	260
1234	58
1223	59
121	23
1335	157
2849	200
2511	405
35	97
516	77
666	83
696	49
2051	465
129	60
115	10
512	185
61	301
2811	160
928	65
25	133
961	7
381	70
160	111
63	6
312	124
73	248
525	96
961	42
394	52
116	66
712	42
604	25
1204	84
506	14
188	107
782	130
418	142
811	57
969	5
1598	21
337	80
2314	484
94	31
144	2
1492	71
1999	8
3257	233
354	20
1880	150
992	70
956	70
539	199
2372	163
949	34
1066	285
3331	63
725	35
46	26
18	72
63	76
1062	62
981	58
4571	112
160	224
9	4
372	55
2149	77
805	138
953	4
1172	220
1521	2
30	320
648	19
669	5
2814	20
267	2
1036	146
186	67
1077	190
559	155
3132	147
35	347
1620	52
784	119
32	44
342	96
1375	125
697	95
2234	102
268	83
887	376
331	35
1893	121
546	15
470	134
2432	18
968	68
629	2
96	107
3915	3
37	103
179	49
17	185
1135	109
990	108
861	5
450	163
3708	59
934	30
692	15
1443	7
1073	42
1703	384
904	102
1516	57
1892	187
159	441
462	78
515	68
335	192
408	227
758	137
1247	131
1514	230
394	182
23	15
1193	227
626	29
1280	82
630	138
341	211
849	19
1613	24
170	146
1437	65
230	75
599	87
94	352
219	85
1061	12
9	21
1297	24
323	54
279	4
1370	314
178	34
1437	90
1684	112
359	16
7	23
136	180
167	129
10	5
2451	67
725	82
736	106
278	63
1974	46
239	56
78	14
343	51
686	254
239	28
1651	240
882	10
1084	134
421	22
16	41
388	230
778	12
2368	39
394	16
2631	64
1251	15
493	39
751	204
14	168
217	230
572	77
374	31
227	12
1807	112
124	124
322	356
28	73
613	16
290	6
571	39
1028	239
170	79
2050	183
742	61
1147	126
1486	20
2255	17
1142	15
321	41
878	284
777	214
786	10
1618	72
2076	10
498	20
50	76
958	181
414	83
1012	83
384	71
825	96
90	51
544	333
1054	188
19	10
1251	40
894	81
1318	89
290	67
437	182
2520	25
970	444
627	4
56	4
605	190
519	129
562	82
396	10
1320	16
2321	4
781	161
140	170
607	81
3088	49
903	15
1015	107
215	2
799	44
208	4
649	14
497	28
733	111
1522	100
192	2
1434	479
131	29
280	88
585	21
910	40
2861	208
45	401
136	54
2214	233
3544	50
642	81
1088	275
1253	171
1165	60
184	203
393	81
1115	434
75	3
572	38
1168	11
374	246
752	49
1548	58
759	48
407	7
226	87
1082	83
81	92
233	151
444	193
1271	66
326	273
133	38
179	41
1395	10
1094	68
12	166
140	8
395	170
961	81
97	57
473	369
691	114
211	214
1303	99
1330	90
3159	38
191	75
863	177
872	109
973	25
397	79
113	85
438	18
44	41
532	36
670	212
2086	55
1759	42
510	43
107	138
1352	116
1810	175
505	151
1290	94
210	114
1026	7
637	159
512	267
279	96
771	44
21	163
738	31
2010	72
780	38
672	32
48	196
1424	57
428	139
221	8
460	84
152	131
838	11
1179	272
1043	127
2339	6
154	168
456	13
204	65
2639	58
24	223
32	102
1597	38
157	58
3147	10
254	476
531	410
312	51
232	24
640	45
308	73
485	39
899	197
188	150
1783	206
1812	48
678	9
411	37
82	3
1214	59
182	18
1419	85
550	36
304	8
107	75
2134	138
2349	65
1185	101
552	114
327	9
78	14
1148	109
1651	4
257	91
456	39
149	64
2032	20
51	188
649	48
181	117
2317	188
786	99
310	111
229	30
706	78
335	15
234	41
1451	20
33	184
3633	68
521	64
667	53
46	14
876	58
327	57
1972	262
18	37
221	305
827	123
106	6
566	47
1313	29
540	393
1209	215
1030	27
126	98
444	7
1777	40
1108	197
1402	27
347	36
366	31
54	44
528	9
724	154
1479	50
694	36
653	124
591	43
1908	236
1682	73
421	5
936	51
359	221
222	12
1802	10
285	159
184	218
889	173
155	90
668	8
185	37
1248	313
264	116
814	12
1230	30
890	157
281	58
210	106
1181	204
198	146
1140	82
1715	22
1574	10
125	4
814	105
1238	21
2703	6
330	111
1380	39
984	80
128	169
441	25
172	259
745	24
170	111
601	157
2616	21
491	100
331	99
1890	213
230	47
1874	78
1178	357
1381	297
388	31
1217	48
1291	303
1995	21
306	18
556	38
340	51
37	16
88	142
2046	44
1270	28
3388	159
1083	85
287	96
789	121
664	15
389	76
970	73
68	41
32	2
270	45
836	106
1680	55
1390	161
758	17
741	129
779	71
134	181
873	55
1036	85
676	23
29	9
474	176
583	11
902	386
113	32
1352	21
777	49
907	171
1078	28
200	103
392	372
32	13
2040	13
1559	12
288	69
521	150
78	382
55	100
1146	29
2212	414
1281	334
1012	227
263	15
1483	42
305	5
377	110
617	169
198	104
2064	9
549	13
10	33
686	313
302	167
2097	105
1115	58
116	2
533	85
2700	107
1093	92
370	39
200	220
341	1
1477	11
226	291
5342	9
324	38
1710	50
262	34
420	163
229	35
1471	38
2128	220
4778	22
702	7
936	84
106	161
945	50
1311	60
317	74
413	58
1011	15
736	278
845	65
1356	2
202	108
88	115
204	8
505	223
107	229
79	42
492	122
152	15
842	164
1321	50
92	12
380	21
588	4
164	19
32	92
142	85
974	121
255	99
712	191
1068	19
649	61
41	165
4550	160
671	28
2626	16
987	26
1059	44
147	24
325	145
2777	67
815	196
972	53
989	24
131	25
584	164
17	6
62	553
245	200
362	221
854	182
196	19
34	94
236	4
190	104
112	99
699	48
3431	103
100	338
896	6
252	422
1096	172
1094	9
235	12
1288	16
229	39
1003	215
31	81
309	72
168	18
1159	75
312	226
806	27
1058	66
312	48
2524	100
231	33
937	39
153	61
1593	21
1640	67
303	169
877	53
683	21
617	104
325	114
926	23
454	119
981	51
410	31
278	299
2311	329
844	52
2075	154
136	56
958	128
26	2
121	177
109	8
1198	8
390	378
577	116
424	34
817	95
401	183
305	2
570	34
889	45
1637	41
952	118
990	353
344	170
39	10
4030	45
633	123
1595	44
69	185
196	31
689	25
2032	26
1724	29
333	45
174	55
1356	118
1702	70
686	23
1231	3
617	49
21	7
260	24
440	78
1151	24
572	35
738	215
38	303
2530	68
163	346
65	37
1498	41
849	163
105	155
978	86
215	16
874	42
184	139
1994	9
1065	239
534	319
376	81
1758	173
225	97
612	28
1181	103
1606	13
1000	12
280	17
1844	66
1647	150
1076	87
819	214
942	157
228	145
373	62
392	49
915	94
3937	185
2095	67
1263	53
86	182
586	36
383	18
123	46
1624	51
1978	333
348	6
296	135
1335	197
2252	52
135	10
3328	88
237	127
95	43
1133	5
46	20
2472	108
289	54
1033	58
133	107
488	45
1276	251
2793	198
502	361
390	116
311	67
417	157
166	12
112	18
451	182
542	31
1027	35
141	43
1222	89
2524	64
904	64
938	73
1872	287
312	27
1518	90
409	383
233	72
873	447
704	162
126	209
165	22
642	85
135	36
976	83
1716	62
1034	13
176	404
105	313
258	115
418	161
7	102
223	17
301	18
2974	60
1453	14
1580	5
2419	182
51	24
1599	64
63	504
443	65
954	8
2387	112
1561	93
349	69
125	38
569	13
668	228
105	51
326	55
269	188
138	140
940	1
108	35
1164	137
389	142
1846	58
238	321
417	69
620	175
465	260
125	390
338	206
545	15
189	53
705	87
211	126
184	49
376	34
97	10
1091	118
438	77
394	7
1285	151
755	160
146	240
0	49
790	156
341	99
381	25
577	29
249	147
287	105
2	7
519	34
102	103
158	55
691	322
263	61
28	23
710	106
502	223
394	22
1161	61
255	46
265	18
2667	21
868	57
506	6
750	73
530	54
733	29
962	200
1188	167
988	75
830	90
561	35
533	231
794	20
225	28
1554	25
908	8
2181	72
70	43
2577	147
631	100
512	71
13	178
669	2
154	39
1266	374
468	4
560	49
1059	290
508	22
24	153
106	14
255	42
1388	13
216	51
1462	73
752	176
422	17
620	84
538	43
2077	78
787	304
622	91
1903	22
604	88
233	26
597	66
5	66
91	41
2	138
148	69
3640	184
526	161
262	231
2465	123
48	1
220	7
422	28
530	293
774	86
779	56
905	20
18	128
82	410
2377	17
610	8
904	6
476	111
559	21
199	98
96	77
275	12
280	290
66	32
141	117
1411	97
1873	82
950	250
965	106
258	148
167	3
437	32
2104	3
1473	182
430	73
2079	16
575	254
263	106
430	61
153	15
501	82
183	98
877	47
1336	149
232	131
165	44
1153	217
567	109
794	167
3259	92
402	57
199	138
557	255
764	155
2142	15
488	27
442	218
2048	52
187	142
611	46
1426	51
622	18
806	157
378	113
480	47
201	6
868	23
1038	78
590	4
536	208
600	20
52	110
682	89
1991	6
1283	15
2097	163
503	131
732	52
179	68
69	164
508	96
649	73
1003	142
498	102
1000	79
63	51
339	186
19	158
991	32
18	71
474	73
755	104
482	11
2377	18
1896	39
809	29
281	208
1177	51
1691	1
612	8
1587	68
135	114
59	200
353	451
65	92
233	14
1566	25
28	206
1517	26
294	91
821	9
1351	111
172	260
66	123
476	47
884	107
336	27
289	30
51	188
154	94
1621	157
17	7
64	30
646	201
62	99
436	55
114	226
2371	65
831	126
18	131
615	189
334	414
280	147
630	9
1140	39
1477	7
81	16
938	418
1011	48
605	39
253	139
546	58
35	32
291	383
1875	29
628	38
11	85
498	138
569	80
319	225
321	127
522	127
113	18
1377	90
164	55
41	63
727	207
1159	98
252	131
742	261
227	44
599	138
318	20
354	102
231	40
253	10
167	130
2340	119
407	28
1180	18
209	125
1286	115
615	16
431	144
286	10
414	52
110	36
461	130
196	409
1676	31
775	182
1119	50
3547	18
3	95
1013	113
1059	24
18	109
138	92
11	320
2070	27
3453	38
24	214
514	91
147	114
126	113
1907	24
1169	3
45	10
774	548
1846	77
537	46
1344	278
1076	21
339	29
142	43
550	112
15	16
31	33
15	57
265	6
23	15
407	48
969	306
405	15
463	34
1713	66
162	81
87	62
741	13
99	217
1446	28
282	31
33	7
218	152
88	88
769	34
416	153
628	5
587	124
887	14
311	70
670	180
629	223
143	39
196	89
232	80
121	58
130	16
4076	188
1603	40
311	49
1044	120
323	91
423	4
3	93
236	74
391	88
81	2
1545	430
748	43
576	515
458	161
980	171
372	142
1760	50
1197	83
651	10
93	78
436	267
1832	43
722	248
930	43
41	51
67	58
659	99
82	37
495	172
396	9
44	96
1089	260
2289	101
923	146
483	48
1046	131
2467	357
261	7
1661	88
1303	33
696	49
1186	19
616	258
1117	125
27	4
1875	22
509	135
547	144
333	133
725	95
167	40
517	152
119	127
380	202
151	183
1007	171
850	226
1514	128
1015	146
48	65
893	182
43	22
784	107
349	163
312	38
452	58
197	80
1905	205
2558	21
197	191
1465	40
349	555
1081	54
120	103
337	111
95	36
466	118
494	149
338	259
316	1
699	92
3252	264
231	33
94	57
1452	104
433	155
292	16
1535	120
12	23
868	43
1418	17
234	495
536	85
1015	38
345	38
497	89
934	355
709	90
320	120
142	46
105	222
65	114
404	111
1564	26
94	97
297	53
1475	24
1082	12
747	59
79	9
928	22
153	56
1309	55
39	64
962	46
794	188
449	8
671	5
1034	30
59	36
381	142
419	31
535	94
1116	2
324	17
1992	71
793	51
378	250
376	82
312	128
957	248
40	146
1074	124
386	185
605	78
396	44
1357	53
286	27
350	115
900	152
403	19
92	67
431	51
2586	43
66	14
1012	112
137	36
150	133
1285	301
2734	72
429	10
509	26
418	171
1246	16
917	16
1046	205
357	172
4747	157
842	31
104	9
569	38
351	216
246	125
932	35
471	37
617	122
2573	11
293	28
705	97
1998	86
1266	283
198	74
1606	3
330	94
291	58
1573	61
539	226
544	43
111	29
116	104
2832	10
55	97
29	17
34	227
1524	103
914	64
1040	2
330	32
1159	28
1626	117
1369	148
68	45
439	114
305	6
865	188
37	15
2595	337
1609	4
202	41
241	183
648	64
1058	74
4081	33
1291	51
56	36
1419	39
187	40
897	35
875	7
942	42
309	126
857	51
2639	65
387	54
776	62
45	55
646	38
2861	12
455	28
544	11
507	44
346	38
1035	67
710	43
91	154
679	30
93	38
864	154
1509	259
3024	159
1001	147
877	56
759	29
937	8
203	5
2610	145
109	87
124	9
1042	67
648	183
1154	57
123	105
465	129
296	146
720	314
249	31
174	73
812	76
197	16
602	10
193	1
339	446
409	1
7	5
1895	101
104	214
990	15
603	9
704	8
1911	45
850	280
1083	44
85	46
2445	40
806	291
1	192
236	260
82	23
413	71
63	216
293	15
171	8
501	81
444	149
691	171
651	15
2479	115
336	153
2045	233
444	49
370	63
379	54
398	136
625	56
1013	28
1256	12
967	20
144	51
35	54
527	42
2329	95
596	52
106	126
2293	4
626	30
211	76
505	54
92	61
494	3
788	60
31	41
578	116
344	32
858	15
976	181
216	25
488	26
1214	37
454	40
544	52
772	258
157	35
185	513
153	37
147	7
327	27
183	19
66	212
931	221
1579	133
80	107
367	20
947	57
612	218
1878	306
1068	13
634	166
10	73
663	79
1123	109
458	6
460	93
123	21
439	3
768	9
398	173
1548	9
2466	4
687	88
1450	97
578	138
75	62
1021	10
1110	32
248	64
508	14
1402	86
11	29
183	40
27	183
63	134
1928	101
2778	114
1502	87
614	117
44	93
291	185
177	6
575	291
467	266
279	123
1651	135
569	195
99	46
453	61
449	353
808	178
85	351
1270	96
1090	184
1360	93
170	94
4026	41
339	36
77	137
1278	63
1107	133
409	21
1340	29
311	38
113	281
7	56
1540	43
1705	170
928	69
503	25
522	143
28	103
1223	355
670	7
1109	178
341	2
2110	454
219	56
467	67
259	14
303	11
992	43
4677	51
337	2
1017	360
246	188
1200	138
1626	9
1249	134
1010	26
538	86
179	36
119	15
1943	1
203	74
1224	46
86	248
58	280
465	28
236	15
514	34
5218	111
1084	106
198	59
954	137
1103	43
247	18
800	277
1025	102
214	97
1341	117
239	18
403	10
469	1
2203	57
370	82
264	33
749	21
153	293
965	173
595	33
3616	10
135	69
126	95
2707	20
1802	334
1575	70
40	44
168	76
1373	79
1873	113
257	9
498	49
2606	292
183	128
239	30
1260	183
258	44
851	42
2540	55
1690	92
3044	78
909	34
2189	427
730	202
2210	467
687	192
1555	205
1120	84
125	154
877	101
449	106
320	89
454	145
962	98
1467	69
1167	13
18	2
586	134
615	90
1731	103
1374	15
419	97
186	190
1954	21
825	97
982	71
1927	165
1376	90
480	29
1095	101
4643	183
3316	92
313	35
477	162
279	31
1331	98
77	398
1026	12
1750	50
792	124
1124	104
1397	55
51	77
2609	27
814	201
813	1
300	118
34	62
246	33
147	38
3399	122
534	18
510	44
2025	21
246	37
610	27
2914	38
1001	27
65	237
1261	67
1511	102
12	59
331	43
415	57
850	55
3	36
941	2
1149	38
166	46
64	137
381	84
403	67
548	29
1201	125
206	119
152	89
257	165
354	114
522	32
949	41
345	90
5331	45
1222	127
136	40
891	7
203	136
23	50
225	17
1217	103
1846	76
102	29
132	53
203	5
145	366
79	2
301	411
317	13
523	62
377	12
71	96
2163	59
1110	2
444	78
523	61
275	95
1494	112
195	24
1783	40
225	54
202	96
1318	9
48	41
174	10
858	92
2052	105
311	158
472	146
2	9
224	198
663	56
2682	54
286	56
1645	21
196	360
56	11
745	82
1260	339
279	91
140	127
26	115
94	34
666	79
372	1
566	63
1191	149
1833	208
192	109
874	24
156	40
2563	50
1191	232
523	42
1806	113
271	250
788	43
149	95
178	96
2256	192
487	26
1986	16
189	88
564	31
427	7
629	65
463	214
2333	42
105	38
56	17
1005	158
1230	42
737	485
538	24
306	113
84	18
1074	35
386	131
616	42
207	20
3064	58
219	48
51	324
366	15
222	21
2057	82
398	132
423	39
967	247
160	57
2787	68
1785	64
419	24
568	83
330	133
2147	97
62	64
335	148
334	12
607	13
717	130
2586	91
892	140
498	27
103	32
109	29
350	6
2263	35
472	290
508	236
9	40
118	124
564	189
651	279
534	130
683	19
2180	66
55	125
250	7
1087	47
661	54
1251	2
29	10
406	28
422	356
163	102
1185	82
246	74
2778	65
250	197
1996	35
408	27
124	4
960	216
121	921
2502	4
252	50
210	44
120	159
693	76
322	40
104	57
379	18
1032	224
535	128
26	87
705	91
100	277
150	191
1933	6
334	112
280	138
119	152
156	82
453	120
900	29
2013	203
719	40
317	105
1790	112
763	243
708	60
553	55
268	128
1699	51
1789	78
632	224
253	418
2058	118
390	44
720	78
676	322
23	7
2128	21
2035	66
1268	154
477	24
879	28
305	32
473	26
987	52
405	138
385	36
898	68
110	180
883	181
2300	107
115	168
13	38
492	213
165	108
414	138
1110	17
559	189
650	3
1400	15
337	94
79	15
513	206
407	95
244	143
198	136
446	161
389	18
263	6
209	88
91	39
56	14
1752	167
199	236
679	97
1120	169
1287	15
476	256
84	220
2344	44
1386	55
64	11
191	23
153	24
184	6
345	86
2644	3
963	28
575	262
7	13
607	38
11	21
548	84
2054	8
613	312
136	285
786	37
2762	103
1257	87
1001	17
867	11
156	35
3313	98
816	28
1226	80
1928	45
1556	142
91	117
442	16
2178	23
113	96
577	47
89	45
11	62
60	14
149	68
1293	126
403	49
142	64
230	37
1098	68
505	34
154	110
1541	1
246	174
1099	128
578	232
154	50
246	25
126	20
606	49
395	14
740	78
100	7
660	289
526	131
358	84
295	224
326	69
435	471
372	235
1335	65
605	89
27	165
694	114
164	43
920	153
935	128
152	6
1718	22
513	45
55	48
185	23
369	51
179	17
15	106
58	9
44	366
346	3
498	48
1254	6
507	5
2704	105
739	52
113	21
329	86
2716	18
3613	86
569	56
746	30
1931	89
306	8
1205	429
815	54
206	26
217	565
102	49
1384	3
2579	12
593	13
78	147
691	69
1761	257
12	57
264	36
182	11
327	37
859	391
26	219
1723	135
399	119
466	218
520	9
1084	139
1899	27
273	26
648	90
204	114
562	95
1630	365
827	19
723	13
1413	76
627	71
54	256
737	79
170	157
476	66
396	110
356	71
695	13
7	352
595	44
3	47
315	77
438	184
856	9
253	31
87	211
781	17
621	80
37	3
1	35
1348	6
165	148
1407	151
31	136
1144	17
1926	214
66	68
580	60
270	15
3412	60
99	75
68	189
689	91
2264	49
421	12
1526	88
46	450
330	69
442	98
516	2
662	298
1033	350
1355	144
414	89
482	30
630	105
1884	4
531	27
114	28
956	70
354	830
283	56
590	38
235	77
233	98
3	57
264	443
852	47
909	48
231	116
193	67
1025	2
95	39
2172	8
34	71
2167	143
300	4
1002	18
155	68
1333	9
275	105
508	131
1043	22
811	8
383	158
1929	208
698	150
1652	164
34	40
1152	58
321	1
607	116
12	9
372	71
548	19
2278	134
1051	53
1485	202
2380	126
825	75
208	45
806	169
348	82
241	42
1100	279
243	106
38	10
753	46
144	98
213	26
39	38
653	160
473	1
344	258
86	111
250	12
921	110
1119	14
648	17
120	72
1334	160
15	31
334	124
370	112
437	15
29	50
975	15
201	37
343	203
1081	112
371	212
2053	163
1017	64
162	306
569	80
1938	25
5170	68
1332	218
543	27
137	56
370	212
512	278
81	82
219	40
2048	294
542	72
260	312
148	43
736	61
666	44
3223	122
744	87
106	73
97	173
3530	44
59	14
506	16
1965	82
74	8
371	7
1028	9
1546	72
373	83
701	18
302	90
362	83
2372	63
290	97
176	58
1028	52
166	299
755	7
295	97
1067	120
1967	6
105	8
585	29
362	168
410	122
346	438
1987	78
744	262
2697	123
18	196
233	172
502	54
399	19
340	20
1408	210
493	59
531	61
1123	12
884	14
1432	77
1882	48
1144	48
586	105
181	61
4304	27
19	77
191	37
134	155
118	199
508	282
357	54
673	24
1708	48
2473	227
4003	111
547	230
1513	26
1470	271
682	218
2007	39
306	8
250	35
1827	69
348	184
322	125
218	262
2	56
937	190
382	194
55	13
120	16
1767	59
1439	109
506	111
788	12
597	51
2079	128
38	89
585	19
671	87
548	237
231	121
2051	114
234	65
3	182
120	146
609	258
1017	105
572	91
25	33
868	17
660	2
736	17
1305	18
107	152
214	38
5306	77
286	69
1112	83
1128	179
406	409
655	39
262	41
606	22
43	27
177	14
1570	50
2289	43
1970	8
434	204
1424	101
1097	32
1846	60
27	16
201	43
21	83
459	209
697	2
389	35
30	3
316	97
1240	7
1122	26
883	18
926	159
310	135
606	129
1054	95
768	205
755	64
854	206
1121	246
1835	6
84	60
1543	378
1587	19
636	394
419	58
1679	13
1568	55
391	77
401	288
567	32
746	11
35	76
1375	404
519	115
641	191
1070	212
1015	153
376	20
365	72
304	327
685	5
1144	106
45	11
2217	51
117	1
748	122
1321	148
723	275
1296	147
448	77
626	79
1280	206
626	270
163	25
854	109
1491	19
633	449
3146	131
486	16
1463	295
246	42
583	163
2038	146
336	42
289	151
2354	120
220	130
253	56
1359	49
1287	14
761	99
578	139
727	47
2170	643
269	169
99	12
278	2
184	194
1004	208
567	61
1553	31
459	140
1235	24
2415	171
1117	100
613	229
1021	242
1699	34
142	23
222	34
71	140
81	69
1140	108
1165	26
655	53
553	1
1748	18
59	48
2437	55
377	71
93	4
130	69
379	89
319	55
1102	176
361	11
1999	12
403	25
671	106
443	216
78	4
452	155
1883	75
855	66
4	74
1595	109
340	99
2212	51
1273	293
250	83
1824	70
843	99
2209	49
38	106
1726	1
729	38
219	30
491	69
2495	49
1344	96
1102	229
2446	145
857	70
1421	33
677	160
1518	328
906	34
632	203
981	9
159	104
211	1
703	7
1239	38
2161	45
968	359
47	95
220	29
1708	62
1904	156
1027	90
519	97
634	65
1645	308
1052	8
166	35
2045	70
1813	2
424	103
179	62
37	28
289	9
407	257
133	157
2189	197
269	43
2750	183
2366	80
776	1
401	1
592	11
63	21
583	32
275	143
56	118
32	50
110	35
763	38
1468	36
5	10
1023	26
564	59
288	289
31	156
788	248
560	1
1639	61
220	46
1715	187
494	84
359	58
21	81
776	50
1267	31
64	65
1211	24
354	102
190	294
695	93
910	20
1398	29
115	203
2529	30
470	89
198	142
2540	14
1188	178
129	226
988	110
1381	449
366	151
491	1
281	198
653	75
993	208
619	134
826	61
283	190
110	8
704	114
1239	54
684	132
97	12
882	117
150	266
1797	703
244	106
800	91
278	18
665	197
3152	88
90	143
1659	15
685	228
215	82
425	236
117	227
1078	69
71	32
14	249
1262	79
1324	31
343	478
1465	56
1	47
311	111
2265	277
540	105
1222	60
172	97
296	166
432	540
1284	79
663	8
1423	13
715	37
1243	16
18	263
199	4
904	18
1	46
874	45
325	289
1774	25
149	83
775	7
454	1
1188	12
392	39
1800	218
605	106
322	12
829	135
872	35
695	20
316	229
453	227
211	63
415	6
2630	95
274	245
168	90
109	95
14	140
366	112
407	65
215	262
111	99
138	71
278	22
8	2
1043	5
653	187
693	9
128	54
229	38
147	190
726	12
400	136
24	448
1101	101
755	311
4641	62
1054	38
232	74
638	329
387	73
2105	86
93	9
593	151
1244	216
73	18
168	4
445	8
1117	110
72	11
2513	44
920	139
845	105
266	92
1072	195
444	57
781	94
622	21
1638	59
177	24
79	184
314	196
547	24
605	45
4312	133
2889	11
2114	140
2215	82
598	25
203	16
367	28
945	48
315	65
244	53
55	30
638	76
1242	13
519	199
138	63
272	49
178	45
1313	137
241	153
73	213
601	69
55	21
1129	227
552	190
217	25
556	42
1788	224
467	82
434	52
1590	132
51	20
208	221
549	73
1264	13
394	15
2900	50
380	153
941	61
81	59
210	19
409	9
33	108
1407	27
9	129
157	1
744	54
114	109
97	34
242	128
1655	34
2643	78
448	35
849	29
1087	116
646	1
1062	46
1081	22
985	55
1376	99
441	82
319	74
778	126
3546	6
1138	46
276	362
3	7
278	16
122	165
433	164
877	387
1325	25
1110	79
945	37
346	65
764	266
623	173
314	170
99	76
1979	252
591	180
61	15
439	60
543	125
333	43
288	13
845	67
531	12
16	7
567	60
174	92
398	124
459	203
113	34
7	49
2057	230
528	47
406	5
833	35
512	95
765	268
271	402
1536	95
179	154
325	62
902	37
277	80
230	47
1280	45
463	245
735	79
273	47
413	86
1771	67
638	56
93	119
72	252
63	167
48	341
2734	53
945	30
501	36
1044	144
2436	39
3168	45
17	41
400	175
650	79
2673	248
78	6
759	62
1539	68
2239	175
223	294
36	78
141	258
887	9
641	16
1168	45
47	18
231	43
1675	152
137	97
229	69
759	24
393	534
112	24
712	204
14	154
91	103
1556	61
88	200
1639	66
1792	33
1147	24
1103	33
542	153
387	152
76	39
642	40
156	139
1202	273
699	6
570	84
131	333
75	111
772	46
858	306
392	69
3015	55
3036	154
2178	5
485	170
482	13
287	73
43	84
252	41
137	50
89	18
848	94
264	15
99	43
44	46
588	21
677	7
4033	27
1084	109
207	213
104	12
727	211
1207	123
1032	126
327	13
942	14
1883	12
477	27
1488	223
529	39
820	7
1687	28
1868	288
219	3
227	210
54	52
265	45
523	139
103	264
1215	40
725	178
635	452
171	34
261	398
2171	112
1267	153
110	51
105	141
876	35
266	16
871	32
6	94
414	132
652	28
1210	16
145	39
1490	11
233	69
218	5
77	265
183	182
3980	29
396	62
488	77
1168	224
178	83
1946	69
1581	16
10	55
222	44
266	41
151	2
620	235
643	35
449	10
112	9
401	88
1191	8
646	100
1426	79
935	102
38	164
1828	318
484	446
134	76
365	50
177	18
221	122
361	47
182	5
551	354
3595	132
139	67
537	92
465	97
26	146
330	50
1163	15
1605	30
610	145
1042	36
93	8
1250	120
573	209
38	159
1168	42
172	25
1080	39
94	103
2659	53
1	9
404	9
566	69
139	151
665	212
79	54
1939	94
566	22
356	50
367	185
1493	468
2137	74
301	1
881	148
1234	163
205	191
439	31
613	13
1032	49
768	91
666	103
83	52
1807	255
737	41
851	38
425	17
1509	95
401	111
129	169
2318	22
289	81
520	130
292	3
101	112
45	152
546	387
94	28
869	32
1806	36
2150	3
462	14
248	35
2149	173
1278	71
1185	253
918	62
603	44
844	66
223	58
1396	61
13	93
3	49
3280	150
98	73
1626	5
743	77
1123	92
27	88
638	123
75	9
35	218
333	22
3648	75
3416	90
268	124
614	134
1456	105
79	83
1046	45
195	147
1662	35
655	41
585	204
1532	57
75	48
1013	13
133	21
132	144
609	73
65	150
165	145
283	187
144	27
656	84
672	5
337	82
384	297
736	1
2219	267
550	63
1098	17
123	38
990	10
750	3
1305	116
81	24
94	33
184	95
662	96
1687	109
39	112
2125	272
2092	206
1045	176
305	2
2593	48
709	151
1332	13
2728	103
291	50
1183	292
395	32
2134	2
1140	302
89	21
811	162
10	21
19	21
176	119
167	4
130	5
1100	109
1196	113
325	4
111	23
360	8
83	316
947	53
203	57
537	136
1165	247
894	176
66	213
441	143
3377	59
534	86
542	33
229	65
392	89
663	22
268	19
350	35
372	26
439	101
206	52
928	19
1544	54
976	59
4	53
831	129
2270	136
63	141
322	30
1068	19
823	154
201	15
866	155
1298	52
36	44
120	5
458	116
1058	34
1119	62
451	77
922	87
565	111
194	110
612	194
962	77
755	38
1098	157
507	82
1063	6
1224	43
241	434
586	29
282	217
1533	64
3775	157
1084	167
1325	46
1157	22
1054	85
74	233
2370	10
900	145
2297	156
244	194
125	93
1758	385
1672	66
1454	41
266	106
745	87
1369	158
2157	58
192	432
2152	317
1432	38
878	26
721	2
1095	622
115	178
832	48
427	97
923	187
269	7
21	361
594	91
169	17
85	53
875	56
171	24
1385	33
2030	228
20	153
187	103
1403	101
