0	30
1200	99
1737	27
1201	80
797	13
346	138
289	124
166	110
449	97
659	21
367	4
1102	88
204	50
923	68
259	325
196	144
418	53
136	19
395	100
1177	10
523	6
2092	385
261	20
797	135
486	23
2066	72
432	23
417	91
1793	156
1073	379
631	227
283	92
430	132
1304	8
1448	159
1116	57
252	260
1415	20
1565	127
1454	22
371	110
486	61
653	43
2174	8
1641	127
1148	131
707	91
743	132
529	320
1856	121
1046	15
2906	47
204	57
990	157
1925	68
213	79
189	98
111	86
1998	285
856	27
1111	83
210	185
1985	358
840	27
946	277
232	43
4123	12
1771	180
2234	87
477	135
283	86
1045	24
501	59
2254	54
137	35
206	3
781	13
392	360
305	207
521	72
373	219
375	6
2675	31
278	109
1454	8
2942	19
1941	2
1598	132
927	8
748	68
1035	58
2301	179
412	190
264	29
329	43
1241	628
1047	125
2178	110
719	278
1362	125
952	66
401	114
728	16
442	80
1134	258
272	35
701	132
656	60
194	60
2485	69
1725	5
2166	7
1587	189
633	51
327	22
1329	9
1961	254
1028	35
1545	145
283	35
1632	3
1448	28
750	36
491	97
1404	17
643	83
738	177
1732	57
867	6
149	147
688	34
2034	18
659	110
256	98
1480	35
1858	16
1660	148
208	57
1503	102
715	2
309	111
2172	35
2550	279
3391	3
3929	120
639	124
678	333
368	40
449	94
550	313
946	31
711	402
239	7
272	102
459	152
642	33
1051	98
1278	118
1120	131
326	14
1859	22
405	164
1062	340
173	49
1047	260
199	231
165	139
156	91
1347	20
1433	122
985	5
507	168
1034	10
1392	191
1049	254
181	111
900	324
1254	186
1247	103
744	55
731	166
854	155
830	147
1664	57
1414	196
677	15
724	14
305	1
193	68
491	277
350	12
304	89
2244	179
974	33
2558	6
690	170
420	54
1230	33
1787	78
1386	34
2917	1
80	473
3975	241
1404	93
174	43
1936	91
1395	87
376	632
261	43
931	67
321	88
331	19
267	12
157	99
1202	8
255	40
287	68
748	6
331	12
226	47
811	39
687	39
145	150
3484	30
1138	298
572	142
752	5
757	24
3130	69
1156	26
768	130
2497	56
648	86
1287	69
804	193
1169	81
464	83
234	22
1144	31
387	420
2756	90
3887	163
264	7
1060	320
468	100
594	5
334	116
355	55
444	67
350	126
1034	39
1076	37
1664	187
211	50
1456	14
1307	196
1252	59
1488	122
143	128
470	75
749	443
268	149
709	98
744	33
803	56
752	30
131	55
660	10
949	93
953	82
883	79
521	340
333	112
131	53
3630	60
304	308
1060	217
1727	325
1826	24
2476	29
135	14
1549	49
186	114
679	74
69	357
2046	79
734	130
1024	393
180	24
1067	28
583	113
161	241
1480	31
185	18
265	125
201	226
1441	31
183	17
225	175
569	69
1866	220
861	59
125	74
747	20
346	45
835	54
300	56
1105	125
3162	44
373	4
1645	5
403	3
183	17
134	51
786	173
726	211
626	263
120	26
534	19
1556	66
831	151
1886	190
1261	24
235	172
1207	36
1166	24
659	39
998	20
794	245
170	115
459	22
1670	41
404	112
1108	99
305	93
590	187
693	204
1841	40
2508	48
962	137
648	76
790	379
1315	6
133	52
649	21
125	26
495	10
1251	268
771	56
351	204
892	15
1342	89
1388	36
878	93
608	28
1656	9
854	107
320	26
715	59
836	46
332	11
3386	69
528	110
210	90
2044	324
742	69
160	116
514	142
2252	98
634	154
134	201
96	656
704	39
766	162
1120	112
541	115
1216	20
3124	44
684	523
115	94
113	29
202	113
484	13
762	19
1227	319
470	115
1412	32
431	28
1411	15
980	44
206	35
795	93
863	118
724	29
346	119
677	278
205	48
1964	162
1607	4
1056	36
47	39
203	151
208	91
968	108
1002	113
609	17
1107	55
221	299
219	77
1178	43
304	277
2523	24
278	86
601	65
1233	63
1548	96
44	13
1058	200
480	33
1068	58
386	92
225	84
886	333
1086	43
473	159
774	344
655	24
1434	11
2020	36
1134	48
504	330
1529	74
267	101
1645	88
223	23
263	112
648	30
290	10
391	376
847	105
433	44
1613	164
663	18
926	59
2354	97
921	11
3258	101
3347	49
542	185
1029	29
631	164
433	265
1706	12
1092	84
1367	41
1704	267
486	123
344	21
470	1
192	134
193	46
143	56
335	18
1696	52
669	37
503	73
322	63
504	153
1114	127
1241	76
104	154
814	153
795	16
227	34
138	49
1124	83
1853	29
791	170
1719	86
629	73
603	18
1940	16
831	209
214	64
167	69
2595	52
722	98
345	7
1251	703
836	82
2471	30
3286	118
935	67
814	594
139	56
910	38
900	96
419	24
177	200
1488	357
928	114
180	22
367	55
329	21
267	115
2154	3
689	66
231	10
1080	50
1872	67
116	94
769	85
717	99
946	73
1463	56
400	86
893	3
2526	30
1215	243
619	219
1982	24
1125	9
157	12
2260	20
545	60
1010	181
299	39
1102	158
106	192
1446	381
1132	9
804	16
199	108
2106	209
4703	123
213	523
64	123
1206	66
1128	22
1530	35
1117	10
2831	178
188	244
111	65
355	22
398	41
563	140
258	151
625	69
150	49
808	43
749	43
382	40
1790	77
2214	10
2050	23
412	49
304	103
899	98
443	44
1662	50
174	57
232	62
325	29
1050	15
545	6
128	153
140	63
452	1
3929	168
114	30
589	242
750	11
1210	4
1815	36
1088	245
1104	22
1705	62
215	151
258	78
121	185
233	92
660	21
207	74
172	183
396	298
228	19
1520	35
314	329
1085	177
419	40
1592	18
324	11
456	171
572	451
672	17
296	16
999	123
171	27
165	2
921	13
980	4
730	122
58	16
508	45
1111	22
2247	31
380	46
286	2
544	51
154	169
1764	49
103	102
548	31
2067	51
1639	68
758	130
444	107
537	432
517	263
514	8
3055	121
480	123
672	6
1091	282
3188	126
1693	34
113	75
149	20
1581	69
2160	150
183	1
136	63
142	63
113	60
937	266
1558	18
1539	158
1319	202
1369	36
2644	29
2314	14
75	139
152	196
2754	114
2121	47
3037	4
757	7
1112	291
496	37
231	76
1735	6
2500	77
89	16
2825	13
233	10
153	100
176	14
2949	389
416	10
285	174
401	195
902	106
362	181
294	88
218	39
110	268
279	18
412	134
2175	95
888	19
275	12
764	125
384	60
264	1
1348	177
1374	122
223	98
582	90
215	71
399	29
2737	80
127	206
4325	158
630	2
414	2
4208	58
616	16
811	102
819	235
268	265
143	151
866	34
964	133
361	78
1170	20
736	132
864	20
1286	181
1303	23
208	34
133	80
181	62
137	6
1058	80
367	525
1933	66
1656	155
845	50
168	10
1514	223
472	47
400	335
204	20
1260	44
1224	45
167	141
255	4
653	7
238	82
350	135
1485	146
284	124
833	17
728	86
660	84
3832	128
107	17
842	32
618	507
43	351
752	148
1731	99
3341	170
30	191
1770	38
829	31
660	170
725	119
362	30
184	123
225	222
582	33
47	35
1016	10
62	101
560	15
1175	109
1759	6
1038	30
386	7
722	55
981	273
35	41
291	6
1226	222
858	45
2983	90
917	35
2879	24
1544	102
520	68
420	428
5988	8
3518	61
529	147
798	49
806	18
326	90
932	24
336	29
297	103
963	310
518	67
409	10
600	161
461	212
116	130
172	125
1385	29
211	35
681	141
426	4
646	64
1098	54
642	161
171	45
370	15
2885	60
557	109
181	91
1350	21
815	37
1469	118
1983	41
138	92
253	57
260	29
321	79
2540	24
1330	25
1208	5
1805	71
632	65
441	249
742	223
48	136
1756	11
776	61
2047	17
1117	29
434	291
189	14
507	21
317	85
914	232
545	17
876	15
261	31
603	5
705	148
3477	30
170	108
56	185
1934	314
480	70
191	39
1399	83
133	29
1031	75
647	683
1475	31
584	170
2656	19
778	26
1549	11
446	146
700	66
254	21
724	54
1681	297
114	23
176	33
1124	156
670	37
1253	239
405	58
129	102
289	202
233	159
1100	73
1098	53
1026	27
628	206
455	26
369	157
2074	156
163	245
791	266
109	159
393	138
620	95
2222	38
775	10
1430	27
646	84
1585	6
272	197
609	96
365	187
446	20
530	20
417	134
102	74
1547	56
328	63
617	57
2096	51
378	2
2080	16
2878	277
650	13
1097	42
681	137
207	95
693	191
1010	71
148	260
1363	82
119	239
655	88
468	60
335	65
1353	12
169	35
1193	144
199	263
1037	107
325	40
220	19
911	288
106	60
55	19
764	19
222	65
1082	3
481	467
1197	234
393	83
1546	44
973	124
2063	101
186	54
98	275
1760	65
633	24
496	56
1188	11
180	110
844	108
1055	48
555	322
1380	244
690	95
858	112
383	111
1623	48
349	7
226	218
1135	22
1544	112
494	55
265	38
378	328
3154	13
42	5
956	23
1096	226
1675	98
335	23
940	15
1425	84
58	9
777	143
166	17
766	64
246	64
717	129
303	10
824	290
100	35
996	131
1112	59
556	102
3820	194
191	239
660	30
2430	176
563	55
370	47
580	50
728	312
1779	14
1570	138
403	117
102	291
2704	95
646	148
1558	46
1399	118
612	2
460	286
382	186
143	5
134	65
825	23
254	122
162	217
134	188
501	48
1471	315
2112	160
252	74
738	188
946	64
2028	13
1342	19
193	28
733	134
216	229
616	46
58	256
798	40
2230	32
457	90
1220	48
889	99
254	155
671	2
1984	57
131	13
1346	13
177	194
1822	39
994	13
654	51
480	45
129	53
1279	158
532	22
3156	122
415	63
788	231
2124	14
1206	85
519	91
180	7
1654	23
3689	12
139	40
1252	85
739	102
419	52
813	97
183	22
228	203
2066	21
898	103
822	86
1088	27
119	41
1746	29
204	37
480	65
532	235
2694	229
300	144
577	12
623	25
138	107
1502	88
1980	94
2158	45
52	35
104	254
111	272
652	98
201	60
1449	23
150	434
1335	38
1280	138
711	191
3615	1
195	123
1164	35
1359	104
297	194
1046	6
1573	42
148	314
179	18
1477	21
285	243
145	128
510	14
617	268
2108	90
1556	157
211	113
159	30
290	8
177	23
136	134
683	444
965	111
330	85
681	6
379	25
170	149
2266	51
261	224
138	293
904	211
1438	62
1262	39
1978	136
103	101
4187	91
628	132
1990	20
148	27
561	397
129	393
852	19
777	26
371	88
991	24
1047	7
102	86
710	325
139	80
549	125
342	92
1492	209
1080	108
589	8
1623	91
194	158
570	39
121	21
283	56
1138	119
58	61
325	37
227	4
449	39
1279	16
196	46
528	127
47	167
657	182
495	56
2460	128
117	119
316	179
1193	15
719	4
117	91
669	71
2422	130
987	191
1087	39
146	49
1165	7
802	347
219	80
235	114
172	512
3389	62
3579	75
764	115
1476	78
93	48
863	142
599	36
473	113
122	34
48	155
451	39
227	23
1522	142
785	207
1308	12
380	58
292	152
231	24
463	76
1385	339
1383	57
254	6
478	377
1469	20
1209	3
203	32
437	5
247	222
517	37
355	81
194	55
112	66
395	51
1482	4
311	24
281	48
582	55
184	116
2205	275
893	46
1692	17
650	17
391	79
3470	138
349	66
892	165
117	19
1014	365
232	50
746	150
577	90
1315	186
1193	12
347	49
1463	130
616	53
972	95
457	197
363	151
898	101
146	105
916	137
1048	76
721	22
665	130
204	15
318	94
1415	227
1509	49
1677	38
314	25
171	64
1278	242
306	37
2196	134
499	5
142	99
388	98
410	177
419	116
292	152
3107	22
107	246
2250	213
848	7
433	67
135	298
279	86
110	48
1429	1
1574	4
31	29
422	113
1449	162
885	354
198	127
2490	310
477	53
1620	34
116	163
599	58
3657	107
132	56
222	29
829	187
43	46
740	6
1058	157
2807	103
999	21
2740	135
963	122
115	77
867	98
279	60
1210	39
675	97
982	73
50	51
1000	42
333	98
3579	25
1984	244
1682	75
285	88
1183	12
687	74
217	34
789	50
476	76
476	205
1949	139
1232	97
266	226
163	19
1188	31
819	51
1484	41
104	341
191	114
473	135
66	16
367	81
225	142
133	18
46	137
1421	110
845	32
1171	56
1707	95
425	14
291	345
445	45
159	131
925	54
470	105
2147	19
65	364
1237	8
1376	184
592	3
1075	83
302	61
672	105
769	296
325	128
257	252
331	10
1278	51
1674	5
1194	45
633	188
193	79
1403	271
1212	87
323	44
1072	2
529	52
401	243
272	203
46	125
362	59
227	127
786	52
593	104
2032	184
541	154
1388	24
3306	168
808	8
1626	59
681	144
629	31
840	28
2227	50
2067	35
433	37
82	71
632	459
661	40
558	150
1747	101
1756	19
2767	1
206	143
303	52
1484	73
339	26
245	11
532	399
676	103
723	266
91	33
1089	157
2441	394
3379	75
445	101
871	160
189	124
398	45
268	23
272	128
882	79
482	81
3102	56
178	147
504	7
1319	258
762	437
1641	145
232	23
150	17
383	237
57	5
83	17
266	69
1988	92
1569	17
1340	106
1121	252
3746	2
1219	152
434	80
835	116
1165	17
1779	16
336	4
985	18
1334	225
124	1
1071	247
913	39
796	1
901	49
832	127
2119	87
1034	16
1162	4
2842	50
788	84
790	192
814	12
369	13
979	269
1205	18
1382	112
265	90
1792	73
1513	41
230	80
59	44
410	23
1108	15
1075	156
1339	65
2130	425
1331	73
169	202
140	7
396	5
45	5
248	322
259	129
178	32
132	9
852	107
296	76
529	32
133	103
626	8
1178	31
331	11
1062	56
250	23
600	27
382	82
4189	187
530	69
414	38
1214	74
944	161
1304	21
2315	16
743	49
452	72
1760	229
539	579
103	108
680	259
1327	94
1869	246
801	15
266	44
663	171
854	40
724	237
839	59
451	41
684	209
979	14
555	116
265	41
427	26
1136	16
1178	180
426	128
1560	129
2241	41
1396	34
114	459
2335	37
416	2
50	175
219	7
153	75
151	45
2151	55
116	159
204	39
2152	18
429	69
720	112
331	72
1064	14
477	60
838	64
653	121
2816	116
728	159
2073	133
284	343
114	24
2065	112
1447	27
416	11
1397	64
552	50
1056	47
469	21
733	245
94	51
999	168
505	12
478	1
1137	159
1467	175
893	36
808	119
756	84
445	37
2167	4
349	73
1112	325
1775	14
377	85
679	24
1003	5
1044	177
345	59
732	36
1548	128
622	292
203	17
416	45
238	328
193	31
628	162
543	185
3395	16
369	12
78	54
667	31
6207	183
589	57
154	37
615	74
1515	90
741	420
253	55
1406	211
324	12
515	108
537	256
744	245
461	367
795	59
1003	20
1241	287
259	117
338	225
3913	45
1410	211
1017	52
1296	194
429	32
975	46
425	71
673	29
1125	64
1613	6
1399	15
113	117
175	72
3047	6
456	12
1119	100
426	65
963	26
1491	9
54	23
3107	63
261	1
72	242
611	9
839	133
2599	198
1088	3
696	92
652	34
1849	3
3179	15
3131	41
136	182
283	114
939	190
878	26
1593	33
147	87
1121	76
143	577
789	154
1382	207
160	151
714	162
1211	139
990	11
901	175
1003	267
41	5
3303	160
587	18
1018	15
689	15
401	86
1664	19
604	79
1837	81
804	7
767	77
44	44
144	100
113	250
1002	6
1415	61
927	37
598	200
677	53
790	137
571	189
183	41
1695	233
976	14
730	22
2197	32
3436	22
146	223
891	116
45	40
2107	199
1780	76
3190	37
487	55
1222	31
1168	196
437	18
459	21
802	65
582	38
255	78
66	14
429	72
313	4
296	51
1162	211
457	112
1066	332
308	136
206	97
353	240
125	67
660	57
364	86
1554	147
1502	151
141	614
2104	45
259	231
988	72
854	25
681	57
70	39
601	417
2200	298
1444	33
649	99
1142	61
174	369
1301	13
292	112
71	65
1186	82
449	120
2070	62
516	53
466	13
773	56
253	92
378	239
1150	24
587	127
464	77
662	36
1195	37
225	193
551	121
952	155
787	68
308	50
2094	121
270	318
1523	47
147	13
1086	1
1160	11
215	52
205	47
507	10
1300	3
290	56
47	245
982	46
582	86
305	268
486	49
180	82
3872	327
362	23
1964	111
1087	173
284	243
178	73
2757	4
222	1
365	20
2699	119
525	285
1244	112
158	141
615	17
543	14
186	38
2527	168
2677	33
922	57
106	15
332	37
711	167
715	114
783	349
1787	216
434	278
253	116
410	74
2091	47
52	335
3918	4
577	4
106	29
1113	2
715	37
268	115
3841	64
556	254
425	32
2843	83
230	68
1527	141
2036	349
108	35
339	164
126	16
453	10
109	82
275	29
660	25
703	18
140	188
1505	17
631	56
1412	32
339	152
400	166
133	89
508	52
306	42
1093	290
2495	201
311	97
306	77
938	36
154	34
6182	121
55	102
593	17
682	126
536	528
467	4
939	166
745	11
2291	26
980	42
44	64
2138	252
1907	182
516	94
804	268
459	28
1797	8
3291	105
890	26
36	37
1724	274
2623	22
489	1
927	12
2110	41
456	45
183	162
223	34
2330	6
1019	28
796	100
418	56
1499	101
182	77
777	353
1164	21
578	123
360	56
150	292
311	122
1868	212
117	72
352	3
383	258
1446	337
898	66
149	221
2388	6
43	57
538	214
889	113
660	27
986	84
2456	83
138	151
260	21
197	28
2150	189
207	187
238	165
242	120
384	261
1180	65
330	123
286	6
871	155
972	1
106	127
268	209
969	92
259	247
371	201
246	38
1723	14
1368	19
145	25
329	105
594	64
371	109
1635	57
402	33
498	122
2199	46
523	12
1119	96
763	20
690	12
4240	99
4709	99
542	71
2760	283
448	87
169	56
921	111
1155	160
175	9
359	365
271	31
187	47
1049	37
405	79
662	76
1805	129
305	49
256	19
163	168
804	170
279	37
979	22
821	234
2307	3
2704	195
808	32
1568	22
2789	196
38	99
1446	113
295	183
161	59
2176	95
2534	131
2348	24
628	97
1751	199
267	57
696	204
332	77
187	333
265	46
1039	23
461	26
639	9
1060	223
262	12
140	28
301	107
915	28
936	168
158	151
340	95
299	98
1052	26
2311	50
1921	72
49	11
2933	61
874	170
155	148
946	4
2312	42
654	315
146	70
1845	168
473	247
2185	107
1085	117
889	200
1185	4
1197	39
1494	227
323	128
1085	81
367	34
616	10
29	13
690	20
295	455
266	268
2675	35
1781	95
1953	99
867	188
83	1
56	156
1415	136
152	36
445	455
342	19
531	65
167	21
1570	33
3294	23
573	26
58	11
1049	46
249	31
557	93
1129	106
1365	25
2821	179
131	54
1413	352
103	62
901	20
203	2
270	88
652	102
289	90
401	252
385	51
1294	6
533	65
416	104
749	483
2207	369
118	87
263	41
492	38
812	38
1880	71
573	145
875	65
1137	49
356	135
990	325
1042	97
3434	7
414	110
253	50
337	1
395	1
797	31
1419	34
1907	4
306	54
672	77
634	94
1821	6
2029	174
810	306
787	61
354	28
1062	71
706	27
136	208
407	46
533	94
774	203
127	76
202	2
2032	69
2983	452
209	9
304	15
965	326
271	17
4393	139
398	144
906	40
705	75
111	63
2753	77
125	106
172	8
116	24
787	18
2049	672
1005	33
653	75
56	16
272	194
502	207
2640	23
1242	20
743	165
668	105
1838	68
1057	152
2742	9
935	146
352	126
918	64
1449	52
158	13
2512	2
1198	196
2115	48
493	13
2047	89
422	11
921	84
415	66
878	15
1119	2
501	5
1234	101
1069	34
1142	50
905	60
355	17
342	45
1168	123
310	10
716	1
1920	38
1079	32
1155	67
985	2
475	160
2507	139
584	42
348	1
857	107
1497	17
1852	89
1034	107
496	56
228	136
138	63
238	191
462	113
1474	51
146	51
1055	235
1278	125
45	64
1093	37
200	42
694	91
417	93
349	154
482	36
657	6
427	233
741	27
819	46
2175	11
178	50
123	58
608	138
1184	65
152	32
1518	11
1291	54
263	76
537	166
253	2
433	19
38	106
682	82
1028	60
1544	286
631	16
105	269
900	341
585	40
46	3
1177	57
545	70
719	11
1626	163
2626	5
3222	52
2056	312
248	60
241	141
1192	4
308	40
321	446
4067	146
396	64
351	131
104	227
546	289
1072	77
1526	46
1540	36
953	134
468	54
1260	308
1207	48
323	220
597	95
2779	37
982	207
218	142
3453	83
171	88
1811	282
1016	55
432	2
285	244
894	2
622	130
1458	132
950	21
769	19
344	102
1053	352
733	84
125	386
2209	92
524	17
461	138
129	177
949	18
2358	86
2219	2
324	38
1742	18
948	79
1905	141
414	35
1943	24
113	138
633	78
212	7
477	74
853	105
357	4
619	125
324	105
443	36
310	193
495	11
209	37
750	399
311	71
743	322
540	46
409	37
233	63
460	107
121	273
427	87
581	123
210	43
871	122
1130	20
323	23
995	327
549	170
734	95
1498	275
765	219
815	18
1735	14
209	357
1959	201
569	59
311	9
37	65
593	247
213	181
399	245
251	217
582	38
298	7
997	25
55	47
1051	222
508	217
235	165
392	91
1840	2
1607	105
565	22
801	308
259	134
1434	124
1769	55
1060	124
230	78
165	16
316	176
548	143
549	210
599	37
398	66
269	26
2481	158
665	104
1179	18
224	34
1066	95
739	26
1234	3
174	252
137	63
587	18
450	155
312	126
459	51
144	2
191	51
947	33
1964	291
1647	64
38	199
345	38
1351	112
334	71
275	289
1226	134
601	213
1902	184
469	28
947	96
824	15
356	258
527	142
871	115
198	3
169	58
630	64
947	136
804	87
757	4
1436	94
1158	130
350	24
1923	94
802	61
969	150
165	15
1757	12
104	162
1549	64
785	685
610	22
548	336
1282	116
1057	22
1611	45
1232	89
280	98
107	63
1094	9
2567	51
1351	223
215	210
1304	13
194	58
593	2
1371	5
601	123
57	45
1092	98
273	35
461	26
171	50
906	276
161	129
106	32
943	25
662	1
478	48
2898	177
122	13
288	24
56	6
514	33
363	131
226	176
798	34
112	23
1121	28
476	31
312	11
707	77
442	7
600	37
481	34
371	21
974	68
365	32
121	20
211	260
316	61
1206	114
1990	191
83	28
833	5
142	534
586	102
676	306
508	257
666	58
593	108
1187	22
1369	107
141	22
319	85
472	67
141	316
1489	238
1986	506
227	109
414	152
287	319
581	4
41	479
976	3
1149	3
177	137
190	182
360	10
2019	13
1187	81
2733	24
1533	159
1220	29
200	42
1805	38
442	214
137	213
36	5
546	37
546	263
55	128
280	6
663	6
122	213
1793	60
1298	136
1495	31
1354	345
292	116
228	10
973	6
1350	54
174	187
326	76
211	50
458	147
495	163
1781	55
540	41
47	82
146	95
243	29
925	1
122	86
681	22
1833	44
1279	19
1045	16
891	22
116	92
49	81
553	44
202	356
185	7
1701	50
1949	165
177	217
353	40
3354	113
732	10
104	150
190	96
2068	192
581	1
513	150
93	118
770	97
1231	55
484	83
854	69
832	27
3342	439
148	1
167	37
245	117
827	230
423	42
449	32
292	105
1002	67
1127	5
1269	143
927	3
1113	21
456	29
99	80
1113	7
449	29
266	78
677	2
240	9
129	68
267	85
558	16
1465	11
636	70
235	59
1145	71
708	36
496	93
1419	30
31	274
1137	25
103	36
622	46
632	72
280	72
1790	21
853	27
2056	44
146	5
239	49
1034	15
623	140
585	14
56	142
485	377
134	28
1746	66
1281	139
150	47
548	61
675	88
869	63
2408	273
1302	95
535	123
259	110
1557	49
777	158
852	190
174	58
1612	202
1682	98
1161	63
401	70
106	95
1128	89
348	36
1238	53
108	41
134	65
173	37
2114	27
188	101
1769	26
1884	134
689	29
159	27
347	685
1059	16
2126	8
491	116
117	194
173	50
577	2
1575	150
245	23
1349	6
1277	39
141	151
163	92
1033	113
1220	130
1142	17
1177	23
113	402
1402	199
560	65
1929	33
1725	18
899	72
124	109
1197	33
2907	22
1357	10
787	58
374	783
399	104
226	24
255	108
2179	23
1285	8
782	224
239	43
1167	101
90	17
717	62
372	22
1133	17
402	177
757	357
925	19
920	67
389	34
209	74
279	72
1242	68
839	29
499	222
1152	35
938	175
652	131
573	162
1001	21
300	91
968	36
635	279
400	45
2564	9
2411	65
156	216
1795	212
1095	114
514	13
105	44
2723	458
2081	207
358	40
556	115
885	10
1423	46
1419	224
217	1
450	118
2207	22
1634	19
212	167
393	65
252	6
1959	49
1127	70
179	20
538	50
140	311
1913	13
596	12
2126	238
650	27
714	307
1256	62
154	36
1787	285
695	6
129	129
160	29
201	19
482	302
196	8
465	35
578	191
156	52
2499	49
331	34
456	43
281	1
2515	66
136	249
812	239
283	78
553	188
105	36
980	160
104	65
188	67
1106	178
2082	49
45	185
1222	15
110	247
2503	12
395	159
456	102
50	200
313	146
164	61
2080	67
331	273
48	126
234	131
902	46
1578	199
694	31
505	16
1981	173
289	142
1320	37
1441	10
1664	14
700	34
569	82
504	127
1461	5
1976	106
391	20
251	12
874	223
1079	21
1256	4
1422	70
1667	39
998	36
143	62
823	36
735	17
151	214
1305	155
1400	59
2230	4
1366	2
627	40
1577	140
502	24
1626	216
241	224
873	22
1527	19
579	15
477	39
4022	119
605	12
389	129
50	186
234	236
1240	57
2349	5
237	4
1786	215
333	60
556	50
1903	302
89	20
695	120
708	148
699	114
396	181
2792	485
299	45
822	22
701	21
330	43
143	28
531	90
729	349
535	27
238	120
926	335
259	32
398	10
1194	76
562	136
1676	14
361	75
956	272
291	141
922	248
345	25
282	73
189	77
775	168
1460	18
266	317
488	201
1889	66
81	49
300	37
858	13
311	101
3734	243
558	268
346	84
136	99
969	214
837	3
1390	53
383	320
453	108
609	237
818	17
933	535
553	323
3881	62
3193	167
226	52
414	7
456	59
129	83
787	19
359	185
746	58
1375	220
194	103
121	10
380	89
5509	7
248	134
31	42
19	107
17	56
16	123
816	150
790	146
164	378
2713	231
1286	124
756	7
523	17
471	74
561	49
1516	154
189	89
1161	18
299	3
727	40
1446	73
1074	2
342	30
1583	8
1907	1
745	37
640	164
2378	192
1372	25
650	194
869	157
1653	543
1511	335
1986	2
872	98
252	97
1746	35
1494	75
5634	8
947	104
1014	21
1158	8
987	341
777	60
514	82
979	303
251	87
1087	12
346	1
781	32
114	158
1285	28
585	29
1255	70
1526	28
1345	23
346	211
2000	7
510	85
3138	45
60	300
609	98
1053	68
2138	150
305	85
1636	51
316	35
402	42
1685	22
273	59
748	6
2801	24
1353	358
180	56
1885	52
965	40
632	14
688	40
111	61
350	154
2391	179
135	19
924	200
634	61
1479	162
1177	97
2328	3
448	98
1038	116
590	2
418	61
1308	20
343	3
166	72
761	168
1431	301
694	99
363	30
4197	269
737	120
850	88
552	144
762	159
103	189
356	287
296	107
108	357
1688	52
230	62
1157	83
523	57
735	203
692	67
126	73
333	52
762	17
260	171
626	67
901	167
665	183
2698	148
141	176
1145	72
355	8
161	96
275	101
1131	79
39	3
320	399
238	46
285	326
238	166
2179	57
1010	217
1471	52
880	80
887	20
1211	57
2324	304
133	63
1548	5
1417	40
1030	274
225	723
522	41
579	70
236	90
1198	271
745	69
414	87
1913	189
365	73
324	160
403	44
544	32
364	47
464	128
1619	66
709	174
1893	123
1769	49
174	10
296	33
153	94
978	87
411	60
280	37
165	79
317	13
228	44
478	164
1253	73
1321	22
437	123
107	16
847	44
526	21
311	137
46	53
1841	179
279	308
838	199
361	181
1163	27
2903	9
996	148
153	1
1518	10
577	198
194	83
1108	206
344	10
2359	11
847	106
1800	56
460	90
1178	147
100	3
942	156
57	253
2332	9
781	130
2392	12
1341	18
691	129
819	51
3991	42
119	197
43	49
949	52
441	131
274	192
373	37
443	35
199	34
858	68
1115	3
3956	105
1147	45
41	19
168	26
1427	4
658	295
313	318
166	60
296	6
237	3
889	66
2043	30
561	1
2374	205
1070	98
619	38
1379	172
183	52
351	239
1045	377
605	159
2002	100
108	63
1136	15
2591	237
453	44
459	122
958	10
363	151
2046	236
2120	92
1949	254
2029	158
883	127
1206	206
187	199
2517	116
955	224
470	5
666	54
204	492
42	28
473	108
48	46
995	117
487	132
509	272
1333	443
128	428
115	190
179	264
953	9
1343	95
506	181
623	49
3923	48
681	96
131	29
103	2
1659	30
102	35
681	244
425	2
870	271
157	142
477	118
1759	121
1258	46
58	6
604	110
73	340
240	49
268	108
289	41
91	16
611	234
707	510
792	174
279	3
131	88
377	134
851	14
536	80
849	145
643	78
446	12
1135	32
446	131
318	68
481	122
760	53
2320	174
29	168
1234	91
114	63
431	58
611	384
1346	51
398	71
290	233
1450	37
2567	105
1244	83
144	155
1085	303
935	44
43	163
1281	162
1422	113
1006	58
1357	83
469	8
1534	30
338	134
619	482
392	89
481	23
503	419
209	294
957	28
232	156
335	44
1439	17
1613	19
485	257
3086	8
690	65
425	100
404	107
38	15
102	26
4307	59
663	54
1277	37
65	14
3859	225
233	11
495	4
393	90
323	86
1457	21
469	56
370	23
1247	209
937	17
370	37
436	10
2230	58
416	1
207	237
190	33
242	171
1319	1
2228	3
2829	101
2085	13
70	294
16	61
18	33
181	112
758	47
312	12
552	8
1690	44
1075	173
970	104
709	302
1393	41
1900	34
334	159
1026	52
709	62
403	115
1477	20
427	60
188	259
180	210
46	45
242	62
1739	272
454	60
409	14
4332	22
598	43
867	41
400	181
166	107
1757	183
360	15
2653	182
675	199
272	22
89	1
1058	9
377	25
224	244
352	77
1180	33
225	9
2032	33
534	30
294	26
145	214
1164	24
5375	28
202	27
198	22
498	163
360	61
1716	46
267	52
496	154
2176	76
53	137
150	60
732	76
578	27
778	59
245	58
307	13
825	25
693	12
941	56
1158	34
353	29
1245	32
276	195
293	8
792	222
1114	23
115	440
108	55
144	48
297	146
247	39
659	248
391	48
1236	20
261	48
176	96
545	28
209	4
687	28
3416	214
1082	140
238	82
73	37
291	163
1591	343
256	261
78	150
328	39
464	271
287	13
58	12
384	40
1845	57
1359	89
110	147
2445	112
66	3
372	5
776	243
519	30
1074	202
145	3
2001	23
185	197
394	27
479	43
232	213
339	287
324	63
120	20
1072	26
48	11
973	155
2521	77
1165	31
878	334
120	89
660	66
2065	148
412	71
679	117
419	93
1770	49
1063	20
4985	38
91	131
1140	317
2859	22
514	32
1155	254
1407	490
1286	29
980	18
1275	98
1131	15
520	162
483	235
633	113
238	136
49	8
196	109
85	103
160	24
990	170
3351	180
2390	243
506	265
1207	15
202	4
1551	1
838	3
371	558
1498	182
780	185
463	153
434	113
413	250
567	234
626	20
1914	237
632	99
1125	125
348	74
336	61
110	12
50	29
1921	118
400	8
410	19
1609	160
517	130
54	57
1007	132
1660	113
293	125
714	194
591	54
926	72
443	87
454	3
877	49
999	398
636	268
1952	15
174	151
558	22
417	76
289	2
404	15
895	329
534	12
322	16
52	51
1019	11
557	137
1159	413
1154	238
233	85
249	74
819	87
129	80
105	15
856	126
597	53
835	103
229	210
318	44
216	108
2467	344
42	92
428	22
511	208
143	20
1636	72
748	17
2280	103
356	95
2552	94
1068	9
1056	68
137	13
1886	398
288	37
839	217
254	197
825	69
1550	151
660	192
331	41
174	170
918	65
124	105
2269	122
2322	111
574	194
837	382
994	14
767	89
652	215
698	49
216	70
1451	77
1246	76
1929	19
2562	33
363	6
736	126
253	56
1308	34
373	45
460	23
1086	9
940	45
1920	81
314	83
1395	76
765	9
442	35
951	165
631	259
1734	26
608	41
385	11
1697	44
3284	159
135	202
779	39
864	19
2430	74
902	193
666	151
722	188
935	461
534	158
418	115
209	35
1778	107
490	187
224	258
2505	106
57	227
881	68
1588	5
1646	132
406	112
715	348
1001	119
532	130
439	38
1052	149
249	105
2995	223
1247	3
40	105
303	2
2247	3
999	163
2201	20
3360	168
331	141
356	63
628	48
114	60
323	41
780	22
3587	158
456	12
1306	20
296	87
150	515
265	56
236	67
603	11
297	78
2761	87
2929	38
1770	43
1401	54
479	54
125	375
111	697
931	337
153	34
995	12
731	42
420	206
301	183
2321	149
127	44
832	7
192	38
179	119
172	35
134	97
43	25
286	129
257	25
395	131
163	84
603	15
581	127
1051	35
518	9
227	63
271	199
3539	21
386	56
421	121
653	51
1809	111
1088	58
322	52
1496	172
129	80
116	48
549	302
757	142
808	236
1848	45
509	23
145	115
755	77
29	92
893	253
1040	66
2009	19
1541	144
240	9
1926	19
115	253
224	32
110	89
419	72
356	98
1666	19
1879	119
1616	21
398	72
1531	124
114	5
609	73
501	130
269	23
437	80
850	120
481	6
687	78
672	211
239	169
2313	57
310	74
719	37
1302	100
140	264
40	151
730	61
108	167
1377	3
491	39
226	32
194	55
383	383
609	23
1586	185
868	268
767	49
842	16
1681	121
200	20
710	55
41	46
667	79
1434	296
1120	6
657	12
444	215
1121	265
51	82
4293	31
542	37
1430	2
865	31
1014	260
289	84
2083	113
110	28
271	320
419	115
896	220
40	11
352	63
1038	45
567	388
2885	72
888	32
135	101
300	108
44	35
2156	24
1065	152
2644	128
320	30
769	11
1837	8
198	40
3839	99
999	19
172	66
982	90
956	19
270	168
938	21
1326	21
1233	60
373	90
159	48
228	499
1711	56
358	33
219	55
668	175
1637	251
248	55
408	68
1388	56
1989	160
1709	372
204	140
857	199
401	172
108	183
109	262
685	4
136	134
700	171
619	190
444	322
59	7
451	310
784	100
1773	63
695	22
1674	102
241	223
1960	293
237	88
1062	97
2914	28
424	2
494	193
1295	87
1701	136
174	135
1678	37
441	74
116	28
1733	21
379	126
797	95
423	140
466	28
704	511
223	172
731	85
1015	133
929	62
1318	2
423	122
477	11
62	66
1125	96
571	243
2459	208
1830	10
253	154
485	99
365	126
1487	42
3542	127
490	38
369	284
1622	4
213	44
51	145
2188	9
415	272
1803	257
2858	26
747	124
690	89
318	244
1315	71
1437	155
448	47
1642	183
166	71
775	213
1557	27
684	65
478	7
1275	3
605	220
579	70
621	167
3390	4
157	162
59	80
1721	86
1646	73
976	178
169	10
478	55
1030	37
225	391
361	27
1487	18
207	95
762	141
634	35
455	257
768	21
1582	604
1745	105
341	33
856	2
2071	408
498	157
2494	277
2252	151
184	67
382	5
363	101
655	4
123	10
139	165
865	162
475	55
1384	97
256	124
265	77
144	206
1823	8
513	1
852	251
6823	71
1255	44
378	235
2192	81
132	57
1877	43
1664	15
1320	24
922	200
925	31
441	40
1332	22
645	8
1453	79
229	7
574	32
1412	45
1164	27
269	46
1021	68
1163	44
437	147
1695	167
286	65
1378	83
1119	40
384	68
168	152
2398	255
857	81
461	157
556	171
1219	200
1133	112
245	34
1699	90
271	24
352	2
823	4
1008	164
341	38
1007	29
1884	42
1050	179
604	29
461	43
330	52
229	50
2117	14
702	37
562	143
1433	16
887	172
561	196
1031	119
918	177
602	308
108	24
1707	1
121	95
326	144
963	191
155	18
822	184
200	110
2063	109
73	306
670	127
853	135
462	261
183	120
153	21
151	121
140	57
464	142
1130	20
698	113
1016	161
398	232
202	162
686	261
821	48
675	233
1182	36
2103	3
73	378
243	42
464	87
154	143
150	93
728	21
1178	47
208	65
832	14
2986	64
333	24
1002	53
52	34
613	366
304	272
3113	55
2244	160
2398	179
500	76
1037	47
588	41
2795	40
392	98
163	48
711	5
106	179
235	103
735	64
898	98
744	53
2302	107
309	171
1162	4
110	54
1660	49
53	164
1101	58
537	34
936	38
615	5
792	109
754	17
3554	57
169	234
1238	29
383	185
142	449
2422	107
636	98
3126	137
730	1
3219	191
279	288
484	75
224	282
687	24
328	339
45	29
433	36
239	3
559	54
375	1
264	24
422	111
622	89
630	61
1206	166
277	14
797	131
538	152
639	30
619	30
564	113
1458	50
291	202
1624	5
321	167
2395	1
1160	17
1370	83
312	167
729	181
1835	10
379	44
136	39
1227	42
302	45
173	91
467	34
929	90
39	40
1210	318
1118	7
2424	476
621	116
611	111
289	104
223	259
1187	58
1398	21
458	4
388	153
661	55
180	7
1279	17
505	221
1995	32
480	234
961	186
203	192
1030	292
204	98
332	272
483	59
552	110
489	134
108	150
951	98
135	42
1099	42
720	149
704	26
3136	44
422	45
135	512
658	43
1041	83
1711	62
659	27
447	5
3035	3
789	56
212	234
769	12
879	9
721	33
1824	13
1755	68
586	205
395	108
268	87
767	60
1435	70
692	14
656	58
249	45
473	144
1822	8
368	254
1767	248
270	179
405	79
1209	84
107	233
1683	260
362	68
733	36
185	13
458	179
303	26
715	75
128	81
414	132
456	25
1790	67
4131	40
163	7
742	88
2442	142
953	158
749	124
638	36
469	34
491	163
635	16
421	124
3434	52
3035	68
593	108
2402	315
1623	269
1697	151
777	60
329	176
1260	61
1042	424
123	166
175	229
1228	158
421	78
1869	43
416	106
1600	163
552	17
2029	187
289	66
577	90
1262	9
149	161
154	20
856	44
2229	10
1882	105
38	47
1614	81
279	174
4343	142
100	38
241	93
229	53
585	382
411	66
172	17
1116	79
726	185
150	32
251	399
323	17
2470	51
538	15
259	34
191	19
239	339
588	128
54	118
402	178
386	32
641	2
540	83
224	128
2035	43
890	111
3405	21
149	131
473	139
1388	419
348	56
1576	144
2722	6
56	54
1682	336
780	234
697	289
263	78
1396	549
68	64
873	85
697	200
1214	2
760	264
660	5
470	42
718	62
372	103
572	171
1574	27
1016	8
344	9
2556	165
737	5
669	107
208	34
2520	37
524	222
1043	12
153	7
663	168
5017	34
1548	17
1455	42
729	25
1923	23
268	48
1888	98
604	70
608	171
209	22
1027	573
562	64
162	8
121	151
734	31
1766	50
188	49
1558	55
3342	125
1136	46
1537	4
841	25
1536	107
422	90
1230	206
2686	2
385	22
1977	142
64	121
529	30
497	4
633	2
1047	176
1457	188
887	157
2145	150
1030	6
255	27
772	350
560	106
246	224
316	341
450	13
536	334
1397	132
1420	2
364	76
490	103
1297	56
337	168
358	58
783	190
507	119
170	106
243	104
1205	39
1610	18
718	89
168	14
159	185
319	8
1601	327
531	104
272	27
1163	19
682	100
3226	362
1303	10
304	8
407	38
347	85
1072	32
406	15
1266	30
42	232
144	11
246	28
150	5
466	15
1489	202
155	171
771	81
517	7
1358	355
610	114
442	295
1203	1
268	242
948	35
3884	136
149	109
2874	83
195	4
1561	103
513	242
157	123
664	66
406	5
479	97
1835	88
1041	48
1080	95
2774	26
631	24
335	7
335	4
877	55
62	80
1683	144
2487	43
452	147
460	28
252	40
1252	81
1447	90
266	92
157	119
285	73
654	106
766	38
66	9
666	54
335	57
896	141
306	114
1046	225
2252	143
44	78
554	157
135	45
166	109
1036	4
828	159
1753	62
1388	39
886	20
520	83
483	4
1456	88
2034	56
661	35
537	113
458	246
232	71
432	45
423	51
64	46
856	132
800	13
380	293
393	169
1800	95
2487	60
777	194
1176	49
212	166
522	142
471	296
84	202
573	172
650	10
465	96
204	199
929	69
762	56
1256	30
1503	422
547	112
704	35
351	36
2882	11
1181	134
388	189
468	4
1241	35
2256	206
872	60
917	1
437	19
843	16
214	22
444	92
1774	59
962	210
109	159
1746	86
1329	4
303	128
306	123
118	133
295	36
1429	35
476	18
655	74
348	202
499	148
53	149
2043	11
414	3
1099	110
1446	36
603	29
1116	16
58	298
840	100
696	20
2213	85
177	19
945	17
3055	50
314	73
377	235
2591	114
49	3
450	303
388	27
662	7
288	5
603	22
1294	42
2828	2
901	49
493	179
584	7
212	17
216	184
1481	67
140	38
560	124
804	83
1550	52
484	128
394	4
800	110
233	9
613	5
53	19
2600	7
404	24
210	42
1365	38
109	113
894	37
708	94
209	322
264	21
223	278
878	84
1065	243
696	28
340	47
396	8
306	93
138	74
532	58
299	157
835	22
893	323
309	27
460	33
2457	36
594	274
406	13
563	26
1123	93
2031	44
3503	82
194	58
903	81
1492	207
839	101
347	46
836	183
2267	237
771	88
839	17
1835	7
1949	780
617	27
2849	71
622	39
281	195
146	211
291	2
2070	222
1064	116
207	26
839	19
970	3
933	204
56	49
488	24
327	154
524	39
3913	28
1132	84
136	6
83	254
272	78
241	19
1109	29
113	58
1209	191
166	371
1164	176
4819	464
65	131
19	97
556	69
1031	577
690	44
377	24
613	192
1685	9
467	157
1782	127
241	30
245	215
1136	106
1238	140
185	27
674	75
2830	164
142	67
414	188
1269	47
1663	79
179	11
137	144
739	17
294	110
55	308
496	4
1160	148
842	56
1087	227
166	174
311	259
693	27
559	61
384	194
791	21
219	243
486	229
1480	65
2783	4
2127	33
812	197
1320	58
391	30
210	3
242	72
614	11
1678	93
423	94
530	26
167	51
1818	96
1051	8
587	144
423	92
1225	29
723	5
674	110
522	62
127	32
1929	27
2840	38
549	165
1136	164
669	32
1036	95
595	7
851	125
2959	19
1282	32
496	7
3913	7
1534	76
633	216
630	25
1029	32
188	37
550	99
553	95
1759	46
895	81
1088	78
874	29
218	166
237	287
49	7
427	372
766	204
146	7
194	78
1589	254
456	251
2837	649
294	57
1926	129
127	57
558	110
173	38
396	244
1296	24
1593	35
322	50
401	175
1907	112
153	51
1703	99
2956	1
1503	148
2225	144
1396	259
3667	19
934	12
936	85
4674	33
838	313
323	85
519	146
2305	189
1096	32
1532	185
661	89
2326	9
761	82
623	139
198	74
801	86
1685	170
1069	35
451	9
1132	69
785	107
148	32
2245	144
3096	3
770	152
419	95
111	132
815	98
594	87
49	160
362	318
1344	2
10	17
1663	102
4323	18
288	283
1404	33
86	58
285	3
58	212
161	221
1961	27
474	22
118	3
962	96
1333	39
423	69
1136	45
65	88
1088	10
214	1
231	68
1776	36
1011	137
1598	169
56	163
824	215
1714	42
279	218
347	30
791	53
673	69
67	35
191	19
408	303
490	40
1307	291
1852	184
993	126
155	197
2028	96
835	18
1077	38
285	32
409	239
2964	21
1807	104
1110	8
503	228
459	92
199	39
510	228
1720	227
43	81
2213	215
530	3
140	100
110	4
221	13
1136	63
235	150
1043	82
439	156
978	322
2335	3
586	326
684	68
333	187
245	33
1455	1
139	78
347	66
157	30
669	8
255	82
51	53
2849	25
418	157
148	26
140	336
353	115
1368	39
167	27
1863	18
1093	37
181	55
2189	73
164	8
433	98
543	14
613	24
489	236
1543	130
207	48
2643	38
687	52
1636	11
374	11
1493	18
645	167
775	98
1326	36
352	62
295	23
608	160
2400	146
1291	18
436	106
222	23
328	33
2517	22
119	25
574	26
2148	155
109	311
1574	157
120	189
142	75
895	52
932	186
1617	405
528	153
226	271
605	53
502	42
592	35
155	54
560	20
287	6
2121	40
358	5
280	33
2014	49
594	12
231	65
712	25
2251	214
174	35
2868	88
1691	91
737	71
731	43
110	34
1209	43
944	84
3268	334
799	138
702	7
992	14
940	5
338	65
803	118
657	4
49	13
147	22
111	256
875	22
805	212
882	131
1653	20
160	83
855	319
1940	22
957	144
356	333
246	12
379	5
740	11
90	142
309	74
1464	15
230	74
252	97
2353	2
438	158
156	73
1502	106
1337	2
1454	106
546	15
1898	79
157	133
798	36
1104	4
356	84
360	242
291	114
1326	31
517	139
1996	258
242	216
624	37
823	44
1086	22
1675	18
785	21
412	21
1053	107
215	66
1077	43
131	15
816	5
392	24
2993	123
1488	63
1299	72
968	250
1040	164
2413	11
2879	59
1075	219
492	121
2227	59
113	19
255	3
1596	409
1893	11
786	96
1458	80
1792	197
542	28
555	33
284	11
578	104
283	95
2918	24
1129	181
839	200
362	48
755	58
2202	23
168	78
571	76
803	56
735	73
572	21
388	34
302	51
272	11
1031	75
52	204
660	34
290	41
490	88
743	320
802	88
867	190
1253	332
469	6
408	143
111	85
132	181
387	89
1562	41
1084	59
1485	2
313	135
1264	13
771	38
122	47
759	512
624	18
246	53
1444	23
870	38
218	41
2877	145
1177	91
679	58
902	13
795	111
616	19
3561	49
92	77
267	10
1239	50
233	76
202	150
1154	450
1574	510
1509	142
157	726
1064	42
815	175
241	365
428	59
354	17
1915	1
1302	43
1844	11
1923	109
116	106
267	7
497	28
1229	59
3979	72
271	94
2084	209
332	128
1904	130
1714	153
1137	294
242	25
790	436
543	85
183	64
3353	41
402	143
136	107
215	167
1053	192
727	155
61	5
819	187
116	26
1322	87
349	31
237	99
1504	143
2019	30
500	4
57	60
1226	35
149	33
303	55
327	28
680	6
130	283
950	50
378	47
108	259
1620	177
2558	58
61	215
505	9
1489	100
300	73
500	26
1448	95
1298	121
607	8
764	439
457	20
1048	106
861	107
846	63
1120	37
521	49
1004	48
1253	223
882	87
397	59
2076	6
502	104
179	62
1936	134
360	47
379	32
1359	59
1092	100
57	52
437	46
1608	56
202	93
326	23
494	198
850	126
1502	66
634	102
245	384
209	22
296	5
1166	8
1623	26
493	59
452	1
818	1
886	68
254	9
1174	186
977	422
1360	81
280	284
649	130
460	49
49	3
1604	13
216	310
314	84
2079	12
549	141
546	92
201	32
241	50
892	155
1868	42
216	49
1653	169
1584	1
713	120
891	45
938	43
628	74
821	105
1121	344
460	80
854	38
196	34
152	61
766	206
132	112
340	9
756	17
1189	266
462	125
549	144
833	195
421	149
343	22
177	229
445	30
424	311
315	73
476	38
651	39
283	102
746	452
1575	77
373	120
983	49
647	142
761	276
2101	117
286	343
3497	138
1867	171
575	2
1245	68
487	83
113	15
448	81
222	124
557	473
1792	9
1412	253
152	110
2749	77
1841	43
141	76
717	54
291	57
814	44
164	369
319	127
535	49
2181	138
425	112
731	139
146	153
2950	182
1640	123
971	194
263	58
575	127
416	391
588	50
4082	333
1024	319
216	67
521	175
1017	120
379	145
868	309
927	8
318	211
602	26
1176	132
318	213
399	183
112	291
753	52
138	54
1051	353
1755	4
157	6
135	12
269	29
220	103
513	165
2143	137
237	33
44	360
627	9
312	5
2450	39
1604	59
831	39
955	206
381	15
1336	84
803	94
1062	97
2038	152
302	16
1230	125
141	72
40	58
423	129
389	154
488	162
491	70
1511	121
1062	17
178	40
442	35
2217	91
321	380
766	74
411	19
1530	60
293	53
369	169
185	39
333	47
2069	121
575	47
1065	138
262	156
1582	18
694	162
412	114
186	106
126	116
638	87
236	120
1549	34
2043	174
349	22
1978	670
647	71
252	140
431	105
591	59
378	115
1498	16
220	83
559	21
696	6
1169	42
1471	285
1014	82
1131	339
634	116
791	47
218	46
258	16
191	32
2362	174
1118	100
138	22
570	63
1461	49
1819	28
1299	69
1282	86
633	61
937	165
1752	51
1232	135
845	79
812	23
339	3
428	164
812	56
485	25
2512	68
465	86
2743	20
1366	208
2099	150
352	105
723	49
265	166
437	24
302	26
2288	11
344	88
779	167
402	68
201	29
315	122
362	45
682	124
90	102
250	6
852	117
1102	61
50	33
747	26
636	527
860	63
1478	47
552	31
4148	85
962	20
368	100
772	130
358	70
2592	41
2209	21
93	68
98	466
1136	284
930	94
160	111
1218	59
921	37
437	27
363	21
1408	5
1912	125
408	18
899	38
1288	70
158	171
297	41
1376	95
421	36
767	149
104	104
450	217
495	40
821	230
2006	99
449	27
1831	58
256	40
3396	2
633	82
520	10
3512	7
1270	216
749	123
634	7
237	149
212	35
315	253
4506	248
368	14
103	227
1020	6
378	13
1367	5
1838	1
890	96
406	69
124	11
1870	10
160	125
164	38
457	87
412	128
1683	111
804	53
1428	180
231	81
224	15
326	45
497	17
141	120
50	57
2317	6
1354	22
665	124
1442	105
984	158
269	269
1161	36
3020	54
495	401
716	14
1093	7
544	226
1149	332
2209	60
469	15
150	108
266	45
231	21
2253	245
482	20
232	27
165	48
358	110
378	140
135	134
1383	31
173	127
1114	60
1039	117
803	140
277	35
1338	2
1896	62
143	417
47	79
118	273
642	115
180	15
951	174
2729	22
751	130
135	76
789	108
684	42
869	239
823	38
547	109
1745	90
224	21
1350	109
67	341
1538	149
1542	6
615	29
549	22
1254	32
1175	17
347	191
295	36
1847	4
2149	46
74	45
610	9
59	52
1000	138
984	21
248	105
381	254
798	53
1305	46
1779	3
192	93
254	1
56	21
592	48
1737	31
1568	22
410	20
180	154
180	229
114	12
1476	25
230	184
806	53
1212	20
1932	1
383	298
327	336
479	63
171	38
484	125
670	5
1319	11
863	96
2626	146
578	17
4001	229
3751	436
1515	14
950	221
237	121
156	208
152	38
1276	38
988	155
603	148
1100	361
885	110
112	75
1578	39
305	324
1759	101
250	50
1661	152
153	126
202	4
131	89
181	6
3653	163
1602	78
743	60
1979	55
233	234
2287	140
515	59
1828	3
230	74
142	32
311	141
568	87
367	100
373	96
581	46
354	9
806	23
1029	3
328	10
958	116
947	285
2140	311
263	42
3600	62
1133	97
2604	2
1902	20
300	79
1564	131
285	357
248	146
302	89
1013	41
651	61
1149	120
1142	77
716	5
1012	25
1503	54
518	224
885	188
1204	108
127	8
1125	43
448	61
180	57
435	3
2642	126
1095	41
222	16
1290	46
196	10
1026	202
2863	22
2572	150
1697	143
2528	21
640	47
633	22
124	67
358	268
1161	107
384	121
1511	234
592	89
218	317
1595	336
556	348
119	29
492	220
2215	498
450	7
1463	73
736	128
131	41
187	74
1311	102
238	93
524	175
1183	6
382	2
1046	11
273	53
105	21
344	11
3235	53
3623	100
552	87
138	244
241	2
715	276
174	20
1740	41
1273	55
1471	20
299	235
1110	63
211	30
838	31
507	362
797	39
2772	233
466	34
838	387
556	5
245	61
326	57
358	141
263	37
158	430
158	194
123	125
672	46
2574	35
547	78
814	66
79	58
1431	30
1531	119
278	107
358	6
209	187
293	214
895	67
860	13
216	14
953	206
2778	105
400	106
934	30
163	86
1010	28
2636	215
2428	183
554	24
789	436
472	45
1516	51
127	14
79	124
320	23
296	31
1014	60
367	251
502	19
507	24
5263	49
151	205
309	23
859	61
828	78
1662	47
358	29
1488	90
1013	195
604	57
885	33
82	131
239	40
504	163
298	35
295	53
572	161
139	66
395	164
119	135
190	24
1402	7
290	60
146	22
1234	42
409	14
342	67
575	28
746	4
355	61
1613	12
1081	170
486	102
753	52
351	86
1181	3
873	140
727	242
424	104
180	50
117	33
1402	111
62	15
636	30
588	60
394	45
2037	380
910	57
1420	123
721	161
1054	68
309	265
470	158
1931	26
38	318
2360	34
2051	12
678	270
88	31
644	8
227	121
244	19
1411	462
929	63
397	287
701	160
6147	267
43	153
16	80
14	154
13	15
12	63
13	2
11	64
13	190
2887	71
1319	18
1945	13
820	44
788	432
209	17
176	212
326	48
416	213
558	40
134	56
475	11
1297	7
741	189
141	34
1406	273
211	15
709	17
190	298
1784	59
306	13
5603	52
907	308
1830	54
604	192
545	25
1875	115
1771	5
287	226
1421	159
924	258
252	17
2092	32
1785	89
489	149
729	47
100	22
2606	50
1521	45
438	26
1500	16
726	46
1385	41
99	66
618	23
978	77
272	42
118	47
497	317
166	20
2495	37
2555	61
788	99
1756	87
1935	113
1875	55
424	11
465	97
187	54
118	195
150	6
2299	85
189	113
2184	399
794	27
2586	59
1501	4
555	27
1044	439
149	83
1593	148
622	203
351	113
647	30
2114	120
2268	58
345	145
245	27
1938	20
121	96
2435	36
490	301
1748	18
2094	65
132	15
955	48
277	238
1288	91
628	45
749	48
2626	47
1060	17
436	36
236	69
1572	48
482	79
359	8
957	5
457	29
102	248
2080	284
1237	155
178	42
447	123
153	286
756	10
386	78
120	40
258	18
1665	179
139	101
1249	156
364	225
407	242
162	8
645	9
134	26
723	27
854	36
63	293
923	326
3007	93
540	33
674	20
741	76
619	179
3313	23
1441	32
658	76
905	44
134	24
178	29
182	35
943	55
1932	46
643	56
1706	167
338	67
550	107
223	123
417	152
213	58
737	30
2061	106
483	14
2647	372
675	64
2377	17
2148	62
3139	335
1199	34
1237	478
1109	916
471	139
1307	87
583	181
2039	101
869	19
389	23
2052	71
548	28
717	253
4235	35
2023	9
778	237
204	308
159	229
592	14
766	123
2053	5
711	88
186	93
455	61
193	206
303	246
374	303
834	223
981	171
822	217
1182	69
29	58
377	217
628	95
748	390
1482	77
1966	194
443	60
892	173
934	487
1074	139
1241	184
2350	50
326	34
1156	37
1663	79
1337	30
1336	37
73	27
1148	104
137	74
446	22
728	176
1071	146
219	4
852	1
201	23
427	23
154	12
684	10
405	119
134	98
863	18
351	22
153	80
117	280
673	19
154	82
140	67
454	59
280	46
221	54
298	11
66	16
677	209
1912	24
702	161
960	2
124	33
965	81
1113	73
2146	300
462	234
2409	17
264	100
1678	59
2398	127
1126	77
626	14
126	20
295	165
271	26
932	100
595	88
275	27
1028	203
127	61
1144	191
1734	27
119	32
245	193
140	66
143	117
606	69
1630	37
861	68
1627	97
472	21
62	15
435	287
3097	27
388	239
450	85
363	129
1132	55
2138	35
1631	1
1187	130
909	77
852	127
2965	82
1397	81
242	28
2013	87
1048	191
399	52
161	111
811	46
335	182
612	274
240	66
1087	62
329	42
148	235
431	62
1118	21
438	236
616	233
109	192
423	139
2080	32
978	93
425	30
1864	21
863	126
341	11
1756	32
784	35
918	29
503	46
562	11
669	195
369	21
143	357
669	75
768	18
1000	132
589	1
250	21
382	16
875	24
1872	23
1142	3
386	274
1880	18
193	35
559	211
907	38
1669	364
1058	10
178	80
1611	132
301	389
473	203
2260	113
244	75
926	143
1721	326
2016	1
487	45
661	14
3576	80
794	1
118	258
189	142
434	147
67	14
1796	2
1584	70
477	314
1446	20
127	217
117	168
885	104
245	26
607	222
1147	104
1474	30
890	164
987	15
810	204
639	2
44	24
582	12
722	226
639	76
452	2
1962	235
1224	279
209	148
173	164
204	50
778	360
2403	40
499	34
1211	78
381	298
1537	112
1306	23
855	42
4384	1
1981	79
2984	291
1872	248
1696	226
285	42
1265	19
3091	74
220	105
52	41
143	55
3943	65
487	100
1250	125
104	1
222	395
1718	40
2055	38
144	101
144	193
213	90
367	173
1194	101
1060	13
1108	241
176	46
895	354
231	149
2280	84
2105	34
1004	81
667	175
3445	19
352	163
1068	215
1138	89
498	198
783	18
740	195
6333	14
126	53
1291	44
231	124
1092	119
239	170
1169	20
466	34
601	39
201	359
546	139
2205	124
527	20
592	84
368	39
1402	209
1314	7
165	37
240	134
2185	43
525	217
1779	35
363	89
309	399
172	87
602	43
1712	109
1393	78
783	32
318	173
2153	344
233	101
215	3
539	212
7362	79
197	167
321	74
113	232
1472	17
304	44
958	124
106	27
630	8
617	46
343	153
161	31
275	54
1573	223
110	18
2115	64
451	63
639	144
335	56
487	93
222	56
945	18
1088	293
210	60
1802	135
1172	161
535	58
2173	105
246	65
708	16
377	32
242	139
1457	2
422	129
937	75
162	46
550	36
136	52
171	4
1594	2
1100	7
126	149
263	152
2010	110
1230	9
1082	133
484	143
1794	180
758	8
914	54
79	181
1382	91
130	59
3791	4
80	52
708	50
249	3
745	67
311	26
230	87
689	118
647	22
138	117
180	24
779	11
1455	35
732	74
1797	41
1537	2
108	75
190	104
459	34
317	21
1002	138
147	72
1167	26
1925	50
900	16
761	245
1221	73
1408	234
1892	91
618	15
179	20
980	73
210	14
244	455
2514	2
1592	227
663	205
296	93
131	53
213	108
626	262
1717	13
374	230
131	21
521	161
867	94
2007	32
148	5
961	50
828	128
543	105
353	20
994	43
3417	89
962	416
275	67
1101	87
184	35
255	96
1351	155
1042	25
1387	50
588	86
680	131
495	30
1446	100
628	44
255	103
1345	17
2333	20
287	86
647	36
1373	51
1547	344
73	7
299	129
418	216
572	20
466	160
524	81
1619	72
165	126
1700	1
2349	91
170	35
158	7
314	89
720	28
881	173
196	49
683	33
186	49
3919	144
1180	63
1057	124
133	33
1072	90
317	184
2163	117
1400	32
1803	206
1539	361
176	130
1743	50
314	86
688	9
97	387
154	107
200	35
333	196
2222	548
590	28
280	15
96	38
1023	33
272	20
627	32
390	20
2953	233
355	231
604	156
717	6
629	125
1954	19
427	126
917	236
1038	20
353	109
776	34
5198	39
678	136
1985	1
672	2
457	22
321	48
860	39
1608	102
1176	212
172	45
695	15
435	282
564	1
122	36
233	165
1106	19
622	29
2524	57
113	132
493	33
1319	32
523	111
503	122
933	32
1522	59
381	188
1493	23
682	174
287	75
426	506
1145	33
755	4
630	10
769	23
726	482
311	35
92	430
214	112
1133	64
172	129
122	63
1131	49
448	467
642	153
884	61
185	73
1131	72
545	297
201	13
1805	175
2208	10
466	13
113	70
1578	157
883	10
1368	67
644	46
1399	52
98	51
944	152
432	12
418	161
1457	51
1346	34
1640	438
324	26
821	82
935	152
1353	206
1759	64
203	82
371	144
1275	52
663	15
1002	61
1228	30
2066	48
495	36
137	44
206	11
159	393
225	28
160	2
902	166
327	10
998	319
1315	18
890	70
677	35
360	183
651	82
988	58
1528	92
1036	81
707	73
1940	12
352	125
627	18
824	84
1038	87
324	17
2046	57
916	128
1664	69
827	112
314	26
598	20
1804	60
303	78
344	350
1764	218
1089	124
1057	65
309	351
3432	96
179	179
356	155
307	137
995	164
262	24
421	216
256	12
256	160
260	173
364	108
332	60
224	225
97	183
97	3
1201	36
1649	138
238	233
1569	95
165	10
475	179
842	57
2610	97
526	45
1030	58
132	185
560	40
747	73
953	189
308	66
871	151
828	11
832	3
3501	25
571	48
489	85
615	128
441	17
1573	7
166	119
1127	302
579	146
221	180
1524	113
755	39
310	174
182	11
542	108
2288	12
490	28
383	75
720	56
89	40
525	16
97	11
472	294
667	19
156	363
933	98
211	6
2044	159
1829	65
1310	5
678	108
2310	65
465	38
499	99
452	53
2179	114
593	25
1228	305
604	147
1487	985
979	430
691	42
829	22
1075	112
218	72
199	25
196	170
1518	14
1359	224
1222	68
133	18
318	28
207	34
437	69
635	85
724	109
385	72
1483	70
355	111
459	230
1219	24
337	526
432	180
492	161
313	66
191	23
3127	104
3855	126
1146	47
393	22
1081	366
168	1
265	218
149	21
1173	119
48	261
189	8
1577	216
668	127
3131	63
222	271
393	125
4567	58
236	92
716	34
456	37
528	110
555	76
2944	13
883	22
1185	87
1255	9
288	120
208	26
208	87
540	84
120	22
901	9
2202	32
1963	139
863	9
175	81
609	196
188	82
153	118
1451	5
245	17
598	195
1998	36
780	16
1940	118
483	64
276	93
1350	161
94	1
437	17
1414	75
251	71
420	63
2175	49
204	45
888	135
654	359
2367	2
1702	56
3394	45
646	38
1376	12
1672	52
986	245
1342	8
926	106
670	260
696	53
203	1
242	50
212	15
441	109
1659	16
112	22
2749	25
759	203
596	7
1445	214
219	14
203	60
1033	350
1085	81
687	37
1056	195
1965	111
1344	39
3029	154
253	9
1259	199
2548	171
783	53
1224	172
2353	2
293	144
3401	4
99	125
1891	119
366	6
2096	3
806	48
520	2
365	78
462	20
266	75
413	76
848	115
790	250
726	110
365	312
2062	133
174	34
858	92
887	44
359	183
1053	43
117	146
500	126
2360	3
537	54
1017	10
302	12
2236	94
469	89
1597	269
198	40
185	133
380	579
332	2
618	54
1427	32
4020	67
697	88
884	49
204	101
882	32
851	302
635	68
1403	6
648	4
1097	30
330	50
252	172
738	131
86	327
1031	60
136	73
3744	428
271	157
470	142
1065	89
1005	136
163	67
329	90
276	143
306	68
423	249
1442	5
308	48
147	50
699	59
228	23
1848	77
122	119
460	343
286	54
742	34
1709	74
2844	106
734	29
770	96
331	24
2578	18
1229	101
2517	119
1824	146
1764	49
1122	47
1243	145
597	13
2274	12
714	66
234	127
121	2
221	18
1089	33
474	10
403	128
707	54
963	228
1234	19
479	50
1083	454
186	22
877	150
515	141
646	54
2324	152
303	198
301	30
1862	6
1159	64
864	13
715	18
270	90
415	39
200	40
181	122
1597	88
1172	10
320	61
471	25
649	25
581	17
135	238
1722	64
489	110
803	331
1519	249
200	187
985	114
440	67
184	5
1503	364
189	63
3494	35
168	109
1996	170
777	39
143	104
186	70
103	66
290	39
3079	229
2402	100
2370	27
1284	3
1610	18
1461	102
1171	126
516	9
653	97
153	62
3000	126
630	130
609	33
269	213
289	77
1351	188
768	98
114	114
582	30
332	199
698	296
1002	28
624	19
1197	5
1559	1
407	137
1466	19
1709	264
956	267
201	11
656	32
956	161
886	19
4109	154
2516	30
2240	9
285	17
192	59
153	75
1076	231
183	1
2067	75
765	44
187	4
772	98
1289	32
939	32
277	1
1217	99
1579	218
739	101
1538	35
380	23
595	67
1133	29
189	20
139	67
714	4
2752	55
961	1
1759	218
1480	240
1164	12
433	63
3470	64
1385	152
291	78
488	1
1175	95
167	111
2803	55
3547	115
2885	137
162	80
195	140
944	70
391	1
204	5
459	51
3978	210
885	49
151	2
635	42
511	5
154	26
172	20
838	86
970	79
372	31
250	174
1866	171
398	161
958	55
361	111
1024	142
1898	86
98	71
227	320
1689	13
1214	25
203	91
348	59
302	29
1724	73
888	59
618	107
1097	293
535	29
515	24
1222	168
392	240
545	77
1251	60
449	52
1149	9
522	12
262	19
193	243
916	55
821	25
1208	90
128	475
170	60
4145	244
560	29
891	47
1273	32
126	77
188	16
1196	101
746	126
391	129
989	49
751	33
4582	245
4330	31
776	92
123	8
264	122
1057	6
1677	16
403	47
377	3
2184	18
849	54
461	188
502	191
213	103
241	79
2484	8
130	143
584	206
400	227
446	261
1775	127
1502	180
1253	61
549	24
432	50
689	99
1295	99
2512	11
683	14
1198	50
2197	80
1437	33
411	55
468	123
935	33
232	635
198	208
582	39
654	120
927	50
182	78
270	114
2457	99
515	29
1335	128
2064	138
115	65
178	8
692	43
344	321
349	21
141	40
712	382
371	351
5976	44
1579	64
296	41
3392	2
321	11
229	329
320	24
1386	71
1941	27
1766	70
1140	88
1049	63
170	62
779	3
521	216
201	85
265	95
614	29
835	77
844	21
586	20
351	14
268	94
1043	160
269	46
120	40
1273	228
582	57
108	99
209	217
905	91
261	12
223	56
2589	85
371	146
1099	36
174	149
950	339
495	105
787	171
750	68
276	9
1205	30
547	85
1121	196
374	348
1991	29
146	21
1784	87
287	7
549	167
1025	201
565	82
690	23
1034	287
4289	251
145	151
1305	13
1691	67
669	40
1513	66
2666	101
1110	18
136	284
2563	108
152	41
2413	34
346	84
499	163
357	1
1098	74
202	11
173	67
2672	5
697	68
1133	37
803	2
1523	115
216	3
5312	403
320	201
1143	12
1068	109
3446	98
742	122
269	219
288	175
851	41
898	179
3045	15
458	1
255	62
2000	19
1719	41
433	41
705	174
608	42
747	31
444	42
209	1
1605	73
493	15
869	10
169	147
174	124
299	29
368	21
456	13
960	184
433	127
121	123
908	79
1202	152
1736	27
1473	159
972	32
514	34
250	71
78	150
1108	86
1625	11
1375	129
713	260
210	34
2487	40
1283	45
364	132
1883	45
781	20
1296	115
735	551
441	7
145	21
810	24
80	260
834	16
2625	260
1315	58
1297	59
202	23
1407	157
2945	200
2634	405
175	97
592	77
742	83
772	49
2133	465
197	60
191	10
596	185
202	301
2943	160
1034	65
107	133
1044	7
652	70
45	111
141	6
388	124
145	248
604	96
1043	42
477	52
184	66
790	42
658	25
1301	84
576	14
264	107
856	130
493	142
889	57
1043	5
1673	21
408	80
2392	484
167	31
217	2
1571	71
2104	8
3408	233
379	20
1985	150
1079	70
1031	70
623	199
2535	163
1026	34
1166	285
3490	63
763	35
126	26
104	72
141	76
1141	62
1058	58
4760	112
169	224
112	4
466	55
2300	77
876	138
1031	4
1246	220
1692	2
157	320
707	19
738	5
2972	20
381	2
1096	146
268	67
1160	190
599	155
3236	147
115	347
1693	52
878	119
110	44
419	96
1456	125
774	95
2319	102
343	83
962	376
396	35
1984	121
632	15
594	134
2482	18
1067	68
699	2
180	107
4007	3
118	103
256	49
109	185
1260	109
1121	108
1085	5
565	163
3953	59
1034	30
796	15
1581	7
1293	42
1839	384
1090	102
1781	57
2012	187
337	441
540	78
711	68
448	192
512	227
865	137
1344	131
1610	230
469	182
106	15
1283	227
684	29
1385	82
706	138
421	211
928	19
1697	24
280	146
1525	65
314	75
692	87
173	352
300	85
1143	12
126	21
1372	24
394	54
325	4
1473	314
247	34
1534	90
1771	112
439	16
117	23
217	180
247	129
107	5
2536	67
803	82
814	106
352	63
2049	46
311	56
129	14
444	51
762	254
314	28
1724	240
953	10
1170	134
481	22
101	41
462	230
849	12
2508	39
472	16
2728	64
1319	15
567	39
804	204
118	168
296	230
652	77
454	31
302	12
1891	112
201	124
404	356
110	73
743	16
346	6
644	39
1104	239
240	79
2136	183
791	61
1253	126
1562	20
2334	17
1223	15
397	41
969	284
858	214
861	10
1712	72
2140	10
574	20
128	76
1043	181
502	83
1095	83
433	71
927	96
169	51
619	333
1133	188
102	10
1336	40
967	81
1403	89
376	67
504	182
2619	25
1034	444
700	4
131	4
684	190
573	129
688	82
517	10
1396	16
2406	4
860	161
219	170
688	81
3174	49
975	15
1105	107
287	2
890	44
283	4
729	14
574	28
791	111
1628	100
264	2
1513	479
222	29
454	88
684	21
1061	40
3035	208
217	401
289	54
2352	233
3703	50
708	81
1170	275
1333	171
1230	60
286	203
460	81
1192	434
155	3
653	38
1249	11
457	246
831	49
1625	58
841	48
479	7
302	87
1159	83
151	92
363	151
536	193
1431	66
442	273
248	38
288	41
1534	10
1246	68
156	166
263	8
572	170
1066	81
199	57
582	369
797	114
312	214
1465	99
1454	90
3337	38
283	75
971	177
982	109
1086	25
492	79
218	85
553	18
136	41
638	36
782	212
2236	55
1864	42
604	43
193	138
1452	116
1923	175
598	151
1370	94
277	114
1128	7
720	159
595	267
363	96
851	44
109	163
823	31
2090	72
860	38
748	32
114	196
1472	57
531	139
303	8
539	84
215	131
911	11
1258	272
1122	127
2424	6
230	168
535	13
283	65
2729	58
110	223
118	102
1682	38
206	58
3284	10
320	476
611	410
392	51
313	24
719	45
390	73
564	39
978	197
262	150
1867	206
1890	48
754	9
485	37
158	3
1265	59
280	18
1508	85
618	36
376	8
182	75
2259	138
2413	65
1269	101
623	114
404	9
153	14
1232	109
1739	4
324	91
530	39
200	64
2143	20
128	188
725	48
259	117
2405	188
876	99
385	111
297	30
778	78
412	15
308	41
1530	20
110	184
3740	68
593	64
723	53
146	14
955	58
404	57
2055	262
109	37
299	305
931	123
176	6
712	47
1394	29
627	393
1290	215
1099	27
202	98
522	7
1834	40
1209	197
1480	27
418	36
450	31
130	44
613	9
807	154
1561	50
763	36
731	124
679	43
1997	236
1767	73
498	5
1014	51
417	221
322	12
1881	10
359	159
262	218
973	173
233	90
754	8
261	37
1327	313
338	116
894	12
1306	30
985	157
366	58
275	106
1250	204
297	146
1226	82
1792	22
1650	10
197	4
901	105
1316	21
2792	6
404	111
1465	39
1063	80
203	169
523	25
272	259
824	24
219	111
707	157
2726	21
571	100
416	99
1980	213
310	47
1960	78
1265	357
1463	297
461	31
1301	48
1374	303
2086	21
381	18
641	38
393	51
144	16
170	142
2131	44
1366	28
3471	159
1166	85
361	96
870	121
742	15
466	76
1058	73
137	41
114	2
386	45
919	106
1724	55
1498	161
841	17
836	129
848	71
198	181
951	55
1117	85
753	23
107	9
560	176
666	11
978	386
188	32
1431	21
852	49
963	171
1233	28
260	103
478	372
114	13
2130	13
1639	12
373	69
614	150
159	382
137	100
1234	29
2295	414
1361	334
1091	227
343	15
1542	42
402	5
492	110
689	169
271	104
2175	9
975	13
264	33
761	313
404	167
2555	105
1096	58
221	2
626	85
2836	107
1244	92
568	39
325	220
435	1
1667	11
259	291
5449	9
392	38
1798	50
345	34
505	163
303	35
1563	38
2209	220
4877	22
773	7
1023	84
159	161
1059	50
1394	60
399	74
496	58
1096	15
816	278
914	65
1435	2
281	108
167	115
285	8
584	223
184	229
188	42
563	122
192	15
950	164
1400	50
163	12
456	21
667	4
238	19
117	92
227	85
1061	121
329	99
792	191
1153	19
722	61
119	165
4649	160
715	28
2760	16
1063	26
1157	44
229	24
497	145
2875	67
897	196
1055	53
1070	24
205	25
673	164
113	6
145	553
327	200
450	221
908	182
326	19
157	94
323	4
365	104
216	99
827	48
3633	103
291	338
978	6
329	422
1180	172
1178	9
315	12
1378	16
311	39
1065	215
145	81
392	72
245	18
1246	75
400	226
888	27
1122	66
427	48
2616	100
298	33
1027	39
226	61
1675	21
1728	67
377	169
962	53
940	21
734	104
423	114
1091	23
610	119
1168	51
503	31
685	299
2417	329
1014	52
2293	154
192	56
1065	128
118	2
220	177
169	8
1336	8
476	378
675	116
573	34
935	95
504	183
406	2
674	34
1036	45
1840	41
1155	118
1131	353
439	170
173	10
4232	45
686	123
1763	44
174	185
368	31
834	25
2124	26
1872	29
479	45
315	55
1669	118
1864	70
742	23
1320	3
698	49
116	7
366	24
499	78
1264	24
655	35
844	215
122	303
2624	68
243	346
148	37
1589	41
944	163
186	155
1077	86
292	16
953	42
269	139
2082	9
1120	239
640	319
460	81
1845	173
307	97
698	28
1268	103
1690	13
1084	12
360	17
1956	66
1759	150
1164	87
899	214
1026	157
319	145
417	62
503	49
997	94
4027	185
2170	67
1347	53
163	182
703	36
465	18
198	46
1713	51
2064	333
418	6
364	135
1418	197
2342	52
179	10
3447	88
314	127
175	43
1216	5
148	20
2567	108
369	54
1120	58
217	107
555	45
1362	251
2880	198
585	361
473	116
398	67
469	157
272	12
188	18
536	182
623	31
1127	35
215	43
1306	89
2615	64
986	64
1031	73
2015	287
444	27
1635	90
569	383
345	72
947	447
841	162
287	209
268	22
749	85
291	36
1086	83
1827	62
1158	13
264	404
198	313
357	115
541	161
149	102
322	17
391	18
3172	60
1660	14
2097	5
2472	182
120	24
1745	64
170	504
563	65
1118	8
2452	112
1647	93
435	69
209	38
659	13
756	228
181	51
389	55
386	188
220	140
1025	1
190	35
1257	137
471	142
1937	58
322	321
492	69
696	175
549	260
202	390
435	206
725	15
277	53
821	87
311	126
261	49
458	34
177	10
1183	118
519	77
477	7
1387	151
827	160
231	240
138	49
882	156
422	99
443	25
653	29
302	147
393	105
130	7
598	34
180	103
235	55
772	322
343	61
103	23
789	106
576	223
463	22
1255	61
330	46
340	18
2752	21
921	57
607	6
864	73
573	54
815	29
1044	200
1278	167
1067	75
929	90
622	35
618	231
878	20
301	28
1670	25
979	8
2262	72
140	43
2700	147
850	100
681	71
197	178
784	2
254	39
1355	374
551	4
634	49
1145	290
590	22
117	153
186	14
337	42
1472	13
261	51
1586	73
839	176
499	17
701	84
626	43
2177	78
903	304
721	91
1996	22
698	88
340	26
696	66
149	66
188	41
137	138
205	69
3773	184
604	161
347	231
2558	123
135	1
300	7
510	28
615	293
857	86
861	56
1002	20
141	128
162	410
2460	17
697	8
1001	6
599	111
629	21
278	98
172	77
373	12
374	290
145	32
239	117
1507	97
1959	82
1036	250
1051	106
340	148
249	3
520	32
2168	3
1589	182
508	73
2164	16
666	254
351	106
508	61
235	15
599	82
263	98
957	47
1421	149
312	131
247	44
1238	217
650	109
851	167
3375	92
483	57
283	138
639	255
848	155
2228	15
576	27
527	218
2139	52
269	142
695	46
1509	51
705	18
889	157
459	113
539	47
341	6
947	23
1121	78
669	4
626	208
681	20
135	110
769	89
2074	6
1384	15
2192	163
589	131
810	52
260	68
155	164
562	96
763	73
1087	142
585	102
1082	79
147	51
423	186
123	158
1111	32
150	71
556	73
863	104
548	11
2468	18
1990	39
889	29
333	208
1293	51
1780	1
690	8
1679	68
219	114
148	200
441	451
151	92
312	14
1655	25
120	206
1608	26
372	91
901	9
1438	111
248	260
198	123
557	47
974	107
412	27
379	30
135	188
241	94
1743	157
168	7
178	30
725	201
174	99
506	55
221	226
2447	65
917	126
151	131
690	189
414	414
362	147
713	9
1230	39
1557	7
160	16
1025	418
1102	48
691	39
338	139
626	58
124	32
393	383
1935	29
736	38
141	85
584	138
654	80
404	225
405	127
605	127
198	18
1459	90
239	55
124	63
811	207
1236	98
334	131
823	261
273	44
747	138
441	20
465	102
330	40
336	10
252	130
2438	119
488	28
1259	18
292	125
1381	115
696	16
519	144
368	10
499	52
203	36
576	130
280	409
1761	31
861	182
1198	50
3654	18
141	95
1104	113
1141	24
135	109
209	92
135	320
2150	27
3542	38
114	214
569	91
259	114
210	113
1991	24
1254	3
128	10
884	548
1925	77
622	46
1435	278
1148	21
415	29
222	43
642	112
142	16
129	33
89	57
381	6
121	15
489	48
1068	306
501	15
554	34
1814	66
241	81
147	62
823	13
180	217
1530	28
361	31
113	7
301	152
167	88
889	34
495	153
710	5
666	124
972	14
390	70
756	180
712	223
217	39
276	89
314	80
212	58
237	16
4186	188
1688	40
359	49
1169	120
404	91
529	4
159	93
326	74
472	88
169	2
1713	430
815	43
665	515
549	161
1071	171
454	142
1894	50
1275	83
723	10
220	78
550	267
1923	43
806	248
1023	43
132	51
160	58
796	99
183	37
603	172
471	9
133	96
1217	260
2390	101
994	146
535	48
1168	131
2562	357
357	7
1738	88
1418	33
793	49
1278	19
703	258
1203	125
123	4
1992	22
684	135
669	144
433	133
895	95
292	40
669	152
289	127
492	202
314	183
1170	171
971	226
1633	128
1175	146
156	65
1490	182
369	22
825	107
494	163
458	38
588	58
305	80
2114	205
2758	21
255	191
1584	40
438	555
1380	54
162	103
435	111
183	36
560	118
641	149
457	259
398	1
795	92
3402	264
289	33
214	57
1551	104
515	155
380	16
1664	120
184	23
953	43
1509	17
318	495
628	85
1111	38
433	38
584	89
1021	355
792	90
375	120
292	46
200	222
148	114
494	111
1649	26
178	97
382	53
1566	24
1156	12
829	59
160	9
1011	22
234	56
1428	55
123	64
1020	46
916	188
554	8
781	5
1117	30
146	36
468	142
509	31
623	94
1213	2
403	17
2086	71
889	51
463	250
462	82
399	128
1015	248
155	146
1167	124
469	185
690	78
480	44
1478	53
375	27
448	115
987	152
495	19
183	67
520	51
2684	43
147	14
1102	112
198	36
269	133
1385	301
2825	72
517	10
596	26
506	171
1332	16
1033	16
1234	205
532	172
5030	157
1004	31
260	9
730	38
493	216
358	125
1160	35
619	37
757	122
2732	11
367	28
856	97
2238	86
1395	283
318	74
1767	3
451	94
398	58
1727	61
668	226
668	43
190	29
270	104
2974	10
166	97
170	17
139	227
1618	103
1005	64
1137	2
417	32
1270	28
1754	117
1448	148
154	45
529	114
395	6
943	188
159	15
2728	337
1741	4
364	41
327	183
736	64
1153	74
4208	33
1436	51
161	36
1509	39
275	40
1009	35
967	7
1028	42
365	126
980	51
2731	65
471	54
863	62
142	55
755	38
2971	12
540	28
650	11
630	44
428	38
1146	67
805	43
175	154
769	30
153	38
987	154
1603	259
3130	159
1115	147
938	56
854	29
1038	8
319	5
2699	145
234	87
240	9
1207	67
747	183
1276	57
209	105
523	129
419	146
811	314
334	31
263	73
907	76
283	16
691	10
281	1
427	446
498	1
135	5
1972	101
182	214
1090	15
684	9
800	8
2037	45
977	280
1220	44
213	46
2571	40
909	291
169	192
352	260
184	23
537	71
198	216
382	15
336	8
574	81
534	149
755	171
785	15
2574	115
408	153
2143	233
533	49
458	63
468	54
521	136
725	56
1109	28
1360	12
1060	20
234	51
129	54
617	42
2397	95
716	52
189	126
2453	4
729	30
305	76
599	54
181	61
587	3
879	60
122	41
673	116
434	32
947	15
1109	181
324	25
583	26
1365	37
575	40
640	52
856	258
273	35
261	513
252	37
264	7
401	27
266	19
192	212
1014	221
1682	133
156	107
451	20
1007	57
732	218
1965	306
1152	13
746	166
141	73
761	79
1278	109
583	6
619	93
260	21
528	3
875	9
498	173
1664	9
2541	4
747	88
1574	97
664	138
158	62
1116	10
1206	32
331	64
603	14
1522	86
223	29
291	40
184	183
244	134
2134	101
2917	114
1608	87
711	117
200	93
412	185
290	6
700	291
588	266
398	123
1750	135
690	195
193	46
575	61
574	353
940	178
176	351
1392	96
1298	184
1506	93
362	94
4179	41
460	36
186	137
1382	63
1210	133
510	21
1448	29
391	38
227	281
147	56
1640	43
1795	170
1012	69
592	25
583	143
150	103
1324	355
743	7
1204	178
429	2
2206	454
311	56
585	67
342	14
395	11
1077	43
4834	51
445	2
1162	360
343	188
1325	138
1809	9
1335	134
1119	26
666	86
270	36
267	15
2065	1
309	74
1298	46
173	248
181	280
583	28
337	15
616	34
5340	111
1135	106
316	59
1045	137
1189	43
338	18
895	277
1172	102
254	97
1523	117
330	18
491	10
559	1
2305	57
457	82
352	33
827	21
208	293
1092	173
699	33
3722	10
260	69
226	95
2813	20
1891	334
1671	70
123	44
257	76
1462	79
1964	113
352	9
573	49
2698	292
236	128
358	30
1349	183
333	44
943	42
2625	55
1772	92
3136	78
992	34
2281	427
814	202
2305	467
774	192
1641	205
1217	84
212	154
928	101
561	106
403	89
536	145
1056	98
1551	69
1281	13
143	2
688	134
690	90
1815	103
1468	15
505	97
263	190
2044	21
915	97
1112	71
2086	165
1452	90
565	29
1187	101
4751	183
3408	92
386	35
570	162
362	31
1421	98
167	398
1119	12
1841	50
879	124
1226	104
1461	55
166	77
2696	27
900	201
901	1
385	118
116	62
342	33
230	38
3486	122
608	18
591	44
2106	21
320	37
690	27
3019	38
1100	27
191	237
1436	67
1723	102
138	59
426	43
503	57
945	55
142	36
1029	2
1277	38
259	46
246	137
459	84
489	67
639	29
1277	125
323	119
245	89
345	165
441	114
631	32
1051	41
434	90
5449	45
1327	127
220	40
981	7
306	136
162	50
319	17
1312	103
1970	76
234	29
222	53
292	5
240	366
184	2
403	411
455	13
621	62
453	12
170	96
2244	59
1183	2
564	78
603	61
364	95
1561	112
318	24
1880	40
331	54
304	96
1414	9
139	41
268	10
958	92
2163	105
390	158
565	146
155	9
320	198
753	56
2807	54
347	56
1774	21
322	360
423	11
858	82
1343	339
369	91
232	127
139	115
181	34
763	79
462	1
660	63
1283	149
1950	208
266	109
945	24
295	40
2663	50
1280	232
618	42
1903	113
381	250
871	43
245	95
268	96
2354	192
580	26
2090	16
277	88
675	31
504	7
692	65
588	214
2430	42
189	38
157	17
1102	158
1322	42
836	485
638	24
475	113
170	18
1170	35
485	131
702	42
295	20
3177	58
309	48
232	324
525	15
347	21
2161	82
490	132
513	39
1066	247
265	57
3409	68
2235	64
187	24
710	83
591	133
2189	97
159	64
409	148
450	12
760	13
808	130
2885	91
951	140
705	27
165	32
213	29
443	6
2366	35
587	290
607	236
152	40
212	124
662	189
717	279
664	130
774	19
2288	66
153	125
350	7
1182	47
750	54
1408	2
189	10
529	28
512	356
285	102
1267	82
335	74
2883	65
309	197
2127	35
497	27
213	4
1094	216
223	921
2589	4
343	50
418	44
191	159
800	76
418	40
293	57
542	18
1236	224
675	128
120	87
849	91
209	277
276	191
2044	6
438	112
397	138
223	152
270	82
555	120
1001	29
2116	203
823	40
408	105
1891	112
865	243
771	60
676	55
361	128
1861	51
1984	78
725	224
365	418
2168	118
490	44
810	78
772	322
135	7
2250	21
2133	66
1366	154
568	24
954	28
429	32
565	26
1121	52
545	138
478	36
1024	68
205	180
988	181
2405	107
209	168
169	38
647	213
288	108
550	138
1292	17
704	189
809	3
1475	15
439	94
168	15
594	206
509	95
335	143
297	136
533	161
483	18
353	6
307	88
182	39
152	14
1895	167
253	236
810	97
1215	169
1383	15
596	256
180	220
2440	44
1495	55
163	11
281	23
243	24
287	6
439	86
2749	3
1051	28
672	262
98	13
749	38
251	21
674	84
2160	8
711	312
227	285
901	37
2929	103
1364	87
1083	17
963	11
250	35
3428	98
902	28
1325	80
2029	45
1701	142
173	117
536	16
2287	23
203	96
678	47
184	45
160	62
157	14
244	68
1401	126
497	49
233	64
320	37
1199	68
601	34
295	110
1671	1
328	174
1215	128
670	232
244	50
542	25
270	20
718	49
471	14
835	78
197	7
765	289
642	131
450	84
344	224
458	69
536	471
478	235
1559	65
743	89
170	165
848	114
311	43
1149	153
1181	128
345	6
1856	22
616	45
155	48
281	23
433	51
372	17
158	106
152	9
160	366
486	3
609	48
1425	6
658	5
2810	105
847	52
230	21
449	86
2828	18
3724	86
664	56
847	30
2176	89
467	8
1338	429
1059	54
308	26
466	565
257	49
1555	3
2731	12
717	13
206	147
850	69
1924	257
186	57
423	36
328	11
513	37
985	391
176	219
1891	135
618	119
592	218
627	9
1201	139
1999	27
365	26
750	90
302	114
662	95
1727	365
935	19
790	13
1551	76
732	71
151	256
847	79
264	157
575	66
508	110
437	71
793	13
154	352
697	44
201	47
500	77
577	184
970	9
395	31
301	211
897	17
823	80
222	3
182	35
1451	6
281	148
1529	151
156	136
1253	17
2019	214
167	68
675	60
361	15
3515	60
164	75
220	189
903	91
2462	49
606	12
1710	88
248	450
484	69
678	98
703	2
773	298
1174	350
1496	144
506	89
588	30
742	105
1943	4
691	27
193	28
1077	70
495	830
484	56
763	38
360	77
368	98
187	57
394	443
967	47
1022	48
348	116
297	67
1136	2
165	39
2321	8
137	71
2274	143
397	4
1102	18
251	68
1476	9
375	105
598	131
1139	22
992	8
502	158
2017	208
796	150
1772	164
113	40
1339	58
442	1
702	116
146	9
473	71
645	19
2374	134
1159	53
1583	202
2520	126
949	75
306	45
911	169
441	82
336	42
1194	279
384	106
142	10
852	46
243	98
313	26
143	38
750	160
570	1
439	258
183	111
339	12
1018	110
1212	14
743	17
212	72
1404	160
141	31
431	124
459	112
529	15
134	50
1071	15
294	37
466	203
1191	112
466	212
2185	163
1133	64
239	306
671	80
2071	25
5314	68
1440	218
639	27
228	56
488	212
608	278
177	82
315	40
2162	294
684	72
382	312
386	43
879	61
800	44
3354	122
828	87
181	73
234	173
3632	44
157	14
608	16
2073	82
169	8
470	7
1131	9
1715	72
453	83
803	18
403	90
457	83
2482	63
385	97
249	58
1159	52
264	299
852	7
394	97
1167	120
2062	6
209	8
687	29
453	168
503	122
447	438
2106	78
836	262
2796	123
219	196
384	172
610	54
554	19
434	20
1664	210
597	59
642	61
1246	12
1024	14
1552	77
2013	48
1241	48
705	105
288	61
4434	27
155	77
256	37
274	155
220	199
605	282
453	54
775	24
1804	48
2576	227
4182	111
660	230
1624	26
1592	271
773	218
2110	39
399	8
348	35
1891	69
481	184
423	125
316	262
162	56
1039	190
479	194
156	13
215	16
1879	59
1525	109
584	111
883	12
690	51
2171	128
140	89
659	19
799	87
645	237
334	121
2161	114
329	65
156	182
276	146
706	258
1110	105
674	91
142	33
967	17
756	2
827	17
1402	18
170	152
344	38
5426	77
361	69
1210	83
1237	179
500	409
752	39
356	41
704	22
142	27
326	14
1656	50
2395	43
2063	8
529	204
1488	101
1227	32
1958	60
201	16
395	43
255	83
609	209
814	2
584	35
2416	3
31	97
16	7
1186	26
1098	18
1035	159
433	135
663	129
1189	95
866	205
849	64
968	206
1222	246
1945	6
180	60
1664	378
1693	19
734	394
514	58
1798	13
1696	55
482	77
500	288
642	32
881	11
143	76
1477	404
631	115
745	191
1168	212
1116	153
486	20
456	72
421	327
780	5
1247	106
146	11
2317	51
208	1
818	122
1460	148
816	275
1390	147
559	77
731	79
1375	206
723	270
262	25
947	109
1603	19
716	449
3265	131
579	16
1562	295
337	42
648	163
2174	146
429	42
384	151
2456	120
329	130
352	56
1446	49
1394	14
859	99
694	139
823	47
2272	643
360	169
202	12
372	2
249	194
1138	208
663	61
1648	31
559	140
1333	24
2517	171
1218	100
723	229
1119	242
1799	34
230	23
319	34
167	140
178	69
1241	108
1236	26
781	53
646	1
1860	18
150	48
2538	55
472	71
188	4
235	69
476	89
412	55
1202	176
490	11
2149	12
488	25
756	106
505	216
209	4
554	155
1983	75
956	66
167	74
1704	109
438	99
2319	51
1374	293
370	83
1999	70
956	99
2293	49
161	106
2159	1
706	38
393	30
623	69
2700	49
1467	96
1184	229
2760	145
1196	70
1601	33
782	160
1706	328
1046	34
783	203
1147	9
225	104
336	1
922	7
1443	38
2374	45
1104	359
178	95
334	29
1876	62
2093	156
1147	90
739	97
764	65
1754	308
1149	8
267	35
2164	70
1900	2
493	103
320	62
148	28
386	9
537	257
364	157
2374	197
427	43
2945	183
2460	80
911	1
527	1
834	11
173	21
694	32
389	143
144	118
176	50
238	35
839	38
1637	36
234	10
1209	26
662	59
414	289
180	156
907	248
649	1
1743	61
306	46
1826	187
573	84
428	58
152	81
870	50
1361	31
160	65
1316	24
445	102
287	294
797	93
987	20
1498	29
203	203
2624	30
562	89
291	142
2629	14
1253	178
262	226
1078	110
1481	449
464	151
589	1
384	198
754	75
1098	208
714	134
945	61
375	190
210	8
807	114
1340	54
783	132
157	12
1024	117
245	266
1899	703
343	106
903	91
381	18
777	197
3308	88
301	143
1880	15
895	228
348	82
567	236
271	227
1237	69
162	32
172	249
1390	79
1436	31
491	478
1621	56
186	47
429	111
2401	277
629	105
1313	60
275	97
393	166
527	540
1429	79
786	8
1552	13
892	37
1343	16
159	263
302	4
1004	18
161	46
969	45
477	289
1864	25
242	83
884	7
621	1
1413	12
480	39
1958	218
681	106
480	12
980	135
1002	35
832	20
464	229
603	227
310	63
521	6
2846	95
345	245
333	90
234	95
163	140
479	112
533	65
261	262
237	99
240	71
392	22
182	2
1187	5
811	187
848	9
259	54
391	38
273	190
899	12
591	136
205	448
1196	101
919	311
4851	62
1193	38
322	74
794	329
514	73
2206	86
181	9
704	151
1432	216
180	18
276	4
543	8
1227	110
151	11
2792	44
1477	139
450	105
410	92
1175	195
520	57
891	94
714	21
1757	59
253	24
186	184
423	196
637	24
843	45
4504	133
3007	11
2214	140
2308	82
648	25
341	16
482	28
1088	48
436	65
379	53
252	30
807	76
1389	13
592	199
232	63
397	49
266	45
1441	137
342	153
160	213
736	69
254	21
1240	227
631	190
339	25
704	42
1987	224
598	82
550	52
1707	132
131	20
321	221
672	73
1457	13
512	15
3037	50
434	153
1161	61
201	59
368	19
497	9
153	108
1561	27
255	129
270	1
908	54
231	109
178	34
372	128
1808	34
2811	78
529	35
955	29
1275	116
782	1
1259	46
1239	22
1144	55
1515	99
554	82
498	74
925	126
3745	6
1279	46
464	362
198	7
404	16
241	165
550	164
1065	387
1555	25
1218	79
1064	37
592	65
895	266
738	173
473	170
186	76
2123	252
781	180
188	15
584	60
719	125
456	43
374	13
1034	67
735	12
190	7
745	60
271	92
636	124
587	203
222	34
169	49
2224	230
646	47
530	5
987	35
622	95
911	268
393	402
1718	95
267	154
512	62
1033	37
399	80
320	47
1447	45
593	245
859	79
411	47
543	86
1898	67
894	56
197	119
172	252
162	167
194	341
2895	53
1073	30
693	36
1152	144
2680	39
3374	45
130	41
521	175
797	79
2822	248
312	6
917	62
1672	68
2354	175
357	294
180	78
247	258
996	9
753	16
1353	45
230	18
413	43
1869	152
263	97
354	69
876	24
601	534
267	24
868	204
249	154
294	103
1732	61
217	200
1860	66
1891	33
1316	24
1268	33
664	153
533	152
256	39
768	40
317	139
1282	273
805	6
715	84
243	333
183	111
1102	46
937	306
553	69
3176	55
3204	154
2359	5
630	170
624	13
382	73
222	84
406	41
288	50
190	18
987	94
382	15
155	43
183	46
729	21
785	7
4237	27
1226	109
284	213
225	12
843	211
1331	123
1149	126
423	13
1030	14
1976	12
578	27
1584	223
596	39
956	7
1786	28
1958	288
316	3
323	210
189	52
360	45
622	139
195	264
1284	40
811	178
718	452
246	34
344	398
2246	112
1314	153
209	51
188	141
950	35
341	16
988	32
186	94
518	132
746	28
1284	16
221	39
1565	11
333	69
289	5
167	265
256	182
4068	29
511	62
566	77
1248	224
250	83
2022	69
1661	16
166	55
285	44
344	41
224	2
698	235
718	35
525	10
186	9
475	88
1233	8
743	100
1500	79
1003	102
119	164
1954	318
578	446
219	76
488	50
253	18
305	122
442	47
279	5
632	354
3684	132
248	67
597	92
614	97
186	146
454	50
1240	15
1683	30
678	145
1121	36
225	8
1322	120
655	209
156	159
1249	42
293	25
1148	39
187	103
2701	53
178	9
594	9
670	69
238	151
740	212
176	54
2020	94
648	22
435	50
456	185
1577	468
2222	74
387	1
964	148
1312	163
257	191
556	31
689	13
1106	49
838	91
743	103
179	52
1984	255
851	41
932	38
520	17
1594	95
492	111
227	169
2475	22
382	81
582	130
408	3
198	112
189	152
661	387
184	28
958	32
1886	36
2259	3
538	14
330	35
2264	173
1403	71
1278	253
1000	62
686	44
903	66
342	58
1508	61
212	93
183	49
3376	150
201	73
1807	5
843	77
1207	92
180	88
749	123
158	9
208	218
417	22
3723	75
3470	90
382	124
698	134
1576	105
212	83
1108	45
286	147
1736	35
738	41
658	204
1602	57
157	48
1110	13
211	21
222	144
690	73
134	150
292	145
362	187
222	27
723	84
751	5
404	82
3004	297
826	1
3213	267
37	63
1191	17
1362	38
24	10
1902	3
621	116
220	24
190	33
343	95
852	96
1875	109
190	112
2345	272
2274	206
1232	176
418	2
2688	48
812	151
1456	13
2829	103
386	50
1282	292
461	32
2273	2
1237	302
198	21
936	162
238	21
201	21
307	119
273	4
229	5
1192	109
1297	113
393	4
211	23
437	8
179	316
994	53
317	57
613	136
1240	247
1011	176
169	213
519	143
3454	59
616	86
616	33
306	65
472	89
740	22
343	19
422	35
443	26
487	101
307	52
1015	19
1872	54
1077	59
215	53
1420	129
2533	136
256	141
467	30
1290	19
890	154
425	15
1047	155
1497	52
326	44
261	5
613	116
1164	34
1201	62
577	77
1033	87
665	111
295	110
715	194
1056	77
853	38
1199	157
607	82
1161	6
1280	43
310	434
645	29
398	217
1616	64
3927	157
1297	167
1476	46
1294	22
1234	85
225	233
2544	10
1173	145
2724	156
364	194
451	93
1882	385
1773	66
1568	41
426	106
906	87
1463	158
2469	58
323	432
2250	317
1530	38
984	26
899	2
1201	622
219	178
961	48
532	97
1030	187
578	7
188	361
701	91
244	17
167	53
964	56
236	24
1454	33
2137	228
204	153
251	103
1550	101
