0	30
670	99
1730	27
883	80
962	13
224	138
289	124
168	110
312	97
597	21
321	4
1013	88
294	50
902	68
185	325
148	144
339	53
147	19
373	100
1077	10
427	6
2030	385
323	20
637	135
394	23
1964	72
353	23
274	91
1537	156
769	379
346	227
119	92
254	132
972	8
1275	159
1128	57
240	260
1387	20
3716	127
42	22
12	110
618	61
751	43
2169	8
1230	127
922	131
476	91
654	132
405	320
1533	121
728	15
1249	47
150	57
1630	157
2749	68
309	79
144	98
113	86
1921	285
687	27
956	83
164	185
1739	358
1301	27
697	277
238	43
1903	12
1738	180
2334	87
398	135
322	86
1017	24
430	59
2218	54
109	35
96	3
666	13
346	360
263	207
486	72
362	219
352	6
2673	31
351	109
1452	8
2947	19
1859	2
1458	132
832	8
728	68
883	58
2204	179
339	190
203	29
206	43
1143	628
805	125
2007	110
598	278
1346	125
956	66
387	114
622	16
408	80
1187	258
330	35
688	132
430	60
93	60
2374	69
1567	5
2245	7
1538	189
589	51
348	22
1199	9
1941	254
990	35
1424	145
143	35
1460	3
1463	28
567	36
315	97
1199	17
621	83
694	177
1633	57
715	6
129	147
654	34
2007	18
633	110
227	98
1421	35
1373	16
1429	148
203	57
1238	102
474	2
163	111
2148	35
2590	279
3401	3
3833	120
326	124
441	333
231	40
237	94
486	313
814	31
530	402
47	7
230	102
414	152
601	33
949	98
1286	118
1139	131
340	14
1859	22
386	164
1040	340
41	49
1033	260
172	231
127	139
128	91
1276	20
1447	122
1039	5
540	168
1066	10
1366	191
1030	254
192	111
930	324
1320	186
1230	103
192	55
776	166
806	155
598	147
1522	57
1204	196
587	15
559	14
199	1
75	68
705	277
265	12
379	89
227	179
894	33
2417	6
590	170
330	54
1124	33
1621	78
1293	34
713	1
476	473
5727	241
1442	93
3156	43
37	91
347	87
429	632
237	43
905	67
247	88
169	19
182	12
94	99
1098	8
283	40
271	68
730	6
330	12
201	47
807	39
671	39
136	150
3507	30
1149	298
631	142
854	5
798	24
3035	69
1009	26
774	130
2461	56
644	86
1363	69
855	193
1156	81
466	83
130	22
989	31
283	420
2665	90
3776	163
286	7
968	320
419	100
467	5
238	116
227	55
361	67
285	126
1041	39
1000	37
1627	187
157	50
769	14
1247	196
1174	59
1429	122
156	128
445	75
653	443
213	149
628	98
634	33
781	56
783	30
150	55
608	10
896	93
967	82
957	79
531	340
206	112
138	53
3653	60
305	308
961	217
1555	325
1574	24
2418	29
232	14
1525	49
188	114
640	74
160	357
2033	79
739	130
1030	393
162	24
1090	28
576	113
193	241
1501	31
121	18
306	125
265	226
1419	31
169	17
218	175
505	69
1905	220
880	59
109	74
729	20
343	45
805	54
287	56
1084	125
3143	44
340	4
1627	5
381	3
165	17
113	51
798	173
720	211
599	263
120	26
335	19
1487	66
699	151
1814	190
1381	24
223	172
1207	36
1149	24
640	39
962	20
768	245
157	115
453	22
1667	41
406	112
1153	99
272	93
583	187
717	204
1792	40
2544	48
993	137
784	76
834	379
1324	6
115	52
618	21
193	26
505	10
1216	268
717	56
346	204
908	15
1304	89
1371	36
812	93
570	28
1661	9
862	107
339	26
715	59
817	46
348	11
3415	69
517	110
214	90
2014	324
786	69
236	116
598	142
2190	98
600	154
102	201
105	656
733	39
821	162
1060	112
455	115
1239	20
3151	44
729	523
99	94
137	29
215	113
462	13
701	19
1103	319
402	115
1421	32
389	28
1376	15
916	44
174	35
763	93
890	118
690	29
248	119
655	278
185	48
1913	162
1651	4
1181	36
99	39
195	151
197	91
991	108
996	113
515	17
1069	55
90	299
20	77
1173	43
273	277
2607	24
262	86
556	65
1239	63
1543	96
74	13
1068	200
477	33
1079	58
397	92
217	84
938	333
1111	43
459	159
847	344
778	24
1198	11
1994	36
1147	48
544	330
1546	74
338	101
1692	88
211	23
305	112
650	30
291	10
401	376
886	105
448	44
1617	164
654	18
914	59
2364	97
969	11
3308	101
3427	49
530	185
962	29
687	164
474	265
1722	12
1135	84
1354	41
1759	267
465	123
390	21
516	1
180	134
184	46
127	56
309	18
1675	52
631	37
466	73
340	63
489	153
1094	127
1214	76
89	154
790	153
817	16
228	34
120	49
1148	83
1891	29
832	170
1722	86
625	73
611	18
1976	16
853	209
282	64
200	69
2553	52
719	98
308	7
1246	703
879	82
2548	30
3304	118
969	67
823	594
214	56
976	38
948	96
442	24
203	200
1515	357
1027	114
184	22
252	55
288	21
240	115
2182	3
688	66
206	10
1122	50
1827	67
81	94
581	85
669	99
953	73
1476	56
371	86
878	3
2568	30
1261	243
628	219
1997	24
1137	9
155	12
2266	20
540	60
999	181
347	39
1121	158
111	192
1463	381
1138	9
817	16
214	108
2004	209
4576	123
146	523
30	123
1174	66
1118	22
1490	35
1093	10
2852	178
213	244
92	65
336	22
431	41
619	140
288	151
622	69
114	49
808	43
765	43
393	40
1791	77
2220	10
2025	23
385	49
308	103
944	98
462	44
1693	50
149	57
219	62
341	29
1072	15
561	6
157	153
125	63
469	1
4016	168
129	30
624	242
778	11
1175	4
1809	36
1165	245
1131	22
1634	62
282	151
259	78
100	185
216	92
702	21
261	74
190	183
385	298
214	19
1526	35
275	329
1068	177
394	40
1595	18
339	11
468	171
546	451
639	17
344	16
999	123
181	27
152	2
922	13
974	4
755	122
71	16
523	45
1099	22
2209	31
346	46
307	2
521	51
138	169
1767	49
101	102
582	31
2129	51
1642	68
778	130
410	107
523	432
516	263
510	8
3044	121
436	123
706	6
1170	282
3185	126
1738	34
138	75
212	20
1714	69
2183	150
130	1
109	63
126	63
150	60
1007	266
1135	18
1567	158
1323	202
1004	36
2398	29
2460	14
30	139
105	196
2713	114
2089	47
3023	4
751	7
1110	291
506	37
246	76
1743	6
2503	77
42	16
2938	13
219	10
157	100
187	14
2974	389
395	10
271	174
376	195
900	106
347	181
267	88
215	39
111	268
278	18
445	134
2201	95
947	19
310	12
720	125
336	60
255	1
1376	177
1407	122
221	98
554	90
225	71
398	29
2774	80
138	206
4416	158
653	2
469	2
4283	58
670	16
887	102
956	235
224	265
160	151
889	34
954	133
387	78
1162	20
750	132
924	20
1384	181
1333	23
279	34
175	80
153	62
194	6
1064	80
375	525
1949	66
1663	155
860	50
177	10
1526	223
493	47
410	335
274	20
1312	44
1230	45
290	141
263	4
642	7
241	82
418	135
1488	146
289	124
861	17
733	86
660	84
3878	128
100	17
829	32
534	507
38	351
718	148
1795	99
3438	170
26	191
1772	38
834	31
661	170
731	119
388	30
188	123
196	222
552	33
25	35
1010	10
116	101
683	15
1241	109
1696	6
1090	30
371	7
714	55
1020	273
34	41
256	6
1227	222
928	45
2880	90
733	35
2671	24
1470	102
462	68
369	428
5897	8
3439	61
526	147
809	49
774	18
311	90
871	24
359	29
347	103
963	310
500	67
426	10
603	161
442	212
72	130
69	125
1394	29
176	35
661	141
335	4
658	64
1132	54
728	161
172	45
442	15
2949	60
622	109
208	91
1363	21
812	37
1531	118
2045	41
208	92
277	57
290	29
389	79
2477	24
1339	25
1218	5
1767	71
628	65
429	249
735	223
26	136
1671	11
737	61
2034	17
1116	29
395	291
169	14
495	21
300	85
904	232
534	17
863	15
263	31
622	5
731	148
3540	30
209	108
50	185
1894	314
452	70
188	39
1449	83
190	29
1036	75
620	683
1485	31
659	170
2663	19
771	26
1560	11
438	146
674	66
207	21
656	54
1641	297
93	23
163	33
1113	156
657	37
1252	239
432	58
113	102
310	202
241	159
1106	73
1125	53
1030	27
624	206
435	26
359	157
2070	156
207	245
2795	266
26	159
1031	138
15	95
2231	38
781	10
1458	27
727	84
1618	6
307	197
628	96
377	187
498	20
563	20
406	134
72	74
1546	56
389	63
645	57
2137	51
433	2
2097	16
2877	277
602	13
1093	42
650	137
190	95
678	191
1000	71
133	260
1372	82
119	239
711	88
505	60
286	65
1311	12
159	35
1207	144
232	263
1046	107
344	40
245	19
917	288
86	60
49	19
790	19
272	65
1085	3
479	467
1242	234
401	83
1541	44
921	124
1845	101
292	54
55	275
1743	65
640	24
486	56
1227	11
170	110
886	108
1064	48
508	322
1352	244
749	95
877	112
385	111
1627	48
350	7
236	218
1170	22
1605	112
568	55
312	38
371	328
3158	13
105	5
958	23
1106	226
1729	98
336	23
938	15
1445	84
91	9
783	143
185	17
770	64
250	64
709	129
320	10
867	290
77	35
990	131
1174	59
566	102
3835	194
183	239
661	30
2396	176
549	55
404	47
605	50
740	312
1761	14
1569	138
501	117
134	291
2738	95
687	148
1503	46
1372	118
592	2
459	286
378	186
141	5
123	65
818	23
248	122
153	217
121	188
493	48
1483	315
2115	160
242	74
730	188
931	64
2092	13
1360	19
192	28
725	134
214	229
631	46
82	256
780	40
2158	32
421	90
1272	48
899	99
226	155
648	2
1977	57
134	13
1373	13
159	194
1898	39
1000	13
682	51
488	45
141	53
1294	158
517	22
3178	122
463	63
821	231
2147	14
1285	85
526	91
164	7
1672	23
3712	12
127	40
1304	85
761	102
453	52
880	97
249	22
201	203
2064	21
864	103
836	86
1105	27
122	41
1782	29
237	37
511	65
509	235
2720	229
293	144
601	12
674	25
194	107
1575	88
2050	94
2222	45
51	35
83	254
78	272
722	98
186	60
1489	23
127	434
1212	38
1218	138
710	191
3664	1
209	123
1143	35
1370	104
314	194
1049	6
1563	42
126	314
166	18
1500	21
305	243
144	128
517	14
564	268
2095	90
1519	157
286	113
191	30
285	8
170	23
126	134
657	444
973	111
350	85
680	6
351	25
228	149
2221	51
243	224
110	293
887	211
1450	62
1263	39
2011	136
77	101
4194	91
648	132
2133	20
178	27
577	397
159	393
893	19
833	26
393	88
995	24
1062	7
93	86
766	325
119	80
630	125
348	92
1540	209
1172	108
681	8
1706	91
217	158
579	39
96	21
341	56
1164	119
65	61
366	37
228	4
445	39
1321	16
234	46
547	127
111	167
653	182
486	56
2559	128
141	119
354	179
1263	15
809	4
110	91
695	71
2483	130
1042	191
1108	39
129	49
1292	7
825	347
227	80
233	114
193	512
1993	62
3541	75
827	115
1512	78
104	48
839	142
619	36
487	113
100	34
76	155
500	39
208	23
1581	142
808	207
1346	12
414	58
288	152
289	24
544	76
1366	339
1409	57
236	6
558	377
1516	20
1874	3
34	32
759	5
28	222
504	37
371	81
177	55
127	66
471	51
1528	4
303	24
303	48
585	55
182	116
2182	275
943	46
1671	17
650	17
304	79
3553	138
406	66
894	165
96	19
1024	365
284	50
771	150
630	90
1405	186
1254	12
370	49
1458	130
612	53
926	95
593	197
384	151
844	101
130	105
908	137
1044	76
759	22
687	130
213	15
373	94
1442	227
1512	49
1701	38
305	25
212	64
1256	242
320	37
2174	134
556	5
141	99
384	98
406	177
422	116
290	152
3137	22
79	246
2296	213
930	7
417	67
183	298
302	86
95	48
1465	1
1601	4
35	29
431	113
1502	162
832	354
182	127
2474	310
467	53
1645	34
132	163
576	58
3723	107
103	56
281	29
825	187
43	46
745	6
1057	157
2763	103
983	21
2764	135
1005	122
109	77
837	98
258	60
1192	39
646	97
1020	73
112	51
946	42
324	98
3559	25
1990	244
1645	75
318	88
1204	12
674	74
265	34
828	50
532	76
470	205
1945	139
1283	97
244	226
212	19
1211	31
789	51
1543	41
88	341
173	114
475	135
124	16
354	81
248	142
134	18
23	137
1383	110
924	32
865	56
2055	95
468	14
239	345
456	45
123	131
789	54
443	105
2098	19
144	364
1252	8
1417	184
641	3
1040	83
408	61
656	105
812	296
256	128
207	252
337	10
1266	51
1707	5
1169	45
632	188
197	79
1415	271
1218	87
325	44
1066	2
477	52
520	243
261	203
69	125
310	59
326	127
927	52
663	104
2049	184
542	154
1395	24
3376	168
845	8
1556	59
788	144
592	31
739	28
2126	50
2016	35
393	37
107	71
551	459
652	40
519	150
1722	101
1710	19
2768	1
220	143
261	52
1464	73
320	26
346	11
576	399
694	103
795	266
103	33
1062	157
2417	394
3295	75
411	101
809	160
190	124
391	45
220	23
227	128
820	79
498	81
3033	56
95	147
553	7
1291	258
766	437
1663	145
295	23
155	17
354	237
130	5
93	17
235	69
1976	92
1569	17
1371	106
1128	252
3780	2
1228	152
494	80
853	116
1158	17
1802	16
278	4
1067	18
1321	225
102	1
1055	247
924	39
812	1
931	49
848	127
2146	87
1033	16
1152	4
2891	50
828	84
795	192
802	12
361	13
962	269
1208	18
1451	112
295	90
1822	73
1530	41
220	80
157	44
458	23
1158	15
1100	156
1274	65
2173	425
1418	73
206	202
139	7
428	5
43	5
207	322
248	129
157	32
145	9
861	107
277	76
630	32
186	103
715	8
1169	31
242	11
1109	56
283	23
637	27
371	82
4209	187
479	69
469	38
1267	74
943	161
1330	21
2337	16
701	49
386	72
1763	229
543	579
107	108
686	259
1358	94
1921	246
844	15
281	44
710	171
847	40
713	237
978	59
439	41
687	209
1061	14
615	116
247	41
467	26
1111	16
1192	180
500	128
1636	129
2286	41
1393	34
137	459
2340	37
455	2
171	175
216	7
131	75
186	45
2193	55
99	159
285	39
2164	18
455	69
809	112
383	72
1069	14
471	60
863	64
737	121
2888	116
791	159
2109	133
284	343
95	24
2094	112
1504	27
465	11
1443	64
580	50
1071	47
480	21
758	245
109	51
1050	168
506	12
471	1
1127	159
1509	175
910	36
879	119
794	84
477	37
2229	4
412	73
1126	325
1815	14
378	85
671	24
1018	5
1077	177
358	59
762	36
1669	128
671	292
293	17
441	45
257	328
223	31
612	162
526	185
3370	16
372	12
81	54
612	31
6234	183
599	57
192	37
618	74
1515	90
764	420
277	55
1454	211
384	12
537	108
563	256
707	245
435	367
777	59
994	20
1278	287
239	117
332	225
3822	45
1432	211
1023	52
1270	194
407	32
867	46
388	71
618	29
1137	64
1585	6
1441	15
109	117
163	72
3079	6
539	12
1026	100
401	65
976	26
1418	9
79	23
3092	63
272	1
86	242
592	9
890	133
2651	198
1093	3
701	92
648	34
1875	3
3267	15
3116	41
177	182
312	114
945	190
934	26
1591	33
178	87
1134	76
144	577
794	154
1466	207
174	151
775	162
1220	139
1006	11
3649	175
1057	267
64	5
3320	160
566	18
1059	15
705	15
396	86
1712	19
626	79
1888	81
827	7
762	77
137	44
80	100
80	250
988	6
1375	61
903	37
601	200
687	53
811	137
571	189
188	41
1674	233
977	14
788	22
2149	32
3483	22
139	223
901	116
24	40
2078	199
1788	76
3103	37
427	55
1223	31
1160	196
422	18
420	21
792	65
568	38
254	78
69	14
417	72
316	4
248	51
1217	211
482	112
1068	332
317	136
189	97
325	240
94	67
591	57
344	86
1575	147
1489	151
183	614
2200	45
332	231
1046	72
878	25
666	57
23	39
623	417
2210	298
1449	33
723	99
1166	61
194	369
1369	13
305	112
112	65
1265	82
467	120
2093	62
512	53
546	13
750	56
282	92
418	239
1194	24
655	127
443	77
734	36
1226	37
238	193
520	121
968	155
814	68
177	50
2044	121
293	318
1552	47
137	13
1082	1
1163	11
185	52
238	47
511	10
1279	3
236	56
14	245
946	46
613	86
301	268
502	49
166	82
3867	327
358	23
1994	111
1110	173
274	243
143	73
2764	4
245	1
378	20
2706	119
546	285
1269	112
168	141
630	17
556	14
161	38
2564	168
2705	33
926	57
79	15
359	37
726	167
730	114
806	349
1811	216
451	278
203	116
380	74
2103	47
58	335
3893	4
561	4
93	29
1096	2
699	37
252	115
3870	64
549	254
436	32
2789	83
217	68
1562	141
2039	349
114	35
322	164
106	16
449	10
86	82
258	29
685	25
800	18
164	188
1498	17
637	56
1496	32
322	152
376	166
135	89
539	52
311	42
1116	290
2586	201
290	97
259	77
974	36
137	34
2240	121
2059	102
545	17
594	126
496	528
490	4
944	166
747	11
2344	26
971	42
31	64
2142	252
1814	182
530	94
806	268
430	28
1859	8
3407	105
921	26
120	37
1653	274
2660	22
559	1
977	12
2117	41
449	45
172	162
216	34
2323	6
1055	28
816	100
447	56
1504	101
176	77
782	353
1126	21
558	123
357	56
140	292
302	122
1852	212
96	72
317	3
416	258
1430	337
941	66
129	221
2412	6
48	57
528	214
911	113
652	27
993	84
2491	83
82	151
248	21
226	28
2195	189
241	187
242	165
256	120
421	261
1239	65
331	123
278	6
888	155
965	1
143	127
272	209
944	92
243	247
353	201
226	38
1767	14
1357	19
176	25
327	105
577	64
404	109
1654	57
388	33
512	122
2251	46
572	12
1134	96
748	20
730	12
4237	99
4492	99
557	71
2434	283
390	87
189	56
921	111
1149	160
180	9
345	365
258	31
172	47
1066	37
388	79
710	76
1791	129
350	49
295	19
157	168
765	170
296	37
943	22
886	234
2307	3
2673	195
767	32
1581	22
2765	196
86	99
1417	113
313	183
175	59
2189	95
2577	131
2398	24
620	97
1767	199
307	57
707	204
315	77
171	333
234	46
1070	23
504	26
640	9
1081	223
250	12
126	28
291	107
910	28
988	168
176	151
358	95
297	98
1069	26
2339	50
1884	72
30	11
2950	61
880	170
215	148
945	4
2348	42
676	315
125	70
1881	168
486	247
2200	107
1121	117
949	200
1213	4
1193	39
1489	227
328	128
1092	81
379	34
632	10
31	13
671	20
351	455
276	268
2648	35
1725	95
1996	99
948	188
111	1
71	156
1479	136
184	36
503	455
319	19
535	65
181	21
1634	33
3311	23
579	26
50	11
1033	46
246	31
569	93
1147	106
1380	25
2890	179
143	54
1480	352
95	62
924	20
163	2
294	88
665	102
285	90
422	252
410	51
1281	6
599	65
461	104
787	483
2231	369
115	87
254	41
583	38
866	38
1902	71
593	145
940	65
1132	49
341	135
985	325
1037	97
3448	7
451	110
239	50
356	1
410	1
836	31
1438	34
1956	4
265	54
698	77
625	94
1828	6
2234	174
738	306
831	61
356	28
1081	71
703	27
90	208
375	46
543	94
785	203
140	76
183	2
2032	69
3053	452
177	9
336	15
987	326
302	17
4408	139
400	144
869	40
700	75
63	63
2813	77
119	106
222	8
112	24
864	18
2148	672
1046	33
675	75
101	16
306	194
492	207
2581	23
1178	20
656	165
673	105
1800	68
1104	152
2778	9
963	146
362	126
906	64
1352	52
244	13
2527	2
1233	196
2114	48
527	13
2080	89
410	11
922	84
402	66
915	15
1132	2
547	5
1229	101
1108	34
1157	50
939	60
356	17
323	45
1268	123
313	10
717	1
1940	38
1086	32
1091	67
982	2
476	160
2507	139
622	42
342	1
889	107
1601	17
1829	89
1016	107
497	56
238	136
156	63
205	191
512	113
1478	51
149	51
1027	235
1292	125
41	64
1009	37
294	42
778	91
380	93
321	154
499	36
653	6
439	233
797	27
831	46
2151	11
128	50
172	58
645	138
1206	65
158	32
1552	11
1313	54
253	76
542	166
289	2
419	19
22	106
674	82
1033	60
1545	286
666	16
75	269
903	341
607	40
87	3
1205	57
536	70
703	11
1613	163
2629	5
3244	52
2013	312
227	60
283	141
1208	4
327	40
360	446
4118	146
398	64
342	131
106	227
545	289
1090	77
1545	46
1579	36
994	134
521	54
1271	308
1199	48
333	220
574	95
2782	37
1032	207
257	142
3405	83
158	88
1811	282
1041	55
467	2
349	244
900	2
618	130
1484	132
955	21
834	19
363	102
1120	352
778	84
184	386
2233	92
554	17
500	138
125	177
982	18
2392	86
2317	2
378	38
1795	18
991	79
1925	141
462	35
1985	24
129	138
638	78
267	7
477	74
861	105
386	4
640	125
359	105
451	36
238	193
466	11
179	37
693	399
254	71
776	322
517	46
373	37
220	63
464	107
152	273
388	87
534	123
206	43
867	122
1095	20
287	23
979	327
544	170
708	95
1450	275
736	219
795	18
1708	14
227	357
1897	201
563	59
367	9
71	65
642	247
255	181
517	245
292	217
609	38
335	7
1011	25
42	47
1091	222
603	217
189	165
382	91
1845	2
1651	105
604	22
788	308
253	134
1433	124
1815	55
1072	124
191	78
149	16
329	176
537	143
547	210
583	37
364	66
249	26
2488	158
539	104
1112	18
252	34
1080	95
668	26
1211	3
145	252
106	63
559	18
413	155
278	126
443	51
93	2
151	51
975	33
1952	291
1630	64
30	199
320	38
1414	112
345	71
268	289
1237	134
660	213
1920	184
478	28
941	96
811	15
346	258
515	142
895	115
198	3
158	58
623	64
930	136
838	87
771	4
1418	94
1235	130
378	24
1965	94
802	61
975	150
155	15
1865	12
124	162
1546	64
871	685
624	22
568	336
1295	116
1055	22
1651	45
1288	89
307	98
98	63
1126	9
2602	51
1363	223
254	210
1305	13
231	58
607	2
1434	5
670	123
77	45
1076	98
286	35
455	26
168	50
913	276
156	129
92	32
968	25
680	1
541	48
2846	177
122	13
284	24
90	6
475	33
351	131
209	176
787	34
102	23
1115	28
465	31
303	11
698	77
434	7
590	37
474	34
360	21
991	68
362	32
81	20
262	260
348	61
1281	114
2029	191
112	28
767	5
170	534
591	102
714	306
503	257
699	58
600	108
1179	22
1367	107
134	22
309	85
487	67
114	316
1514	238
2014	506
254	109
420	152
283	319
577	4
77	479
921	3
1223	3
187	137
189	182
269	10
2038	13
1181	81
2754	24
1577	159
1253	29
199	42
1805	38
423	214
90	213
31	5
564	37
589	263
84	128
233	6
776	6
166	213
1896	60
1264	136
1491	31
1340	345
281	116
219	10
947	6
1371	54
187	187
314	76
205	50
454	147
474	163
1822	55
543	41
27	82
158	95
239	29
957	1
134	86
688	22
1871	44
1290	19
1057	16
888	22
117	92
32	81
513	44
187	356
179	7
1740	50
1978	165
182	217
349	40
3396	113
863	10
141	150
187	96
2084	192
578	1
506	150
94	118
792	97
1240	55
456	83
895	69
875	27
3361	439
142	1
240	37
230	117
888	230
409	42
495	32
294	105
996	67
1111	5
1277	143
985	3
1164	21
488	29
116	80
1104	7
447	29
262	78
670	2
231	9
114	68
283	85
574	16
1476	11
673	70
230	59
1161	71
779	36
533	93
1429	30
91	274
1073	25
101	36
737	46
672	72
281	72
1824	21
880	27
2098	44
233	5
257	49
961	15
607	140
594	14
94	142
453	377
134	28
1779	66
1340	139
131	47
562	61
660	88
864	63
2415	273
1335	95
546	123
243	110
1558	49
779	158
785	190
162	58
1579	202
1587	98
1160	63
372	70
64	95
1107	89
340	36
1229	53
123	41
124	65
162	37
2082	27
125	101
1802	26
1787	134
657	29
184	27
328	685
1110	16
2074	8
487	116
96	194
159	50
564	2
1604	150
275	23
1365	6
1306	39
158	151
163	92
1034	113
1254	130
1157	17
1190	23
90	402
1307	199
619	65
1827	33
1733	18
616	72
387	109
1071	33
2859	22
1351	10
790	58
365	783
403	104
251	24
265	108
2169	23
1301	8
832	224
233	43
1150	101
153	17
713	62
358	22
1166	17
399	177
798	357
934	19
966	67
392	34
221	74
326	72
1260	68
839	29
549	222
1214	35
950	175
631	131
561	162
1021	21
323	91
951	36
681	279
366	45
2666	9
2499	65
201	216
1864	212
1119	114
762	13
17	44
2773	458
2202	207
384	40
602	115
917	10
1410	46
1356	224
203	1
423	118
2190	22
1756	19
213	167
384	65
192	6
1962	49
1120	70
179	20
569	50
283	311
1917	13
643	12
2167	238
640	27
724	307
1303	62
206	36
1834	285
689	6
186	129
203	29
289	19
578	302
192	8
463	35
657	191
145	52
2488	49
365	34
484	43
313	1
2521	66
109	249
814	239
306	78
559	188
90	36
1046	160
68	65
288	67
1128	178
2132	49
25	185
1219	15
55	247
2548	12
396	159
447	102
33	200
353	146
146	61
2105	67
354	273
118	126
180	131
906	46
1577	199
755	31
493	16
1986	173
282	142
1323	37
1453	10
1668	14
708	34
638	82
513	127
1487	5
2027	106
391	20
271	12
855	223
1035	21
1254	4
1433	70
1642	39
1031	36
193	62
827	36
844	17
187	214
1289	155
1386	59
2232	4
1435	2
657	40
1574	140
527	24
1688	216
262	224
844	22
1567	19
628	15
536	39
4041	119
622	12
381	129
182	186
190	236
1267	57
2378	5
244	4
1783	215
316	60
531	50
1889	302
55	20
679	120
722	148
720	114
405	181
2740	485
286	45
817	22
676	21
351	43
165	28
554	90
814	349
520	27
254	120
960	335
231	32
433	10
1264	76
511	136
1725	14
397	75
971	272
286	141
904	248
334	25
261	73
178	77
861	168
1438	18
250	317
480	201
1862	66
44	49
269	37
859	13
351	101
3773	243
605	268
368	84
115	99
1000	214
886	3
1454	53
361	320
447	108
579	237
841	17
953	535
571	323
3892	62
3188	167
214	52
418	7
407	59
112	83
772	19
346	185
743	58
1341	220
179	103
102	10
421	89
1992	7
133	134
301	42
1268	107
972	56
275	123
1281	150
877	146
186	378
2632	231
1316	124
791	7
559	17
424	74
549	49
1473	154
158	89
1117	18
326	3
704	40
1425	73
1079	2
341	30
1515	8
1824	1
832	37
701	164
2373	192
1370	25
657	194
879	157
1664	543
1561	335
1934	2
843	98
273	97
1824	35
1571	75
5680	8
835	104
1104	21
1142	8
945	341
751	60
455	82
981	303
163	87
1068	12
314	1
833	32
41	158
1329	28
601	29
1291	70
1535	28
1379	23
342	211
1997	7
568	85
3139	45
55	300
559	98
1033	68
2109	150
289	85
1645	51
326	35
449	42
1725	22
258	59
793	6
2777	24
1410	358
142	56
1910	52
974	40
626	14
674	40
89	61
341	154
2385	179
97	19
931	200
727	61
1545	162
1171	97
2342	3
416	98
1023	116
580	2
404	61
1204	20
341	3
154	72
677	168
1464	301
709	99
281	30
4253	269
744	120
839	88
583	144
811	159
93	189
359	287
332	107
119	357
1733	52
220	62
1190	83
567	57
767	203
693	67
141	73
259	52
751	17
298	171
633	67
952	167
685	183
2687	148
140	176
1177	72
390	8
198	96
316	101
1175	79
47	3
345	399
238	46
251	326
279	166
2186	57
993	217
1458	52
894	80
955	20
1257	57
2381	304
128	63
1560	5
1446	40
1069	274
257	723
547	41
641	70
234	90
1300	271
726	69
445	87
1940	189
340	73
350	160
416	44
573	32
361	47
465	128
1636	66
744	174
1914	123
1800	49
174	10
288	33
142	94
966	87
410	60
275	37
156	79
313	13
211	44
472	164
1239	73
1349	22
399	123
91	16
917	44
572	21
319	137
110	53
1890	179
461	308
853	199
391	181
1194	27
2940	9
1041	148
190	1
1559	10
586	198
192	83
1160	206
373	10
2454	11
880	106
1785	56
452	90
1239	147
105	3
1002	156
91	253
2324	9
774	130
2423	12
1376	18
688	129
843	51
4030	42
112	197
29	49
918	52
463	131
272	192
365	37
438	35
200	34
881	68
1143	3
4009	105
1143	45
45	19
150	26
1422	4
651	295
353	318
167	60
286	6
229	3
839	66
2033	30
573	1
2389	205
971	98
643	38
1385	172
230	52
281	239
1077	377
676	159
2006	100
140	63
1157	15
2669	237
490	44
447	122
1006	10
398	151
2038	236
2160	92
1991	254
2105	158
976	127
1205	206
198	199
2452	116
1010	224
531	5
790	54
216	492
72	28
465	108
61	46
1074	117
501	132
517	272
1389	443
121	428
96	190
172	264
947	9
1336	95
552	181
660	49
3903	48
725	96
174	29
132	2
1705	30
122	35
702	244
466	2
939	271
274	142
494	118
1752	121
1278	46
95	6
531	110
31	340
203	49
295	108
327	41
143	16
659	234
777	510
827	174
282	3
117	88
393	134
891	14
575	80
884	145
646	78
395	12
1128	32
438	131
310	68
465	122
737	53
2311	174
30	168
1242	91
99	63
390	58
639	384
1371	51
429	71
303	233
1507	37
2625	105
1360	83
156	155
1089	303
927	44
47	163
1261	162
1448	113
1034	58
1391	83
456	8
1613	30
333	134
621	482
404	89
506	23
500	419
215	294
965	28
281	156
344	44
1432	17
1609	19
511	257
3085	8
726	65
462	100
431	107
35	15
81	26
4253	59
686	54
1245	37
48	14
3789	225
217	11
459	4
380	90
327	86
1396	21
511	56
382	23
1274	209
948	17
394	37
434	10
2257	58
507	1
263	237
226	33
289	171
1349	1
2316	3
2909	101
995	13
326	294
45	61
407	33
419	112
655	47
318	12
547	8
1588	44
1088	173
932	104
700	302
1331	41
1885	34
292	159
992	52
711	62
427	115
1465	20
485	60
238	259
239	210
75	45
219	62
1794	272
566	60
391	14
4391	22
597	43
915	41
364	181
179	107
1771	183
389	15
2671	182
650	199
305	22
148	1
1080	9
394	25
284	244
354	77
1196	33
219	9
2077	33
545	30
289	26
153	214
1203	24
5431	28
247	27
322	22
532	163
363	61
1670	46
302	52
520	154
2166	76
59	137
130	60
738	76
575	27
797	59
267	58
285	13
898	25
723	12
938	56
1143	34
384	29
1292	32
307	195
301	8
785	222
1136	23
200	440
86	55
166	48
292	146
243	39
656	248
358	48
1202	20
244	48
182	96
512	28
246	4
725	28
3381	214
1068	140
191	82
167	37
203	163
1618	343
289	261
131	150
251	39
475	271
271	13
40	12
384	40
1869	57
1209	89
145	147
1135	112
847	3
665	5
714	243
500	30
1089	202
108	3
2004	23
177	197
389	27
501	43
245	213
407	287
379	63
163	20
1101	26
35	11
954	155
2539	77
1069	31
896	334
144	89
591	66
2088	148
441	71
658	117
394	93
1713	49
1091	20
2262	38
31	131
1143	317
2763	22
546	32
1095	254
1347	490
1314	29
966	18
1309	98
1206	15
548	162
497	235
635	113
281	136
150	8
205	109
103	103
211	24
1054	170
3311	180
2379	243
496	265
1212	15
244	4
1564	1
830	3
407	558
1477	182
831	185
452	153
421	113
401	250
607	234
636	20
121	237
585	99
296	125
365	74
260	61
119	12
66	29
1923	118
384	8
477	19
1628	160
482	130
120	57
978	132
1656	113
333	125
732	194
619	54
949	72
427	87
476	3
886	49
1036	398
635	268
1992	15
176	151
569	22
527	76
368	2
460	15
887	329
478	12
361	16
35	51
1036	11
577	137
1094	413
1142	238
210	85
282	74
834	87
160	80
99	15
866	126
597	53
851	103
260	210
351	44
214	108
2480	344
74	92
428	22
513	208
140	20
1653	72
770	17
2358	103
427	95
2611	94
1113	9
1146	68
157	13
1913	398
296	37
851	217
241	197
909	69
1626	151
649	192
389	41
230	170
919	65
126	105
2340	122
2312	111
625	194
870	382
982	14
749	89
646	215
682	49
234	70
1475	77
1302	76
1934	19
2621	33
396	6
791	126
273	56
1397	34
349	45
477	23
1120	9
968	45
1951	81
414	83
1436	76
819	9
530	35
974	165
655	259
1777	26
629	41
402	11
1683	44
3321	159
176	202
774	39
884	19
2440	74
904	193
663	151
726	188
958	461
550	158
457	115
246	35
1808	107
490	187
220	258
2534	106
58	227
874	68
1587	5
1669	132
416	112
758	348
1074	119
544	130
464	38
1065	149
296	105
3007	223
1294	3
123	105
277	2
2289	3
1007	163
2265	20
3381	168
343	141
355	63
624	48
104	60
302	41
783	22
3554	158
489	12
1339	20
267	87
119	515
256	56
250	67
590	11
226	78
2787	87
2980	38
1783	43
1472	54
493	54
113	375
59	697
993	337
182	34
1029	12
796	42
455	206
291	183
2393	149
112	44
878	7
188	38
257	119
187	35
131	97
48	25
261	129
324	25
391	131
160	84
598	15
595	127
1065	35
578	9
209	63
272	199
3555	21
411	56
443	121
683	51
1855	111
1153	58
343	52
1494	172
116	80
103	48
555	302
755	142
891	236
1895	45
533	23
156	115
777	77
66	92
937	253
1093	66
2031	19
1559	144
258	9
1946	19
135	253
203	32
144	89
409	72
350	98
1685	19
1918	119
1652	21
403	72
1599	124
126	5
624	73
560	130
273	23
420	80
916	120
494	6
701	78
770	211
274	169
2396	57
340	74
727	37
1313	100
186	264
32	151
698	61
96	167
1421	3
666	39
251	32
204	55
364	383
628	23
1586	185
870	268
757	49
875	16
1752	121
289	20
768	55
68	46
646	79
1445	296
1171	6
655	12
479	215
1140	265
39	82
4328	31
552	37
1465	2
905	31
1048	260
318	84
2125	113
188	28
256	320
407	115
896	220
35	11
321	63
1032	45
562	388
2907	72
872	32
188	101
320	108
36	35
2157	24
1070	152
2709	128
306	30
828	11
1924	8
196	40
3866	99
1018	19
179	66
989	90
1011	19
321	168
918	21
1363	21
1313	60
418	90
179	48
268	499
1703	56
374	33
209	55
741	175
1657	251
251	55
421	68
1417	56
2005	160
1769	372
191	140
916	199
398	172
93	183
91	262
712	4
149	134
706	171
663	190
511	322
88	7
437	310
834	100
1807	63
739	22
1749	102
199	223
2059	293
280	88
1128	97
3003	28
461	2
503	193
1301	87
1715	136
218	135
1691	37
457	74
118	28
1792	21
414	126
825	95
417	140
499	28
726	511
225	172
712	85
1035	133
983	62
1368	2
408	122
492	11
90	66
1205	96
586	243
2491	208
1873	10
252	154
3290	99
394	126
1548	42
3700	127
459	38
438	284
1617	4
219	44
121	145
2084	9
406	272
1791	257
2905	26
791	124
616	89
357	244
1305	71
1413	155
433	47
1554	183
134	71
752	213
1485	27
660	65
489	7
1334	3
600	220
562	70
646	167
3346	4
130	162
135	80
1766	86
1625	73
993	178
165	10
476	55
1030	37
242	391
367	27
1552	18
308	95
733	141
673	35
474	257
778	21
1572	604
1782	105
335	33
848	2
2111	408
507	157
2593	277
2346	151
199	67
369	5
368	101
655	4
115	10
131	165
865	162
474	55
1384	97
250	124
260	77
129	206
1872	8
518	1
864	251
6754	71
1258	44
337	235
2202	81
134	57
1806	43
1753	15
1356	24
944	200
961	31
462	40
1369	22
684	8
1466	79
341	7
610	32
1438	45
1227	27
270	46
1009	68
1160	44
402	147
1712	167
297	65
1439	83
1212	40
479	68
172	152
2436	255
892	81
490	157
612	171
1215	200
1192	112
264	34
1725	90
279	24
376	2
821	4
1067	164
417	38
1053	29
1946	42
1080	179
667	29
459	43
325	52
230	50
2096	14
729	37
613	143
1502	16
930	172
652	196
1017	119
992	177
176	308
510	24
1620	1
55	95
340	144
959	191
163	18
729	184
281	110
2022	109
53	306
723	127
843	135
429	261
162	120
139	21
125	121
146	57
522	142
1154	20
705	113
1074	161
386	232
188	162
587	261
790	48
744	233
1224	36
2149	3
58	378
238	42
417	87
130	143
201	93
759	21
1269	47
216	65
812	14
3061	64
380	24
1056	53
106	34
608	366
342	272
3225	55
2306	160
2424	179
573	76
1046	47
591	41
2875	40
421	98
144	48
632	5
91	179
307	103
781	64
898	98
811	53
2317	107
306	171
1168	4
130	54
1633	49
113	164
967	58
566	34
940	38
724	5
777	109
854	17
3583	57
145	234
1269	29
389	185
142	449
2447	107
678	98
3128	137
788	1
3248	191
256	288
554	75
245	282
809	24
323	339
43	29
404	36
233	3
545	54
366	1
232	24
416	111
586	89
616	61
1221	166
295	14
854	131
531	152
656	30
580	30
525	113
1511	50
304	202
1664	5
332	167
2426	1
1198	17
1347	83
313	167
809	181
1886	10
384	44
121	39
1301	42
338	45
191	91
472	34
977	90
78	40
1158	318
1125	7
2415	476
630	116
605	111
285	104
216	259
1197	58
1438	21
459	4
356	153
678	55
244	7
1278	17
522	221
2044	32
523	234
1012	186
213	192
1078	292
130	98
315	272
424	59
553	110
488	134
98	150
1006	98
192	42
1119	42
704	149
791	26
3369	44
517	45
122	512
624	43
1121	83
1767	62
664	27
454	5
3106	3
826	56
206	234
795	12
890	9
753	33
1856	13
1785	68
602	205
375	108
345	87
792	60
1458	70
704	14
667	58
225	45
473	144
1929	8
382	254
1859	248
266	179
413	79
1249	84
256	233
1769	260
359	68
752	36
216	13
472	179
328	26
719	75
197	81
479	132
466	25
1790	67
4120	40
179	7
755	88
2424	142
1038	158
761	124
664	36
480	34
484	163
673	16
436	124
3478	52
3137	68
680	108
2452	315
2049	269
1505	151
774	60
336	176
1331	61
1117	424
202	166
204	229
1194	158
438	78
1959	43
405	106
1617	163
550	17
2064	187
294	66
605	90
1273	9
148	161
155	20
867	44
2269	10
1900	105
43	47
1578	81
287	174
4314	142
129	38
192	93
221	53
569	382
401	66
147	17
1118	79
704	185
148	32
254	399
354	17
2509	51
590	15
287	34
195	19
239	339
585	128
93	118
380	178
454	32
698	2
592	83
258	128
2046	43
886	111
3417	21
177	131
510	139
1443	419
347	56
1584	144
2755	6
144	54
1742	336
823	234
723	289
317	78
1376	549
94	64
872	85
733	200
1233	2
809	264
671	5
536	42
743	62
357	103
627	171
1621	27
1031	8
348	9
2595	165
785	5
695	107
315	34
2532	37
587	222
1136	12
170	7
682	168
4940	34
1533	17
1464	42
742	25
1986	23
310	48
1935	98
612	70
636	171
265	22
1066	573
564	64
204	8
177	151
787	31
1811	50
182	49
1616	55
3431	125
1192	46
1586	4
934	25
1562	107
428	90
1256	206
2718	2
457	22
1961	142
67	121
528	30
502	4
630	2
1090	176
1485	188
892	157
2183	150
1076	6
244	27
826	350
569	106
249	224
309	341
455	13
580	334
1402	132
1446	2
383	76
530	103
1353	56
383	168
294	58
784	190
613	119
138	106
285	104
1412	39
1676	18
746	89
220	14
211	185
322	8
1628	327
572	104
293	27
1203	19
705	100
3245	362
1292	10
367	8
469	38
370	85
1107	32
449	15
1324	30
62	232
140	11
270	28
144	5
499	15
1571	202
173	171
782	81
525	7
1339	355
612	114
498	295
1234	1
248	242
1021	35
3941	136
248	109
2910	83
220	4
1629	103
644	242
235	123
738	66
419	5
478	97
1882	88
1037	48
1135	95
2833	26
722	24
362	7
329	4
942	55
90	80
1687	144
2499	43
465	147
531	28
238	40
1332	81
1432	90
278	92
165	119
291	73
677	106
776	38
163	9
725	54
344	57
888	141
319	114
1041	225
2253	143
73	78
551	157
143	45
197	109
1087	4
930	159
1795	62
1404	39
937	20
573	83
521	4
1574	88
2035	56
675	35
625	113
436	246
262	71
499	45
491	51
78	46
885	132
832	13
416	293
384	169
1692	95
2480	60
802	194
1227	49
160	166
543	142
535	296
100	202
550	172
672	10
456	96
186	199
870	69
716	56
1223	30
1502	422
507	112
673	35
301	36
2936	11
1153	134
309	189
449	4
1256	35
2270	206
924	60
900	1
343	19
838	16
193	22
395	92
1798	59
1031	210
111	159
1718	86
1327	4
269	128
384	123
184	133
349	36
1430	35
425	18
630	74
253	202
483	148
102	149
2026	11
401	3
1132	110
1446	36
594	29
1131	16
96	298
847	100
731	20
2268	85
177	19
975	17
3075	50
366	73
473	235
2614	114
47	3
421	303
382	27
654	7
283	5
626	22
1316	42
2846	2
974	49
505	179
627	7
223	17
215	184
1461	67
139	38
580	124
827	83
1563	52
495	128
393	4
851	110
244	9
609	5
55	19
2615	7
412	24
220	42
1438	38
138	113
936	37
730	94
240	322
274	21
213	278
941	84
1102	243
762	28
383	47
428	8
352	93
198	74
543	58
284	157
853	22
922	323
343	27
473	33
2447	36
688	274
413	13
565	26
1137	93
2086	44
3610	82
183	58
960	81
1555	207
887	101
388	46
901	183
2319	237
823	88
904	17
1860	7
2004	780
610	27
2795	71
554	39
326	195
146	211
280	2
2049	222
1113	116
220	26
915	19
957	3
939	204
112	49
506	24
277	154
514	39
3913	28
1212	84
167	6
100	254
278	78
315	19
1195	29
131	58
1185	191
128	371
720	176
1651	464
221	131
119	97
889	69
776	577
1002	44
321	24
543	192
1707	9
454	157
1728	127
243	30
201	215
1148	106
1295	140
266	27
669	75
2563	164
65	67
486	188
1269	47
1699	79
164	11
80	144
799	17
260	110
150	308
494	4
1218	148
876	56
1113	227
245	174
279	259
735	27
584	61
414	194
829	21
271	243
489	229
1531	65
2814	4
2125	33
781	197
1359	58
414	30
186	3
246	72
623	11
1529	93
343	94
516	26
89	51
1594	96
1065	8
564	144
437	92
1201	29
799	5
668	110
573	62
113	32
1859	27
2760	38
604	165
1171	164
663	32
1113	95
624	7
871	125
3000	19
1317	32
482	7
3984	7
1602	76
705	216
621	25
1096	32
185	37
641	99
587	95
1856	46
1063	81
1233	78
973	29
219	166
350	287
93	7
401	372
786	204
156	7
214	78
1675	254
472	251
2868	649
307	57
1986	129
132	57
552	110
192	38
404	244
1314	24
1632	35
367	50
469	175
1913	112
167	51
1747	99
3004	1
1557	148
2278	144
1388	259
3741	19
1030	12
949	85
4752	33
904	313
312	85
626	146
2359	189
1173	32
1555	185
732	89
2342	9
845	82
623	139
206	74
910	86
1728	170
1101	35
481	9
1254	69
911	107
208	32
2271	144
3149	3
778	152
480	95
167	132
855	98
677	87
127	160
249	318
237	2
410	17
2291	102
4443	18
297	283
1374	33
176	58
352	3
160	212
264	221
1950	27
500	22
196	3
977	96
1330	39
445	69
1071	45
124	88
1081	10
199	1
307	68
1827	36
1034	137
1666	169
71	163
811	215
1733	42
365	218
435	30
874	53
758	69
152	35
220	19
435	303
492	40
1332	291
1891	184
999	126
151	197
2083	96
881	18
1106	38
308	32
412	239
2985	21
1857	104
1146	8
545	228
453	92
199	39
519	228
1738	227
135	81
2239	215
657	3
209	100
160	4
345	13
1157	63
260	150
1070	82
560	156
965	322
2379	3
675	326
697	68
295	187
220	33
1520	1
201	78
313	66
138	30
692	8
279	82
64	53
2872	25
485	157
203	26
163	336
345	115
1346	39
156	27
1857	18
1079	37
180	55
2197	73
149	8
471	98
564	14
629	24
535	236
1576	130
211	48
2630	38
664	52
1475	11
337	11
1393	18
582	167
731	98
1315	36
344	62
371	23
638	160
2464	146
1331	18
431	106
249	23
307	33
2561	22
264	25
576	26
2170	155
109	311
1588	157
100	189
183	75
1003	52
999	186
1652	405
574	153
231	271
594	53
501	42
599	35
309	54
568	20
261	6
2162	40
369	5
267	33
1988	49
589	12
230	65
713	25
2245	214
169	35
2854	88
1731	91
778	71
713	43
145	34
1274	43
985	84
3299	334
871	138
729	7
1019	14
986	5
287	65
803	118
682	4
68	13
135	22
128	256
956	22
888	212
956	131
1723	20
157	83
900	319
2001	22
1005	144
362	333
258	12
380	5
723	11
102	142
310	74
1475	15
259	74
313	97
2367	2
441	158
150	73
1549	106
1353	2
1505	106
597	15
1851	79
167	133
740	36
1105	4
410	84
342	242
352	114
1340	31
529	139
2017	258
373	216
687	37
888	44
1118	22
1719	18
830	21
417	21
1099	107
279	66
1085	43
127	15
877	5
407	24
3017	123
1566	63
1353	72
1001	250
1116	164
2419	11
2878	59
1088	219
481	121
2270	59
186	19
271	3
1638	409
1940	11
852	96
1499	80
1825	197
573	28
607	33
284	11
649	104
305	95
2979	24
1146	181
830	200
370	48
772	58
2197	23
159	78
567	76
803	56
730	73
549	21
403	34
289	51
258	11
1013	75
57	204
636	34
297	41
479	88
714	320
836	88
916	190
1284	332
475	6
422	143
67	85
148	181
390	89
1611	41
1082	59
1504	2
318	135
1290	13
867	38
194	47
788	512
638	18
333	53
1425	23
930	38
201	41
2968	145
1214	91
742	58
990	13
940	111
658	19
3532	49
127	77
271	10
1203	50
167	76
169	150
1116	450
1539	510
1510	142
190	726
1027	42
787	175
166	365
393	59
259	17
1815	1
1200	43
1785	11
1918	109
152	106
349	7
497	28
1324	59
3988	72
274	94
2151	209
332	128
1941	130
1763	153
1160	294
221	25
855	436
612	85
184	64
3400	41
402	143
160	107
283	167
1018	192
702	155
128	5
762	187
109	26
1312	87
365	31
283	99
1556	143
2053	30
529	4
51	60
1162	35
133	33
290	55
290	28
678	6
129	283
956	50
371	47
96	259
1615	177
2577	58
101	215
496	9
1438	100
336	73
450	26
1531	95
1290	121
677	8
824	439
486	20
1077	106
871	107
898	63
1120	37
513	49
1002	48
1244	223
874	87
365	59
2083	6
467	104
239	62
1973	134
348	47
442	32
1407	59
1099	100
97	52
473	46
1615	56
190	93
321	23
474	198
858	126
1478	66
727	102
240	384
269	22
329	5
1113	8
1685	26
491	59
433	1
875	1
900	68
253	9
1169	186
1033	422
1393	81
359	284
661	130
488	49
55	3
1592	13
191	310
345	84
2112	12
607	141
571	92
196	32
268	50
920	155
1938	42
233	49
1669	169
1627	1
708	120
897	45
979	43
719	74
825	105
1176	344
478	80
888	38
121	34
168	61
827	206
209	112
264	9
826	17
1227	266
468	125
529	144
902	195
424	149
398	22
135	229
458	30
431	311
336	73
465	38
674	39
312	102
802	452
1533	77
367	120
970	49
707	142
756	276
2103	117
303	343
3532	138
1852	171
602	2
1288	68
489	83
55	15
522	81
335	124
555	473
1825	9
1569	253
192	110
2830	77
1905	43
181	76
722	54
298	57
805	44
154	369
393	127
615	49
2227	138
441	112
806	139
223	153
2967	182
1640	123
986	194
273	58
569	127
425	391
584	50
4128	333
1050	319
204	67
654	175
1023	120
368	145
908	309
958	8
320	211
595	26
1262	132
366	213
430	183
101	291
777	52
181	54
1114	353
1778	4
151	6
135	12
258	29
207	103
507	165
2143	137
240	33
121	360
623	9
427	5
2419	39
1624	59
825	39
917	206
417	15
1338	84
878	94
1068	97
2119	152
322	16
160	125
784	72
386	58
272	129
284	154
515	162
543	70
1513	121
866	17
173	40
407	35
2266	91
250	380
737	74
424	19
1504	60
245	53
429	169
190	39
242	47
1982	121
589	47
1088	138
226	156
1660	18
698	162
392	114
177	106
96	116
625	87
226	120
1571	34
2082	174
410	22
1947	670
650	71
272	140
560	105
606	59
402	115
1541	16
190	83
575	21
760	6
1170	42
1498	285
1073	82
1155	339
588	116
819	47
233	46
232	16
252	32
2369	174
1176	100
132	22
598	63
1476	49
1836	28
1386	69
1358	86
690	61
967	165
1771	51
1283	135
857	79
820	23
320	3
459	164
794	56
514	25
2564	68
523	86
2751	20
1384	208
2115	150
361	105
796	49
273	166
440	24
313	26
2368	11
376	88
853	167
602	68
182	29
402	122
373	45
711	124
62	102
232	6
809	117
1135	61
133	33
723	26
632	527
883	63
1563	47
495	31
4092	85
939	20
370	100
783	130
315	70
2554	41
2201	21
118	68
155	466
1106	284
951	94
154	111
1212	59
899	37
504	27
770	21
3147	5
24	125
601	18
962	38
1231	70
135	171
249	41
1349	95
410	36
765	149
124	104
398	217
498	40
788	230
1982	99
450	27
1872	58
233	40
3403	2
655	82
533	10
3572	7
1367	216
735	123
642	7
225	149
201	35
307	253
4570	248
405	14
125	227
1002	6
373	13
1429	5
1848	1
887	96
414	69
112	11
1886	10
210	125
126	38
500	87
538	128
1816	111
792	53
1467	180
257	81
295	15
388	45
547	17
157	120
113	57
2321	6
1436	22
669	124
1488	105
1071	158
266	269
1237	36
3123	54
426	401
747	14
1076	7
640	226
1197	332
2250	60
470	15
162	108
255	45
233	21
2338	245
505	20
246	27
124	48
429	110
376	140
124	134
1405	31
271	127
1159	60
1090	117
838	140
278	35
1423	2
1919	62
159	417
146	79
144	273
655	115
168	15
1097	174
2723	22
780	130
193	76
814	108
596	42
900	239
813	38
589	109
1795	90
205	21
1407	109
108	341
1527	149
1604	6
637	29
599	22
1288	32
1189	17
434	191
332	36
1963	4
2181	46
123	45
577	9
129	52
1032	138
977	21
256	105
368	254
796	53
1304	46
1795	3
175	93
319	1
54	21
550	48
1846	31
1675	22
472	20
245	154
191	229
167	12
1523	25
313	184
814	53
1292	20
1951	1
430	298
356	336
476	63
178	38
506	125
666	5
1315	11
782	96
2773	146
667	17
4036	229
3846	436
1617	14
967	221
283	121
227	208
228	38
1277	38
1029	155
613	148
1101	361
893	110
115	75
1666	39
324	324
1848	101
262	50
1702	152
152	126
250	4
99	89
204	6
3648	163
1595	78
827	60
1974	55
250	234
2293	140
547	59
1837	3
215	74
150	32
296	141
569	87
423	100
397	96
613	46
357	9
798	23
1031	3
314	10
983	116
977	285
2228	311
322	42
3648	62
1125	97
2622	2
1952	20
310	79
1656	131
280	357
259	146
328	89
1080	41
686	61
1147	120
1176	77
794	5
1045	25
1511	54
636	224
899	188
1217	108
107	8
1187	43
448	61
184	57
441	3
2580	126
1151	41
213	16
1360	46
191	10
1060	202
2904	22
2615	150
1754	143
2580	21
635	47
643	22
147	67
466	268
1228	107
378	121
1519	234
684	89
239	317
1611	336
590	348
200	29
619	220
3103	498
678	7
1647	73
729	128
185	41
210	74
1326	102
179	93
630	175
1172	6
429	2
1053	11
298	53
145	21
636	11
3167	53
3650	100
629	87
153	244
270	2
725	276
183	20
1785	41
1273	55
1498	20
333	235
1188	63
201	30
855	31
533	362
870	39
2801	233
449	34
872	387
571	5
251	61
325	57
382	141
320	37
187	430
144	194
116	125
704	46
2625	35
529	78
871	66
121	58
1374	30
1695	119
316	107
510	6
314	187
488	214
1056	67
961	13
160	14
1007	206
2824	105
480	106
994	30
207	86
1060	28
2750	215
2500	183
526	24
780	436
433	45
1597	51
155	14
146	124
380	23
334	31
1018	60
355	251
573	19
512	24
3311	49
136	205
295	23
876	61
816	78
1683	47
331	29
1530	90
1037	195
611	57
893	33
128	131
247	40
486	163
294	35
325	53
574	161
172	66
455	164
137	135
172	24
1404	7
282	60
155	22
1291	42
403	14
360	67
626	28
742	4
336	61
1658	12
1129	170
477	102
798	52
376	86
1189	3
852	140
738	242
404	104
157	50
55	33
1423	111
130	15
621	30
678	60
425	45
2076	380
974	57
1475	123
712	161
1092	68
296	265
1703	158
15	26
9	318
3208	34
2196	12
701	270
100	31
731	8
259	121
178	19
1427	462
930	63
342	287
670	160
1997	267
1283	153
457	80
118	154
280	15
386	63
1438	2
21	64
144	190
2275	71
1722	18
1936	13
1090	44
854	432
170	17
190	212
303	48
478	213
640	40
183	56
468	11
1319	7
723	189
131	34
1370	273
156	15
695	17
131	298
1668	59
287	13
5579	52
889	308
1894	54
622	192
535	25
1908	115
1760	5
300	226
1449	159
840	258
263	17
2065	32
1744	89
500	149
753	47
187	22
2495	50
1462	45
411	26
1473	16
709	46
1394	41
101	66
556	23
1010	77
295	42
163	47
471	317
261	20
2574	37
2682	61
831	99
1822	87
2017	113
1922	55
457	11
469	97
220	54
113	195
181	6
2310	85
279	113
2281	399
821	27
2640	59
1552	4
593	27
1021	439
108	83
1583	148
674	203
403	113
712	30
2153	120
2248	58
329	145
280	27
1944	20
117	96
2515	36
560	301
1880	18
2149	65
124	15
930	48
260	238
1307	91
630	45
860	48
2757	47
1057	17
488	36
218	69
1631	48
481	79
330	8
976	5
452	29
159	248
2092	284
1289	155
208	42
444	123
142	286
848	10
403	78
165	40
296	18
1631	179
157	101
1323	156
376	225
452	242
139	8
697	9
148	26
795	27
893	36
151	293
947	326
3062	93
465	33
692	20
812	76
582	179
3359	23
1423	32
686	76
930	44
95	24
276	29
225	35
983	55
1930	46
661	56
1573	167
375	67
444	107
160	123
318	152
110	58
794	30
2015	106
448	14
2665	372
654	64
2389	17
2217	62
3131	335
1159	34
1267	478
1093	916
429	139
1290	87
518	181
2049	101
869	19
278	23
2082	71
563	28
670	253
4167	35
2064	9
758	237
165	308
221	229
622	14
858	123
2081	5
733	88
216	93
481	61
182	206
319	246
401	303
884	223
901	171
737	217
697	69
289	58
550	217
601	95
811	390
1463	77
1936	194
443	60
872	173
958	487
1087	139
1285	184
2403	50
295	34
1182	37
1700	79
1412	30
1278	37
126	27
1152	104
107	74
500	22
788	176
1115	146
128	4
843	1
180	23
437	23
162	12
708	10
425	119
127	98
954	18
368	22
184	80
143	280
719	19
248	82
161	67
460	59
261	46
204	54
307	11
140	16
731	209
1917	24
723	161
890	2
117	33
989	81
1050	73
2072	300
497	234
2423	17
295	100
1720	59
2443	127
1177	77
665	14
149	20
427	165
299	26
1025	100
525	88
460	27
1032	203
228	61
1127	191
1803	27
102	32
300	193
87	66
148	117
638	69
1641	37
967	68
1679	97
511	21
109	15
414	287
3125	27
402	239
491	85
413	129
1187	55
2168	35
1656	1
1210	130
896	77
898	127
2973	82
1516	81
242	28
2064	87
1126	191
392	52
179	111
824	46
323	182
604	274
213	66
1128	62
330	42
137	235
413	62
1188	21
455	236
678	233
84	192
405	139
2049	32
937	93
449	30
1885	21
863	126
413	11
1730	32
939	35
916	29
462	46
579	11
690	195
326	21
155	357
629	75
796	18
980	132
628	1
251	21
377	16
802	24
1824	23
1082	3
315	274
1838	18
200	35
494	211
909	38
1638	364
1069	10
252	80
1615	132
297	389
462	203
2240	113
173	75
870	143
1711	326
1966	1
426	45
612	14
3546	80
775	1
144	258
163	142
445	147
196	14
1757	2
1572	70
450	314
1494	20
176	217
176	168
975	104
172	26
614	222
1085	104
1503	30
910	164
952	15
855	204
519	2
120	24
557	12
704	226
613	76
352	2
1890	235
1092	279
104	148
122	164
37	50
702	360
2279	40
442	34
1136	78
288	298
1530	112
1324	23
811	42
4341	1
1990	79
2913	291
1769	248
1612	226
250	42
1285	19
3141	74
90	105
148	41
132	55
3892	65
548	100
1224	125
189	1
181	395
1768	40
1928	38
59	101
176	193
197	90
288	173
1228	101
1047	13
1004	241
247	46
882	354
272	149
2277	84
2150	34
1025	81
626	175
3418	19
339	163
1032	215
1126	89
510	198
772	18
734	195
6223	14
127	53
1369	44
300	124
1133	119
235	170
1092	20
399	34
511	39
200	359
517	139
2194	124
490	20
533	84
299	39
1297	209
1270	7
192	37
205	134
2097	43
564	217
1737	35
368	89
258	399
202	87
661	43
1687	109
1332	78
806	32
295	173
2106	344
215	101
265	3
569	212
7318	79
182	167
349	74
243	232
1424	17
280	44
976	124
106	27
644	8
686	46
448	153
177	31
311	54
1619	223
169	18
2023	64
537	63
539	144
335	56
372	93
296	56
1001	18
1098	293
191	60
1801	135
1195	161
524	58
2140	105
277	65
729	16
389	32
213	139
1463	2
397	129
907	75
132	46
555	36
121	52
196	4
1630	2
1134	7
164	149
275	152
1960	110
1335	9
1075	133
562	143
1736	180
785	8
961	54
114	181
1445	91
167	59
3882	4
125	52
706	50
262	3
819	67
356	26
225	87
710	118
623	22
165	117
194	24
842	11
1470	35
703	74
1799	41
1575	2
107	75
208	104
451	34
315	21
1037	138
146	72
1093	26
1921	50
975	16
751	245
1239	73
1454	234
1872	91
657	15
173	20
1009	73
224	14
200	455
2488	2
1603	227
724	205
285	93
135	53
265	108
655	262
1735	13
407	230
128	21
545	161
935	94
1994	32
127	5
1025	50
898	128
546	105
184	20
1045	43
3422	89
1065	416
283	67
1086	87
124	35
192	96
1371	155
1107	25
1325	50
601	86
683	131
529	30
1489	100
743	44
357	103
1385	17
2366	20
356	86
688	36
1505	51
1497	344
128	7
264	129
479	216
572	20
460	160
557	81
1636	72
94	126
1704	1
2399	91
217	35
172	7
319	89
730	28
903	173
92	49
588	33
196	49
3958	144
1222	63
1063	124
121	33
1083	90
366	184
2149	117
1421	32
1816	206
1500	361
151	130
1674	50
382	86
744	9
161	387
117	107
158	35
349	196
2192	548
625	28
279	15
130	38
1078	33
300	20
671	32
356	20
2915	233
321	231
602	156
676	6
640	125
1932	19
449	126
1043	236
1062	20
306	109
757	34
5069	39
664	136
1984	1
805	2
490	22
296	48
852	39
1677	102
1188	212
185	45
718	15
357	282
562	1
148	36
177	165
1053	19
580	29
2464	57
97	132
510	33
1225	32
451	111
431	122
893	32
1441	59
310	188
1392	23
629	174
241	75
353	506
1027	33
680	4
514	10
748	23
676	482
230	35
118	430
146	112
1018	64
146	129
30	63
1015	49
392	467
576	153
788	61
127	73
1110	72
522	297
134	13
1766	175
2148	10
500	13
141	70
1533	157
817	10
1354	67
627	46
1345	52
135	51
932	152
390	12
360	161
1421	51
1325	34
1546	438
372	26
770	82
1012	152
1327	206
1709	64
192	82
386	144
1266	52
605	15
964	61
1179	30
2095	48
506	36
146	44
179	11
119	393
177	28
114	2
909	166
364	10
892	319
1334	18
993	70
667	35
413	183
647	82
896	58
1513	92
986	81
701	73
1890	12
315	125
631	18
794	84
1041	87
341	17
1969	57
904	128
1662	69
820	112
255	26
599	20
1692	60
279	78
256	350
1756	218
1145	124
1017	65
242	351
3412	96
215	179
332	155
287	137
1023	164
316	24
442	216
284	12
341	160
213	173
276	108
347	60
200	225
205	183
123	3
1243	36
1439	138
135	233
1507	95
126	10
419	179
472	57
2740	97
544	45
940	58
163	185
603	40
803	73
796	189
313	66
848	151
787	11
606	3
3535	25
512	48
520	85
639	128
414	17
1487	7
149	119
1157	302
594	146
194	180
1499	113
790	39
352	174
179	11
509	108
2306	12
502	28
368	75
701	56
134	40
583	16
107	11
548	294
605	19
111	363
889	98
206	6
2034	159
1831	65
1273	5
672	108
2276	65
461	38
467	99
431	53
2135	114
625	25
1187	305
609	147
1384	985
930	430
624	42
843	22
1047	112
213	72
125	25
200	170
1577	14
1341	224
1221	68
174	18
317	28
183	34
351	69
728	85
662	109
358	72
1396	70
333	111
394	230
1196	24
349	526
475	180
552	161
350	66
191	23
3079	104
3830	126
1233	47
415	22
1046	366
164	1
199	218
122	21
972	119
269	261
245	8
1519	216
613	127
3176	63
338	271
325	125
4537	58
197	92
736	34
458	37
516	110
525	76
2921	13
844	22
1205	87
1251	9
318	120
183	26
175	87
513	84
127	22
902	9
2224	32
2033	139
862	9
149	81
621	196
200	82
203	118
1415	5
229	17
604	195
1972	36
669	16
1884	118
464	64
212	93
1274	161
101	1
451	17
1391	75
298	71
443	63
2174	49
245	45
844	135
641	359
2328	2
1720	56
3293	45
647	38
1414	12
1671	52
983	245
1348	8
999	106
635	260
655	53
225	1
183	50
252	15
406	109
1573	16
119	22
2746	25
726	203
619	7
1470	214
283	14
193	60
1039	350
1118	81
696	37
1025	195
1836	111
1033	39
2857	154
403	9
1139	199
2378	171
957	53
1075	172
2005	2
202	144
3454	4
144	125
1344	119
266	6
2111	3
682	48
567	2
430	78
341	20
227	75
377	76
831	115
758	250
693	110
337	312
1903	133
175	34
853	92
758	44
425	183
1074	43
120	146
478	126
2313	3
562	54
950	10
355	12
2191	94
616	89
1558	269
163	40
111	133
453	579
333	2
644	54
1446	32
4310	67
625	88
894	49
224	101
917	32
818	302
661	68
1473	6
735	4
1109	30
342	50
286	172
787	131
138	327
1064	60
218	73
3704	428
262	157
486	142
932	89
1104	136
155	67
308	90
2680	143
409	68
316	249
1395	5
358	48
177	50
674	59
203	23
1860	77
133	119
423	343
249	54
798	34
1690	74
2785	106
756	29
768	96
354	24
2559	18
1232	101
2566	119
1814	146
1716	49
1143	47
1273	145
629	13
2253	12
761	66
234	127
122	2
220	18
1078	33
340	10
312	128
637	54
892	228
1085	19
444	50
944	454
272	22
859	150
509	141
649	54
2148	152
239	198
264	30
1796	6
1112	64
865	13
678	18
194	90
458	39
194	40
154	122
1504	88
1132	10
239	61
384	25
516	25
534	17
103	238
1708	64
447	110
813	331
1442	249
248	187
968	114
410	67
185	5
1443	364
172	63
3479	35
245	109
2005	170
817	39
147	104
194	70
108	66
271	39
3079	229
2383	100
2441	27
1339	3
1654	18
1500	102
1088	126
469	9
731	97
163	62
3009	126
605	130
597	33
345	213
280	77
1371	188
807	98
113	114
595	30
280	199
658	296
1065	28
567	19
1148	5
1516	1
366	137
1455	19
1712	264
923	267
138	11
552	32
856	161
868	19
4004	154
2476	30
2305	9
235	17
211	59
199	75
1093	231
131	1
2063	75
754	44
188	4
774	98
1269	32
998	32
290	1
1233	99
1553	218
833	101
1605	35
480	23
644	67
1159	29
166	20
128	67
754	4
2902	55
1023	1
1676	218
1423	240
1107	12
378	63
3415	64
1377	152
296	78
494	1
1141	95
167	111
2825	55
3596	115
2883	137
171	80
221	140
942	70
468	1
174	5
454	51
4212	210
866	49
143	2
696	42
533	5
181	26
189	20
884	86
1073	79
425	31
316	174
1931	171
435	161
980	55
357	111
1033	142
1886	86
123	71
235	320
1765	13
1456	25
147	91
226	59
266	29
1684	73
850	59
613	107
1046	293
580	29
583	24
1226	168
326	240
560	77
1363	60
403	52
1084	9
485	12
232	19
187	243
938	55
803	25
1385	90
13	475
142	60
4162	244
522	29
878	47
1267	32
191	77
186	16
1193	101
789	126
368	129
977	49
797	33
4563	245
4242	31
767	92
249	8
284	122
1078	6
1658	16
352	47
419	3
2083	18
857	54
485	188
569	191
184	103
355	79
2471	8
133	143
617	206
399	227
614	261
1722	127
1508	180
1308	61
504	24
421	50
650	99
1306	99
2509	11
773	14
1167	50
2130	80
1471	33
385	55
451	123
924	33
237	635
259	208
572	39
686	120
863	50
137	78
203	114
2614	99
514	29
1292	128
2053	138
127	65
207	8
669	43
271	321
282	21
152	40
869	382
480	351
5886	44
1571	64
377	41
3389	2
327	11
236	329
428	24
1418	71
1953	27
1820	70
1169	88
1084	63
155	62
791	3
527	216
281	85
246	95
648	29
845	77
821	21
574	20
391	14
315	94
1037	160
277	46
38	40
1264	228
534	57
122	99
215	217
925	91
281	12
300	56
2509	85
352	146
984	36
183	149
1014	339
527	105
763	171
804	68
284	9
1136	30
446	85
1136	196
376	348
1940	29
171	21
1917	87
141	7
553	167
931	201
639	82
602	23
995	287
4375	251
136	151
1353	13
1336	67
588	40
1528	66
2050	101
1437	18
201	284
2460	108
138	41
2273	34
362	84
565	163
363	1
1068	74
165	11
127	67
2685	5
676	68
1088	37
832	2
1535	115
189	3
5336	403
348	201
1084	12
1081	109
3452	98
809	122
290	219
349	175
853	41
865	179
3123	15
461	1
310	62
2019	19
1740	41
441	41
684	174
605	42
743	31
472	42
245	1
1650	73
508	15
896	10
215	147
258	124
329	29
385	21
472	13
1013	184
459	127
194	123
910	79
1172	152
1774	27
1513	159
943	32
562	34
253	71
127	150
1135	86
1614	11
1422	129
797	260
268	34
2475	40
1404	45
365	132
1907	45
800	20
1249	115
884	551
377	7
162	21
813	24
123	260
820	16
2454	260
1428	58
1318	59
285	23
1441	157
2935	200
2621	405
107	97
585	77
694	83
758	49
2117	465
246	60
259	10
680	185
153	301
2924	160
1130	65
245	133
1071	7
470	70
240	111
214	6
402	124
187	248
552	96
1074	42
483	52
187	66
879	42
680	25
1265	84
584	14
299	107
867	130
520	142
891	57
1122	5
1645	21
378	80
2432	484
137	31
216	2
1528	71
2114	8
3345	233
472	20
2026	150
1085	70
1059	70
740	199
2473	163
1064	34
1225	285
3504	63
836	35
197	26
136	72
149	76
1113	62
1083	58
4724	112
263	224
179	4
420	55
2256	77
915	138
1003	4
1214	220
1631	2
135	320
713	19
732	5
2873	20
379	2
1167	146
252	67
1209	190
649	155
3264	147
104	347
1730	52
878	119
147	44
2130	96
6	125
678	95
2345	102
351	83
989	376
455	35
2018	121
719	15
579	134
2474	18
1181	68
721	2
203	107
4057	3
187	103
271	49
134	185
1236	109
1060	108
970	5
549	163
3878	59
1022	30
801	15
1642	7
1202	42
1892	384
1212	102
1751	57
2029	187
258	441
514	78
707	68
441	192
483	227
994	137
1368	131
1616	230
513	182
156	15
1296	227
701	29
1348	82
735	138
499	211
963	19
1670	24
236	146
1526	65
288	75
793	87
316	352
308	85
1246	12
159	21
1394	24
406	54
365	4
1478	314
229	34
1536	90
1791	112
529	16
142	23
230	180
246	129
126	5
2555	67
770	82
812	106
417	63
2083	46
325	56
170	14
385	51
754	254
374	28
1817	240
973	10
1217	134
563	22
168	41
443	230
856	12
2456	39
557	16
2753	64
1366	15
607	39
845	204
164	168
263	230
666	77
428	31
273	12
1897	112
254	124
419	356
159	73
723	16
348	6
671	39
1128	239
312	79
2110	183
818	61
1297	126
1616	20
2387	17
1288	15
512	41
972	284
916	214
869	10
1706	72
2186	10
587	20
142	76
1026	181
586	83
1137	83
463	71
932	96
136	51
713	333
1117	188
153	10
1325	40
989	81
1369	89
331	67
541	182
2687	25
1070	444
705	4
251	4
686	190
603	129
684	82
510	10
1479	16
2431	4
915	161
249	170
843	81
3440	49
991	15
1120	107
259	2
908	44
301	4
776	14
609	28
820	111
1674	100
229	2
1517	479
229	29
369	88
650	21
1073	40
2971	208
113	401
204	54
2283	233
3671	50
726	81
1165	275
1301	171
1222	60
264	203
412	81
1241	434
136	3
613	38
1213	11
434	246
924	49
1587	58
817	48
526	7
346	87
1221	83
132	92
439	151
534	193
1338	66
413	273
279	38
230	41
1458	10
1161	68
121	166
260	8
510	170
1022	81
140	57
540	369
722	114
277	214
1322	99
1441	90
3281	38
291	75
965	177
951	109
1039	25
506	79
207	85
501	18
184	41
604	36
723	212
2175	55
1831	42
619	43
167	138
1429	116
1957	175
613	151
1451	94
279	114
1079	7
736	159
602	267
389	96
849	44
138	163
821	31
2083	72
891	38
763	32
207	196
1547	57
510	139
263	8
593	84
286	131
932	11
1276	272
1195	127
2490	6
223	168
569	13
352	65
2764	58
230	223
229	102
1686	38
346	58
3291	10
310	476
657	410
426	51
284	24
735	45
423	73
596	39
977	197
301	150
1850	206
1930	48
745	9
495	37
135	3
1285	59
260	18
1600	85
682	36
375	8
156	75
2171	138
2543	65
1284	101
582	114
496	9
123	14
1271	109
1759	4
337	91
490	39
241	64
2244	20
189	188
780	48
262	117
2351	188
914	99
483	111
311	30
755	78
580	15
333	41
1531	20
121	184
3754	68
672	64
756	53
163	14
949	58
409	57
2061	262
130	37
284	305
904	123
262	6
648	47
1443	29
605	393
1326	215
1147	27
205	98
544	7
1912	40
1301	197
1422	27
495	36
435	31
118	44
606	9
889	154
1620	50
779	36
753	124
635	43
2087	236
1826	73
591	5
1030	51
498	221
334	12
1913	10
390	159
257	218
936	173
343	90
859	8
293	37
1330	313
378	116
904	12
1365	30
992	157
591	58
428	106
1361	204
367	146
1301	82
1893	22
1683	10
201	4
987	105
1359	21
2841	6
592	111
1500	39
1080	80
233	169
506	25
255	259
814	24
215	111
734	157
2728	21
603	100
482	99
1985	213
296	47
1976	78
1316	357
1606	297
546	31
1332	48
1377	303
2078	21
439	18
672	38
430	51
202	16
218	142
2154	44
1341	28
3688	159
1174	85
409	96
1020	121
784	15
502	76
1044	73
196	41
172	2
371	45
1002	106
1806	55
1566	161
855	17
902	129
882	71
229	181
975	55
1239	85
778	23
132	9
588	176
663	11
1016	386
250	32
1513	21
867	49
999	171
1160	28
258	103
507	372
127	13
2146	13
1682	12
398	69
785	150
183	382
223	100
1248	29
2388	414
1379	334
1123	227
338	15
1644	42
364	5
433	110
945	169
289	104
2249	9
686	13
147	33
786	313
410	167
2268	105
1220	58
234	2
708	85
2868	107
1249	92
497	39
339	220
550	1
1660	11
555	291
5499	9
416	38
1924	50
372	34
508	163
350	35
1597	38
2314	220
5156	22
793	7
1027	84
326	161
1074	50
1405	60
458	74
506	58
1111	15
846	278
1131	65
1433	2
354	108
221	115
294	8
593	223
193	229
165	42
584	122
235	15
934	164
1425	50
245	12
492	21
678	4
239	19
135	92
230	85
1064	121
345	99
800	191
1239	19
703	61
162	165
4762	160
824	28
2812	16
1054	26
1263	44
256	24
418	145
2987	67
900	196
1081	53
1123	24
320	25
708	164
126	6
204	553
358	200
569	221
964	182
304	19
97	94
351	4
309	104
200	99
808	48
3682	103
189	338
1006	6
384	422
1228	172
1269	9
341	12
1447	16
368	39
1100	215
165	81
496	72
369	18
1312	75
391	226
899	27
1214	66
402	48
2711	100
346	33
1059	39
293	61
1716	21
1998	67
293	169
995	53
782	21
850	104
416	114
1046	23
532	119
1101	51
512	31
378	299
2491	329
960	52
2248	154
247	56
1097	128
121	2
214	177
194	8
1306	8
443	378
716	116
508	34
914	95
537	183
440	2
756	34
1021	45
1795	41
1079	118
1143	353
422	170
152	10
4216	45
740	123
1807	44
162	185
325	31
811	25
2231	26
1873	29
448	45
269	55
1538	118
1912	70
801	23
1486	3
701	49
263	7
442	24
529	78
1275	24
645	35
896	215
155	303
2717	68
294	346
189	37
1641	41
986	163
190	155
1083	86
317	16
985	42
433	139
2170	9
1350	239
552	319
427	81
1965	173
370	97
704	28
1301	103
1764	13
1144	12
441	17
1989	66
1840	150
1248	87
962	214
1086	157
395	145
460	62
478	49
972	94
4133	185
2211	67
1355	53
170	182
719	36
491	18
262	46
1765	51
2096	333
472	6
412	135
1461	197
2387	52
257	10
5996	88
124	127
8	43
5	5
5	20
2655	108
482	54
1199	58
209	107
633	45
1462	251
4084	198
22	361
634	116
1094	67
19	157
670	12
9	18
2755	182
16	31
5	35
5	43
3958	89
314	64
1150	64
1178	73
2248	287
463	27
1713	90
499	383
311	72
965	447
790	162
185	209
283	22
761	85
221	36
1135	83
2302	62
1309	13
199	404
186	313
376	115
720	161
205	102
361	17
497	18
3197	60
1616	14
1716	5
2539	182
204	24
1714	64
153	504
580	65
1096	8
2549	112
1694	93
418	69
275	38
708	13
783	228
194	51
398	55
325	188
228	140
1098	1
200	35
1308	137
470	142
1979	58
401	321
565	69
742	175
510	260
201	390
498	206
666	15
221	53
840	87
268	126
224	49
518	34
162	10
1164	118
538	77
597	7
1456	151
919	160
337	240
181	49
1025	156
455	99
554	25
675	29
345	147
401	105
149	7
648	34
333	103
253	55
753	322
379	61
142	23
792	106
581	223
478	22
1271	61
300	46
351	18
2753	21
943	57
607	6
815	73
656	54
802	29
1046	200
1245	167
1138	75
925	90
652	35
615	231
865	20
282	28
1615	25
2000	8
2333	72
163	43
2699	147
698	100
662	71
188	178
759	2
262	39
1429	374
594	4
691	49
1150	290
613	22
249	153
180	14
352	42
1474	13
285	51
1576	73
851	176
537	17
700	84
606	43
2217	78
946	304
776	91
2046	22
790	88
287	26
724	66
202	66
235	41
159	138
202	69
3772	184
591	161
412	231
2592	123
138	1
333	7
534	28
645	293
847	86
941	56
995	20
118	128
155	410
2481	17
687	8
1015	6
614	111
608	21
442	98
189	77
334	12
367	290
139	32
275	117
1510	97
2037	82
1097	250
1083	106
342	148
296	3
533	32
2155	3
2370	182
580	73
2217	16
653	254
334	106
498	61
226	15
568	82
257	98
946	47
1403	149
298	131
395	44
1290	217
699	109
883	167
3397	92
498	57
345	138
653	255
805	155
2296	15
639	27
568	218
2197	52
248	142
714	46
1504	51
699	18
945	157
503	113
521	47
285	6
901	23
1154	78
645	4
571	208
648	20
153	110
733	89
2118	6
1362	15
2264	163
608	131
815	52
346	68
190	164
558	96
857	73
1092	142
636	102
1135	79
178	51
458	186
254	158
1136	32
213	71
621	73
833	104
571	11
2491	18
2013	39
939	29
362	208
1368	51
1770	1
750	8
1682	68
187	114
134	200
434	451
133	92
261	14
1679	25
326	206
1538	26
368	91
1020	9
1564	111
234	260
233	123
522	47
982	107
431	27
380	30
131	188
245	94
1785	157
138	7
171	30
712	201
173	99
480	55
210	226
2463	65
973	126
191	131
740	189
421	414
338	147
736	9
1263	39
1615	7
259	16
997	418
1145	48
771	39
375	139
633	58
124	32
390	383
2015	29
722	38
132	85
660	138
655	80
356	225
391	127
585	127
165	18
1426	90
236	55
112	63
853	207
1239	98
335	131
778	261
272	44
657	138
340	20
437	102
296	40
296	10
223	130
2586	119
490	28
1265	18
444	125
1360	115
679	16
485	144
360	10
499	52
205	36
550	130
276	409
1792	31
888	182
1226	50
3724	18
265	95
1177	113
1180	24
186	109
235	92
151	320
2132	27
3550	38
179	214
625	91
231	114
192	113
2049	24
1306	3
125	10
822	548
2000	77
619	46
1452	278
1199	21
395	29
229	43
688	112
172	16
190	33
160	57
379	6
135	15
518	48
1072	306
437	15
622	34
1822	66
306	81
207	62
838	13
148	217
1595	28
384	31
141	7
297	152
145	88
901	34
492	153
733	5
649	124
920	14
350	70
784	180
720	223
201	39
326	89
289	80
175	58
181	16
4223	188
1702	40
521	49
1140	120
377	91
610	4
203	93
375	74
494	88
246	2
1675	430
863	43
731	515
635	161
1110	171
494	142
1928	50
1273	83
722	10
181	78
490	267
1980	43
823	248
1016	43
118	51
147	58
741	99
215	37
645	172
462	9
140	96
1154	260
2491	101
992	146
576	48
1153	131
2559	357
413	7
1788	88
1406	33
770	49
1329	19
779	258
1179	125
175	4
1958	22
600	135
612	144
443	133
844	95
326	40
702	152
228	127
514	202
303	183
1162	171
990	226
1585	128
1085	146
127	65
982	182
308	22
1067	107
434	163
407	38
584	58
348	80
2030	205
2615	21
399	191
1598	40
455	555
1221	54
219	103
437	111
185	36
600	118
679	149
424	259
523	1
809	92
3400	264
370	33
271	57
1533	104
570	155
440	16
1618	120
116	23
1025	43
1519	17
319	495
684	85
1104	38
455	38
597	89
1025	355
765	90
384	120
208	46
279	222
166	114
450	111
1609	26
155	97
398	53
1586	24
1149	12
893	59
128	9
1070	22
240	56
1402	55
125	64
1072	46
916	188
511	8
837	5
1256	30
169	36
466	142
518	31
654	94
1206	2
427	17
2089	71
944	51
463	250
495	82
385	128
1185	248
272	146
1266	124
514	185
672	78
487	44
1417	53
401	27
426	115
988	152
486	19
197	67
505	51
2686	43
204	14
1077	112
179	36
272	133
1365	301
2898	72
482	10
585	26
507	171
1493	16
1024	16
1130	205
435	172
4884	157
968	31
176	9
649	38
417	216
284	125
1090	35
612	37
755	122
2620	11
371	28
801	97
2085	86
1333	283
233	74
1706	3
390	94
403	58
1658	61
621	226
594	43
214	29
193	104
2919	10
204	97
136	17
165	227
1588	103
1083	64
1133	2
448	32
1253	28
1721	117
1494	148
139	45
522	114
386	6
968	188
195	15
2675	337
1770	4
275	41
288	183
703	64
1205	74
4226	33
1419	51
163	36
1495	39
322	40
1011	35
1004	7
1108	42
385	126
953	51
2765	65
575	54
865	62
170	55
812	38
3042	12
658	28
622	11
683	44
448	38
1141	67
772	43
213	154
747	30
174	38
967	154
1630	259
3183	159
1086	147
960	56
835	29
1074	8
280	5
2791	145
242	87
206	9
1170	67
722	183
1276	57
244	105
537	129
419	146
816	314
412	31
251	73
850	76
250	16
712	10
275	1
459	446
583	1
164	5
2044	101
235	214
1110	15
688	9
816	8
1983	45
886	280
1167	44
145	46
2501	40
958	291
137	192
317	260
111	23
598	71
199	216
389	15
199	8
671	81
524	149
764	171
751	15
2543	115
479	153
2200	233
538	49
574	63
483	54
472	136
683	56
1187	28
1356	12
1154	20
221	51
215	54
721	42
2430	95
705	52
205	126
2424	4
738	30
256	76
568	54
213	61
591	3
850	60
136	41
663	116
460	32
954	15
1131	181
368	25
622	26
1323	37
556	40
666	52
844	258
196	35
245	513
232	37
214	7
362	27
253	19
120	212
1002	221
1697	133
151	107
443	20
1029	57
757	218
1975	306
1158	13
761	166
156	73
753	79
1248	109
578	6
612	93
205	21
509	3
942	9
447	173
1789	9
2571	4
798	88
1563	97
624	138
167	62
1146	10
1196	32
374	64
623	14
1550	86
140	29
301	40
160	183
167	134
1962	101
2857	114
1619	87
724	117
124	93
381	185
305	6
741	291
554	266
411	123
1788	135
669	195
180	46
597	61
602	353
925	178
182	351
1358	96
1171	184
1576	93
270	94
4140	41
456	36
226	137
1369	63
1164	133
496	21
1425	29
420	38
258	281
150	56
1795	43
1756	170
1137	69
633	25
588	143
136	103
1275	355
840	7
1211	178
400	2
2226	454
358	56
578	67
331	14
391	11
1063	43
4799	51
394	2
1162	360
334	188
1276	138
1710	9
1338	134
1229	26
707	86
231	36
233	15
2141	1
301	74
1314	46
290	248
156	280
604	28
330	15
625	34
5428	111
1176	106
324	59
1032	137
1309	43
323	18
945	277
1122	102
316	97
1420	117
290	18
533	10
520	1
2329	57
460	82
372	33
863	21
216	293
1133	173
635	33
3882	10
335	69
291	95
2808	20
1933	334
1711	70
158	44
326	76
1492	79
2137	113
378	9
621	49
2831	292
326	128
415	30
1390	183
489	44
1008	42
2612	55
1818	92
3156	78
997	34
2264	427
849	202
2299	467
781	192
1629	205
1267	84
201	154
965	101
600	106
362	89
567	145
1086	98
1516	69
1278	13
205	2
712	134
676	90
1911	103
1444	15
520	97
232	190
2087	21
895	97
1063	71
2085	165
1537	90
616	29
1174	101
4766	183
3427	92
432	35
564	162
334	31
1505	98
254	398
1220	12
1877	50
900	124
1156	104
1607	55
270	77
2731	27
1018	201
967	1
364	118
124	62
405	33
232	38
3576	122
674	18
595	44
2159	21
321	37
754	27
3056	38
1157	27
182	237
1321	67
1694	102
55	59
350	43
485	57
1007	55
57	36
951	2
1276	38
210	46
163	137
520	84
541	67
707	29
1257	125
324	119
289	89
363	165
606	114
580	32
1060	41
436	90
5429	45
1348	127
228	40
989	7
402	136
169	50
368	17
1309	103
1991	76
204	29
276	53
395	5
252	366
207	2
520	411
469	13
617	62
470	12
169	96
2203	59
1186	2
480	78
666	61
328	95
1621	112
296	24
1875	40
332	54
382	96
1454	9
160	41
253	10
1085	92
2175	105
416	158
572	146
160	9
294	198
830	56
2787	54
362	56
1793	21
248	360
162	11
825	82
1407	339
342	91
304	127
109	115
198	34
800	79
416	1
656	63
1272	149
1970	208
250	109
993	24
250	40
2731	50
1372	232
671	42
1920	113
348	250
914	43
240	95
243	96
2354	192
547	26
2078	16
264	88
644	31
542	7
820	65
562	214
2438	42
234	38
159	17
1056	158
1316	42
894	485
622	24
367	113
185	18
1168	35
613	131
702	42
316	20
3155	58
315	48
144	324
446	15
377	21
2175	82
493	132
581	39
1087	247
258	57
2865	68
1894	64
462	24
647	83
391	133
2257	97
98	64
410	148
412	12
631	13
837	130
2709	91
979	140
569	27
204	32
186	29
382	6
2418	35
536	290
663	236
163	40
217	124
646	189
744	279
631	130
730	19
2365	66
141	125
338	7
1237	47
775	54
1401	2
166	10
598	28
647	356
343	102
1390	82
431	74
2888	65
339	197
2092	35
465	27
258	4
1127	216
270	921
2646	4
387	50
334	44
177	159
820	76
488	40
199	57
507	18
1175	224
701	128
136	87
819	91
159	277
245	191
2081	6
465	112
438	138
267	152
273	82
571	120
998	29
2144	203
981	40
441	105
1966	112
916	243
828	60
655	55
318	128
1784	51
1854	78
699	224
328	418
2247	118
513	44
819	78
974	322
77	7
2408	21
2260	66
1402	154
569	24
993	28
399	32
527	26
1104	52
490	138
472	36
1092	68
293	180
1115	181
2422	107
258	168
190	38
624	213
283	108
508	138
1239	17
759	189
816	3
1427	15
445	94
195	15
649	206
504	95
379	143
306	136
475	161
542	18
345	6
360	88
156	39
221	14
1841	167
246	236
764	97
1147	169
1398	15
599	256
262	220
2433	44
1517	55
203	11
256	23
254	24
239	6
524	86
2688	3
1050	28
703	262
166	13
738	38
137	21
632	84
2158	8
711	312
224	285
867	37
2842	103
1343	87
1114	17
947	11
268	35
3531	98
965	28
1460	80
2014	45
1795	142
213	117
564	16
2336	23
271	96
680	47
282	45
179	62
195	14
321	68
1472	126
510	49
187	64
448	37
1239	68
576	34
249	110
1627	1
343	174
1214	128
651	232
271	50
337	25
329	20
717	49
541	14
805	78
253	7
763	289
652	131
432	84
383	224
419	69
462	471
478	235
1444	65
744	89
132	165
818	114
245	43
1054	153
1077	128
267	6
1855	22
584	45
166	48
271	23
430	51
296	17
146	106
183	9
171	366
428	3
583	48
1422	6
578	5
2769	105
831	52
152	21
414	86
2813	18
3906	86
767	56
835	30
2024	89
384	8
1397	429
988	54
369	26
475	565
231	49
1557	3
2705	12
718	13
229	147
801	69
1903	257
307	57
361	36
368	11
479	37
964	391
174	219
1857	135
519	119
615	218
651	9
1182	139
1970	27
371	26
713	90
298	114
623	95
1774	365
900	19
885	13
1534	76
720	71
208	256
823	79
226	157
699	66
531	110
488	71
780	13
169	352
766	44
59	47
348	77
524	184
912	9
391	31
231	211
779	17
783	80
213	3
156	35
1554	6
314	148
1553	151
160	136
1301	17
1994	214
221	68
749	60
420	15
3526	60
224	75
154	189
779	91
2435	49
526	12
1701	88
161	450
458	69
580	98
612	2
748	298
1101	350
1506	144
489	89
647	30
736	105
1946	4
628	27
146	28
1049	70
430	830
343	56
706	38
378	77
325	98
163	57
353	443
957	47
1022	48
301	116
386	67
1087	2
164	39
2387	8
146	71
2357	143
382	4
1160	18
244	68
1444	9
351	105
574	131
1106	22
847	8
467	158
2046	208
763	150
1718	164
149	40
1251	58
353	1
749	116
173	9
454	71
648	19
2389	134
1153	53
1589	202
2513	126
892	75
305	45
861	169
476	82
323	42
1246	279
408	106
120	10
880	46
261	98
262	26
126	38
801	160
604	1
438	258
199	111
312	12
1052	110
1189	14
758	17
186	72
1411	160
195	31
407	124
497	112
619	15
133	50
1095	15
287	37
486	203
1226	112
466	212
2142	163
1166	64
298	306
690	80
2061	25
5282	68
1466	218
612	27
280	56
463	212
611	278
272	82
364	40
2185	294
744	72
386	312
206	43
1029	61
808	44
3335	122
891	87
168	73
196	173
3609	44
167	14
596	16
2025	82
202	8
512	7
1133	9
1634	72
454	83
747	18
390	90
404	83
2487	63
441	97
284	58
1296	52
205	299
907	7
383	97
1148	120
2102	6
212	8
659	29
491	168
500	122
460	438
2049	78
816	262
2793	123
141	196
313	172
619	54
498	19
472	20
1500	210
559	59
652	61
1266	12
1003	14
1549	77
1973	48
1205	48
679	105
290	61
4419	27
180	77
277	37
267	155
189	199
678	282
459	54
740	24
1832	48
2579	227
4166	111
629	230
1590	26
1559	271
818	218
2189	39
407	8
301	35
1968	69
480	184
360	125
389	262
57	56
952	190
549	194
189	13
197	16
1959	59
1570	109
569	111
894	12
660	51
2213	128
169	89
673	19
789	87
641	237
344	121
2317	114
303	65
142	182
228	146
733	258
1181	105
657	91
165	33
979	17
756	2
858	17
1397	18
185	152
288	38
5427	77
429	69
1218	83
1194	179
482	409
793	39
346	41
690	22
283	27
237	14
1742	50
2414	43
2210	8
628	204
1631	101
1254	32
1902	60
155	16
294	43
179	83
552	209
813	2
577	35
182	3
409	97
1301	7
1243	26
963	18
1080	159
501	135
738	129
1157	95
882	205
877	64
1127	206
1238	246
1941	6
196	60
1615	378
1644	19
710	394
553	58
1804	13
1691	55
571	77
584	288
708	32
1000	11
199	76
1628	404
627	115
681	191
1179	212
1235	153
525	20
445	72
454	327
832	5
1282	106
143	11
2393	51
178	1
850	122
1503	148
819	275
1426	147
533	77
694	79
1388	206
740	270
232	25
910	109
1564	19
691	449
3294	131
610	16
1607	295
306	42
696	163
2234	146
452	42
385	151
2456	120
327	130
416	56
1522	49
1501	14
916	99
703	139
789	47
2359	643
368	169
218	12
340	2
275	194
1122	208
614	61
1712	31
545	140
1370	24
2582	171
1252	100
751	229
1131	242
1788	34
261	23
355	34
135	140
194	69
1324	108
1313	26
799	53
583	1
1931	18
235	48
2551	55
484	71
194	4
191	69
602	89
471	55
1205	176
485	11
2068	12
541	25
820	106
536	216
173	4
491	155
2043	75
1008	66
33	74
1609	109
445	99
2267	51
1355	293
332	83
1890	70
1099	99
2353	49
244	106
1820	1
856	38
465	30
547	69
2663	49
1456	96
1188	229
2679	145
982	70
1533	33
787	160
1669	328
958	34
727	203
1041	9
250	104
263	1
770	7
1314	38
2205	45
1104	359
174	95
341	29
1940	62
2115	156
1059	90
593	97
699	65
1847	308
1162	8
272	35
2228	70
1954	2
668	103
303	62
122	28
418	9
531	257
213	157
2301	197
478	43
2932	183
2508	80
959	1
549	1
734	11
162	21
756	32
560	143
168	118
200	50
177	35
884	38
1584	36
161	10
1144	26
701	59
386	289
192	156
1766	248
750	1
1762	61
372	46
1897	187
648	84
508	58
226	81
829	50
1519	31
279	65
1415	24
446	102
310	294
820	93
1009	20
1605	29
203	203
2857	30
584	89
334	142
2645	14
1420	178
280	226
1115	110
1502	449
535	151
611	1
357	198
757	75
1080	208
825	134
951	61
487	190
297	8
778	114
1376	54
741	132
181	12
974	117
232	266
2002	703
311	106
955	91
371	18
823	197
3318	88
302	143
1734	15
808	228
368	82
508	236
232	227
1168	69
210	32
240	249
1379	79
1530	31
498	478
1601	56
29	47
401	111
2335	277
606	105
1280	60
206	97
378	166
501	540
1386	79
722	8
1502	13
791	37
1305	16
172	263
278	4
972	18
134	46
994	45
392	289
1933	25
227	83
801	7
563	1
1229	12
480	39
1994	218
708	106
414	12
897	135
1032	35
810	20
416	229
560	227
313	63
531	6
2759	95
349	245
216	90
195	95
195	140
535	112
454	65
305	262
200	99
385	71
512	22
176	2
1121	5
902	187
792	9
254	54
311	38
295	190
867	12
558	136
140	448
1288	101
892	311
4752	62
1158	38
284	74
767	329
473	73
2263	86
266	9
695	151
1355	216
159	18
265	4
508	8
1351	110
185	11
2645	44
1005	139
933	105
362	92
1172	195
573	57
850	94
665	21
1770	59
329	24
170	184
402	196
643	24
654	45
4526	133
3056	11
2264	140
2274	82
694	25
333	16
409	28
1058	48
392	65
287	53
130	30
728	76
1315	13
577	199
213	63
310	49
245	45
1419	137
377	153
205	213
676	69
128	21
1276	227
691	190
355	25
683	42
1883	224
584	82
569	52
1753	132
191	20
248	221
662	73
1391	13
509	15
2964	50
499	153
1110	61
268	59
346	19
508	9
177	108
1553	27
205	129
300	1
824	54
264	109
153	34
339	128
1804	34
2953	78
565	35
1056	29
1541	116
824	1
1277	46
1192	22
1088	55
1478	99
559	82
442	74
901	126
3741	6
1227	46
484	362
46	7
337	16
184	165
510	164
1102	387
1421	25
1281	79
1063	37
419	65
889	266
772	173
464	170
199	76
2137	252
672	180
228	15
505	60
654	125
385	43
365	13
979	67
662	12
150	7
709	60
248	92
512	124
560	203
220	34
214	49
2144	230
573	47
576	5
991	35
659	95
852	268
437	402
1684	95
290	154
502	62
1032	37
337	80
332	47
1402	45
633	245
905	79
414	47
492	86
1854	67
761	56
195	119
169	252
186	167
151	341
2750	53
1113	30
583	36
1111	144
2801	39
3274	45
201	41
506	175
788	79
2820	248
262	6
816	62
1700	68
2373	175
331	294
168	78
192	258
1005	9
789	16
1301	45
183	18
342	43
1931	152
268	97
383	69
847	24
495	534
237	24
888	204
182	154
174	103
1637	61
123	200
1760	66
1898	33
1188	24
1165	33
629	153
446	152
157	39
717	40
210	139
1356	273
789	6
726	84
221	333
139	111
944	46
945	306
510	69
3114	55
3111	154
2252	5
605	170
629	13
378	73
167	84
321	41
226	50
129	18
986	94
328	15
176	43
156	46
634	21
904	7
4209	27
1182	109
281	213
334	12
894	211
1420	123
1179	126
398	13
1071	14
1980	12
606	27
1548	223
657	39
936	7
1759	28
2035	288
307	3
380	210
174	52
405	45
623	139
238	264
1319	40
793	178
753	452
220	34
372	398
2332	112
1386	153
191	51
277	141
1035	35
374	16
966	32
181	94
610	132
766	28
1323	16
387	39
1628	11
365	69
292	5
176	265
243	182
4131	29
763	62
585	77
1287	224
278	83
2146	69
1723	16
202	55
385	44
420	41
265	2
704	235
841	35
532	10
256	9
498	88
1320	8
790	100
1511	79
1059	102
183	164
1892	318
572	446
407	76
530	50
262	18
310	122
412	47
262	5
643	354
3824	132
221	67
691	92
597	97
176	146
544	50
1258	15
1681	30
696	145
1162	36
202	8
1405	120
718	209
228	159
1280	42
248	25
1226	39
179	103
2835	53
195	9
461	9
695	69
225	151
680	212
318	54
2122	94
760	22
502	50
537	185
1596	468
2400	74
431	1
1016	148
1325	163
284	191
590	31
660	13
1150	49
832	91
707	103
206	52
1997	255
870	41
972	38
588	17
1586	95
585	111
227	169
2420	22
363	81
605	130
391	3
249	112
169	152
629	387
159	28
990	32
1990	36
2290	3
553	14
381	35
2255	173
1408	71
1241	253
1115	62
785	44
922	66
396	58
1613	61
209	93
189	49
3398	150
343	73
1812	5
903	77
1249	92
243	88
730	123
260	9
172	218
512	22
3804	75
3498	90
433	124
669	134
1597	105
262	83
1097	45
266	147
1803	35
762	41
754	204
1682	57
145	48
1118	13
257	21
310	144
721	73
145	150
323	145
327	187
289	27
770	84
720	5
408	82
580	297
835	1
2343	267
663	63
1142	17
202	38
1076	10
983	3
1408	116
223	24
198	33
224	95
812	96
1779	109
213	112
2246	272
2424	206
1189	176
392	2
2786	48
768	151
1454	13
2829	103
403	50
1254	292
495	32
2275	2
1243	302
222	21
947	162
154	21
175	21
272	119
257	4
209	5
1213	109
1381	113
447	4
219	23
624	8
192	316
1051	53
343	57
612	136
1277	247
946	176
128	213
623	143
3553	59
684	86
666	33
341	65
437	89
764	22
420	19
640	35
511	26
516	101
296	52
956	19
1662	54
1131	59
146	53
976	129
2409	136
172	141
499	30
1405	19
706	154
572	15
1235	155
1560	52
265	44
333	5
686	116
1138	34
1382	62
832	77
938	87
714	111
325	110
722	194
1254	77
868	38
1229	157
648	82
1245	6
1403	43
415	434
820	29
436	217
1704	64
4010	157
1219	167
1451	46
1374	22
1237	85
245	233
2594	10
1059	145
2444	156
379	194
268	93
1909	385
1817	66
1573	41
516	106
877	87
1578	158
2270	58
274	432
2260	317
1589	38
1019	26
916	2
1351	622
221	178
995	48
580	97
1041	187
431	7
254	361
866	91
279	17
262	53
1019	56
258	24
1516	33
2209	228
280	153
427	103
1603	101
686	174
