0	30
1103	99
1476	27
1065	80
710	13
252	138
191	124
71	110
297	97
578	21
270	4
985	88
171	50
850	68
311	325
164	144
331	53
165	19
423	100
1169	10
783	6
2036	385
287	20
982	135
390	23
2041	72
437	23
342	91
1606	156
808	379
753	227
236	92
293	132
2401	8
1389	159
1117	57
216	260
1364	20
1313	127
1478	22
333	110
458	61
735	43
2330	8
1533	127
1092	131
613	91
752	132
455	320
1731	121
893	15
1184	47
240	57
1627	157
1594	68
190	79
113	98
82	86
1836	285
685	27
946	83
170	185
1703	358
787	27
882	277
231	43
1940	12
1691	180
2174	87
434	135
250	86
972	24
410	59
2189	54
57	35
149	3
647	13
359	360
327	207
489	72
367	219
429	6
2698	31
251	109
1401	8
2871	19
1893	2
1411	132
2953	8
719	68
960	58
2134	179
249	190
170	29
200	43
1081	628
826	125
1975	110
591	278
1391	125
940	66
385	114
621	16
408	80
1098	258
244	35
655	132
427	60
101	60
2378	69
1583	5
2130	7
1618	189
603	51
228	22
1197	9
1893	254
967	35
1519	145
174	35
1561	3
1439	28
492	36
252	97
1224	17
651	83
666	177
1588	57
780	6
124	147
664	34
2007	18
632	110
233	98
1412	35
1382	16
1514	148
102	57
1291	102
481	2
169	111
2159	35
2541	279
3369	3
3775	120
322	124
495	333
241	40
307	94
612	313
864	31
590	402
134	7
302	102
456	152
695	33
969	98
1280	118
1107	131
318	14
1863	22
385	164
1054	340
68	49
1045	260
169	231
119	139
115	91
1372	20
1506	122
979	5
489	168
1017	10
1371	191
1024	254
157	111
933	324
1243	186
1167	103
203	55
859	166
793	155
585	147
1520	57
1198	196
591	15
555	14
197	1
119	68
378	277
265	12
173	89
188	179
815	33
2321	6
570	170
317	54
1121	33
1610	78
1344	34
631	1
457	473
5693	241
1348	93
64	43
1873	91
3601	87
83	632
22	43
19	67
17	88
17	19
16	12
17	99
881	8
242	40
271	68
758	6
319	12
194	47
784	39
661	39
146	150
3452	30
1116	298
551	142
731	5
721	24
3089	69
986	26
648	130
2472	56
649	86
1278	69
783	193
1131	81
436	83
132	22
928	31
333	420
2693	90
3772	163
219	7
963	320
368	100
433	5
248	116
234	55
420	67
237	126
1022	39
969	37
1648	187
177	50
860	14
1245	196
1221	59
1338	122
81	128
370	75
636	443
217	149
585	98
723	33
872	56
722	30
63	55
688	10
954	93
1080	82
920	79
508	340
197	112
121	53
3579	60
230	308
827	217
1522	325
1505	24
2481	29
132	14
1531	49
220	114
644	74
42	357
2058	79
713	130
974	393
146	24
1035	28
586	113
142	241
1460	31
120	18
235	125
172	226
1404	31
168	17
204	175
501	69
1841	220
831	59
67	74
721	20
325	45
812	54
283	56
1081	125
3138	44
339	4
1628	5
378	3
164	17
116	51
765	173
696	211
634	263
131	26
316	19
1547	66
728	151
1924	190
1239	24
280	172
1275	36
1134	24
858	39
819	20
770	245
163	115
436	22
1676	41
390	112
1093	99
270	93
573	187
675	204
1769	40
2470	48
934	137
620	76
772	379
1296	6
112	52
687	21
111	26
495	10
1190	268
726	56
322	204
935	15
1316	89
1364	36
816	93
567	28
1645	9
818	107
303	26
692	59
847	46
316	11
3360	69
470	110
186	90
1987	324
729	69
138	116
498	142
2194	98
598	154
64	201
98	656
653	39
772	162
1059	112
482	115
1229	20
3124	44
670	523
64	94
103	29
186	113
449	13
612	19
1220	319
401	115
1398	32
381	28
1291	15
885	44
197	35
805	93
853	118
690	29
250	119
651	278
216	48
1986	162
1668	4
1062	36
37	39
192	151
191	91
949	108
927	113
516	17
1013	55
39	299
102	77
1099	43
263	277
2495	24
240	86
548	65
1231	63
1525	96
30	13
1051	200
543	33
1055	58
353	92
212	84
873	333
1068	43
455	159
763	344
661	24
1198	11
1943	36
1118	48
507	330
1511	74
250	101
1685	88
222	23
251	112
637	30
284	10
380	376
809	105
417	44
1597	164
644	18
911	59
2333	97
908	11
3238	101
3332	49
517	185
991	29
613	164
414	265
1757	12
1082	84
1320	41
1753	267
477	123
345	21
493	1
208	134
182	46
136	56
317	18
1702	52
634	37
475	73
306	63
496	153
1103	127
1159	76
44	154
867	153
788	16
223	34
124	49
1109	83
1841	29
781	170
1630	86
602	73
576	18
1919	16
808	209
193	64
145	69
2518	52
747	98
311	7
1221	703
821	82
2463	30
3272	118
917	67
811	594
131	56
896	38
883	96
408	24
163	200
1471	357
937	114
119	22
238	55
271	21
233	115
2138	3
670	66
216	10
1054	50
1833	67
119	94
505	85
694	99
934	73
1483	56
382	86
880	3
2518	30
1204	243
601	219
2041	24
1115	9
145	12
2245	20
536	60
1037	181
310	39
1109	158
139	192
1434	381
1093	9
778	16
184	108
1969	209
4584	123
152	523
27	123
1158	66
1115	22
1491	35
1093	10
2812	178
171	244
47	65
387	22
385	41
549	140
241	151
611	69
123	49
797	43
739	43
362	40
1800	77
2289	10
2006	23
373	49
287	103
877	98
430	44
1647	50
199	57
228	62
314	29
1039	15
535	6
116	153
128	63
439	1
3919	168
103	30
575	242
735	11
1176	4
1791	36
1062	245
1090	22
1625	62
199	151
244	78
108	185
222	92
648	21
191	74
158	183
384	298
214	19
1505	35
300	329
1039	177
385	40
1574	18
323	11
448	171
560	451
655	17
288	16
982	123
162	27
122	2
899	13
970	4
714	122
41	16
526	45
1086	22
2187	31
370	46
269	2
514	51
131	169
1745	49
41	102
573	31
2056	51
1621	68
742	130
411	107
512	432
499	263
497	8
3008	121
468	123
655	6
1090	282
3188	126
1774	34
139	75
143	20
1684	69
2152	150
140	1
124	63
135	63
105	60
907	266
1095	18
1516	158
1297	202
907	36
2405	29
2468	14
32	139
145	196
2714	114
2110	47
2939	4
719	7
1091	291
504	37
238	76
1728	6
2455	77
42	16
2872	13
240	10
231	100
171	14
2943	389
384	10
269	174
394	195
856	106
342	181
272	88
188	39
106	268
272	18
406	134
2173	95
878	19
259	12
746	125
346	60
263	1
1327	177
1363	122
217	98
561	90
201	71
387	29
2714	80
117	206
4326	158
622	2
412	2
4195	58
594	16
800	102
850	235
300	265
133	151
847	34
956	133
354	78
1159	20
737	132
953	20
1288	181
1249	23
203	34
131	80
172	62
128	6
1043	80
360	525
1924	66
1646	155
836	50
164	10
1506	223
466	47
390	335
200	20
1246	44
1213	45
158	141
248	4
641	7
230	82
339	135
1429	146
239	124
797	17
744	86
666	84
3831	128
103	17
812	32
534	507
32	351
750	148
1742	99
3346	170
40	191
1740	38
830	31
660	170
714	119
353	30
179	123
193	222
554	33
30	35
965	10
43	101
559	15
1169	109
1705	6
1021	30
340	7
702	55
963	273
102	41
191	6
1215	222
845	45
2937	90
782	35
2673	24
1459	102
498	68
371	428
5835	8
3435	61
484	147
769	49
760	18
308	90
828	24
320	29
279	103
914	310
507	67
360	10
588	161
392	212
51	130
145	125
1346	29
172	35
647	141
345	4
645	64
1096	54
699	161
207	45
403	15
2944	60
558	109
175	91
1385	21
835	37
1473	118
1964	41
133	92
247	57
257	29
311	79
2506	24
1321	25
1188	5
1756	71
632	65
427	249
769	223
120	136
1640	11
808	61
2037	17
1117	29
395	291
170	14
496	21
301	85
906	232
534	17
861	15
251	31
593	5
696	148
3470	30
198	108
46	185
1893	314
454	70
214	39
1401	83
128	29
1033	75
634	683
1463	31
574	170
2704	19
784	26
1557	11
440	146
671	66
210	21
656	54
1634	297
103	23
158	33
1113	156
659	37
1244	239
382	58
117	102
283	202
264	159
1101	73
1092	53
1021	27
625	206
437	26
357	157
2064	156
156	245
786	266
103	159
399	138
616	95
2215	38
767	10
1487	27
667	84
1560	6
253	197
600	96
361	187
434	20
521	20
406	134
59	74
1566	56
318	63
608	57
2109	51
362	2
2072	16
2815	277
603	13
1093	42
661	137
195	95
683	191
1000	71
134	260
1363	82
130	239
652	88
464	60
310	65
1311	12
222	35
1194	144
193	263
1031	107
319	40
210	19
902	288
105	60
38	19
764	19
214	65
1078	3
473	467
1191	234
385	83
1515	44
899	124
1760	101
266	54
43	275
1661	65
607	24
484	56
1188	11
170	110
829	108
1056	48
510	322
1324	244
675	95
848	112
375	111
1666	48
364	7
238	218
1136	22
1531	112
486	55
258	38
372	328
3138	13
39	5
976	23
1091	226
1669	98
324	23
931	15
1367	84
30	9
807	143
160	17
757	64
235	64
706	129
295	10
818	290
59	35
1009	131
1095	59
579	102
3864	194
175	239
659	30
2383	176
540	55
364	47
570	50
722	312
1802	14
1566	138
404	117
61	291
2748	95
629	148
1494	46
1385	118
636	2
528	286
385	186
160	5
132	65
828	23
253	122
162	217
135	188
499	48
1472	315
2114	160
250	74
783	188
945	64
2013	13
1334	19
185	28
725	134
212	229
601	46
194	256
793	40
2137	32
421	90
1206	48
957	99
248	155
667	2
1918	57
120	13
1331	13
169	194
1831	39
996	13
638	51
473	45
122	53
1271	158
524	22
3193	122
415	63
781	231
2122	14
1203	85
495	91
167	7
1643	23
3685	12
128	40
1246	85
706	102
399	52
780	97
207	22
193	203
2100	21
846	103
842	86
1082	27
209	41
1746	29
176	37
501	65
495	235
2724	229
308	144
582	12
613	25
136	107
1438	88
1967	94
2162	45
45	35
124	254
115	272
651	98
198	60
1484	23
142	434
1196	38
1202	138
687	191
3597	1
179	123
1161	35
1351	104
291	194
1040	6
1613	42
147	314
188	18
1471	21
277	243
240	128
490	14
582	268
2074	90
1493	157
201	113
142	30
287	8
168	23
134	134
662	444
957	111
311	85
678	6
371	25
159	149
2178	51
239	224
124	293
892	211
1423	62
1254	39
1983	136
60	101
4303	91
688	132
1991	20
157	27
573	397
145	393
864	19
787	26
389	88
998	24
1128	7
91	86
836	325
166	80
540	125
348	92
1501	209
1082	108
580	8
1593	91
183	158
568	39
112	21
278	56
1118	119
49	61
354	37
231	4
439	39
1269	16
183	46
522	127
43	167
717	182
500	56
2439	128
110	119
348	179
1203	15
703	4
112	91
667	71
2416	130
980	191
1104	39
143	49
1146	7
787	347
204	80
229	114
161	512
1972	62
3526	75
750	115
1468	78
107	48
829	142
593	36
480	113
114	34
44	155
472	39
215	23
1506	142
752	207
1346	12
379	58
286	152
223	24
460	76
1380	339
1371	57
244	6
473	377
1463	20
1200	3
182	32
430	5
278	222
489	37
365	81
190	55
105	66
384	51
1450	4
276	24
264	48
568	55
181	116
2164	275
878	46
1661	17
621	17
264	79
3466	138
350	66
881	165
109	19
1059	365
226	50
750	150
560	90
1314	186
1179	12
344	49
1459	130
611	53
957	95
441	197
355	151
839	101
132	105
965	137
1007	76
704	22
655	130
195	15
312	94
1410	227
1470	49
1682	38
359	25
172	64
1272	242
299	37
2141	134
474	5
138	99
381	98
401	177
420	116
315	152
3115	22
112	246
2248	213
839	7
424	67
132	298
272	86
106	48
1410	1
1570	4
32	29
404	113
1422	162
845	354
264	127
2482	310
444	53
1606	34
129	163
578	58
3651	107
127	56
217	29
817	187
30	46
789	6
1053	157
2765	103
991	21
2732	135
953	122
106	77
871	98
282	60
1204	39
659	97
973	73
51	51
987	42
328	98
3521	25
1982	244
1637	75
278	88
1187	12
686	74
209	34
807	50
564	76
477	205
1929	139
1221	97
255	226
160	19
1178	31
810	51
1475	41
105	341
162	114
470	135
51	16
404	81
217	142
128	18
32	137
1393	110
852	32
835	56
1958	95
389	14
252	345
407	45
131	131
797	54
444	105
2082	19
45	364
1253	8
1362	184
581	3
975	83
335	61
695	105
755	296
199	128
189	252
428	10
1374	51
1674	5
1115	45
606	188
192	79
1393	271
1182	87
317	44
1047	2
537	52
442	243
283	203
122	125
309	59
251	127
803	52
621	104
2137	184
521	154
1368	24
3383	168
827	8
1563	59
774	144
604	31
743	28
2188	50
2125	35
441	37
182	71
669	459
758	40
611	150
1727	101
1647	19
2723	1
211	143
261	52
1470	73
342	26
248	11
537	399
662	103
745	266
68	33
1063	157
2383	394
3264	75
417	101
792	160
162	124
330	45
221	23
225	128
803	79
447	81
3000	56
67	147
553	7
1265	258
741	437
1626	145
228	23
212	17
367	237
53	5
102	17
199	69
1954	92
1557	17
1331	106
1108	252
3823	2
1251	152
447	80
853	116
1152	17
1756	16
297	4
989	18
1309	225
81	1
1058	247
888	39
772	1
886	49
816	127
2103	87
1024	16
1149	4
2844	50
785	84
779	192
808	12
365	13
987	269
1203	18
1429	112
264	90
1780	73
1500	41
221	80
50	44
413	23
1100	15
1064	156
1283	65
2131	425
1318	73
148	202
111	7
385	5
30	5
256	322
252	129
165	32
128	9
840	107
294	76
519	32
129	103
611	8
1171	31
247	11
1031	56
267	23
587	27
397	82
4205	187
449	69
408	38
1277	74
948	161
1297	21
2309	16
700	49
403	72
1747	229
534	579
116	108
681	259
1324	94
1868	246
796	15
253	44
655	171
836	40
706	237
833	59
423	41
677	209
971	14
544	116
257	41
419	26
1090	16
1172	180
415	128
1552	129
2232	41
1379	34
107	459
2299	37
393	2
41	175
251	7
144	75
141	45
2128	55
107	159
194	39
2146	18
414	69
710	112
323	72
1056	14
468	60
833	64
644	121
4807	116
1970	159
454	133
328	343
103	24
2108	112
1445	27
423	11
1397	64
551	50
1048	47
445	21
719	245
111	51
1003	168
506	12
465	1
1138	159
1460	175
890	36
903	119
755	84
437	37
2167	4
329	73
1101	325
1808	14
420	85
706	24
1007	5
1039	177
345	59
719	36
1553	128
613	292
199	17
409	45
232	328
185	31
626	162
532	185
3336	16
340	12
109	54
555	31
6197	183
581	57
149	37
600	74
1498	90
774	420
252	55
1420	211
327	12
593	108
553	256
709	245
409	367
777	59
991	20
1228	287
251	117
328	225
3803	45
1372	211
986	52
1256	194
409	32
867	46
381	71
635	29
1085	64
1568	6
1374	15
107	117
165	72
3048	6
465	12
1012	100
420	65
915	26
1413	9
31	23
3088	63
238	1
41	242
608	9
843	133
2609	198
1070	3
675	92
646	34
1827	3
3218	15
3128	41
125	182
273	114
933	190
924	26
1571	33
167	87
1112	76
113	577
778	154
1378	207
148	151
707	162
1204	139
983	11
886	175
996	267
31	5
3295	160
570	18
1008	15
680	15
394	86
1652	19
598	79
1828	81
833	7
755	77
111	44
60	100
113	250
978	6
1360	61
905	37
552	200
658	53
781	137
562	189
177	41
1686	233
971	14
723	22
2120	32
3425	22
137	223
881	116
42	40
2100	199
1737	76
3073	37
420	55
1202	31
1158	196
430	18
435	21
769	65
529	38
221	78
46	14
365	72
277	4
272	51
1243	211
445	112
1054	332
303	136
192	97
335	240
52	67
612	57
341	86
1543	147
1499	151
136	614
2097	45
248	231
980	72
860	25
676	57
46	39
643	417
2202	298
1423	33
654	99
1126	61
167	369
1300	13
288	112
53	65
1228	82
452	120
2035	62
507	53
466	13
764	56
233	92
408	239
1143	24
579	127
417	77
648	36
1189	37
214	193
542	121
942	155
794	68
176	50
2040	121
254	318
1519	47
138	13
1063	1
1116	11
201	52
191	47
509	10
1288	3
245	56
34	245
942	46
565	86
298	268
483	49
138	82
3848	327
359	23
1954	111
1075	173
273	243
170	73
2878	4
249	1
382	20
2760	119
524	285
1245	112
158	141
619	17
546	14
183	38
2556	168
2744	33
918	57
126	15
337	37
754	167
743	114
787	349
1797	216
440	278
200	116
376	74
2113	47
69	335
3893	4
572	4
142	29
1140	2
744	37
275	115
3830	64
511	254
416	32
2792	83
424	68
1522	141
2102	349
96	35
471	164
108	16
533	10
75	82
403	29
694	25
698	18
133	188
1511	17
631	56
1401	32
287	152
378	166
115	89
497	52
294	42
1072	290
2483	201
305	97
249	77
998	36
189	34
2235	121
2002	102
511	17
578	126
492	528
460	4
943	166
743	11
2438	26
966	42
49	64
2127	252
1781	182
509	94
800	268
414	28
1770	8
3270	105
875	26
40	37
1617	274
2627	22
478	1
944	12
2146	41
464	45
184	162
234	34
2426	6
1017	28
841	100
456	56
1516	101
199	77
800	353
1159	21
583	123
396	56
170	292
329	122
1915	212
111	72
531	3
415	258
1463	337
896	66
150	221
2384	6
38	57
557	214
877	113
661	27
975	84
2451	83
47	151
273	21
188	28
2205	189
188	187
219	165
234	120
393	261
1173	65
334	123
279	6
869	155
964	1
76	127
283	209
905	92
227	247
360	201
238	38
1725	14
1338	19
136	25
358	105
593	64
366	109
1638	57
396	33
495	122
2179	46
504	12
1107	96
766	20
673	12
4235	99
4488	99
505	71
2366	283
368	87
136	56
863	111
1142	160
172	9
349	365
262	31
176	47
1037	37
390	79
654	76
1715	129
309	49
248	19
150	168
754	170
240	37
945	22
823	234
2329	3
2651	195
734	32
1559	22
2770	196
31	99
1425	113
252	183
122	59
2165	95
2527	131
2341	24
614	97
1721	199
254	57
686	204
328	77
183	333
261	46
1030	23
456	26
634	9
1049	223
261	12
133	28
297	107
911	28
927	168
152	151
340	95
292	98
1112	26
2312	50
1862	72
123	11
2874	61
864	170
148	148
936	4
2321	42
655	315
145	70
1838	168
466	247
2180	107
1082	117
884	200
1172	4
1175	39
1488	227
316	128
1152	81
368	34
616	10
39	13
698	20
292	455
266	268
2610	35
1709	95
1936	99
866	188
63	1
99	156
1386	136
153	36
441	455
278	19
548	65
162	21
1562	33
3289	23
566	26
51	11
1049	46
249	31
527	93
1131	106
1359	25
2886	179
144	54
1414	352
66	62
972	20
165	2
268	88
642	102
292	90
393	252
399	51
1265	6
530	65
409	104
748	483
2200	369
85	87
271	41
493	38
803	38
1876	71
569	145
875	65
1169	49
357	135
984	325
1037	97
3422	7
415	110
243	50
348	1
400	1
794	31
1414	34
1844	4
278	54
668	77
622	94
1817	6
2017	174
866	306
786	61
357	28
1055	71
702	27
79	208
411	46
540	94
767	203
120	76
179	2
2015	69
2977	452
202	9
303	15
957	326
269	17
4480	139
409	144
875	40
693	75
63	63
2766	77
124	106
165	8
110	24
788	18
2043	672
1001	33
643	75
45	16
272	194
501	207
2530	23
1155	20
647	165
590	105
1774	68
1050	152
2842	9
974	146
343	126
910	64
1387	52
153	13
2519	2
1198	196
2085	48
474	13
2033	89
413	11
956	84
408	66
871	15
1116	2
498	5
1223	101
1063	34
1135	50
904	60
347	17
340	45
1213	123
339	10
718	1
1960	38
1118	32
1086	67
1014	2
506	160
2446	139
623	42
395	1
869	107
1507	17
1818	89
1008	107
470	56
253	136
154	63
274	191
511	113
1426	51
186	51
1072	235
1432	125
65	64
1027	37
189	42
684	91
382	93
331	154
493	36
643	6
452	233
762	27
845	46
2151	11
157	50
119	58
621	138
1175	65
153	32
1514	11
1313	54
241	76
557	166
246	2
428	19
53	106
771	82
1000	60
1542	286
627	16
109	269
879	341
580	40
68	3
1174	57
605	70
718	11
1617	163
2600	5
3255	52
2016	312
221	60
236	141
1198	4
311	40
302	446
4059	146
391	64
346	131
64	227
569	289
1065	77
1521	46
1531	36
953	134
462	54
1256	308
1200	48
324	220
586	95
2781	37
1027	207
260	142
3315	83
157	88
1773	282
984	55
417	2
265	244
978	2
619	130
1453	132
943	21
763	19
341	102
1055	352
729	84
142	386
2215	92
551	17
464	138
139	177
950	18
2352	86
2210	2
320	38
1781	18
953	79
1849	141
397	35
1946	24
106	138
608	78
209	7
475	74
848	105
349	4
615	125
323	105
449	36
224	193
488	11
166	37
834	399
265	71
710	322
512	46
394	37
218	63
464	107
105	273
421	87
538	123
198	43
829	122
1126	20
274	23
990	327
518	170
748	95
1458	275
794	219
820	18
1728	14
215	357
1883	201
566	59
309	9
51	65
632	247
220	181
407	245
248	217
582	38
302	7
999	25
50	47
1245	222
503	217
174	165
391	91
1839	2
1603	105
563	22
797	308
245	134
1431	124
1782	55
1055	124
187	78
155	16
294	176
530	143
547	210
588	37
378	66
255	26
2527	158
512	104
1114	18
210	34
1062	95
657	26
1216	3
155	252
90	63
553	18
416	155
286	126
448	51
110	2
193	51
956	33
1952	291
1622	64
41	199
329	38
1360	112
342	71
261	289
1217	134
599	213
1897	184
452	28
942	96
815	15
356	258
519	142
870	115
207	3
167	58
626	64
971	136
803	87
741	4
1391	94
1153	130
349	24
1920	94
800	61
977	150
163	15
1758	12
61	162
1558	64
825	685
609	22
548	336
1275	116
1053	22
1609	45
1229	89
273	98
62	63
1106	9
2562	51
1437	223
245	210
1271	13
182	58
592	2
1367	5
599	123
47	45
1093	98
269	35
461	26
169	50
897	276
155	129
63	32
974	25
657	1
481	48
2828	177
110	13
281	24
49	6
556	33
424	131
216	176
791	34
115	23
1121	28
469	31
311	11
695	77
440	7
596	37
479	34
360	21
1001	68
370	32
105	20
213	260
304	61
1202	114
2041	191
105	28
768	5
108	534
590	102
675	306
502	257
663	58
588	108
1185	22
1414	107
158	22
324	85
483	67
162	316
1498	238
2083	506
233	109
419	152
292	319
573	4
63	479
952	3
1101	3
151	137
207	182
289	10
2020	13
1185	81
2733	24
1582	159
1227	29
194	42
1779	38
384	214
115	213
41	5
573	37
545	263
53	128
270	6
664	6
114	213
1792	60
1269	136
1491	31
1345	345
287	116
222	10
977	6
1410	54
158	187
314	76
213	50
452	147
491	163
1775	55
528	41
41	82
188	95
245	29
931	1
106	86
664	22
1835	44
1304	19
1051	16
851	22
119	92
49	81
562	44
201	356
181	7
1699	50
2023	165
211	217
344	40
3349	113
732	10
114	150
173	96
2067	192
580	1
514	150
163	118
752	97
1228	55
479	83
851	69
833	27
3320	439
146	1
163	37
246	117
871	230
436	42
451	32
278	105
950	67
1107	5
1260	143
935	3
1116	21
451	29
108	80
1086	7
440	29
265	78
686	2
237	9
126	68
261	85
553	16
1478	11
632	70
227	59
1140	71
718	36
547	93
1407	30
45	274
1132	25
61	36
650	46
630	72
278	72
1788	21
844	27
2072	44
152	5
242	49
950	15
611	140
573	14
65	142
520	377
133	28
1742	66
1277	139
146	47
545	61
673	88
867	63
2402	273
1370	95
565	123
281	110
1553	49
810	158
870	190
152	58
1600	202
1775	98
1166	63
371	70
88	95
1100	89
328	36
1290	53
154	41
164	65
208	37
2118	27
152	101
1742	26
1783	134
670	29
150	27
336	685
1042	16
2064	8
504	116
128	194
181	50
582	2
1576	150
247	23
1350	6
1273	39
125	151
156	92
1031	113
1217	130
1132	17
1167	23
43	402
1471	199
573	65
1799	33
1727	18
515	72
374	109
1049	33
2818	22
1284	10
771	58
362	783
405	104
213	24
231	108
2155	23
1193	8
782	224
231	43
1098	101
163	17
653	62
348	22
1124	17
399	177
760	357
876	19
934	67
384	34
203	74
273	72
1285	68
812	29
459	222
1160	35
992	175
619	131
556	162
997	21
288	91
940	36
622	279
394	45
2559	9
2407	65
149	216
1786	212
1084	114
585	13
102	44
2843	458
2132	207
391	40
584	115
955	10
1507	46
1338	224
223	1
408	118
2141	22
1608	19
198	167
368	65
196	6
1906	49
1082	70
193	20
507	50
137	311
2033	13
596	12
2108	238
641	27
711	307
1246	62
146	36
1783	285
673	6
148	129
229	29
221	19
486	302
210	8
467	35
624	191
163	52
2471	49
330	34
436	43
279	1
2504	66
83	249
807	239
278	78
550	188
68	36
995	160
51	65
227	67
1102	178
2066	49
42	185
1225	15
189	247
2502	12
394	159
450	102
53	200
314	146
136	61
2025	67
295	273
65	126
182	131
892	46
1568	199
689	31
525	16
1974	173
278	142
1334	37
1439	10
1640	14
693	34
555	82
487	127
1456	5
1965	106
388	20
220	12
823	223
1028	21
1237	4
1455	70
1667	39
997	36
150	62
931	36
743	17
145	214
1306	155
1486	59
2191	4
1458	2
629	40
1613	140
544	24
1659	216
271	224
898	22
1519	19
586	15
484	39
4050	119
587	12
382	129
54	186
202	236
1228	57
2340	5
227	4
1754	215
295	60
505	50
1846	302
139	20
645	120
710	148
676	114
407	181
2743	485
436	45
830	22
696	21
328	43
154	28
529	90
715	349
529	27
240	120
918	335
259	32
399	10
1205	76
608	136
1609	14
355	75
948	272
291	141
920	248
342	25
278	73
174	77
764	168
1471	18
264	317
492	201
1920	66
132	49
286	37
830	13
312	101
3730	243
550	268
339	84
266	99
975	214
834	3
1383	53
352	320
462	108
605	237
810	17
924	535
536	323
3875	62
3176	167
217	52
413	7
413	59
118	83
776	19
322	185
765	58
1356	220
182	103
134	10
417	89
2015	7
117	134
344	42
1331	107
976	56
316	123
1327	150
952	146
207	378
2705	231
1301	124
927	7
533	17
450	74
577	49
1477	154
211	89
1095	18
295	3
720	40
1431	73
1104	2
284	30
1527	8
1890	1
752	37
643	164
2364	192
1382	25
639	194
947	157
1707	543
1546	335
1917	2
820	98
252	97
1767	35
1503	75
5741	8
915	104
1075	21
1150	8
967	341
790	60
494	82
1165	303
208	87
1062	12
338	1
786	32
64	158
1247	28
591	29
1238	70
1498	28
1338	23
346	211
1989	7
503	85
3138	45
44	300
580	98
1046	68
2134	150
297	85
1664	51
314	35
435	42
1693	22
315	59
735	6
2782	24
1358	358
177	56
1898	52
973	40
639	14
683	40
131	61
521	154
2401	179
143	19
929	200
631	61
1484	162
1179	97
2358	3
437	98
1041	116
603	2
414	61
1216	20
299	3
143	72
692	168
1421	301
716	99
286	30
4194	269
720	120
844	88
555	144
758	159
64	189
380	287
305	107
109	357
1666	52
227	62
1150	83
522	57
723	203
687	67
224	73
249	52
742	17
255	171
611	67
942	167
664	183
2732	148
143	176
1153	72
352	8
159	96
263	101
1143	79
48	3
310	399
239	46
265	326
232	166
2208	57
1014	217
1461	52
874	80
888	20
1217	57
2334	304
155	63
1534	5
1420	40
1024	274
208	723
521	41
573	70
229	90
1301	271
729	69
404	87
1907	189
351	73
327	160
395	44
545	32
359	47
456	128
1612	66
713	174
1902	123
1772	49
173	10
293	33
146	94
969	87
407	60
275	37
172	79
319	13
226	44
477	164
1249	73
1312	22
406	123
54	16
854	44
530	21
306	137
48	53
1871	179
285	308
913	199
383	181
1166	27
2889	9
993	148
152	1
1520	10
574	198
186	83
1114	206
342	10
2364	11
829	106
1793	56
444	90
1176	147
52	3
1001	156
56	253
2344	9
780	130
2387	12
1344	18
717	129
809	51
3989	42
117	197
53	49
937	52
436	131
271	192
372	37
444	35
203	34
926	68
1118	3
3955	105
1129	45
45	19
202	26
1431	4
665	295
314	318
155	60
290	6
239	3
851	66
1993	30
550	1
2401	205
992	98
611	38
1377	172
171	52
346	239
1044	377
598	159
2001	100
110	63
1121	15
2588	237
449	44
455	122
958	10
364	151
2036	236
2115	92
1960	254
2094	158
882	127
1203	206
211	199
2430	116
954	224
461	5
675	54
204	492
46	28
462	108
125	46
998	117
476	132
497	272
1335	443
125	428
115	190
174	264
954	9
1338	95
509	181
620	49
3917	48
671	96
130	29
64	2
1688	30
65	35
702	244
421	2
875	271
152	142
474	118
1833	121
1312	46
61	6
649	110
71	340
258	49
276	108
270	41
115	16
607	234
711	510
776	174
280	3
140	88
374	134
849	14
535	80
851	145
629	78
416	12
1110	32
443	131
311	68
470	122
740	53
2317	174
114	168
1186	91
95	63
418	58
607	384
1347	51
393	71
290	233
1508	37
2569	105
1245	83
141	155
1095	303
920	44
50	163
1323	162
1423	113
999	58
1355	83
454	8
1533	30
321	134
616	482
408	89
475	23
504	419
206	294
957	28
230	156
350	44
1430	17
1569	19
474	257
3075	8
675	65
409	100
389	107
44	15
130	26
4220	59
660	54
1230	37
163	14
3737	225
227	11
364	4
330	90
303	86
1376	21
433	56
349	23
1245	209
934	17
361	37
434	10
2237	58
410	1
217	237
189	33
249	171
1319	1
2226	3
2840	101
1057	13
357	294
55	61
431	33
427	112
674	47
324	12
547	8
1579	44
1079	173
937	104
688	302
1307	41
1934	34
290	159
974	52
706	62
412	115
1418	20
400	60
178	259
169	210
29	45
244	62
1726	272
453	60
365	14
4303	22
589	43
834	41
400	181
161	107
1755	183
359	15
2642	182
650	199
260	22
110	1
1040	9
372	25
224	244
345	77
1183	33
220	9
2030	33
531	30
288	26
209	214
1166	24
5372	28
195	27
197	22
499	163
358	61
1681	46
268	52
494	154
2129	76
57	137
161	60
737	76
572	27
788	59
238	58
305	13
823	25
689	12
926	56
1158	34
362	29
1233	32
270	195
295	8
759	222
1063	23
98	440
134	55
138	48
259	146
240	39
664	248
477	48
1226	20
262	48
197	96
523	28
211	4
685	28
3328	214
1032	140
220	82
75	37
226	163
1602	343
246	261
73	150
257	39
519	271
268	13
57	12
380	40
1816	57
1222	89
68	147
1058	112
764	3
615	5
700	243
487	30
1062	202
107	3
1975	23
182	197
390	27
470	43
345	213
340	287
318	63
113	20
1037	26
71	11
942	155
2484	77
1075	31
858	334
123	89
624	66
2042	148
391	71
661	117
395	93
1729	49
1019	20
2248	38
51	131
1127	317
2734	22
494	32
1091	254
1293	490
1281	29
960	18
1234	98
1116	15
519	162
486	235
605	113
231	136
43	8
345	109
67	103
175	24
968	170
3265	180
2352	243
493	265
1162	15
188	4
1540	1
830	3
374	558
1511	182
818	185
476	153
440	113
417	250
565	234
615	20
125	237
550	99
308	125
356	74
314	61
135	12
154	29
1986	118
417	8
453	19
1635	160
520	130
80	57
1005	132
1669	113
462	125
711	194
577	54
964	72
438	87
492	3
952	49
1021	398
650	268
2017	15
198	151
554	22
418	76
300	2
412	15
864	329
499	12
324	16
50	51
1030	11
569	137
1118	413
1145	238
224	85
233	74
821	87
130	80
75	15
879	126
595	53
823	103
223	210
321	44
219	108
2519	344
40	92
418	22
503	208
142	20
1628	72
727	17
2377	103
389	95
2512	94
1047	9
1061	68
122	13
1928	398
289	37
841	217
247	197
829	69
1549	151
659	192
327	41
166	170
914	65
133	105
2267	122
2255	111
558	194
833	382
996	14
758	89
649	215
698	49
213	70
1504	77
1373	76
1916	19
2556	33
358	6
750	126
252	56
1313	34
392	45
470	23
1105	9
948	45
1915	81
311	83
1397	76
758	9
437	35
927	165
632	259
1732	26
604	41
382	11
1709	44
3333	159
137	202
778	39
868	19
2422	74
898	193
662	151
722	188
924	461
539	158
418	115
204	35
1859	107
490	187
222	258
2507	106
55	227
912	68
1536	5
1624	132
394	112
729	348
997	119
532	130
434	38
1122	149
246	105
3000	223
1205	3
53	105
327	2
2262	3
999	163
2195	20
3354	168
336	141
354	63
645	48
113	60
325	41
786	22
3550	158
443	12
1304	20
254	87
125	515
332	56
205	67
582	11
240	78
2791	87
2924	38
1765	43
1394	54
444	54
119	375
47	697
972	337
146	34
1004	12
723	42
415	206
296	183
2322	149
128	44
838	7
138	38
179	119
168	35
127	97
58	25
326	129
267	25
394	131
158	84
597	15
579	127
1051	35
515	9
217	63
378	199
3629	21
353	56
441	121
697	51
1838	111
1109	58
369	52
1517	172
124	80
169	48
578	302
750	142
797	236
1840	45
512	23
148	115
778	77
31	92
819	253
1011	66
2004	19
1497	144
230	9
1917	19
137	253
206	32
112	89
398	72
322	98
1662	19
1917	119
1627	21
392	72
1626	124
115	5
609	73
498	130
269	23
423	80
842	120
484	6
681	78
672	211
250	169
2312	57
311	74
719	37
1305	100
145	264
121	151
669	61
103	167
1375	3
498	39
217	32
193	55
338	383
601	23
1582	185
867	268
761	49
842	16
1668	121
246	20
718	55
52	46
664	79
1522	296
1135	6
642	12
448	215
1114	265
49	82
4304	31
551	37
1430	2
862	31
1012	260
289	84
2078	113
120	28
246	320
392	115
875	220
105	11
289	63
1060	45
553	388
2861	72
923	32
151	101
300	108
63	35
2146	24
1150	152
2683	128
340	30
787	11
1862	8
228	40
3817	99
1111	19
180	66
973	90
952	19
262	168
885	21
1327	21
1223	60
366	90
160	48
228	499
1680	56
350	33
211	55
690	175
1644	251
243	55
437	68
1395	56
2005	160
1710	372
212	140
859	199
404	172
117	183
73	262
702	4
149	134
682	171
615	190
455	322
55	7
460	310
789	100
1867	63
704	22
1672	102
192	223
1948	293
237	88
1059	97
3025	28
475	2
476	193
1329	87
1690	136
189	135
1675	37
412	74
113	28
1725	21
384	126
798	95
426	140
456	28
696	511
223	172
729	85
1007	133
921	62
1310	2
415	122
477	11
51	66
1163	96
563	243
2460	208
1829	10
329	154
486	99
365	126
1580	42
3573	127
507	38
384	284
1601	4
163	44
127	145
2079	9
424	272
1733	257
2820	26
741	124
648	89
324	244
1326	71
1344	155
427	47
1549	183
157	71
747	213
1491	27
652	65
485	7
1235	3
583	220
573	70
617	167
3301	4
147	162
50	80
1716	86
1786	73
968	178
164	10
471	55
1033	37
202	391
365	27
1477	18
199	95
753	141
627	35
453	257
720	21
1571	604
1744	105
340	33
852	2
2119	408
511	157
2504	277
2258	151
178	67
372	5
358	101
652	4
122	10
142	165
867	162
469	55
1381	97
251	124
267	77
142	206
1821	8
588	1
857	251
6705	71
1207	44
339	235
2222	81
136	57
1794	43
1655	15
1322	24
894	200
924	31
451	40
1339	22
641	8
1454	79
225	7
583	32
1396	45
1159	27
265	46
1011	68
1159	44
393	147
1678	167
285	65
1368	83
1126	40
369	68
163	152
2447	255
866	81
461	157
571	171
1300	200
1130	112
244	34
1691	90
274	24
352	2
820	4
1001	164
341	38
1001	29
1878	42
1048	179
597	29
440	43
323	52
218	50
2049	14
667	37
556	143
1430	16
885	172
547	196
1018	119
924	177
142	308
502	24
1688	1
83	95
309	144
877	191
145	18
726	184
183	110
1997	109
165	306
624	127
750	135
410	261
147	120
146	21
132	121
144	57
451	142
1085	20
661	113
997	161
376	232
191	162
581	261
763	48
659	233
1170	36
2036	3
52	378
233	42
433	87
118	143
129	93
731	21
1169	47
200	65
823	14
2997	64
341	24
1018	53
113	34
568	366
301	272
3195	55
2240	160
2394	179
502	76
1032	47
592	41
2795	40
382	98
146	48
623	5
115	179
214	103
740	64
891	98
733	53
2301	107
304	171
1157	4
125	54
1680	49
157	164
1001	58
521	34
903	38
615	5
754	109
751	17
3553	57
158	234
1226	29
383	185
148	449
2423	107
631	98
3147	137
715	1
3197	191
290	288
487	75
229	282
693	24
324	339
53	29
430	36
244	3
564	54
358	1
230	24
398	111
575	89
616	61
1201	166
265	14
797	131
532	152
638	30
578	30
554	113
1451	50
288	202
1626	5
301	167
2394	1
1166	17
1340	83
252	167
714	181
1835	10
448	44
142	39
1226	42
305	45
153	91
432	34
928	90
58	40
1150	318
1172	7
2391	476
622	116
610	111
288	104
220	259
1189	58
1390	21
466	4
352	153
663	55
179	7
1278	17
503	221
1983	32
465	234
952	186
211	192
1026	292
131	98
248	272
398	59
548	110
471	134
115	150
1045	98
135	42
1097	42
712	149
701	26
3239	44
474	45
103	512
683	43
1084	83
1759	62
637	27
456	5
3055	3
752	56
223	234
768	12
881	9
722	33
1825	13
1759	68
564	205
397	108
259	87
772	60
1442	70
690	14
717	58
263	45
497	144
1822	8
382	254
1803	248
284	179
539	79
1217	84
77	233
1719	260
371	68
720	36
220	13
473	179
313	26
699	75
134	81
416	132
450	25
1778	67
4085	40
150	7
733	88
2407	142
929	158
729	124
642	36
448	34
483	163
632	16
416	124
3503	52
3029	68
594	108
2380	315
1626	269
1722	151
785	60
330	176
1261	61
1145	424
139	166
184	229
1182	158
407	78
1871	43
419	106
1601	163
503	17
2019	187
279	66
583	90
1264	9
166	161
170	20
842	44
2226	10
1889	105
115	47
1520	81
297	174
4282	142
123	38
197	93
218	53
577	382
394	66
170	17
1110	79
678	185
141	32
230	399
316	17
2461	51
631	15
250	34
190	19
240	339
586	128
55	118
405	178
409	32
631	2
520	83
219	128
2045	43
873	111
3401	21
146	131
476	139
1408	419
342	56
1573	144
2719	6
61	54
1673	336
778	234
696	289
254	78
1363	549
89	64
878	85
740	200
1213	2
782	264
681	5
488	42
715	62
541	103
592	171
1611	27
1037	8
358	9
2579	165
733	5
717	107
235	34
2542	37
525	222
1047	12
161	7
670	168
4907	34
1504	17
1427	42
702	25
1889	23
237	48
1951	98
607	70
582	171
280	22
1029	573
569	64
163	8
121	151
736	31
1802	50
267	49
1586	55
3371	125
1166	46
1708	4
855	25
1488	107
421	90
1215	206
2715	2
394	22
1985	142
72	121
575	30
517	4
655	2
1059	176
1454	188
889	157
2145	150
1043	6
232	27
829	350
576	106
242	224
335	341
458	13
544	334
1401	132
1422	2
361	76
493	103
1302	56
331	168
321	58
764	190
505	119
166	106
360	104
1207	39
1601	18
726	89
170	14
165	185
319	8
1656	327
540	104
284	27
1171	19
676	100
3212	362
1269	10
302	8
408	38
344	85
1067	32
403	15
1291	30
118	232
62	11
251	28
148	5
454	15
1474	202
160	171
761	81
515	7
1331	355
608	114
437	295
1191	1
264	242
1024	35
4048	136
152	109
2917	83
233	4
1581	103
548	242
193	123
693	66
420	5
505	97
1816	88
1046	48
1081	95
2761	26
627	24
320	7
342	4
879	55
61	80
1680	144
2485	43
431	147
460	28
253	40
1242	81
1469	90
280	92
166	119
283	73
653	106
770	38
66	9
756	54
471	57
896	141
321	114
1031	225
2242	143
58	78
549	157
130	45
164	109
1047	4
828	159
1752	62
1361	39
879	20
493	83
485	4
1444	88
2027	56
661	35
532	113
456	246
230	71
434	45
409	51
52	46
864	132
870	13
385	293
377	169
1634	95
2398	60
799	194
1154	49
169	166
582	142
465	296
50	202
590	172
654	10
439	96
175	199
927	69
738	56
1221	30
1451	422
505	112
665	35
311	36
2852	11
1161	134
264	189
420	4
1186	35
2218	206
818	60
856	1
327	19
794	16
159	22
394	92
1770	59
953	210
65	159
1706	86
1302	4
297	128
294	123
116	133
362	36
1390	35
436	18
628	74
259	202
486	148
122	149
2001	11
371	3
1096	110
1432	36
593	29
1101	16
63	298
818	100
668	20
2231	85
191	19
986	17
3034	50
2191	73
416	235
2637	114
124	3
538	303
433	27
694	7
329	5
620	22
1327	42
2840	2
925	49
512	179
578	7
388	17
228	184
1495	67
164	38
567	124
807	83
1531	52
487	128
397	4
837	110
244	9
622	5
124	19
2566	7
407	24
229	42
1366	38
60	113
937	37
712	94
209	322
263	21
222	278
882	84
1055	243
702	28
339	47
399	8
293	93
145	74
520	58
301	157
838	22
887	323
399	27
462	33
2392	36
577	274
385	13
561	26
1112	93
2027	44
3571	82
215	58
900	81
1489	207
829	101
355	46
850	183
2254	237
763	88
847	17
1842	7
1952	780
623	27
2742	71
550	39
306	195
150	211
251	2
2048	222
1063	116
188	26
854	19
1017	3
934	204
83	49
475	24
412	154
501	39
3905	28
1137	84
122	6
117	254
275	78
259	19
1117	29
125	58
1152	191
157	371
743	176
1612	464
247	131
102	97
944	69
823	577
970	44
323	24
554	192
1651	9
475	157
1752	127
243	30
221	215
1135	106
1272	140
218	27
607	75
2588	164
129	67
413	188
1257	47
1823	79
169	11
68	144
812	17
299	110
125	308
445	4
1142	148
836	56
1071	227
170	174
274	259
694	27
554	61
380	194
775	21
214	243
492	229
1451	65
2778	4
2119	33
805	197
1372	58
405	30
192	3
263	72
608	11
1537	93
359	94
496	26
129	51
1539	96
1017	8
553	144
542	92
1195	29
726	5
673	110
514	62
126	32
1802	27
2724	38
583	165
1088	164
652	32
1032	95
585	7
841	125
3047	19
1288	32
484	7
3947	7
1689	76
761	216
702	25
1042	32
204	37
568	99
581	95
1757	46
909	81
1053	78
859	29
210	166
281	287
141	7
377	372
800	204
297	7
197	78
1588	254
431	251
2881	649
315	57
2029	129
99	57
591	110
184	38
405	244
1287	24
1580	35
319	50
387	175
1909	112
148	51
1703	99
2954	1
1494	148
2189	144
1376	259
3661	19
909	12
927	85
4706	33
841	313
316	85
521	146
2306	189
1080	32
1544	185
662	89
2324	9
859	82
597	139
192	74
794	86
1685	170
1060	35
451	9
1144	69
791	107
155	32
2264	144
3088	3
762	152
423	95
67	132
865	98
598	87
125	160
167	318
237	2
413	17
2243	102
4309	18
271	283
1319	33
57	58
298	3
119	212
144	221
1938	27
469	22
119	3
950	96
1321	39
512	69
1019	45
119	88
1002	10
198	1
228	68
1848	36
1025	137
1585	169
117	163
747	215
1714	42
269	218
350	30
786	53
673	69
60	35
228	19
418	303
478	40
1300	291
1848	184
982	126
156	197
1978	96
839	18
1062	38
293	32
397	239
2965	21
1804	104
1154	8
525	228
471	92
333	39
510	228
1712	227
58	81
2230	215
532	3
135	100
122	4
200	13
1154	63
241	150
1049	82
445	156
952	322
2321	3
588	326
674	68
294	187
238	33
1452	1
137	78
301	66
148	30
663	8
241	82
61	53
2870	25
418	157
152	26
134	336
351	115
1297	39
153	27
1927	18
1206	37
159	55
2188	73
157	8
458	98
500	14
600	24
494	236
1547	130
196	48
2550	38
671	52
1474	11
340	11
1397	18
580	167
727	98
1294	36
330	62
289	23
593	160
2401	146
1273	18
399	106
185	23
306	33
2567	22
145	25
557	26
2149	155
124	311
1561	157
126	189
145	75
970	52
934	186
1606	405
529	153
217	271
614	53
494	42
595	35
152	54
545	20
273	6
2088	40
358	5
264	33
2012	49
582	12
229	65
719	25
2253	214
172	35
2845	88
1702	91
741	71
735	43
121	34
1213	43
941	84
3259	334
806	138
694	7
992	14
956	5
289	65
783	118
781	4
57	13
138	22
120	256
876	22
805	212
871	131
1649	20
166	83
837	319
2040	22
1017	144
390	333
255	12
421	5
768	11
159	142
317	74
1419	15
265	74
268	97
2374	2
455	158
181	73
1509	106
1349	2
1448	106
538	15
1824	79
155	133
744	36
1104	4
350	84
296	242
426	114
1330	31
513	139
1991	258
249	216
615	37
821	44
1081	22
1702	18
771	21
416	21
1056	107
207	66
1073	43
136	15
818	5
382	24
2982	123
1492	63
1303	72
969	250
1037	164
2388	11
2839	59
1112	219
481	121
2230	59
122	19
256	3
1638	409
1889	11
794	96
1446	80
1811	197
661	28
565	33
290	11
581	104
290	95
2924	24
1135	181
833	200
339	48
749	58
2186	23
153	78
570	76
800	56
725	73
579	21
396	34
290	51
269	11
1018	75
73	204
621	34
276	41
476	88
745	320
815	88
869	190
1252	332
469	6
423	143
57	85
168	181
389	89
1560	41
1175	59
1485	2
315	135
1269	13
760	38
120	47
751	512
621	18
247	53
1380	23
828	38
192	41
2870	145
1170	91
692	58
1038	13
861	111
678	19
3605	49
228	77
288	10
1230	50
206	76
217	150
1231	450
1581	510
1530	142
184	726
1053	42
823	175
190	365
431	59
292	17
1857	1
1382	43
1810	11
1908	109
141	106
276	7
509	28
1240	59
4094	72
317	94
2110	209
282	128
1928	130
1700	153
1138	294
241	25
793	436
512	85
183	64
3359	41
378	143
138	107
213	167
991	192
691	155
124	5
788	187
48	26
1356	87
330	31
242	99
1500	143
2018	30
495	4
57	60
1336	35
90	33
318	55
293	28
712	6
59	283
941	50
372	47
130	259
1689	177
2618	58
174	215
557	9
1551	100
310	73
509	26
1547	95
1305	121
630	8
815	439
474	20
1085	106
891	107
882	63
1120	37
576	49
1040	48
1335	223
937	87
413	59
2196	6
518	104
226	62
2000	134
560	47
418	32
1462	59
1136	100
178	52
436	46
1660	56
258	93
365	23
542	198
898	126
1597	66
665	102
293	384
259	22
325	5
1162	8
1707	26
513	59
489	1
880	1
960	68
268	9
1274	186
1051	422
1467	81
294	284
689	130
2368	49
52	3
297	13
131	310
345	84
2283	12
833	141
611	92
188	32
276	50
953	155
2042	42
240	49
1705	169
1613	1
721	120
901	45
924	43
651	74
808	105
1139	344
474	80
866	38
145	34
157	61
836	206
145	112
331	9
762	17
1187	266
459	125
540	144
833	195
418	149
348	22
162	229
438	30
419	311
308	73
461	38
800	39
277	102
731	452
1558	77
359	120
970	49
648	142
755	276
2090	117
288	343
3485	138
1854	171
569	2
1248	68
485	83
60	15
481	81
225	124
522	473
1806	9
1410	253
163	110
2745	77
1853	43
142	76
712	54
295	57
793	44
160	369
320	127
532	49
2168	138
409	112
731	139
228	153
2956	182
1576	123
955	194
256	58
556	127
412	391
587	50
4103	333
1010	319
216	67
525	175
1001	120
364	145
879	309
926	8
308	211
572	26
1176	132
321	213
399	183
77	291
778	52
143	54
1054	353
1743	4
155	6
139	12
269	29
219	103
499	165
2140	137
228	33
75	360
693	9
314	5
2405	39
1596	59
813	39
936	206
410	15
1298	84
789	94
1048	97
2031	152
306	16
159	125
737	72
288	58
258	129
254	154
525	162
489	70
1440	121
825	17
182	40
355	35
2157	91
262	380
682	74
416	19
1493	60
246	53
305	169
173	39
266	47
1956	121
581	47
1186	138
251	156
1569	18
765	162
402	114
177	106
96	116
660	87
209	120
1531	34
2036	174
345	22
1934	670
654	71
247	140
436	105
583	59
361	115
1493	16
226	83
548	21
663	6
1161	42
1467	285
1013	82
1114	339
536	116
753	47
206	46
249	16
182	32
2366	174
1113	100
132	22
697	63
1529	49
1804	28
1299	69
1299	86
641	61
941	165
1759	51
1232	135
850	79
806	23
347	3
432	164
818	56
484	25
2512	68
504	86
2689	20
1367	208
2100	150
347	105
786	49
280	166
444	24
302	26
2276	11
329	88
751	167
417	68
174	29
290	122
341	45
634	124
60	102
357	6
802	117
1105	61
55	33
750	26
635	527
857	63
1502	47
468	31
4071	85
890	20
353	100
728	130
313	70
2551	41
2207	21
193	68
145	466
1107	284
917	94
135	111
1193	59
952	37
467	27
336	21
1419	5
1878	125
424	18
944	38
1338	70
152	171
261	41
1372	95
466	36
966	149
209	104
445	217
499	40
782	230
1979	99
407	27
1826	58
231	40
3488	2
635	82
526	10
3552	7
1307	216
681	123
627	7
238	149
173	35
318	253
4566	248
426	14
161	227
964	6
399	13
1368	5
1806	1
891	96
433	69
156	11
1892	10
160	125
170	38
455	87
428	128
1867	111
808	53
1408	180
226	81
216	15
345	45
489	17
143	120
128	57
2250	6
1346	22
664	124
1418	105
1059	158
285	269
1170	36
3029	54
430	401
704	14
1025	7
517	226
1157	332
2212	60
474	15
163	108
262	45
224	21
2355	245
474	20
231	27
156	48
370	110
374	140
118	134
1481	31
179	127
1096	60
1050	117
789	140
271	35
1339	2
1886	62
180	417
133	79
127	273
606	115
171	15
951	174
2728	22
738	130
136	76
782	108
559	42
864	239
785	38
532	109
1728	90
224	21
1358	109
147	341
1521	149
1531	6
618	29
554	22
1260	32
1171	17
347	191
315	36
1985	4
2195	46
155	45
661	9
134	52
995	138
986	21
257	105
375	254
799	53
1316	46
1767	3
185	93
249	1
90	21
605	48
1728	31
1596	22
410	20
234	154
195	229
84	12
1490	25
245	184
804	53
1201	20
1936	1
384	298
334	336
474	63
174	38
482	125
660	5
1332	11
891	96
2618	146
589	17
3985	229
3709	436
1506	14
1000	221
225	121
166	208
171	38
1278	38
1002	155
576	148
1069	361
870	110
128	75
1576	39
317	324
1759	101
257	50
1652	152
161	126
199	4
128	89
170	6
3691	163
1600	78
748	60
1894	55
199	234
2268	140
511	59
1844	3
247	74
293	32
323	141
577	87
388	100
378	96
564	46
417	9
791	23
1074	3
359	10
959	116
985	285
2129	311
296	42
3594	62
1119	97
2597	2
1893	20
291	79
1587	131
275	357
244	146
303	89
1001	41
644	61
1177	120
1136	77
712	5
995	25
1512	54
516	224
856	188
1187	108
126	8
1256	43
460	61
182	57
400	3
2586	126
1090	41
216	16
1302	46
189	10
1020	202
2782	22
2607	150
1696	143
2541	21
651	47
637	22
141	67
401	268
1147	107
379	121
1500	234
596	89
220	317
1580	336
546	348
138	29
492	220
2971	498
44	7
1300	73
744	128
157	41
209	74
1390	102
393	93
566	175
1225	6
427	2
1073	11
320	53
138	21
369	11
3702	53
3795	100
568	87
151	244
251	2
730	276
183	20
1755	41
1251	55
1486	20
306	235
1085	63
193	30
837	31
512	362
796	39
2754	233
472	34
821	387
509	5
217	61
313	57
337	141
273	37
155	430
154	194
265	125
671	46
2581	35
513	78
834	66
82	58
1348	30
1563	119
305	107
371	6
199	187
284	214
884	67
830	13
206	14
944	206
2758	105
388	106
930	30
155	86
995	28
2643	215
2396	183
482	24
701	436
441	45
1483	51
165	14
85	124
262	23
284	31
1053	60
363	251
483	19
589	24
3259	49
129	205
268	23
803	61
798	78
1619	47
332	29
1415	90
985	195
578	57
922	33
129	131
197	40
494	163
287	35
278	53
555	161
132	66
391	164
68	135
225	24
1353	7
277	60
134	22
1207	42
376	14
327	67
553	28
726	4
338	61
1600	12
1133	170
492	102
856	52
368	86
1161	3
880	140
723	242
419	104
163	50
78	33
1418	111
134	15
630	30
598	60
407	45
2032	380
914	57
1405	123
706	161
1044	68
279	265
381	158
752	26
130	318
3163	34
2018	12
659	270
122	31
607	8
221	121
224	19
1418	462
855	63
362	287
808	160
2063	267
1260	153
493	80
126	154
285	15
191	63
805	2
187	64
198	190
2117	71
1760	18
1936	13
885	44
802	432
200	17
159	212
300	48
383	213
603	40
127	56
500	11
1299	7
768	189
143	34
1436	273
191	15
768	17
201	298
1751	59
327	13
5596	52
921	308
1841	54
586	192
539	25
2029	115
1793	5
297	226
1414	159
824	258
274	17
2030	32
1724	89
437	149
713	47
139	22
2508	50
1482	45
409	26
1471	16
717	46
1379	41
79	66
594	23
954	77
252	42
127	47
443	317
179	20
2493	37
2552	61
795	99
1768	87
1933	113
1891	55
401	11
512	97
192	54
140	195
305	6
2371	85
244	113
2402	399
847	27
2608	59
1519	4
587	27
1074	439
153	83
1554	148
638	203
350	113
697	30
2124	120
2228	58
332	145
246	27
1942	20
129	96
2399	36
493	301
1810	18
2083	65
101	15
972	48
271	238
1284	91
602	45
746	48
2607	47
1047	17
415	36
208	69
1719	48
495	79
336	8
939	5
438	29
124	248
1994	284
1210	155
163	42
456	123
141	286
783	10
407	78
175	40
263	18
1689	179
112	101
1315	156
368	225
447	242
151	8
664	9
131	26
742	27
890	36
173	293
928	326
3070	93
513	33
694	20
766	76
531	179
3253	23
1434	32
811	76
921	44
176	24
201	29
196	35
892	55
1868	46
660	56
1565	167
386	67
424	107
198	123
280	152
88	58
783	30
1992	106
419	14
2620	372
615	64
2333	17
2119	62
3106	335
1145	34
1189	478
1052	916
453	139
1278	87
537	181
2015	101
839	19
257	23
2044	71
542	28
610	253
4252	35
2018	9
757	237
177	308
134	229
571	14
740	123
2045	5
677	88
167	93
438	61
167	206
275	246
374	303
794	223
894	171
743	217
659	69
223	58
470	217
562	95
730	390
1430	77
1979	194
432	60
881	173
974	487
1112	139
1197	184
2353	50
298	34
1139	37
1641	79
1318	30
1381	37
127	27
1115	104
135	74
415	22
755	176
1026	146
142	4
825	1
174	23
397	23
163	12
642	10
378	119
130	98
855	18
357	22
145	80
78	280
687	19
137	82
140	67
438	59
275	46
191	54
293	11
134	16
684	209
1907	24
723	161
889	2
77	33
941	81
1039	73
2162	300
376	234
2336	17
250	100
1660	59
2387	127
1118	77
594	14
64	20
326	165
248	26
905	100
574	88
255	27
1017	203
77	61
1142	191
1726	27
129	32
237	193
127	66
141	117
603	69
1614	37
867	68
1670	97
459	21
130	15
396	287
3095	27
368	239
428	85
339	129
1098	55
2187	35
1637	1
1132	130
856	77
823	127
2945	82
1367	81
234	28
1987	87
1028	191
477	52
155	111
832	46
314	182
610	274
228	66
1067	62
322	42
142	235
423	62
1116	21
408	236
605	233
82	192
420	139
2043	32
978	93
423	30
1854	21
843	126
327	11
1640	32
773	35
900	29
538	46
562	11
607	195
317	21
147	357
652	75
716	18
933	132
587	1
195	21
299	16
753	24
1774	23
1066	3
305	274
1824	18
136	35
472	211
812	38
1611	364
943	10
173	80
1512	132
259	389
392	203
2193	113
147	75
881	143
1663	326
1915	1
407	45
602	14
3494	80
748	1
174	258
132	142
468	147
137	14
1748	2
1580	70
467	314
1436	20
130	217
82	168
854	104
228	26
537	222
1108	104
1431	30
856	164
934	15
803	204
506	2
80	24
527	12
649	226
595	76
331	2
1897	235
1101	279
130	148
156	164
118	50
750	360
2223	40
419	34
1135	78
320	298
1578	112
1286	23
830	42
4327	1
1942	79
2890	291
1709	248
1603	226
200	42
1200	19
2953	74
91	105
142	41
140	55
3821	65
475	100
1169	125
127	1
141	395
1679	40
1918	38
137	101
133	193
202	90
282	173
1146	101
964	13
1010	241
144	46
820	354
216	149
2213	84
2004	34
1091	81
843	175
3443	19
338	163
1065	215
1202	89
466	198
820	18
788	195
6424	14
102	53
1343	44
239	124
1152	119
331	170
1161	20
421	34
547	39
254	359
565	139
2236	124
483	20
568	84
333	39
1316	209
1250	7
194	37
181	134
2092	43
554	217
1755	35
351	89
286	399
177	87
579	43
1896	109
1295	78
774	32
306	173
2059	344
200	101
162	3
551	212
7270	79
183	167
298	74
137	232
1404	17
290	44
922	124
53	27
547	8
605	46
320	153
144	31
257	54
16195	223
43	18
2111	64
423	63
500	144
250	56
349	93
241	56
929	18
1047	293
155	60
1764	135
1131	161
487	58
2100	105
190	65
655	16
352	32
262	139
1429	2
392	129
891	75
114	46
515	36
112	52
111	4
1552	2
1056	7
30	149
256	152
1949	110
1196	9
1053	133
442	143
1751	180
716	8
947	54
36	181
1393	91
25	59
3809	4
25	52
701	50
207	3
707	67
268	26
192	87
654	118
535	22
107	117
120	24
756	11
1432	35
627	74
1760	41
1493	2
26	75
175	104
424	34
272	21
966	138
107	72
1074	26
1866	50
891	16
726	245
1194	73
1358	234
1826	91
586	15
145	20
962	73
205	14
191	455
2427	2
1516	227
599	205
236	93
29	53
207	108
598	262
1690	13
337	230
34	21
522	161
823	94
1891	32
39	5
1012	50
776	128
507	105
156	20
960	43
3340	89
900	416
168	67
959	87
23	35
198	96
1300	155
1014	25
1245	50
535	86
596	131
466	30
1378	100
594	44
223	103
1314	17
2333	20
265	86
621	36
1341	51
1510	344
26	7
263	129
377	216
532	20
432	160
485	81
1545	72
35	126
1695	1
2317	91
144	35
114	7
273	89
677	28
851	173
23	49
564	33
126	49
3904	144
1138	63
1020	124
96	33
1053	90
272	184
2070	117
1344	32
1740	206
1382	361
130	130
1632	50
223	86
627	9
22	387
88	107
131	35
257	196
2108	548
552	28
229	15
23	38
954	33
233	20
549	32
313	20
2829	233
270	231
549	156
635	6
600	125
1865	19
367	126
844	236
976	20
270	109
709	34
5003	39
567	136
1899	1
619	2
405	22
228	48
777	39
1587	102
1135	212
115	45
621	15
260	282
480	1
37	36
162	165
1006	19
516	29
2395	57
113	132
426	33
1196	32
433	111
396	122
809	32
1462	59
313	188
1381	23
621	174
222	75
351	506
995	33
659	4
500	10
677	23
630	482
165	35
35	430
185	112
1014	64
95	129
19	63
1080	49
321	467
501	153
728	61
112	73
1032	72
491	297
112	13
1697	175
2066	10
410	13
26	70
1542	157
786	10
1262	67
560	46
1248	52
24	51
926	152
348	12
337	161
1359	51
1325	34
1505	438
249	26
724	82
888	152
1270	206
1682	64
105	82
324	144
1198	52
595	15
919	61
1148	30
2041	48
481	36
25	44
188	11
34	393
112	28
105	2
803	166
261	10
821	319
1295	18
849	70
578	35
254	183
551	82
881	58
1436	92
961	81
639	73
1882	12
281	125
556	18
752	84
968	87
285	17
1905	57
838	128
1575	69
764	112
232	26
546	20
1649	60
237	78
241	350
1691	218
1056	124
968	65
206	351
3327	96
121	179
300	155
258	137
937	164
212	24
372	216
211	12
202	160
185	173
249	108
259	60
175	225
111	183
24	3
1120	36
1262	138
31	233
1494	95
91	10
387	179
455	57
2728	97
481	45
864	58
52	185
482	40
712	73
756	189
152	66
777	151
734	11
520	3
3448	25
460	48
425	85
563	128
371	17
1482	7
112	119
1042	302
527	146
164	180
1435	113
678	39
273	174
110	11
465	108
2260	12
432	28
314	75
676	56
23	40
521	16
25	11
478	294
559	19
52	363
842	98
162	6
1982	159
1722	65
1218	5
631	108
2189	65
421	38
446	99
400	53
2091	114
527	25
1146	305
552	147
1370	985
892	430
614	42
778	22
1064	112
184	72
134	25
138	170
1459	14
1242	224
1225	68
91	18
283	28
151	34
341	69
601	85
592	109
260	72
1393	70
290	111
387	230
1162	24
259	526
362	180
442	161
263	66
140	23
3038	104
3760	126
1099	47
344	22
989	366
128	1
150	218
107	21
928	119
140	261
158	8
1442	216
615	127
3090	63
169	271
338	125
4423	58
154	92
684	34
401	37
495	110
506	76
2869	13
772	22
1109	87
1199	9
258	120
137	26
155	87
431	84
33	22
835	9
2193	32
1903	139
797	9
124	81
603	196
128	82
97	118
1382	5
175	17
542	195
1919	36
619	16
1868	118
423	64
191	93
1261	161
38	1
415	17
1359	75
212	71
310	63
2101	49
154	45
798	135
569	359
2363	2
1664	56
3224	45
569	38
1299	12
1611	52
914	245
1285	8
858	106
582	260
588	53
111	1
172	50
163	15
384	109
1510	16
26	22
2719	25
663	203
535	7
1354	214
165	14
137	60
908	350
1032	81
630	37
964	195
1798	111
986	39
2842	154
312	9
1132	199
2364	171
709	53
929	172
1915	2
140	144
3298	4
42	125
1336	119
218	6
1960	3
598	48
476	2
309	78
282	20
192	75
314	76
764	115
686	250
638	110
306	312
1799	133
108	34
765	92
706	44
340	183
977	43
26	146
465	126
2302	3
471	54
956	10
220	12
2133	94
453	89
1446	269
160	40
26	133
415	579
258	2
545	54
1340	32
3966	67
621	88
849	49
155	101
846	32
741	302
559	68
1346	6
619	4
1029	30
285	50
210	172
692	131
26	327
1043	60
74	73
3716	428
241	157
439	142
881	89
920	136
31	67
315	90
215	143
286	68
342	249
1349	5
211	48
26	50
676	59
123	23
1774	77
33	119
422	343
202	54
641	34
1605	74
2708	106
686	29
723	96
308	24
2472	18
1170	101
2418	119
1746	146
1670	49
1041	47
1179	145
513	13
2195	12
656	66
182	127
37	2
199	18
996	33
317	10
273	128
581	54
854	228
1027	19
372	50
939	454
124	22
768	150
417	141
2624	54
22	152
211	198
209	30
1714	6
1035	64
759	13
594	18
172	90
339	39
134	40
114	122
1514	88
1067	10
184	61
363	25
464	25
483	17
99	238
1632	64
399	110
734	331
1405	249
173	187
902	114
387	67
134	5
1371	364
127	63
3394	35
118	109
1914	170
724	39
98	104
125	70
35	66
295	39
3006	229
2357	100
2374	27
1244	3
1591	18
1399	102
1032	126
454	9
608	97
107	62
2956	126
583	130
568	33
218	213
253	77
1311	188
696	98
41	114
581	30
246	199
656	296
922	28
489	19
1111	5
1461	1
310	137
1397	19
1626	264
900	267
133	11
507	32
786	161
788	19
3920	154
2390	30
2176	9
235	17
125	59
105	75
1022	231
100	1
1956	75
674	44
142	4
684	98
1231	32
889	32
226	1
1166	99
1465	218
710	101
1475	35
333	23
592	67
1098	29
149	20
104	67
651	4
2702	55
915	1
1594	218
1371	240
1049	12
316	63
3371	64
1335	152
260	78
403	1
1111	95
52	111
2712	55
3498	115
2879	137
102	80
146	140
893	70
346	1
162	5
417	51
3930	210
837	49
100	2
612	42
439	5
103	26
114	20
807	86
943	79
360	31
212	174
1828	171
376	161
924	55
329	111
979	142
1828	86
27	71
231	320
1641	13
1133	25
115	91
204	59
211	29
1631	73
799	59
509	107
1028	293
476	29
465	24
1123	168
305	240
514	77
1176	60
362	52
1009	9
422	12
210	19
113	243
887	55
768	25
1126	90
40	475
172	60
4077	244
416	29
823	47
1155	32
53	77
136	16
1140	101
717	126
313	129
904	49
671	33
4452	245
4188	31
759	92
125	8
251	122
1020	6
1563	16
275	47
344	3
2054	18
798	54
379	188
460	191
131	103
204	79
2363	8
110	143
509	206
331	227
417	261
1638	127
1487	180
1243	61
500	24
374	50
671	99
1285	99
2386	11
673	14
1096	50
2101	80
1367	33
344	55
362	123
862	33
183	635
145	208
510	39
605	120
795	50
46	78
215	114
2381	99
472	29
1276	128
1967	138
40	65
185	8
644	43
267	321
257	21
99	40
615	382
316	351
5891	44
1515	64
282	41
3286	2
234	11
184	329
297	24
1243	71
1881	27
1703	70
996	88
964	63
110	62
705	3
464	216
136	85
209	95
570	29
772	77
729	21
534	20
296	14
241	94
954	160
227	46
25	40
1244	228
531	57
23	99
163	217
915	91
232	12
186	56
2467	85
280	146
949	36
141	149
873	339
444	105
684	171
696	68
213	9
1127	30
418	85
1021	196
300	348
1895	29
97	21
1660	87
119	7
438	167
888	201
483	82
570	23
860	287
4177	251
29	151
1251	13
1352	67
597	40
1409	66
1976	101
1359	18
114	284
2368	108
114	41
2191	34
332	84
443	163
296	1
997	74
108	11
112	67
2576	5
593	68
1046	37
730	2
1449	115
156	3
5270	403
301	201
1045	12
995	109
3341	98
660	122
241	219
255	175
771	41
850	179
2996	15
396	1
215	62
1942	19
1662	41
402	41
656	174
560	42
693	31
396	42
158	1
1549	73
449	15
844	10
107	147
128	124
251	29
317	21
395	13
997	184
419	127
72	123
905	79
1136	152
1705	27
1424	159
938	32
476	34
216	71
26	150
1100	86
1574	11
1326	129
662	260
167	34
2414	40
1236	45
313	132
1817	45
731	20
1201	115
690	551
394	7
24	21
806	24
28	260
819	16
2435	260
1278	58
1336	59
176	23
1354	157
2875	200
2536	405
43	97
601	77
707	83
720	49
2079	465
164	60
141	10
537	185
100	301
2835	160
953	65
28	133
1056	7
408	70
185	111
100	6
348	124
110	248
548	96
1005	42
430	52
153	66
736	42
629	25
1229	84
530	14
213	107
807	130
448	142
833	57
995	5
1621	21
367	80
2335	484
118	31
167	2
1517	71
2023	8
3284	233
376	20
1907	150
1015	70
980	70
564	199
2442	163
990	34
1096	285
3355	63
748	35
53	26
91	72
53	76
1109	62
1006	58
4598	112
191	224
27	4
448	55
2187	77
829	138
977	4
1197	220
1545	2
34	320
735	19
705	5
2864	20
308	2
1075	146
210	67
1105	190
584	155
3158	147
43	347
1706	52
820	119
37	44
1175	96
731	125
738	95
2262	102
300	83
918	376
358	35
1925	121
572	15
500	134
2464	18
1055	68
673	2
139	107
3942	3
41	103
235	49
28	185
1223	109
1026	108
898	5
491	163
3735	59
960	30
718	15
1471	7
1098	42
1731	384
930	102
1542	57
1919	187
187	441
549	78
558	68
374	192
451	227
777	137
1278	131
1540	230
419	182
25	15
1276	227
652	29
1307	82
655	138
366	211
874	19
1638	24
196	146
1461	65
255	75
622	87
125	352
243	85
1100	12
24	21
1328	24
347	54
304	4
1396	314
202	34
1461	90
1711	112
385	16
23	23
216	180
219	129
31	5
2507	67
768	82
814	106
334	63
2075	46
311	56
196	14
400	51
762	254
311	28
1721	240
953	10
1161	134
482	22
91	41
444	230
861	12
2446	39
474	16
2728	64
1355	15
536	39
798	204
37	168
302	230
612	77
406	31
282	12
1857	112
166	124
354	356
31	73
688	16
319	6
602	39
1054	239
197	79
2076	183
768	61
1173	126
1512	20
2282	17
1169	15
344	41
904	284
803	214
810	10
1641	72
2102	10
525	20
55	76
1008	181
439	83
1102	83
427	71
867	96
126	51
574	333
1077	188
26	10
1347	40
931	81
1344	89
312	67
466	182
2543	25
997	444
650	4
60	4
687	190
556	129
589	82
419	10
1345	16
2346	4
809	161
167	170
632	81
3124	49
941	15
1085	107
260	2
822	44
240	4
680	14
522	28
759	111
3640	100
239	2
1472	479
164	29
303	88
606	21
932	40
2883	208
51	401
178	54
2237	233
3565	50
667	81
1108	275
1276	171
1228	60
225	203
426	81
1147	434
107	3
601	38
1191	11
411	246
769	49
1570	58
781	48
428	7
250	87
1103	83
111	92
254	151
469	193
3048	66
358	273
192	38
226	41
1446	10
1134	68
75	166
190	8
457	170
1193	81
26	57
888	369
391	114
266	214
1371	99
1382	90
3217	38
227	75
889	177
897	109
996	25
421	79
137	85
460	18
50	41
575	36
695	212
2107	55
1783	42
533	43
131	138
1376	116
1834	175
528	151
1312	94
232	114
1050	7
660	159
542	267
295	96
814	44
26	163
818	31
2034	72
843	38
711	32
61	196
1469	57
453	139
241	8
486	84
175	131
860	11
1202	272
1067	127
2361	6
177	168
477	13
234	65
2696	58
42	223
95	102
1623	38
180	58
3171	10
278	476
554	410
334	51
255	24
663	45
331	73
508	39
923	197
210	150
1862	206
1858	48
714	9
443	37
114	3
1243	59
216	18
1456	85
592	36
339	8
131	75
2156	138
2373	65
1207	101
576	114
348	9
110	14
1172	109
1673	4
280	91
479	39
171	64
2055	20
55	188
732	48
224	117
2342	188
811	99
347	111
263	30
731	78
356	15
257	41
1472	20
35	184
3716	68
561	64
701	53
96	14
880	58
350	57
1999	262
25	37
305	305
862	123
128	6
589	47
1336	29
564	393
1232	215
1052	27
148	98
467	7
1799	40
1134	197
1424	27
369	36
388	31
95	44
550	9
761	154
1500	50
718	36
676	124
613	43
1931	236
1706	73
442	5
959	51
383	221
244	12
1826	10
310	159
206	218
912	173
177	90
691	8
206	37
1272	313
286	116
836	12
1252	30
915	157
302	58
234	106
1204	204
222	146
1161	82
1740	22
1620	10
167	4
852	105
1259	21
2727	6
353	111
1403	39
1023	80
164	169
463	25
197	259
766	24
194	111
625	157
2638	21
513	100
355	99
1913	213
253	47
1896	78
1203	357
1410	297
423	31
1239	48
1373	303
2071	21
343	18
592	38
365	51
32	16
150	142
2068	44
1296	28
3413	159
1108	85
311	96
815	121
684	15
417	76
993	73
103	41
34	2
357	45
876	106
1704	55
1419	161
782	17
765	129
806	71
157	181
896	55
1128	85
696	23
53	9
621	176
633	11
927	386
143	32
1385	21
807	49
941	171
1098	28
228	103
417	372
31	13
2098	13
1584	12
325	69
546	150
110	382
97	100
1164	29
2237	414
1304	334
1035	227
284	15
1507	42
327	5
401	110
640	169
222	104
2125	9
592	13
31	33
782	313
335	167
2128	105
1148	58
147	2
556	85
2728	107
1117	92
391	39
226	220
361	1
1501	11
248	291
5372	9
358	38
1734	50
284	34
444	163
250	35
1494	38
2226	220
4811	22
723	7
967	84
129	161
969	50
1333	60
341	74
436	58
1035	15
760	278
868	65
1378	2
227	108
111	115
226	8
529	223
130	229
110	42
516	122
174	15
867	164
1341	50
100	12
526	21
703	4
242	19
52	92
191	85
1001	121
280	99
736	191
1090	19
693	61
97	165
4575	160
694	28
2651	16
1012	26
1081	44
171	24
349	145
2803	67
839	196
997	53
1011	24
154	25
609	164
25	6
143	553
271	200
385	221
879	182
219	19
34	94
319	4
233	104
148	99
725	48
3548	103
173	338
911	6
289	422
1151	172
1103	9
266	12
1321	16
260	39
1037	215
44	81
429	72
209	18
1191	75
345	226
827	27
1088	66
356	48
2569	100
266	33
960	39
176	61
1619	21
1665	67
328	169
898	53
707	21
641	104
350	114
947	23
479	119
1050	51
451	31
326	299
2327	329
873	52
2100	154
159	56
983	128
24	2
214	177
132	8
1222	8
414	378
601	116
446	34
841	95
425	183
327	2
591	34
913	45
1660	41
977	118
1012	353
368	170
39	10
4116	45
672	123
1660	44
118	185
230	31
712	25
2059	26
1759	29
370	45
198	55
1381	118
1724	70
710	23
1253	3
641	49
45	7
318	24
463	78
1175	24
594	35
763	215
40	303
2615	68
203	346
110	37
1532	41
877	163
131	155
1000	86
238	16
897	42
209	139
2073	9
1107	239
569	319
409	81
1790	173
259	97
643	28
1203	103
1633	13
1023	12
302	17
1870	66
1671	150
1099	87
843	214
966	157
250	145
396	62
416	49
939	94
3964	185
2215	67
1305	53
119	182
618	36
450	18
167	46
1642	51
2012	333
379	6
333	135
1370	197
2276	52
160	10
3352	88
262	127
115	43
1157	5
52	20
2517	108
313	54
1057	58
156	107
515	45
1302	251
2907	198
565	361
418	116
347	67
479	157
180	12
145	18
482	182
607	31
1041	35
174	43
1254	89
2556	64
934	64
965	73
1914	287
328	27
1541	90
433	383
257	72
896	447
729	162
148	209
188	22
712	85
208	36
1051	83
1794	62
1072	13
216	404
136	313
286	115
449	161
27	102
303	17
341	18
3024	60
1501	14
1618	5
2447	182
55	24
1652	64
101	504
466	65
977	8
2416	112
1597	93
376	69
147	38
593	13
692	228
129	51
348	55
295	188
161	140
963	1
131	35
1189	137
412	142
1869	58
262	321
440	69
651	175
502	260
149	390
362	206
567	15
212	53
729	87
237	126
205	49
399	34
120	10
1117	118
459	77
419	7
1308	151
779	160
170	240
24	49
869	156
367	99
403	25
601	29
272	147
316	105
22	7
592	34
127	103
182	55
714	322
286	61
25	23
800	106
528	223
415	22
1196	61
289	46
289	18
2690	21
893	57
529	6
844	73
552	54
756	29
986	200
1251	167
1021	75
869	90
582	35
560	231
815	20
265	28
1578	25
932	8
2204	72
105	43
2602	147
659	100
547	71
26	178
752	2
189	39
1291	374
496	4
594	49
1086	290
529	22
26	153
195	14
281	42
1410	13
241	51
1486	73
777	176
443	17
695	84
573	43
2103	78
823	304
645	91
1926	22
630	88
255	26
624	66
24	66
169	41
25	138
228	69
3666	184
551	161
284	231
2493	123
52	1
267	7
444	28
556	293
798	86
803	56
929	20
26	128
150	410
2400	17
634	8
927	6
500	111
587	21
235	98
119	77
300	12
303	290
100	32
166	117
1434	97
1898	82
977	250
987	106
283	148
187	3
461	32
2127	3
1498	182
453	73
2102	16
598	254
288	106
452	61
178	15
523	82
207	98
899	47
1367	149
249	131
188	44
1176	217
592	109
817	167
3327	92
451	57
241	138
587	255
802	155
2174	15
522	27
475	218
2071	52
212	142
635	46
1450	51
646	18
831	157
402	113
504	47
225	6
890	23
1062	78
614	4
562	208
623	20
99	110
688	89
2012	6
1308	15
2121	163
527	131
802	52
224	68
104	164
551	96
660	73
1028	142
520	102
1025	79
99	51
366	186
25	158
1080	32
25	71
569	73
789	104
508	11
2400	18
1920	39
833	29
307	208
1200	51
1714	1
636	8
1612	68
159	114
99	200
376	451
100	92
254	14
1593	25
26	206
1592	26
357	91
911	9
1391	111
214	260
107	123
501	47
911	107
364	27
315	30
103	188
161	94
1650	157
27	7
140	30
713	201
118	99
474	55
142	226
2395	65
849	126
27	131
706	189
374	414
304	147
654	9
1180	39
1574	7
139	16
1039	418
1049	48
645	39
291	139
583	58
49	32
402	383
1907	29
699	38
25	85
523	138
609	80
349	225
357	127
554	127
149	18
1402	90
189	55
37	63
787	207
1185	98
275	131
769	261
250	44
628	138
340	20
381	102
254	40
279	10
192	130
2353	119
488	28
1223	18
247	125
1313	115
639	16
458	144
309	10
438	52
133	36
489	130
219	409
1700	31
800	182
1144	50
3572	18
24	95
1118	113
1102	24
32	109
250	92
32	320
2154	27
3490	38
33	214
580	91
174	114
150	113
1930	24
1197	3
99	10
797	548
1870	77
561	46
1371	278
1102	21
362	29
167	43
574	112
27	16
111	33
26	57
347	6
25	15
494	48
996	306
450	15
512	34
1743	66
188	81
114	62
810	13
143	217
1482	28
315	31
50	7
317	152
131	88
804	34
452	153
651	5
613	124
911	14
337	70
705	180
655	223
165	39
223	89
255	80
145	58
154	16
4106	188
1637	40
338	49
1070	120
346	91
448	4
25	93
316	74
416	88
114	2
1570	430
771	43
607	515
482	161
1009	171
409	142
1833	50
1240	83
682	10
129	78
462	267
1878	43
756	248
952	43
53	51
124	58
685	99
114	37
522	172
419	9
42	96
1144	260
2313	101
948	146
509	48
1085	131
2490	357
285	7
1685	88
1331	33
732	49
1210	19
640	258
1142	125
26	4
1996	22
553	135
575	144
359	133
751	95
189	40
545	152
132	127
405	202
176	183
1033	171
875	226
1539	128
1041	146
52	65
943	182
54	22
829	107
374	163
335	38
476	58
220	80
1934	205
2592	21
222	191
1487	40
461	555
1118	54
159	103
359	111
122	36
500	118
520	149
361	259
342	1
771	92
3282	264
270	33
121	57
1487	104
458	155
318	16
1574	120
27	23
938	43
1443	17
260	495
560	85
1039	38
369	38
523	89
958	355
734	90
344	120
167	46
129	222
101	114
428	111
1588	26
122	97
346	53
1515	24
1119	12
771	59
113	9
951	22
181	56
1333	55
32	64
1059	46
830	188
485	8
697	5
1058	30
100	36
406	142
443	31
561	94
1137	2
351	17
2015	71
818	51
404	250
402	82
336	128
983	248
33	146
1136	124
410	185
630	78
419	44
1382	53
309	27
376	115
924	152
428	19
116	67
455	51
2610	43
102	14
1038	112
161	36
175	133
1310	301
2779	72
473	10
546	26
446	171
1284	16
953	16
1070	205
385	172
4774	157
867	31
128	9
597	38
378	216
272	125
956	35
496	37
642	122
2597	11
318	28
735	97
2035	86
1292	283
230	74
1645	3
355	94
316	58
1597	61
566	226
567	43
137	29
142	104
2858	10
99	97
25	17
127	227
1562	103
948	64
1066	2
353	32
1186	28
1651	117
1395	148
103	45
466	114
328	6
892	188
37	15
2684	337
1650	4
241	41
268	183
702	64
1102	74
4133	33
1329	51
99	36
1442	39
206	40
924	35
899	7
970	42
334	126
884	51
2664	65
411	54
800	62
54	55
690	38
2887	12
478	28
568	11
531	44
370	38
1060	67
735	43
118	154
732	30
130	38
898	154
1520	259
3101	159
1039	147
903	56
785	29
962	8
241	5
2651	145
134	87
150	9
1067	67
674	183
1177	57
149	105
491	129
323	146
745	314
273	31
199	73
838	76
220	16
628	10
219	1
364	446
438	1
23	5
1977	101
130	214
1010	15
729	9
742	8
1932	45
882	280
1108	44
115	46
2476	40
849	291
27	192
311	260
118	23
442	71
101	216
319	15
195	8
527	81
469	149
718	171
674	15
2507	115
359	153
2071	233
467	49
395	63
414	54
425	136
648	56
1051	28
1290	12
994	20
170	51
42	54
654	42
2363	95
635	52
135	126
2331	4
669	30
240	76
536	54
124	61
525	3
830	60
36	41
642	116
384	32
885	15
1007	181
243	25
544	26
1306	37
505	40
580	52
816	258
243	35
254	513
197	37
180	7
351	27
219	19
110	212
962	221
1609	133
122	107
395	20
979	57
645	218
1924	306
1154	13
669	166
26	73
777	79
1166	109
486	6
486	93
136	21
464	3
795	9
425	173
1574	9
2492	4
716	88
1476	97
605	138
109	62
1047	10
1134	32
274	64
532	14
1433	86
28	29
259	40
34	183
126	134
1953	101
2804	114
1570	87
662	117
55	93
356	185
208	6
616	291
502	266
317	123
1710	135
638	195
139	46
480	61
479	353
839	178
119	351
1298	96
1116	184
1386	93
197	94
4052	41
364	36
114	137
1303	63
1134	133
433	21
1366	29
334	38
159	281
24	56
1566	43
1792	170
1053	69
560	25
570	143
45	103
1337	355
694	7
1146	178
366	2
2138	454
245	56
495	67
281	14
334	11
1032	43
4717	51
361	2
1045	360
272	188
1226	138
1649	9
1278	134
1033	26
566	86
203	36
148	15
2060	1
272	74
1268	46
143	248
78	280
551	28
288	15
564	34
5268	111
1129	106
237	59
991	137
1138	43
283	18
841	277
1063	102
241	97
1366	117
263	18
431	10
495	1
2228	57
397	82
289	33
776	21
178	293
992	173
619	33
3649	10
172	69
153	95
2731	20
1830	334
1599	70
32	44
232	76
1399	79
1902	113
283	9
522	49
2634	292
208	128
265	30
1285	183
282	44
876	42
2565	55
1715	92
3079	78
945	34
2216	427
757	202
2236	467
713	192
1581	205
1144	84
152	154
903	101
476	106
344	89
479	145
988	98
1498	69
1203	13
27	2
673	134
651	90
1759	103
1400	15
444	97
214	190
2002	21
871	97
1012	71
1956	165
1412	90
505	29
1123	101
4668	183
3342	92
339	35
503	162
303	31
1359	98
114	398
1050	12
1776	50
818	124
1174	104
1473	55
101	77
2635	27
840	201
839	1
327	118
41	62
330	33
193	38
3437	122
563	18
535	44
2052	21
271	37
636	27
2944	38
1027	27
105	237
1288	67
1544	102
28	59
488	43
445	57
923	55
25	36
1043	2
1230	38
218	46
92	137
438	84
440	67
581	29
1238	125
242	119
187	89
291	165
391	114
555	32
974	41
371	90
5357	45
1246	127
162	40
917	7
230	136
26	50
319	17
1254	103
1873	76
126	29
151	53
226	5
173	366
113	2
329	411
342	13
548	62
399	12
113	96
2187	59
1180	2
490	78
548	61
305	95
1527	112
238	24
1809	40
248	54
231	96
1342	9
56	41
224	10
885	92
2077	105
341	158
503	146
25	9
287	198
701	56
2708	54
313	56
1670	21
221	360
161	11
788	82
1287	339
307	91
167	127
26	115
190	34
714	79
392	1
594	63
1220	149
1910	208
244	109
909	24
193	40
2587	50
1220	232
547	42
1834	113
297	250
815	43
174	95
204	96
2285	192
516	26
2010	16
217	88
588	31
453	7
655	65
490	214
2361	42
131	38
59	17
1060	158
1254	42
764	485
562	24
333	113
175	18
1118	35
422	131
643	42
232	20
3090	58
244	48
57	324
418	15
247	21
2084	82
424	132
447	39
996	247
183	57
2812	68
1811	64
445	24
593	83
357	133
2173	97
101	64
361	148
360	12
633	13
744	130
2610	91
951	140
541	27
143	32
136	29
381	6
2306	35
500	290
543	236
37	40
209	124
608	189
681	279
564	130
709	19
2220	66
109	125
275	7
1115	47
686	54
1276	2
34	10
498	28
466	356
192	102
1211	82
273	74
2805	65
278	197
2035	35
449	27
149	4
990	216
146	921
2587	4
291	50
242	44
156	159
721	76
350	40
135	57
407	18
1061	224
560	128
34	87
800	91
140	277
176	191
1959	6
361	112
308	138
145	152
182	82
478	120
928	29
2076	203
800	40
362	105
1868	112
808	243
743	60
587	55
301	128
1731	51
1823	78
663	224
287	418
2097	118
435	44
745	78
716	322
34	7
2229	21
2075	66
1300	154
514	24
908	28
333	32
500	26
1012	52
445	138
410	36
927	68
135	180
910	181
2324	107
144	168
28	38
580	213
201	108
442	138
1135	17
587	189
675	3
1426	15
364	94
115	15
540	206
439	95
288	143
245	136
499	161
431	18
283	6
238	88
126	39
57	14
1807	167
226	236
710	97
1155	169
1324	15
504	256
120	220
2371	44
1411	55
101	11
214	23
182	24
208	6
373	86
2669	3
991	28
621	262
24	13
657	38
24	21
573	84
2092	8
639	312
164	285
810	37
2836	103
1299	87
1043	17
904	11
191	35
3339	98
842	28
1253	80
1957	45
1585	142
121	117
469	16
2209	23
151	96
602	47
141	45
23	62
95	14
189	68
1322	126
427	49
169	64
254	37
1131	68
541	34
182	110
1566	1
277	174
1169	128
628	232
191	50
283	25
161	20
641	49
433	14
765	78
131	7
690	289
553	131
384	84
322	224
353	69
461	471
400	235
1360	65
632	89
27	165
795	114
201	43
947	153
975	128
178	6
1744	22
539	45
102	48
204	23
394	51
206	17
28	106
147	9
103	366
367	3
522	48
1281	6
532	5
2731	105
766	52
139	21
355	86
2788	18
3660	86
608	56
783	30
1961	89
343	8
1234	429
840	54
236	26
244	565
128	49
1411	3
2605	12
621	13
117	147
717	69
1788	257
30	57
421	36
205	11
364	37
930	391
70	219
1786	135
449	119
506	218
558	9
1166	139
1940	27
314	26
686	90
241	114
602	95
1667	365
855	19
748	13
1442	76
654	71
58	256
790	79
198	157
502	66
424	110
381	71
742	13
25	352
621	44
26	47
410	77
476	184
886	9
278	31
123	211
806	17
649	80
42	3
114	35
1376	6
198	148
1433	151
40	136
1233	17
1962	214
136	68
645	60
315	15
3456	60
125	75
110	189
713	91
2298	49
442	12
1553	88
58	450
381	69
470	98
540	2
696	298
1060	350
1382	144
440	89
508	30
657	105
1911	4
557	27
139	28
983	70
381	830
310	56
617	38
261	77
279	98
23	57
296	443
888	47
937	48
257	116
220	67
1093	2
142	39
2200	8
36	71
2232	143
327	4
1028	18
182	68
1358	9
306	105
532	131
1073	22
837	8
411	158
1955	208
725	150
1678	164
43	40
1240	58
368	1
647	116
26	9
468	71
588	19
2306	134
1078	53
1580	202
2440	126
865	75
246	45
843	169
387	82
276	42
1126	279
274	106
57	10
798	46
173	98
240	26
49	38
749	160
511	1
371	258
122	111
277	12
947	110
1146	14
673	17
149	72
1361	160
27	31
429	124
409	112
462	15
40	50
1081	15
246	37
371	203
1126	112
414	212
2079	163
1043	64
190	306
596	80
2009	25
5223	68
1372	218
580	27
163	56
398	212
540	278
117	82
245	40
2075	294
568	72
289	312
174	43
761	61
693	44
3252	122
770	87
134	73
125	173
3556	44
102	14
530	16
2035	82
122	8
408	7
1066	9
1580	72
413	83
736	18
340	90
399	83
2400	63
330	97
203	58
1055	52
194	299
780	7
323	97
1094	120
1992	6
131	8
613	29
388	168
442	122
374	438
2014	78
771	262
2725	123
27	196
335	172
539	54
425	19
365	20
1482	210
540	59
571	61
1160	12
909	14
1462	77
1911	48
1175	48
627	105
208	61
4344	27
27	77
275	37
177	155
144	199
536	282
384	54
701	24
1733	48
2502	227
4032	111
609	230
1552	26
1511	271
720	218
2034	39
332	8
278	35
1854	69
379	184
347	125
276	262
23	56
962	190
420	194
102	13
145	16
1793	59
1468	109
537	111
813	12
624	51
2111	128
58	89
635	19
700	87
575	237
258	121
2078	114
285	65
25	182
142	146
697	258
1066	105
594	91
36	33
941	17
690	2
773	17
1333	18
135	152
241	38
5332	77
318	69
1151	83
1156	179
429	409
773	39
332	41
707	22
117	27
225	14
1604	50
2324	43
2005	8
470	204
1505	101
1255	32
1875	60
57	16
292	43
43	83
550	209
731	2
415	35
37	3
413	97
1286	7
1217	26
975	18
1026	159
386	135
675	129
1110	95
804	205
792	64
894	206
1159	246
1872	6
131	60
1582	378
1616	19
684	394
454	58
1777	13
1641	55
439	77
443	288
606	32
774	11
39	76
1442	404
548	115
671	191
1099	212
1045	153
403	20
393	72
337	327
713	5
1175	106
40	11
2280	51
152	1
779	122
1350	148
750	275
1324	147
476	77
655	79
1309	206
653	270
189	25
880	109
1624	19
710	449
3194	131
534	16
1538	295
301	42
644	163
2057	146
394	42
331	151
2395	120
258	130
291	56
1408	49
1332	14
801	99
611	139
761	47
2194	643
307	169
127	12
306	2
215	194
1032	208
594	61
1625	31
512	140
1274	24
2443	171
1144	100
642	229
1046	242
1730	34
168	23
250	34
83	140
169	69
1200	108
1192	26
683	53
581	1
1775	18
103	48
2462	55
407	71
121	4
171	69
407	89
350	55
1137	176
386	11
2028	12
429	25
711	106
483	216
116	4
479	155
1911	75
907	66
24	74
1622	109
370	99
2238	51
1300	293
279	83
1851	70
870	99
2237	49
46	106
1816	1
773	38
260	30
518	69
2523	49
1374	96
1131	229
2499	145
898	70
1461	33
704	160
1549	328
935	34
660	203
1009	9
186	104
240	1
730	7
1268	38
2186	45
998	359
59	95
270	29
1734	62
1933	156
1054	90
546	97
662	65
1675	308
1077	8
253	35
2101	70
1847	2
453	103
210	62
37	28
354	9
1166	257
15	157
1750	197
316	43
2786	183
2396	80
818	1
440	1
624	11
111	21
617	32
311	143
112	118
50	50
208	35
817	38
1516	36
18	10
1092	26
609	59
331	289
39	156
856	248
588	1
1717	61
267	46
1759	187
533	84
398	58
50	81
887	50
1309	31
109	65
1239	24
385	102
220	294
723	93
935	20
1430	29
144	203
2557	30
514	89
240	142
2566	14
1218	178
157	226
1019	110
1410	449
397	151
517	1
311	198
680	75
1028	208
704	134
893	61
327	190
150	8
735	114
1320	54
721	132
128	12
912	117
179	266
1825	703
274	106
826	91
308	18
693	197
3182	88
122	143
1692	15
715	228
242	82
455	236
144	227
1107	69
108	32
27	249
1362	79
1364	31
372	478
1518	56
24	47
336	111
2359	277
589	105
1257	60
205	97
327	166
465	540
1326	79
694	8
1454	13
746	37
1276	16
113	263
254	4
949	18
42	46
969	45
368	289
1813	25
181	83
822	7
530	1
1242	12
416	39
1869	218
655	106
381	12
884	135
928	35
750	20
382	229
481	227
255	63
444	6
2708	95
324	245
190	90
188	95
79	140
462	112
449	65
254	262
152	99
174	71
315	22
32	2
1147	5
691	187
732	9
155	54
244	38
180	190
755	12
429	136
29	448
1204	101
796	311
4669	62
1082	38
261	74
665	329
421	73
2133	86
125	9
622	151
1278	216
118	18
201	4
472	8
1259	110
120	11
2541	44
955	139
877	105
295	92
1103	195
469	57
811	94
648	21
1668	59
205	24
119	184
339	196
578	24
632	45
4341	133
2915	11
2144	140
2243	82
677	25
251	16
406	28
958	48
348	65
272	53
104	30
661	76
1270	13
546	199
169	63
300	49
207	45
1342	137
269	153
111	213
627	69
48	21
1188	227
580	190
245	25
583	42
1883	224
558	82
530	52
1685	132
139	20
279	221
623	73
1360	13
468	15
3069	50
433	153
1030	61
169	59
281	19
479	9
123	108
1497	27
116	129
229	1
816	54
200	109
167	34
312	128
1770	34
2690	78
487	35
879	29
1220	116
688	1
1111	46
1117	22
1023	55
1414	99
477	82
310	74
807	126
3594	6
1173	46
352	362
24	7
297	16
166	165
439	164
907	387
1369	25
1150	79
976	37
377	65
794	266
629	173
344	170
124	76
2013	252
619	180
105	15
458	60
586	125
362	43
315	13
875	67
557	12
35	7
667	60
216	92
426	124
489	203
162	34
24	49
2087	230
568	47
432	5
861	35
541	95
795	268
299	402
1566	95
204	154
347	62
940	37
321	80
258	47
1358	45
513	245
772	79
303	47
454	86
1801	67
664	56
129	119
113	252
110	167
63	341
2759	53
971	30
532	36
1074	144
2463	39
3197	45
40	41
491	175
699	79
2705	248
127	6
787	62
1572	68
2277	175
266	294
50	78
203	258
935	9
683	16
1196	45
60	18
280	43
1704	152
164	97
261	69
786	24
416	534
139	24
743	204
27	154
126	103
1595	61
120	200
1664	66
1840	33
1175	24
1128	33
571	153
415	152
111	39
675	40
185	139
1231	273
725	6
600	84
159	333
115	111
816	46
901	306
419	69
3130	55
3102	154
2256	5
507	170
521	13
333	73
61	84
317	41
177	50
148	18
911	94
322	15
145	43
73	46
644	21
717	7
4060	27
1117	109
234	213
133	12
756	211
1235	123
1064	126
355	13
970	14
1990	12
536	27
1523	223
570	39
863	7
1724	28
1897	288
247	3
257	210
105	52
277	45
552	139
132	264
1247	40
756	178
663	452
199	34
290	398
2201	112
1297	153
138	51
134	141
903	35
295	16
927	32
24	94
437	132
691	28
1238	16
176	39
1518	11
261	69
246	5
116	265
213	182
4033	29
444	62
525	77
1198	224
207	83
1977	69
1638	16
24	55
247	44
295	41
216	2
670	235
683	35
480	10
140	9
431	88
1219	8
677	100
1454	79
964	102
39	164
1895	318
515	446
152	76
394	50
204	18
257	122
388	47
203	5
580	354
3660	132
186	67
581	92
497	97
48	146
419	50
1212	15
1637	30
645	145
1076	36
147	8
1277	120
613	209
51	159
1269	42
223	25
1119	39
131	103
2721	53
24	9
437	9
598	69
171	151
697	212
123	54
1971	94
594	22
386	50
402	185
1524	468
2220	74
331	1
942	148
1274	163
245	191
481	31
649	13
1072	49
816	91
693	103
116	52
1895	255
807	41
909	38
479	17
1556	95
446	111
174	169
2348	22
326	81
553	130
327	3
138	112
64	152
603	387
135	28
901	32
1834	36
2179	3
488	14
281	35
2233	173
1327	71
1218	253
959	62
634	44
875	66
253	58
1424	61
47	93
112	49
3343	150
142	73
1656	5
774	77
1150	92
42	88
734	123
129	9
51	218
425	22
3698	75
3467	90
318	124
673	134
1488	105
122	83
1076	45
228	147
1691	35
685	41
612	204
1566	57
116	48
1042	13
159	21
162	144
642	73
109	150
196	145
311	187
172	27
686	84
712	5
391	82
449	297
847	1
2274	267
612	63
1141	17
164	38
1033	10
791	3
1349	116
132	24
146	33
224	95
704	96
1780	109
84	112
2206	272
2121	206
1075	176
331	2
2634	48
741	151
1367	13
2771	103
323	50
1214	292
426	32
2164	2
1171	302
125	21
869	162
25	21
26	21
271	119
212	4
169	5
1136	109
1227	113
352	4
154	23
409	8
129	316
980	53
235	57
566	136
1196	247
922	176
109	213
471	143
3408	59
562	86
570	33
262	65
422	89
692	22
296	19
378	35
401	26
470	101
235	52
956	19
1573	54
1032	59
24	53
869	129
2312	136
73	141
369	30
1100	19
853	154
228	15
896	155
1334	52
61	44
173	5
489	116
1085	34
1148	62
480	77
953	87
594	111
224	110
640	194
989	77
787	38
1128	157
534	82
1093	6
1251	43
272	434
615	29
312	217
1560	64
3794	157
1126	167
1353	46
1185	22
1084	85
114	233
2445	10
955	145
2330	156
288	194
266	93
1841	385
1720	66
1497	41
301	106
776	87
1401	158
2189	58
225	432
2183	317
1467	38
928	26
732	2
1136	622
148	178
864	48
456	97
1020	187
315	7
66	361
726	91
227	17
135	53
896	56
201	24
1416	33
2061	228
41	153
278	103
1456	101
