0	100
1279	100
51	100
40	100
38	100
863	100
220	100
36	100
32	100
31	100
1573	100
192	100
117	100
110	100
112	100
1648	100
119	100
210	100
88	100
419	100
1564	100
155	100
114	100
110	100
109	100
1647	100
116	100
110	100
124	100
112	100
1654	100
128	100
111	100
110	100
109	100
1643	100
116	100
111	100
109	100
109	100
1656	100
126	100
109	100
109	100
109	100
1646	100
123	100
110	100
115	100
112	100
1644	100
120	100
116	100
111	100
109	100
1641	100
120	100
192	100
64	100
68	100
1580	100
58	100
34	100
31	100
31	100
1720	100
59	100
34	100
32	100
31	100
1615	100
69	100
41	100
38	100
37	100
1594	100
68	100
41	100
39	100
38	100
1605	100
70	100
41	100
38	100
37	100
1585	100
57	100
35	100
31	100
31	100
1614	100
57	100
34	100
32	100
31	100
1585	100
56	100
34	100
32	100
31	100
1583	100
56	100
34	100
65	100
44	100
1566	100
59	100
34	100
32	100
31	100
1572	100
201	100
57	100
34	100
31	100
1587	100
58	100
34	100
32	100
31	100
1587	100
58	100
34	100
32	100
31	100
1596	100
58	100
34	100
31	100
30	100
1771	100
55	100
33	100
32	100
31	100
1417	100
78	100
34	100
32	100
31	100
1611	100
57	100
34	100
31	100
31	100
1587	100
56	100
34	100
31	100
30	100
1586	100
57	100
34	100
31	100
30	100
1591	100
57	100
34	100
32	100
30	100
1597	100
59	100
34	100
31	100
31	100
1595	100
57	100
34	100
31	100
31	100
1588	100
58	100
34	100
31	100
30	100
1601	100
57	100
34	100
32	100
31	100
1595	100
57	100
35	100
35	100
31	100
1607	100
57	100
33	100
32	100
30	100
1591	100
57	100
34	100
32	100
31	100
1595	100
58	100
33	100
31	100
30	100
1584	100
57	100
34	100
152	100
38	100
1477	100
59	100
34	100
31	100
31	100
1668	100
57	100
34	100
31	100
31	100
1500	100
79	100
34	100
31	100
31	100
1622	100
56	100
38	100
82	100
32	100
1536	100
56	100
33	100
31	100
31	100
1578	100
58	100
33	100
31	100
157	100
1471	100
56	100
34	100
31	100
31	100
1584	100
58	100
34	100
31	100
37	100
1579	100
56	100
34	100
31	100
31	100
1588	100
58	100
34	100
31	100
30	100
1585	100
56	100
34	100
32	100
31	100
1596	100
64	100
41	100
38	100
31	100
1569	100
58	100
34	100
32	100
31	100
1589	100
55	100
34	100
32	100
31	100
1559	100
61	100
34	100
32	100
51	100
1567	100
57	100
34	100
31	100
31	100
1605	100
58	100
34	100
32	100
31	100
1589	100
56	100
34	100
32	100
31	100
1581	100
69	100
35	100
32	100
31	100
1569	100
57	100
34	100
31	100
31	100
1609	100
70	100
128	100
93	100
49	100
1605	100
56	100
34	100
32	100
31	100
1580	100
56	100
34	100
36	100
31	100
1595	100
58	100
34	100
31	100
30	100
1581	100
57	100
34	100
32	100
31	100
1577	100
58	100
33	100
31	100
41	100
1580	100
56	100
33	100
31	100
61	100
1627	100
89	100
44	100
39	100
37	100
1619	100
68	100
80	100
40	100
38	100
1555	100
57	100
33	100
31	100
30	100
1584	100
57	100
34	100
32	100
31	100
1583	100
56	100
34	100
31	100
31	100
1595	100
58	100
35	100
31	100
31	100
1588	100
57	100
34	100
32	100
31	100
1594	100
58	100
34	100
32	100
31	100
1580	100
56	100
43	100
33	100
31	100
1585	100
57	100
34	100
32	100
31	100
1581	100
58	100
34	100
31	100
30	100
1600	100
57	100
34	100
32	100
31	100
1593	100
57	100
33	100
31	100
31	100
1587	100
58	100
87	100
83	100
63	100
1684	100
79	100
46	100
37	100
48	100
1668	100
100	100
64	100
60	100
57	100
1653	100
136	100
53	100
47	100
44	100
1614	100
96	100
63	100
59	100
134	100
1546	100
81	100
60	100
81	100
76	100
1750	100
185	100
37	100
32	100
32	100
1489	100
59	100
34	100
32	100
31	100
1595	100
57	100
34	100
31	100
31	100
1611	100
57	100
34	100
32	100
30	100
1578	100
58	100
34	100
31	100
31	100
1581	100
57	100
34	100
31	100
30	100
1590	100
58	100
33	100
31	100
31	100
1593	100
57	100
34	100
41	100
33	100
1607	100
59	100
34	100
31	100
31	100
1604	100
56	100
34	100
32	100
31	100
1584	100
60	100
66	100
34	100
31	100
1586	100
57	100
34	100
32	100
31	100
1590	100
64	100
34	100
31	100
31	100
1583	100
58	100
34	100
32	100
31	100
1552	100
57	100
34	100
53	100
31	100
1583	100
58	100
34	100
32	100
31	100
1589	100
58	100
34	100
32	100
31	100
1590	100
85	100
106	100
40	100
33	100
1564	100
57	100
10116	100
141	100
83	100
1639	100
78	100
43	100
39	100
38	100
1578	100
71	100
42	100
57	100
41	100
1530	100
59	100
34	100
32	100
31	100
1624	100
77	100
51	100
51	100
35	100
1537	100
61	100
34	100
32	100
31	100
1566	100
59	100
34	100
32	100
31	100
1565	100
59	100
34	100
31	100
31	100
1573	100
58	100
34	100
32	100
31	100
1564	100
61	100
34	100
32	100
31	100
1584	100
59	100
34	100
32	100
31	100
1594	100
59	100
34	100
32	100
31	100
1570	100
59	100
34	100
32	100
31	100
1558	100
57	100
34	100
31	100
30	100
1571	100
58	100
34	100
32	100
31	100
1562	100
57	100
34	100
32	100
31	100
1567	100
96	100
43	100
33	100
31	100
1619	100
60	100
34	100
32	100
30	100
1573	100
58	100
34	100
32	100
31	100
1546	100
90	100
36	100
32	100
31	100
1545	100
57	100
34	100
31	100
31	100
1573	100
64	100
34	100
32	100
30	100
1560	100
57	100
34	100
31	100
31	100
1571	100
58	100
34	100
31	100
31	100
1566	100
57	100
33	100
31	100
31	100
1620	100
107	100
59	100
99	100
63	100
1405	100
63	100
46	100
44	100
44	100
1542	100
85	100
75	100
67	100
57	100
1686	100
72	100
48	100
45	100
45	100
1460	100
61	100
46	100
46	100
45	100
1509	100
66	100
48	100
45	100
45	100
1518	100
62	100
43	100
41	100
40	100
1525	100
83	100
65	100
41	100
40	100
1529	100
58	100
34	100
31	100
31	100
1582	100
88	100
50	100
47	100
46	100
1496	100
85	100
50	100
44	100
41	100
1588	100
105	100
50	100
47	100
44	100
1628	100
71	100
34	100
48	100
81	100
3227	100
125	100
51	100
47	100
46	100
1231	100
144	100
64	100
92	100
41	100
901	100
73	100
34	100
31	100
31	100
1623	100
57	100
34	100
31	100
30	100
1605	100
58	100
33	100
31	100
31	100
1577	100
58	100
34	100
32	100
31	100
1567	100
71	100
442	100
57	100
35	100
1397	100
59	100
34	100
31	100
30	100
1757	100
57	100
35	100
32	100
31	100
2966	100
132	100
57	100
52	100
6587	100
96	100
35	100
32	100
31	100
31	100
31	100
31	100
30	100
31	100
31	100
30	100
30	100
30	100
31	100
31	100
30	100
30	100
30	100
31	100
30	100
30	100
30	100
30	100
30	100
30	100
1747	100
63	100
33	100
32	100
31	100
1454	100
69	100
47	100
39	100
32	100
1682	100
76	100
34	100
31	100
31	100
1355	100
85	100
35	100
32	100
31	100
2006	100
124	100
53	100
46	100
49	100
1219	100
100	100
43	100
37	100
38	100
1595	100
60	100
35	100
32	100
31	100
1568	100
57	100
34	100
32	100
31	100
1567	100
59	100
34	100
32	100
31	100
1561	100
57	100
34	100
32	100
31	100
1607	100
281	100
38	100
33	100
31	100
1346	100
60	100
34	100
32	100
32	100
1574	100
59	100
34	100
31	100
31	100
2891	100
100	100
36	100
33	100
32	100
1047	100
230	100
55	100
48	100
44	100
1136	100
69	100
33	100
32	100
31	100
1538	100
71	100
35	100
32	100
31	100
1545	100
58	100
35	100
33	100
31	100
1618	100
66	100
35	100
32	100
39	100
1572	100
59	100
34	100
32	100
32	100
1824	100
59	100
35	100
32	100
31	100
1278	100
58	100
34	100
32	100
31	100
3174	100
134	100
77	100
49	100
830	100
37	100
32	100
32	100
48	100
108	100
637	100
88	100
42	100
38	100
39	100
1612	100
139	100
37	100
32	100
31	100
1532	100
59	100
34	100
32	100
42	100
1553	100
58	100
34	100
31	100
31	100
1576	100
59	100
34	100
32	100
31	100
1605	100
60	100
35	100
32	100
31	100
1565	100
66	100
38	100
32	100
158	100
1591	100
60	100
34	100
32	100
31	100
1627	100
641	100
38	100
79	100
497	100
671	100
92	100
42	100
38	100
37	100
1643	100
59	100
35	100
32	100
31	100
1565	100
59	100
34	100
32	100
31	100
1560	100
58	100
34	100
32	100
31	100
1557	100
59	100
34	100
32	100
31	100
2045	100
61	100
35	100
32	100
31	100
1111	100
58	100
34	100
31	100
31	100
1559	100
59	100
49	100
32	100
31	100
2723	100
97	100
36	100
32	100
32	100
983	100
94	100
46	100
43	100
38	100
1579	100
61	100
76	100
43	100
32	100
1525	100
62	100
34	100
32	100
31	100
1558	100
58	100
42	100
32	100
47	100
1533	100
59	100
34	100
32	100
31	100
1588	100
61	100
35	100
32	100
38	100
1572	100
87	100
80	100
54	100
48	100
1562	100
127	100
69	100
62	100
60	100
1611	100
66	100
53	100
52	100
2212	100
105	100
51	100
47	100
49	100
868	100
353	100
81	100
43	100
38	100
39	100
1677	100
61	100
34	100
7640	100
55	100
34	100
32	100
32	100
32	100
32	100
31	100
31	100
31	100
31	100
31	100
31	100
31	100
31	100
31	100
31	100
31	100
31	100
31	100
31	100
31	100
1618	100
60	100
35	100
34	100
32	100
31	100
572	100
654	100
58	100
2898	100
46	100
49	100
33	100
70	100
32	100
30	100
31	100
31	100
31	100
31	100
2365	100
76	100
36	100
32	100
31	100
215	100
42	100
33	100
32	100
34	100
1570	100
56	100
35	100
32	100
31	100
1555	100
61	100
35	100
32	100
31	100
1753	100
108	100
32	100
28	100
27	100
1378	100
55	100
30	100
27	100
27	100
1580	100
54	100
30	100
27	100
27	100
1954	100
3356	100
70	100
29	100
28	100
26	100
26	100
27	100
26	100
26	100
26	100
27	100
76	100
27	100
27	100
1504	100
54	100
30	100
28	100
26	100
1574	100
54	100
30	100
28	100
27	100
1588	100
55	100
30	100
28	100
26	100
1578	100
54	100
31	100
38	100
100	100
1715	100
55	100
30	100
28	100
26	100
1599	100
56	100
43	100
68	100
34	100
1600	100
647	100
51	100
45	100
40	100
3014	100
89	100
30	100
28	100
27	100
26	100
26	100
26	100
26	100
26	100
1332	100
54	100
30	100
28	100
27	100
1581	100
55	100
30	100
27	100
27	100
1588	100
58	100
30	100
27	100
26	100
1577	100
54	100
30	100
38	100
47	100
1617	100
593	100
61	100
30	100
28	100
1383	100
105	100
32	100
28	100
27	100
2598	100
819	100
55	100
48	100
622	100
54	100
46	100
40	100
39	100
39	100
3052	100
51	100
35	100
29	100
38	100
27	100
67	100
28	100
27	100
26	100
1167	100
54	100
30	100
27	100
27	100
1729	100
63	100
31	100
27	100
26	100
1657	100
82	100
44	100
39	100
38	100
1591	100
55	100
30	100
28	100
26	100
1590	100
58	100
30	100
28	100
26	100
1917	100
626	100
35	100
28	100
28	100
1194	100
151	100
38	100
39	100
35	100
1320	100
57	100
30	100
1139	100
41	100
540	100
57	100
31	100
92	100
28	100
1576	100
54	100
30	100
27	100
26	100
1595	100
56	100
30	100
28	100
27	100
1581	100
57	100
31	100
27	100
26	100
1580	100
53	100
30	100
28	100
27	100
1585	100
56	100
30	100
27	100
26	100
1570	100
62	100
31	100
28	100
27	100
2247	100
160	100
43	100
41	100
40	100
1254	100
78	100
30	100
27	100
27	100
2609	100
166	100
32	100
28	100
27	100
521	100
58	100
50	100
30	100
316	100
1294	100
54	100
32	100
27	100
27	100
1583	100
55	100
30	100
27	100
26	100
1631	100
56	100
30	100
28	100
144	100
1473	100
73	100
49	100
45	100
59	100
1959	100
736	100
62	100
44	100
41	100
858	100
52	100
29	100
27	100
32	100
1648	100
56	100
30	100
28	100
26	100
1661	100
55	100
1328	100
41	100
443	100
34	100
28	100
27	100
27	100
26	100
1537	100
69	100
38	100
42	100
76	100
1545	100
54	100
30	100
28	100
26	100
1580	100
53	100
30	100
28	100
26	100
1575	100
55	100
36	100
27	100
26	100
2033	100
636	100
67	100
99	100
738	100
58	100
34	100
32	100
29	100
26	100
1512	100
56	100
30	100
28	100
27	100
1606	100
55	100
30	100
27	100
27	100
2786	100
79	100
31	100
28	100
27	100
361	100
53	100
30	100
27	100
27	100
1615	100
69	100
50	100
47	100
44	100
1615	100
60	100
30	100
28	100
27	100
1553	100
85	100
296	100
29	100
27	100
1592	100
57	100
31	100
27	100
26	100
1566	100
623	100
34	100
28	100
27	100
1303	100
176	100
46	100
34	100
34	100
1545	100
61	100
30	100
27	100
27	100
1589	100
2124	100
41	100
29	100
27	100
26	100
26	100
26	100
26	100
26	100
1146	100
53	100
30	100
27	100
27	100
1588	100
60	100
30	100
27	100
26	100
1586	100
55	100
30	100
27	100
27	100
1612	100
54	100
30	100
27	100
26	100
1916	100
72	100
666	100
52	100
699	100
296	100
90	100
38	100
34	100
31	100
1705	100
65	100
30	100
27	100
26	100
1587	100
53	100
30	100
27	100
27	100
1610	100
56	100
31	100
27	100
26	100
1591	100
53	100
30	100
28	100
27	100
1603	100
54	100
39	100
28	100
26	100
1578	100
55	100
30	100
27	100
26	100
1581	100
53	100
30	100
27	100
27	100
1578	100
54	100
30	100
28	100
27	100
1576	100
53	100
30	100
28	100
26	100
1572	100
67	100
48	100
78	100
83	100
1614	100
60	100
47	100
85	100
63	100
1640	100
62	100
47	100
86	100
67	100
1603	100
71	100
46	100
45	100
63	100
1713	100
94	100
32	100
36	100
26	100
1540	100
52	100
29	100
27	100
27	100
1640	100
74	100
39	100
31	100
29	100
1595	100
54	100
30	100
28	100
26	100
1582	100
53	100
30	100
27	100
29	100
1575	100
55	100
30	100
28	100
27	100
1583	100
54	100
30	100
28	100
27	100
1604	100
75	100
32	100
27	100
26	100
1536	100
52	100
30	100
27	100
26	100
1593	100
75	100
45	100
66	100
31	100
1542	100
61	100
31	100
28	100
27	100
1583	100
53	100
30	100
27	100
26	100
1581	100
55	100
29	100
27	100
26	100
1596	100
57	100
30	100
47	100
27	100
1569	100
61	100
33	100
27	100
41	100
1615	100
60	100
30	100
27	100
39	100
1567	100
54	100
30	100
28	100
26	100
1578	100
54	100
30	100
27	100
26	100
1786	100
86	100
30	100
27	100
26	100
1546	100
54	100
31	100
27	100
26	100
1581	100
52	100
29	100
27	100
26	100
1588	100
54	100
30	100
27	100
25	100
1582	100
53	100
30	100
26	100
25	100
1577	100
72	100
52	100
28	100
26	100
1574	100
53	100
31	100
27	100
26	100
1579	100
53	100
31	100
28	100
26	100
1572	100
54	100
30	100
28	100
27	100
1587	100
53	100
30	100
27	100
26	100
1575	100
54	100
30	100
27	100
26	100
1579	100
52	100
30	100
27	100
26	100
1655	100
148	100
55	100
35	100
33	100
1528	100
61	100
33	100
30	100
27	100
1575	100
60	100
38	100
28	100
33	100
1561	100
54	100
30	100
27	100
26	100
1580	100
54	100
30	100
27	100
26	100
1575	100
53	100
30	100
27	100
26	100
1582	100
53	100
29	100
27	100
27	100
1620	100
55	100
30	100
28	100
26	100
1552	100
52	100
30	100
27	100
26	100
1578	100
121	100
63	100
48	100
113	100
1491	100
53	100
30	100
27	100
26	100
1590	100
53	100
30	100
27	100
26	100
1576	100
54	100
30	100
34	100
27	100
1610	100
54	100
30	100
28	100
27	100
1640	100
55	100
31	100
27	100
26	100
1597	100
54	100
30	100
27	100
26	100
1576	100
66	100
31	100
28	100
27	100
1570	100
54	100
30	100
27	100
26	100
1580	100
53	100
32	100
28	100
26	100
1588	100
54	100
30	100
27	100
26	100
1583	100
53	100
30	100
27	100
26	100
1576	100
55	100
30	100
27	100
26	100
1582	100
53	100
31	100
27	100
26	100
1572	100
59	100
31	100
28	100
59	100
1575	100
53	100
31	100
27	100
26	100
1577	100
54	100
30	100
27	100
26	100
1589	100
54	100
31	100
27	100
26	100
1581	100
132	100
30	100
27	100
26	100
1539	100
54	100
30	100
27	100
26	100
1579	100
52	100
30	100
27	100
26	100
1585	100
54	100
30	100
27	100
26	100
1607	100
53	100
30	100
28	100
26	100
1578	100
53	100
30	100
27	100
26	100
1580	100
54	100
30	100
27	100
26	100
1579	100
52	100
30	100
27	100
26	100
1572	100
54	100
30	100
27	100
26	100
1579	100
53	100
30	100
27	100
26	100
1583	100
55	100
30	100
27	100
26	100
1593	100
53	100
30	100
27	100
26	100
1578	100
53	100
30	100
28	100
26	100
1574	100
54	100
30	100
27	100
26	100
1602	100
52	100
30	100
27	100
26	100
1595	100
53	100
30	100
27	100
26	100
1584	100
53	100
30	100
28	100
27	100
1594	100
54	100
15765	100
113	100
44	100
44	100
38	100
37	100
37	100
37	100
37	100
37	100
37	100
37	100
37	100
36	100
47	100
158	100
77	100
65	100
1607	100
64	100
37	100
33	100
453	100
1593	100
66	100
37	100
33	100
32	100
1593	100
74	100
55	100
88	100
129	100
1672	100
85	100
64	100
84	100
70	100
1615	100
61	100
47	100
45	100
60	100
1659	100
61	100
30	100
27	100
26	100
1578	100
53	100
30	100
27	100
26	100
1575	100
53	100
30	100
27	100
30	100
1579	100
54	100
31	100
27	100
26	100
1582	100
53	100
30	100
27	100
63	100
1544	100
51	100
29	100
27	100
26	100
1599	100
53	100
30	100
28	100
27	100
1571	100
67	100
58	100
85	100
70	100
1607	100
59	100
55	100
77	100
87	100
1640	100
61	100
31	100
28	100
27	100
1578	100
52	100
30	100
27	100
26	100
1581	100
60	100
30	100
27	100
26	100
1572	100
54	100
31	100
27	100
26	100
1596	100
53	100
31	100
27	100
26	100
1576	100
54	100
31	100
28	100
26	100
1577	100
53	100
30	100
27	100
26	100
1587	100
56	100
30	100
27	100
26	100
1593	100
53	100
30	100
27	100
26	100
1582	100
52	100
30	100
27	100
26	100
1576	100
54	100
30	100
27	100
26	100
1577	100
52	100
30	100
26	100
26	100
1580	100
54	100
30	100
31	100
26	100
1578	100
53	100
30	100
27	100
26	100
1590	100
54	100
30	100
27	100
26	100
1590	100
52	100
30	100
27	100
27	100
1594	100
65	100
50	100
51	100
59	100
1730	100
60	100
30	100
27	100
26	100
1624	100
86	100
60	100
72	100
62	100
1623	100
62	100
78	100
76	100
45	100
1575	100
60	100
46	100
45	100
61	100
1614	100
63	100
46	100
62	100
64	100
1612	100
58	100
46	100
45	100
61	100
1643	100
60	100
30	100
27	100
27	100
1576	100
52	100
29	100
27	100
26	100
1595	100
54	100
30	100
27	100
26	100
1579	100
52	100
30	100
27	100
26	100
1626	100
109	100
32	100
34	100
39	100
1575	100
53	100
30	100
27	100
26	100
1578	100
53	100
30	100
27	100
26	100
1588	100
55	100
31	100
27	100
26	100
1585	100
67	100
46	100
55	100
65	100
1645	100
61	100
30	100
27	100
26	100
1578	100
53	100
30	100
27	100
26	100
1565	100
67	100
35	100
56	100
31	100
1609	100
53	100
30	100
27	100
26	100
1572	100
53	100
30	100
27	100
26	100
1604	100
55	100
30	100
27	100
26	100
1596	100
53	100
30	100
27	100
26	100
1589	100
54	100
30	100
27	100
26	100
1579	100
53	100
30	100
27	100
26	100
1583	100
75	100
55	100
100	100
54	100
1623	100
117	100
58	100
46	100
43	100
1579	100
65	100
93	100
47	100
70	100
1593	100
58	100
45	100
166	100
53	100
1574	100
61	100
47	100
43	100
69	100
1641	100
62	100
31	100
28	100
27	100
1574	100
53	100
30	100
27	100
26	100
1587	100
54	100
31	100
28	100
26	100
1580	100
53	100
30	100
28	100
26	100
1587	100
55	100
30	100
27	100
26	100
1585	100
53	100
30	100
27	100
26	100
1581	100
53	100
33	100
27	100
42	100
1581	100
53	100
30	100
27	100
26	100
1599	100
60	100
30	100
27	100
26	100
1576	100
54	100
30	100
27	100
26	100
1575	100
53	100
131	100
30	100
27	100
1482	100
54	100
30	100
27	100
26	100
1582	100
53	100
83	100
31	100
26	100
1541	100
76	100
31	100
27	100
26	100
1592	100
53	100
31	100
27	100
26	100
1577	100
53	100
30	100
27	100
26	100
1929	100
45	100
28	100
26	100
26	100
1282	100
53	100
30	100
30	100
27	100
1578	100
55	100
30	100
27	100
26	100
1592	100
53	100
30	100
27	100
26	100
1580	100
172	100
58	100
31	100
27	100
1570	100
52	100
30	100
27	100
36	100
1637	100
65	100
36	100
33	100
36	100
1628	100
66	100
37	100
33	100
32	100
1576	100
60	100
30	100
27	100
26	100
1572	100
54	100
30	100
27	100
26	100
1587	100
53	100
30	100
27	100
26	100
1596	100
158	100
52	100
30	100
27	100
1578	100
53	100
31	100
27	100
26	100
1578	100
78	100
55	100
29	100
27	100
1567	100
52	100
30	100
27	100
26	100
1590	100
53	100
30	100
27	100
26	100
1576	100
54	100
31	100
27	100
26	100
1573	100
54	100
30	100
27	100
26	100
1571	100
54	100
30	100
27	100
26	100
1586	100
52	100
30	100
28	100
26	100
1853	100
76	100
31	100
27	100
26	100
1406	100
52	100
30	100
27	100
26	100
1579	100
53	100
30	100
27	100
26	100
1584	100
55	100
30	100
27	100
27	100
1577	100
74	100
31	100
27	100
26	100
1604	100
54	100
30	100
27	100
26	100
1549	100
53	100
60	100
30	100
29	100
1556	100
54	100
30	100
27	100
25	100
1582	100
53	100
30	100
27	100
26	100
1574	100
52	100
30	100
27	100
26	100
1578	100
54	100
30	100
27	100
26	100
1593	100
5434	100
39	100
25	100
24	100
23	100
24	100
23	100
23	100
25	100
23	100
22	100
22	100
22	100
22	100
22	100
22	100
22	100
22	100
22	100
1066	100
100	100
28	100
47	100
24	100
1527	100
51	100
28	100
24	100
27	100
1636	100
71	100
33	100
30	100
28	100
1603	100
60	100
59	100
29	100
48	100
1540	100
52	100
27	100
24	100
23	100
1600	100
51	100
28	100
24	100
23	100
1589	100
51	100
27	100
24	100
23	100
1587	100
55	100
28	100
24	100
23	100
1581	100
51	100
27	100
24	100
23	100
1623	100
50	100
28	100
24	100
23	100
1587	100
51	100
28	100
25	100
23	100
1583	100
51	100
27	100
24	100
23	100
1588	100
105	100
30	100
25	100
38	100
1614	100
210	100
31	100
25	100
23	100
1427	100
50	100
28	100
24	100
23	100
1691	100
52	100
27	100
24	100
23	100
1596	100
58	100
29	100
24	100
23	100
1589	100
51	100
27	100
24	100
23	100
1583	100
51	100
28	100
25	100
24	100
1591	100
51	100
28	100
24	100
23	100
1587	100
52	100
28	100
24	100
23	100
1590	100
50	100
27	100
24	100
23	100
1592	100
51	100
28	100
24	100
23	100
1589	100
51	100
27	100
24	100
23	100
1587	100
51	100
28	100
24	100
23	100
1612	100
54	100
28	100
25	100
23	100
1606	100
243	100
51	100
28	100
24	100
1593	100
52	100
27	100
24	100
23	100
1608	100
51	100
28	100
24	100
23	100
1590	100
73	100
28	100
83	100
35	100
1606	100
50	100
27	100
24	100
23	100
1611	100
51	100
27	100
24	100
23	100
1588	100
78	100
31	100
24	100
23	100
1563	100
50	100
28	100
24	100
23	100
1586	100
52	100
28	100
25	100
23	100
1613	100
51	100
28	100
24	100
23	100
1588	100
52	100
27	100
24	100
23	100
1595	100
51	100
27	100
25	100
24	100
1581	100
51	100
28	100
24	100
23	100
1580	100
50	100
27	100
24	100
23	100
1593	100
58	100
35	100
25	100
24	100
1571	100
52	100
28	100
25	100
23	100
1544	100
173	100
50	100
27	100
24	100
1614	100
170	100
88	100
63	100
33	100
1532	100
51	100
28	100
25	100
24	100
1597	100
52	100
27	100
24	100
23	100
1590	100
51	100
28	100
24	100
23	100
1587	100
74	100
424	100
36	100
38	100
1169	100
51	100
27	100
24	100
23	100
1590	100
50	100
38	100
25	100
23	100
1586	100
52	100
27	100
24	100
23	100
1643	100
82	100
55	100
123	100
65	100
1635	100
63	100
34	100
29	100
28	100
1594	100
51	100
28	100
25	100
23	100
1682	100
65	100
33	100
44	100
32	100
1647	100
137	100
52	100
44	100
41	100
1602	100
288	100
89	100
49	100
43	100
1677	100
89	100
49	100
43	100
41	100
1588	100
102	100
37	100
32	100
30	100
1598	100
61	100
33	100
29	100
28	100
1612	100
62	100
33	100
29	100
28	100
1581	100
52	100
28	100
24	100
23	100
1589	100
50	100
27	100
24	100
23	100
1590	100
52	100
27	100
24	100
23	100
1586	100
59	100
29	100
24	100
23	100
1583	100
52	100
28	100
24	100
23	100
1591	100
50	100
28	100
25	100
24	100
1651	100
78	100
36	100
38	100
36	100
1576	100
54	100
28	100
24	100
23	100
1586	100
50	100
27	100
25	100
23	100
1597	100
52	100
48	100
166	100
28	100
1433	100
50	100
28	100
24	100
23	100
1585	100
77	100
34	100
24	100
23	100
1568	100
50	100
28	100
25	100
24	100
1582	100
60	100
27	100
37	100
26	100
2070	100
65	100
28	100
24	100
23	100
1669	100
199	100
40	100
33	100
30	100
1293	100
54	100
28	100
25	100
23	100
1603	100
59	100
28	100
24	100
23	100
1588	100
52	100
27	100
24	100
23	100
1589	100
51	100
27	100
24	100
23	100
1585	100
52	100
29	100
24	100
23	100
1596	100
50	100
27	100
24	100
23	100
1594	100
50	100
28	100
25	100
23	100
1588	100
52	100
34	100
24	100
22	100
2287	100
208	100
37	100
29	100
28	100
1196	100
64	100
28	100
25	100
23	100
1594	100
51	100
28	100
24	100
23	100
1587	100
52	100
27	100
25	100
23	100
1584	100
50	100
55	100
34	100
24	100
1561	100
52	100
28	100
25	100
23	100
1582	100
50	100
27	100
24	100
23	100
1601	100
53	100
28	100
25	100
23	100
1584	100
52	100
27	100
24	100
23	100
1591	100
51	100
28	100
24	100
23	100
1603	100
51	100
27	100
24	100
36	100
1610	100
50	100
27	100
24	100
23	100
1599	100
72	100
28	100
24	100
23	100
1555	100
50	100
28	100
24	100
23	100
1592	100
51	100
28	100
38	100
27	100
1565	100
51	100
28	100
24	100
23	100
1598	100
51	100
28	100
24	100
23	100
1596	100
51	100
27	100
24	100
22	100
1590	100
50	100
27	100
24	100
32	100
1572	100
52	100
28	100
24	100
23	100
1587	100
50	100
28	100
24	100
23	100
1585	100
53	100
63	100
26	100
46	100
1546	100
51	100
37	100
25	100
23	100
1590	100
51	100
27	100
24	100
23	100
1585	100
51	100
27	100
24	100
23	100
1584	100
51	100
28	100
24	100
23	100
1587	100
52	100
28	100
24	100
23	100
1583	100
50	100
27	100
24	100
23	100
1596	100
53	100
70	100
26	100
45	100
1548	100
61	100
28	100
24	100
23	100
1576	100
50	100
27	100
24	100
23	100
1579	100
52	100
28	100
25	100
23	100
1589	100
102	100
28	100
25	100
23	100
1537	100
53	100
28	100
24	100
24	100
1632	100
57	100
562	100
34	100
25	100
1054	100
51	100
47	100
28	100
38	100
1609	100
50	100
27	100
24	100
23	100
1686	100
74	100
40	100
35	100
34	100
1618	100
62	100
33	100
29	100
27	100
1626	100
97	100
36	100
29	100
28	100
1585	100
63	100
34	100
57	100
24	100
1548	100
68	100
28	100
25	100
23	100
1598	100
52	100
28	100
24	100
23	100
1596	100
50	100
28	100
24	100
23	100
1585	100
50	100
30	100
25	100
25	100
1603	100
52	100
28	100
24	100
23	100
1590	100
50	100
35	100
27	100
23	100
1577	100
51	100
28	100
24	100
24	100
1584	100
58	100
27	100
24	100
23	100
1596	100
52	100
27	100
24	100
23	100
1578	100
67	100
41	100
38	100
35	100
1558	100
95	100
70	100
72	100
34	100
1537	100
93	100
42	100
36	100
35	100
1670	100
74	100
27	100
24	100
90	100
1623	100
85	100
55	100
50	100
48	100
1666	100
74	100
42	100
37	100
35	100
1554	100
52	100
27	100
24	100
23	100
1660	100
61	100
28	100
24	100
23	100
1597	100
52	100
49	100
25	100
23	100
1560	100
187	100
50	100
27	100
24	100
1606	100
52	100
27	100
24	100
23	100
1593	100
50	100
27	100
24	100
23	100
1572	100
50	100
28	100
24	100
23	100
1611	100
53	100
27	100
24	100
23	100
1665	100
54	100
28	100
26	100
23	100
1618	100
62	100
33	100
29	100
28	100
1634	100
61	100
33	100
118	100
40	100
1594	100
117	100
63	100
83	100
95	100
1647	100
67	100
49	100
70	100
80	100
1631	100
65	100
62	100
101	100
66	100
1626	100
63	100
92	100
111	100
180	100
1646	100
70	100
41	100
37	100
35	100
1537	100
84	100
86	100
100	100
89	100
1627	100
66	100
82	100
104	100
68	100
1641	100
70	100
92	100
31	100
24	100
1592	100
75	100
28	100
24	100
30	100
1613	100
52	100
28	100
24	100
23	100
1597	100
51	100
27	100
1348	100
7693	100
34	100
24	100
23	100
23	100
22	100
22	100
21	100
21	100
22	100
22	100
22	100
22	100
22	100
21	100
22	100
22	100
21	100
21	100
21	100
21	100
21	100
21	100
21	100
21	100
21	100
650	100
50	100
26	100
23	100
22	100
1619	100
50	100
27	100
24	100
23	100
1605	100
50	100
26	100
23	100
22	100
1605	100
50	100
26	100
23	100
22	100
1595	100
51	100
26	100
24	100
23	100
1591	100
49	100
27	100
24	100
23	100
1611	100
50	100
26	100
23	100
32	100
1610	100
81	100
28	100
23	100
22	100
1635	100
61	100
31	100
28	100
27	100
1625	100
61	100
32	100
28	100
26	100
1596	100
49	100
26	100
24	100
22	100
1591	100
51	100
26	100
23	100
22	100
1590	100
49	100
27	100
23	100
22	100
1595	100
50	100
26	100
23	100
22	100
1593	100
49	100
26	100
23	100
22	100
1586	100
49	100
27	100
25	100
22	100
1585	100
50	100
26	100
23	100
22	100
1711	100
73	100
38	100
33	100
33	100
1640	100
65	100
35	100
42	100
30	100
1656	100
69	100
32	100
28	100
27	100
1644	100
61	100
32	100
28	100
27	100
1621	100
67	100
36	100
32	100
30	100
1681	100
155	100
184	100
140	100
215	100
1659	100
85	100
81	100
84	100
80	100
1625	100
61	100
87	100
91	100
95	100
1604	100
53	100
83	100
58	100
67	100
1612	100
57	100
83	100
62	100
85	100
1611	100
183	100
49	100
27	100
24	100
1607	100
50	100
26	100
23	100
21	100
1609	100
68	100
27	100
25	100
23	100
1613	100
87	100
98	100
41	100
36	100
1493	100
91	100
54	100
48	100
46	100
1778	100
215	100
84	100
144	100
69	100
1671	100
70	100
38	100
35	100
34	100
1589	100
73	100
39	100
35	100
48	100
1561	100
68	100
36	100
36	100
24	100
1610	100
49	100
26	100
23	100
22	100
1595	100
51	100
26	100
23	100
22	100
1619	100
51	100
27	100
24	100
23	100
1587	100
51	100
26	100
23	100
22	100
1588	100
49	100
26	100
23	100
22	100
1600	100
49	100
27	100
23	100
22	100
1591	100
50	100
26	100
23	100
22	100
1596	100
49	100
27	100
24	100
23	100
1616	100
52	100
27	100
23	100
22	100
1615	100
49	100
27	100
23	100
22	100
1613	100
50	100
27	100
55	100
24	100
1498	100
48	100
26	100
23	100
23	100
6931	100
86	100
26	100
23	100
23	100
22	100
22	100
22	100
22	100
21	100
21	100
21	100
21	100
21	100
21	100
21	100
22	100
21	100
21	100
482	100
1538	100
58	100
28	100
23	100
23	100
1591	100
51	100
27	100
23	100
25	100
1628	100
49	100
26	100
23	100
22	100
1597	100
51	100
26	100
24	100
22	100
1592	100
49	100
27	100
23	100
22	100
1598	100
50	100
26	100
23	100
22	100
1593	100
49	100
26	100
23	100
22	100
1589	100
49	100
27	100
23	100
22	100
1587	100
50	100
26	100
23	100
22	100
1646	100
108	100
29	100
24	100
22	100
1590	100
61	100
32	100
28	100
27	100
1608	100
98	100
40	100
115	100
100	100
1427	100
61	100
32	100
29	100
27	100
1601	100
50	100
27	100
23	100
22	100
1594	100
62	100
28	100
48	100
25	100
1607	100
49	100
26	100
24	100
22	100
1587	100
49	100
26	100
23	100
22	100
1597	100
50	100
33	100
24	100
22	100
1583	100
49	100
26	100
23	100
22	100
1587	100
50	100
26	100
23	100
22	100
1598	100
49	100
26	100
23	100
151	100
1453	100
168	100
29	100
24	100
22	100
1505	100
50	100
27	100
23	100
22	100
1703	100
62	100
31	100
28	100
27	100
1662	100
90	100
47	100
41	100
40	100
1652	100
89	100
47	100
42	100
40	100
1662	100
89	100
47	100
42	100
40	100
1680	100
87	100
105	100
37	100
32	100
1537	100
72	100
33	100
55	100
76	100
1690	100
88	100
46	100
42	100
39	100
1697	100
91	100
47	100
41	100
897	100
840	100
100	100
47	100
42	100
39	100
1655	100
89	100
49	100
42	100
78	100
1639	100
59	100
32	100
28	100
27	100
1604	100
61	100
32	100
28	100
27	100
1644	100
61	100
32	100
28	100
27	100
1689	100
79	100
47	100
33	100
35	100
1604	100
51	100
26	100
24	100
22	100
1595	100
49	100
26	100
23	100
22	100
1593	100
59	100
27	100
23	100
22	100
1613	100
50	100
26	100
23	100
22	100
1596	100
50	100
26	100
23	100
22	100
1597	100
49	100
26	100
23	100
22	100
1595	100
49	100
61	100
26	100
23	100
1593	100
49	100
26	100
24	100
23	100
1559	100
49	100
26	100
23	100
44	100
1591	100
51	100
26	100
23	100
22	100
1593	100
49	100
28	100
23	100
22	100
1597	100
157	100
31	100
35	100
23	100
1495	100
49	100
27	100
24	100
23	100
1594	100
151	100
57	100
49	100
90	100
1517	100
49	100
26	100
23	100
22	100
1608	100
53	100
26	100
22	100
22	100
1600	100
50	100
26	100
23	100
22	100
1640	100
49	100
26	100
23	100
22	100
1557	100
50	100
26	100
23	100
22	100
1670	100
74	100
27	100
24	100
22	100
1626	100
51	100
27	100
23	100
22	100
1576	100
49	100
26	100
23	100
22	100
1608	100
50	100
26	100
24	100
22	100
1592	100
51	100
26	100
23	100
22	100
1594	100
49	100
27	100
24	100
22	100
1587	100
61	100
69	100
84	100
87	100
1611	100
65	100
42	100
191	100
62	100
1621	100
50	100
26	100
23	100
22	100
1597	100
49	100
26	100
23	100
22	100
1602	100
50	100
26	100
23	100
22	100
1597	100
48	100
30	100
25	100
22	100
1605	100
48	100
26	100
24	100
23	100
1639	100
58	100
27	100
23	100
22	100
1620	100
50	100
26	100
23	100
22	100
1601	100
50	100
26	100
24	100
22	100
1595	100
49	100
26	100
23	100
22	100
1588	100
50	100
26	100
23	100
22	100
1600	100
49	100
26	100
23	100
22	100
1589	100
49	100
26	100
23	100
22	100
1591	100
51	100
26	100
23	100
23	100
1609	100
50	100
26	100
23	100
22	100
1592	100
50	100
27	100
23	100
22	100
1585	100
49	100
27	100
23	100
22	100
1604	100
50	100
26	100
23	100
22	100
1593	100
49	100
26	100
23	100
22	100
1588	100
49	100
29	100
24	100
22	100
1597	100
50	100
26	100
23	100
22	100
1586	100
79	100
30	100
24	100
23	100
1564	100
50	100
26	100
23	100
22	100
1593	100
49	100
26	100
23	100
22	100
1596	100
50	100
26	100
23	100
22	100
1589	100
48	100
26	100
23	100
22	100
1731	100
77	100
26	100
23	100
22	100
1481	100
49	100
26	100
23	100
22	100
1635	100
52	100
26	100
23	100
22	100
1608	100
50	100
26	100
23	100
22	100
1609	100
49	100
26	100
23	100
22	100
1590	100
50	100
26	100
23	100
27	100
1591	100
49	100
26	100
23	100
22	100
1593	100
63	100
49	100
44	100
25	100
1577	100
49	100
26	100
23	100
22	100
1605	100
57	100
34	100
24	100
22	100
1582	100
50	100
26	100
23	100
21	100
1596	100
49	100
26	100
23	100
22	100
1593	100
50	100
26	100
87	100
7339	100
30	100
24	100
22	100
21	100
22	100
21	100
21	100
21	100
21	100
21	100
21	100
21	100
21	100
21	100
21	100
21	100
21	100
20	100
21	100
21	100
788	100
44	100
24	100
22	100
2610	100
51	100
25	100
22	100
22	100
21	100
563	100
35	100
37	100
37	100
37	100
1568	100
44	100
25	100
23	100
32	100
1577	100
44	100
25	100
35	100
41	100
1642	100
59	100
27	100
22	100
21	100
1587	100
46	100
25	100
22	100
21	100
1575	100
61	100
26	100
22	100
22	100
1618	100
48	100
24	100
22	100
21	100
1602	100
49	100
25	100
22	100
21	100
1595	100
47	100
25	100
22	100
21	100
1606	100
49	100
25	100
22	100
21	100
1602	100
54	100
26	100
22	100
21	100
1674	100
68	100
32	100
34	100
29	100
1640	100
59	100
30	100
26	100
25	100
1604	100
54	100
25	100
22	100
21	100
1590	100
48	100
25	100
22	100
21	100
1594	100
47	100
25	100
22	100
21	100
1602	100
49	100
25	100
22	100
21	100
1601	100
47	100
25	100
23	100
22	100
1588	100
51	100
38	100
58	100
25	100
1619	100
47	100
25	100
23	100
21	100
1593	100
47	100
25	100
23	100
21	100
1604	100
49	100
25	100
22	100
21	100
1598	100
47	100
25	100
22	100
21	100
1610	100
48	100
24	100
22	100
21	100
1605	100
48	100
25	100
67	100
27	100
1554	100
49	100
26	100
46	100
23	100
1588	100
47	100
25	100
22	100
21	100
1622	100
49	100
25	100
22	100
21	100
1597	100
48	100
25	100
22	100
21	100
1599	100
47	100
25	100
22	100
21	100
1602	100
49	100
25	100
22	100
21	100
1602	100
48	100
25	100
23	100
22	100
1626	100
49	100
25	100
22	100
21	100
1586	100
48	100
25	100
22	100
22	100
1621	100
82	100
26	100
22	100
21	100
1553	100
49	100
25	100
22	100
21	100
1701	100
58	100
31	100
27	100
26	100
1675	100
60	100
30	100
27	100
25	100
1668	100
84	100
45	100
113	100
40	100
1608	100
86	100
44	100
40	100
37	100
1675	100
104	100
38	100
32	100
31	100
1616	100
59	100
30	100
26	100
62	100
1649	100
58	100
30	100
38	100
26	100
1599	100
66	100
75	100
52	100
30	100
1600	100
48	100
25	100
22	100
21	100
1671	100
69	100
26	100
22	100
21	100
1574	100
50	100
25	100
22	100
21	100
1734	100
48	100
25	100
23	100
21	100
1459	100
49	100
25	100
22	100
21	100
1603	100
47	100
25	100
22	100
21	100
1620	100
49	100
25	100
22	100
21	100
1597	100
47	100
38	100
22	100
21	100
1587	100
48	100
25	100
22	100
21	100
1596	100
49	100
25	100
22	100
22	100
1596	100
47	100
26	100
23	100
22	100
1641	100
51	100
25	100
22	100
21	100
1606	100
47	100
25	100
23	100
31	100
1597	100
49	100
25	100
23	100
21	100
1593	100
47	100
25	100
22	100
21	100
1607	100
47	100
25	100
22	100
21	100
1595	100
48	100
24	100
22	100
21	100
1603	100
47	100
25	100
22	100
21	100
3920	100
62	100
25	100
22	100
22	100
21	100
21	100
21	100
21	100
21	100
860	100
49	100
109	100
101	100
30	100
1471	100
48	100
25	100
23	100
22	100
1610	100
48	100
25	100
23	100
21	100
1596	100
49	100
24	100
22	100
21	100
1603	100
48	100
25	100
22	100
21	100
1602	100
48	100
25	100
22	100
21	100
1593	100
47	100
34	100
24	100
22	100
1598	100
71	100
47	100
71	100
73	100
1626	100
73	100
35	100
26	100
42	100
1732	100
64	100
45	100
148	100
56	100
1609	100
52	100
26	100
23	100
22	100
1596	100
48	100
25	100
22	100
21	100
4100	100
77	100
25	100
22	100
22	100
21	100
20	100
20	100
20	100
20	100
662	100
40	100
24	100
36	100
37	100
1617	100
52	100
25	100
22	100
22	100
1588	100
49	100
25	100
22	100
21	100
1582	100
47	100
25	100
22	100
21	100
1595	100
47	100
24	100
22	100
24	100
1580	100
48	100
25	100
22	100
21	100
1587	100
48	100
26	100
23	100
34	100
1588	100
83	100
70	100
119	100
90	100
1627	100
79	100
134	100
112	100
139	100
1603	100
61	100
27	100
23	100
27	100
1558	100
91	100
43	100
39	100
38	100
1755	100
128	100
29	100
29	100
28	100
1554	100
53	100
25	100
22	100
21	100
1571	100
50	100
25	100
22	100
21	100
1602	100
48	100
25	100
22	100
22	100
1600	100
48	100
25	100
31	100
22	100
1584	100
49	100
25	100
22	100
21	100
1596	100
48	100
25	100
22	100
21	100
1587	100
49	100
25	100
23	100
21	100
2024	100
481	100
29	100
24	100
22	100
1108	100
140	100
38	100
35	100
30	100
1416	100
53	100
26	100
22	100
21	100
1591	100
48	100
28	100
22	100
23	100
1585	100
48	100
39	100
23	100
21	100
1588	100
47	100
25	100
22	100
21	100
1583	100
48	100
25	100
22	100
21	100
1592	100
47	100
25	100
22	100
21	100
1595	100
48	100
25	100
22	100
21	100
1592	100
47	100
25	100
22	100
21	100
1654	100
69	100
46	100
82	100
28	100
1583	100
57	100
30	100
27	100
25	100
1591	100
47	100
24	100
22	100
21	100
1581	100
48	100
25	100
22	100
21	100
1591	100
47	100
25	100
22	100
22	100
1579	100
48	100
25	100
22	100
21	100
1606	100
48	100
25	100
22	100
21	100
1581	100
48	100
25	100
32	100
68	100
1581	100
47	100
25	100
22	100
21	100
1586	100
47	100
25	100
22	100
53	100
1560	100
49	100
25	100
22	100
21	100
1592	100
47	100
25	100
22	100
21	100
1603	100
1372	100
28	100
22	100
21	100
273	100
48	100
24	100
22	100
21	100
1619	100
49	100
25	100
22	100
30	100
1596	100
48	100
25	100
22	100
21	100
1591	100
46	100
25	100
22	100
21	100
1590	100
48	100
25	100
22	100
21	100
1588	100
47	100
48	100
25	100
22	100
1570	100
48	100
25	100
22	100
21	100
1580	100
47	100
25	100
22	100
21	100
1616	100
48	100
25	100
21	100
21	100
1588	100
47	100
25	100
22	100
20	100
1653	100
60	100
29	100
26	100
26	100
1634	100
59	100
30	100
26	100
25	100
1607	100
57	100
30	100
27	100
26	100
1594	100
58	100
74	100
30	100
93	100
1598	100
47	100
24	100
22	100
21	100
1618	100
49	100
25	100
22	100
21	100
1609	100
47	100
26	100
23	100
21	100
1592	100
48	100
24	100
21	100
21	100
1586	100
48	100
25	100
22	100
21	100
1585	100
46	100
25	100
22	100
21	100
1588	100
48	100
24	100
21	100
20	100
1583	100
47	100
30	100
21	100
21	100
1601	100
50	100
25	100
22	100
21	100
1593	100
46	100
25	100
23	100
21	100
1581	100
47	100
24	100
22	100
21	100
1582	100
48	100
25	100
22	100
21	100
1590	100
54	100
25	100
22	100
21	100
1584	100
48	100
24	100
25	100
21	100
1594	100
47	100
24	100
22	100
21	100
1583	100
49	100
25	100
22	100
21	100
1590	100
47	100
24	100
21	100
21	100
1584	100
46	100
25	100
21	100
21	100
1580	100
48	100
24	100
22	100
21	100
1597	100
47	100
25	100
22	100
20	100
1584	100
131	100
49	100
93	100
72	100
1622	100
58	100
66	100
58	100
84	100
1631	100
56	100
25	100
22	100
21	100
1588	100
47	100
24	100
21	100
46	100
1604	100
49	100
25	100
22	100
21	100
1597	100
47	100
60	100
24	100
21	100
1559	100
47	100
25	100
22	100
21	100
1588	100
48	100
24	100
21	100
20	100
1620	100
48	100
25	100
22	100
21	100
1593	100
48	100
24	100
22	100
20	100
1598	100
47	100
25	100
22	100
21	100
1573	100
48	100
25	100
22	100
21	100
1618	100
66	100
44	100
1732	100
33	100
22	100
1267	100
32	100
22	100
20	100
27147	100
56	100
24	100
20	100
20	100
20	100
19	100
19	100
20	100
19	100
19	100
19	100
19	100
19	100
19	100
19	100
19	100
19	100
19	100
19	100
20	100
19	100
18	100
18	100
21	100
19	100
19	100
19	100
19	100
19	100
19	100
19	100
19	100
19	100
19	100
19	100
19	100
19	100
19	100
19	100
19	100
19	100
19	100
19	100
18	100
19	100
19	100
19	100
19	100
19	100
21	100
19	100
19	100
19	100
19	100
19	100
19	100
19	100
19	100
19	100
18	100
19	100
19	100
19	100
19	100
18	100
19	100
19	100
18	100
19	100
19	100
19	100
19	100
19	100
53	100
19	100
18	100
19	100
19	100
19	100
18	100
18	100
18	100
18	100
18	100
2782	100
80	100
25	100
21	100
20	100
3178	100
63	100
23	100
20	100
20	100
19	100
19	100
19	100
19	100
19	100
215	100
104	100
3425	100
78	100
24	100
20	100
20	100
20	100
19	100
19	100
149	100
109	100
98	100
96	100
95	100
1637	100
113	100
98	100
98	100
96	100
1637	100
119	100
97	100
96	100
95	100
1615	100
104	100
96	100
96	100
95	100
1625	100
113	100
140	100
100	100
95	100
1636	100
107	100
96	100
95	100
95	100
1633	100
117	100
96	100
95	100
95	100
1618	100
105	100
96	100
95	100
96	100
1635	100
115	100
110	100
96	100
96	100
1626	100
113	100
97	100
129	100
98	100
1622	100
106	100
96	100
96	100
95	100
1626	100
104	100
144	100
103	100
96	100
1647	100
135	100
90	100
88	100
86	100
1642	100
116	100
90	100
88	100
87	100
1615	100
101	100
88	100
88	100
86	100
1625	100
106	100
89	100
88	100
87	100
1618	100
102	100
89	100
88	100
87	100
1632	100
112	100
91	100
89	100
87	100
1636	100
111	100
89	100
88	100
87	100
1620	100
101	100
88	100
88	100
89	100
1623	100
105	100
89	100
88	100
278	100
1662	100
108	100
92	100
108	100
89	100
1628	100
110	100
91	100
89	100
88	100
1641	100
111	100
90	100
90	100
87	100
1617	100
101	100
88	100
87	100
86	100
1656	100
105	100
119	100
92	100
88	100
1638	100
111	100
89	100
88	100
88	100
1615	100
118	100
90	100
106	100
88	100
1613	100
99	100
91	100
88	100
89	100
1606	100
91	100
88	100
92	100
87	100
1623	100
107	100
113	100
90	100
87	100
1603	100
90	100
88	100
87	100
86	100
1612	100
102	100
89	100
101	100
90	100
1780	100
636	100
41	100
17	100
15	100
1166	100
99	100
90	100
87	100
87	100
1630	100
110	100
89	100
88	100
87	100
1667	100
189	100
94	100
77	100
74	100
1598	100
82	100
74	100
72	100
73	100
1632	100
100	100
75	100
72	100
71	100
1595	100
80	100
74	100
72	100
70	100
1608	100
2977	100
52	100
17	100
15	100
15	100
14	100
14	100
14	100
14	100
267	100
80	100
73	100
3408	100
48	100
18	100
16	100
15	100
15	100
14	100
14	100
14	100
14	100
14	100
30	100
1613	100
2130	100
55	100
14	100
11	100
11	100
11	100
11	100
11	100
11	100
1111	100
75	100
69	100
68	100
67	100
1598	100
80	100
68	100
69	100
66	100
1591	100
79	100
2916	100
46	100
13	100
12	100
11	100
11	100
11	100
11	100
466	100
73	100
68	100
67	100
66	100
1602	100
1532	100
32	100
14	100
11	100
127	100
3848	100
41	100
13	100
21	100
9	100
10	100
10	100
9	100
9	100
9	100
9	100
9	100
9	100
9	100
1007	100
38	100
13	100
11	100
11	100
1587	100
32	100
14	100
12	100
11	100
1586	100
33	100
13	100
11	100
11	100
1583	100
32	100
13	100
11	100
11	100
1603	100
38	100
61	100
72	100
93	100
1632	100
33	100
13	100
11	100
24	100
1602	100
32	100
13	100
12	100
11	100
1604	100
33	100
13	100
11	100
11	100
1589	100
32	100
14	100
12	100
11	100
1584	100
33	100
14	100
11	100
11	100
1588	100
32	100
13	100
11	100
11	100
1588	100
39	100
14	100
12	100
11	100
1579	100
37	100
14	100
12	100
11	100
1591	100
33	100
14	100
12	100
11	100
1585	100
34	100
14	100
11	100
11	100
1583	100
32	100
14	100
11	100
11	100
1588	100
55	100
14	100
12	100
39	100
1579	100
32	100
13	100
11	100
11	100
1596	100
39	100
50	100
28	100
70	100
1584	100
50	100
67	100
135	100
37	100
1604	100
32	100
13	100
11	100
11	100
1585	100
33	100
14	100
11	100
11	100
1586	100
33	100
13	100
11	100
11	100
1642	100
33	100
13	100
49	100
20	100
1594	100
32	100
14	100
11	100
11	100
1590	100
32	100
13	100
12	100
11	100
1597	100
34	100
14	100
24	100
12	100
1573	100
32	100
14	100
11	100
11	100
1589	100
33	100
14	100
11	100
11	100
1602	100
32	100
13	100
12	100
11	100
1587	100
32	100
13	100
11	100
11	100
1587	100
33	100
13	100
11	100
11	100
1585	100
33	100
13	100
11	100
11	100
1582	100
33	100
14	100
12	100
11	100
1590	100
32	100
14	100
11	100
11	100
1650	100
34	100
14	100
12	100
11	100
1586	100
32	100
13	100
11	100
11	100
1591	100
32	100
13	100
11	100
11	100
1584	100
33	100
13	100
11	100
11	100
1585	100
32	100
13	100
11	100
11	100
1578	100
33	100
13	100
11	100
11	100
1594	100
32	100
13	100
11	100
11	100
1607	100
32	100
14	100
11	100
11	100
1587	100
34	100
13	100
11	100
11	100
1585	100
32	100
13	100
11	100
11	100
1590	100
33	100
13	100
11	100
11	100
1579	100
32	100
13	100
11	100
11	100
1626	100
33	100
13	100
11	100
24	100
1585	100
32	100
13	100
11	100
24	100
1597	100
32	100
13	100
11	100
11	100
1584	100
33	100
13	100
11	100
11	100
1592	100
32	100
13	100
11	100
11	100
1583	100
33	100
14	100
11	100
11	100
1665	100
33	100
14	100
12	100
11	100
1527	100
32	100
14	100
12	100
11	100
1586	100
33	100
14	100
11	100
11	100
1598	100
32	100
14	100
11	100
20	100
1582	100
33	100
14	100
11	100
11	100
1593	100
32	100
13	100
12	100
11	100
1628	100
34	100
13	100
12	100
11	100
1564	100
32	100
13	100
11	100
11	100
1595	100
32	100
14	100
12	100
11	100
1583	100
33	100
13	100
11	100
11	100
1589	100
34	100
13	100
11	100
11	100
1592	100
33	100
13	100
12	100
11	100
1627	100
32	100
13	100
11	100
11	100
1553	100
32	100
14	100
11	100
11	100
1596	100
33	100
13	100
11	100
11	100
1595	100
32	100
14	100
12	100
11	100
1582	100
33	100
14	100
11	100
11	100
1593	100
32	100
13	100
11	100
11	100
1585	100
42	100
14	100
11	100
20	100
1587	100
32	100
14	100
11	100
11	100
1591	100
39	100
14	100
11	100
11	100
1587	100
34	100
13	100
12	100
11	100
1591	100
32	100
13	100
11	100
11	100
1580	100
33	100
14	100
11	100
11	100
1584	100
32	100
14	100
11	100
11	100
1596	100
32	100
13	100
12	100
11	100
1599	100
89	100
25	100
109	100
32	100
1557	100
32	100
13	100
11	100
11	100
1596	100
487	100
32	100
19	100
16	100
1137	100
33	100
13	100
12	100
11	100
1612	100
34	100
22	100
13	100
11	100
1591	100
32	100
13	100
12	100
11	100
1633	100
32	100
13	100
11	100
11	100
1581	100
34	100
13	100
11	100
11	100
1666	100
34	100
14	100
12	100
11	100
1588	100
33	100
13	100
12	100
20	100
1608	100
88	100
36	100
25	100
97	100
1547	100
140	100
33	100
14	100
11	100
1584	100
32	100
13	100
12	100
11	100
1603	100
32	100
14	100
12	100
11	100
1609	100
36	100
13	100
11	100
11	100
1702	100
13086	100
71	100
17	100
14	100
1595	100
33	100
14	100
11	100
11	100
1592	100
32	100
13	100
12	100
11	100
1584	100
33	100
13	100
11	100
11	100
1591	100
39	100
14	100
11	100
11	100
1580	100
33	100
14	100
11	100
11	100
1590	100
32	100
14	100
11	100
11	100
1593	100
32	100
13	100
12	100
11	100
1586	100
33	100
14	100
12	100
11	100
1591	100
32	100
14	100
11	100
11	100
1579	100
33	100
13	100
11	100
11	100
1581	100
32	100
14	100
12	100
11	100
1612	100
37	100
15	100
32	100
47	100
1590	100
32	100
13	100
11	100
11	100
1596	100
32	100
13	100
12	100
11	100
1583	100
33	100
14	100
12	100
11	100
1587	100
32	100
13	100
11	100
11	100
1585	100
33	100
13	100
11	100
11	100
1591	100
32	100
13	100
11	100
11	100
1592	100
32	100
13	100
11	100
11	100
1583	100
33	100
14	100
11	100
11	100
1587	100
32	100
14	100
12	100
11	100
1581	100
33	100
13	100
12	100
11	100
1564	100
31	100
14	100
12	100
11	100
1616	100
127	100
57	100
74	100
47	100
1584	100
32	100
75	100
41	100
69	100
1581	100
32	100
93	100
32	100
39	100
1586	100
50	100
74	100
44	100
70	100
1596	100
187	100
32	100
14	100
11	100
1598	100
33	100
13	100
11	100
11	100
1590	100
32	100
13	100
11	100
11	100
1589	100
33	100
13	100
12	100
20	100
1600	100
42	100
69	100
22	100
45	100
1702	100
61	100
24	100
18	100
16	100
1667	100
64	100
23	100
18	100
17	100
1671	100
57	100
19	100
33	100
57	100
1624	100
64	100
28	100
22	100
81	100
1618	100
44	100
25	100
76	100
52	100
1627	100
34	100
14	100
11	100
11	100
1589	100
32	100
13	100
11	100
11	100
1583	100
49	100
76	100
69	100
106	100
1595	100
33	100
75	100
53	100
38	100
1596	100
56	100
30	100
70	100
65	100
1643	100
145	100
32	100
14	100
54	100
1596	100
33	100
13	100
12	100
11	100
1585	100
33	100
13	100
12	100
11	100
1624	100
33	100
14	100
11	100
11	100
1596	100
33	100
14	100
11	100
11	100
1594	100
32	100
14	100
12	100
11	100
1573	100
33	100
13	100
11	100
23	100
1586	100
32	100
13	100
11	100
11	100
1587	100
39	100
15	100
11	100
11	100
1598	100
33	100
14	100
11	100
60	100
1537	100
32	100
13	100
11	100
11	100
1583	100
34	100
14	100
11	100
11	100
1586	100
32	100
13	100
12	100
11	100
1579	100
32	100
13	100
11	100
11	100
1581	100
33	100
14	100
11	100
11	100
1696	100
58	100
25	100
13	100
11	100
1601	100
34	100
13	100
11	100
11	100
1590	100
32	100
14	100
12	100
11	100
1624	100
39	100
14	100
11	100
11	100
1591	100
32	100
13	100
11	100
25	100
1584	100
39	100
15	100
12	100
11	100
1583	100
33	100
13	100
11	100
11	100
1592	100
32	100
13	100
12	100
11	100
1585	100
33	100
14	100
11	100
11	100
1590	100
32	100
13	100
11	100
11	100
1581	100
32	100
13	100
11	100
13	100
1577	100
33	100
15	100
11	100
11	100
1607	100
31	100
13	100
12	100
11	100
1585	100
34	100
13	100
11	100
11	100
1568	100
65	100
20	100
12	100
11	100
1580	100
33	100
13	100
11	100
11	100
1579	100
32	100
13	100
11	100
11	100
1642	100
53	100
18	100
16	100
15	100
1643	100
40	100
16	100
14	100
13	100
1587	100
39	100
16	100
14	100
13	100
1596	100
40	100
16	100
14	100
13	100
1584	100
33	100
14	100
12	100
25	100
1590	100
33	100
39	100
20	100
45	100
1593	100
32	100
13	100
11	100
11	100
1605	100
49	100
14	100
11	100
11	100
1692	100
40	100
14	100
11	100
11	100
1471	100
621	100
32	100
13	100
12	100
1638	100
115	100
18	100
14	100
14	100
1224	100
62	100
16	100
14	100
13	100
1650	100
34	100
13	100
12	100
11	100
1577	100
32	100
13	100
11	100
11	100
1657	100
52	100
18	100
14	100
13	100
1603	100
41	100
16	100
14	100
13	100
1595	100
32	100
13	100
12	100
11	100
1576	100
33	100
28	100
51	100
20	100
1592	100
32	100
13	100
12	100
20	100
1591	100
77	100
27	100
661	100
40	100
1158	100
48	100
101	100
96	100
111	100
1605	100
55	100
108	100
85	100
44	100
1585	100
32	100
71	100
43	100
70	100
1617	100
47	100
25	100
77	100
47	100
1614	100
46	100
59	100
80	100
33	100
1754	100
72	100
28	100
24	100
22	100
1691	100
63	100
29	100
50	100
45	100
1696	100
49	100
28	100
45	100
54	100
1624	100
38	100
14	100
12	100
11	100
1585	100
32	100
14	100
11	100
11	100
1600	100
34	100
14	100
11	100
11	100
1595	100
32	100
13	100
12	100
11	100
1581	100
40	100
14	100
12	100
11	100
1583	100
33	100
13	100
11	100
11	100
1634	100
44	100
29	100
16	100
15	100
1604	100
291	100
29	100
23	100
22	100
1380	100
67	100
24	100
22	100
22	100
1698	100
83	100
18	100
16	100
16	100
1769	100
86	100
29	100
20	100
17	100
1698	100
113	100
22	100
18	100
17	100
1581	100
53	100
17	100
16	100
16	100
8913	100
58	100
14	100
12	100
11	100
11	100
11	100
11	100
11	100
11	100
11	100
11	100
11	100
11	100
10	100
11	100
11	100
11	100
11	100
11	100
10	100
11	100
10	100
10	100
10	100
1227	100
31	100
13	100
11	100
11	100
1544	100
66	100
54	100
32	100
24	100
1607	100
50	100
62	100
88	100
47	100
1608	100
56	100
52	100
45	100
69	100
1606	100
54	100
26	100
84	100
53	100
1602	100
41	100
80	100
50	100
249	100
1669	100
70	100
22	100
19	100
18	100
1633	100
45	100
14	100
12	100
11	100
1628	100
51	100
24	100
21	100
64	100
1560	100
52	100
19	100
18	100
17	100
1555	100
30	100
17	100
17	100
17	100
1573	100
30	100
18	100
21	100
17	100
1607	100
42	100
20	100
18	100
17	100
1556	100
32	100
29	100
18	100
17	100
1565	100
37	100
19	100
18	100
17	100
1559	100
33	100
17	100
16	100
16	100
1581	100
409	100
19	100
13	100
11	100
1264	100
33	100
13	100
11	100
11	100
1604	100
33	100
13	100
11	100
11	100
1582	100
33	100
14	100
11	100
11	100
1590	100
32	100
13	100
11	100
11	100
1603	100
33	100
13	100
12	100
11	100
1588	100
32	100
14	100
11	100
11	100
1583	100
32	100
20	100
12	100
11	100
1578	100
33	100
14	100
11	100
11	100
1584	100
32	100
13	100
12	100
11	100
1585	100
34	100
13	100
11	100
11	100
1588	100
32	100
13	100
12	100
11	100
1601	100
33	100
14	100
11	100
11	100
1594	100
32	100
14	100
11	100
11	100
1590	100
32	100
13	100
11	100
11	100
1580	100
33	100
13	100
11	100
11	100
1590	100
33	100
13	100
24	100
12	100
1577	100
33	100
14	100
11	100
11	100
1586	100
32	100
14	100
11	100
11	100
1587	100
32	100
13	100
11	100
11	100
1596	100
34	100
13	100
11	100
11	100
1604	100
32	100
13	100
11	100
11	100
1638	100
48	100
23	100
13	100
12	100
1581	100
36	100
13	100
12	100
11	100
1600	100
33	100
13	100
11	100
11	100
1585	100
32	100
13	100
11	100
11	100
1595	100
32	100
13	100
11	100
11	100
1578	100
33	100
13	100
12	100
11	100
1593	100
32	100
14	100
11	100
11	100
1588	100
33	100
14	100
11	100
11	100
1582	100
32	100
33	100
13	100
11	100
1587	100
79	100
20	100
13	100
11	100
1591	100
34	100
14	100
11	100
11	100
1586	100
32	100
14	100
11	100
11	100
1601	100
33	100
13	100
11	100
11	100
1580	100
32	100
13	100
11	100
11	100
1606	100
34	100
13	100
11	100
11	100
1601	100
38	100
25	100
22	100
47	100
1659	100
90	100
15	100
12	100
11	100
1614	100
44	100
14	100
12	100
11	100
1588	100
32	100
13	100
11	100
11	100
1588	100
33	100
13	100
11	100
11	100
1609	100
33	100
13	100
11	100
11	100
1706	100
45	100
14	100
11	100
11	100
1585	100
32	100
14	100
11	100
11	100
1585	100
32	100
13	100
11	100
11	100
1594	100
33	100
14	100
11	100
11	100
1586	100
32	100
14	100
12	100
11	100
1585	100
39	100
75	100
47	100
67	100
1686	100
47	100
20	100
25	100
16	100
1612	100
64	100
18	100
14	100
13	100
1604	100
39	100
16	100
14	100
13	100
1623	100
36	100
13	100
12	100
11	100
1585	100
33	100
13	100
11	100
11	100
1587	100
32	100
14	100
12	100
11	100
1585	100
33	100
14	100
11	100
11	100
1587	100
32	100
14	100
12	100
11	100
1607	100
33	100
14	100
14	100
12	100
1587	100
33	100
13	100
12	100
11	100
1584	100
32	100
14	100
12	100
11	100
1587	100
34	100
13	100
12	100
11	100
1584	100
32	100
13	100
11	100
11	100
1608	100
37	100
13	100
11	100
11	100
1586	100
32	100
13	100
11	100
11	100
1633	100
37	100
13	100
12	100
11	100
1591	100
33	100
14	100
11	100
11	100
1679	100
33	100
13	100
12	100
26	100
1622	100
35	100
13	100
11	100
11	100
1600	100
32	100
13	100
12	100
11	100
1599	100
52	100
14	100
12	100
102	100
1515	100
32	100
13	100
11	100
11	100
1696	100
262	100
49	100
49	100
73	100
1758	100
40	100
14	100
12	100
11	100
1440	100
32	100
13	100
11	100
11	100
1584	100
34	100
14	100
12	100
11	100
1593	100
33	100
14	100
11	100
11	100
1667	100
47	100
14	100
12	100
11	100
1585	100
32	100
13	100
11	100
11	100
1591	100
32	100
13	100
12	100
11	100
1574	100
39	100
42	100
41	100
68	100
1590	100
48	100
106	100
60	100
101	100
1555	100
323	100
95	100
114	100
183	100
1699	100
48	100
14	100
11	100
11	100
1583	100
33	100
13	100
11	100
11	100
1759	100
36	100
14	100
11	100
11	100
1639	100
51	100
14	100
11	100
11	100
1575	100
32	100
13	100
11	100
11	100
1592	100
39	100
14	100
17	100
12	100
1582	100
34	100
13	100
11	100
11	100
1633	100
47	100
25	100
95	100
150	100
1604	100
39	100
14	100
11	100
11	100
1702	100
332	100
54	100
18	100
15	100
1483	100
34	100
14	100
12	100
11	100
1600	100
32	100
13	100
11	100
11	100
1674	100
50	100
14	100
12	100
11	100
1584	100
32	100
13	100
11	100
11	100
2136	100
41	100
13	100
11	100
11	100
1242	100
32	100
14	100
12	100
11	100
1595	100
132	100
39	100
22	100
96	100
1493	100
46	100
62	100
73	100
69	100
1586	100
41	100
51	100
54	100
69	100
1658	100
56	100
14	100
11	100
11	100
1570	100
32	100
13	100
12	100
11	100
1683	100
65	100
15	100
12	100
11	100
1585	100
33	100
13	100
11	100
11	100
1649	100
40	100
428	100
17	100
12	100
1172	100
34	100
14	100
11	100
11	100
1591	100
32	100
13	100
11	100
11	100
1647	100
50	100
14	100
11	100
11	100
1588	100
32	100
13	100
11	100
11	100
1604	100
32	100
13	100
11	100
11	100
1697	100
54	100
14	100
12	100
11	100
1561	100
96	100
21	100
118	100
285	100
1490	100
45	100
41	100
68	100
72	100
1594	100
34	100
39	100
67	100
73	100
1579	100
49	100
71	100
66	100
54	100
1632	100
97	100
26	100
29	100
149	100
1622	100
46	100
13	100
12	100
11	100
1586	100
32	100
13	100
11	100
11	100
1610	100
34	100
22	100
50	100
20	100
1662	100
49	100
36	100
23	100
89	100
4626	100
75	100
22	100
17	100
12	100
12	100
24	100
19	100
17	100
19	100
620	100
1792	100
27	100
13	100
11	100
470	100
37	100
13	100
11	100
11	100
3902	100
63	100
14	100
12	100
11	100
11	100
11	100
11	100
11	100
11	100
1201	100
42	100
14	100
12	100
11	100
1632	100
77	100
174	100
18	100
12	100
2129	100
610	100
286	100
36	100
14	100
1600	100
88	100
14	100
12	100
11	100
1578	100
53	100
14	100
12	100
11	100
1634	100
55	100
14	100
11	100
11	100
1570	100
148	100
55	100
29	100
20	100
1695	100
79	100
39	100
28	100
28	100
1586	100
39	100
14	100
12	100
29	100
1726	100
60	100
14	100
11	100
11	100
1808	100
75	100
14	100
11	100
261	100
2639	100
230	100
63	100
28	100
60	100
1682	100
63	100
28	100
23	100
83	100
8304	100
132	100
53	100
31	100
598	100
1638	100
85	100
28	100
21	100
63	100
6570	100
527	100
41	100
17	100
15	100
14	100
15	100
14	100
1643	100
58	100
22	100
19	100
19	100
19	100
80	100
39	100
89	100
447	100
30	100
18	100
1813	100
109	100
32	100
27	100
26	100
2617	100
114	100
26	100
21	100
22	100
6055	100
83	100
26	100
22	100
21	100
20	100
20	100
19	100
27	100
19	100
3782	100
90	100
25	100
18	100
19	100
18	100
20	100
20	100
20	100
20	100
1116	100
67	100
27	100
23	100
21	100
1836	100
822	100
27	100
20	100
19	100
854	100
66	100
73	100
86	100
85	100
1688	100
68	100
28	100
50	100
81	100
1734	100
76	100
31	100
24	100
82	100
1615	100
41	100
50	100
75	100
592	100
2864	100
86	100
26	100
21	100
20	100
217	100
49	100
62	100
87	100
54	100
1673	100
125	100
30	100
43	100
96	100
1735	100
62	100
29	100
23	100
56	100
1684	100
74	100
30	100
46	100
111	100
1705	100
70	100
29	100
24	100
21	100
1778	100
39	100
13	100
11	100
11	100
1587	100
34	100
14	100
11	100
11	100
1597	100
32	100
14	100
11	100
11	100
1648	100
36	100
13	100
12	100
11	100
1598	100
33	100
13	100
12	100
11	100
1676	100
108	100
26	100
13	100
12	100
1562	100
32	100
13	100
11	100
11	100
1610	100
32	100
13	100
11	100
11	100
1598	100
34	100
13	100
11	100
11	100
1585	100
80	100
15	100
13	100
128	100
1625	100
153	100
32	100
13	100
11	100
1591	100
32	100
13	100
11	100
11	100
1595	100
34	100
13	100
11	100
11	100
1603	100
33	100
13	100
11	100
11	100
1630	100
34	100
14	100
11	100
11	100
1595	100
34	100
13	100
11	100
11	100
1592	100
32	100
14	100
11	100
11	100
1579	100
33	100
13	100
11	100
11	100
1581	100
32	100
14	100
11	100
11	100
1635	100
71	100
16	100
21	100
61	100
1586	100
32	100
13	100
11	100
11	100
1592	100
32	100
13	100
12	100
11	100
1584	100
33	100
13	100
11	100
11	100
1603	100
32	100
13	100
11	100
11	100
1611	100
36	100
14	100
11	100
20	100
1609	100
33	100
13	100
12	100
11	100
1595	100
32	100
13	100
12	100
11	100
1596	100
34	100
14	100
11	100
11	100
1593	100
90	100
22	100
72	100
21	100
1596	100
33	100
13	100
11	100
11	100
1594	100
31	100
13	100
11	100
11	100
1567	100
33	100
13	100
12	100
11	100
1583	100
32	100
13	100
12	100
11	100
1643	100
55	100
60	100
95	100
65	100
1676	100
41	100
16	100
14	100
13	100
1603	100
32	100
13	100
12	100
11	100
1585	100
33	100
13	100
11	100
11	100
1590	100
38	100
14	100
12	100
11	100
1583	100
33	100
13	100
11	100
11	100
1592	100
32	100
13	100
11	100
11	100
1590	100
36	100
13	100
11	100
11	100
1610	100
33	100
13	100
11	100
11	100
1582	100
31	100
13	100
11	100
11	100
1594	100
33	100
13	100
11	100
11	100
1584	100
32	100
13	100
11	100
11	100
1579	100
32	100
13	100
11	100
11	100
1582	100
33	100
13	100
11	100
11	100
1595	100
32	100
13	100
11	100
11	100
1579	100
33	100
13	100
11	100
11	100
1584	100
32	100
13	100
11	100
11	100
1553	100
35	100
40	100
17	100
11	100
1589	100
31	100
13	100
11	100
11	100
1587	100
32	100
13	100
12	100
11	100
1583	100
33	100
13	100
11	100
11	100
1592	100
32	100
13	100
11	100
11	100
1591	100
34	100
13	100
11	100
11	100
1584	100
32	100
13	100
11	100
21	100
1571	100
38	100
13	100
18	100
12	100
1603	100
38	100
14	100
11	100
11	100
1593	100
32	100
14	100
11	100
11	100
1602	100
32	100
13	100
11	100
11	100
1568	100
31	100
13	100
11	100
11	100
1574	100
33	100
13	100
20	100
33	100
1581	100
32	100
13	100
11	100
11	100
1594	100
32	100
14	100
11	100
11	100
1583	100
33	100
13	100
11	100
11	100
1586	100
32	100
14	100
11	100
11	100
1588	100
62	100
75	100
122	100
31	100
1584	100
33	100
14	100
12	100
11	100
1656	100
46	100
79	100
17	100
14	100
1588	100
38	100
16	100
14	100
13	100
1602	100
33	100
13	100
11	100
11	100
1590	100
56	100
15	100
38	100
48	100
1606	100
32	100
13	100
23	100
11	100
1582	100
33	100
14	100
12	100
11	100
1591	100
32	100
13	100
11	100
10	100
1582	100
32	100
13	100
11	100
11	100
1584	100
33	100
13	100
11	100
11	100
1593	100
32	100
13	100
12	100
11	100
1585	100
33	100
15	100
11	100
11	100
1603	100
32	100
13	100
11	100
11	100
1566	100
33	100
13	100
56	100
16	100
1588	100
32	100
14	100
11	100
11	100
1592	100
32	100
13	100
11	100
11	100
1579	100
33	100
13	100
11	100
11	100
1642	100
33	100
13	100
11	100
24	100
1605	100
34	100
13	100
11	100
11	100
1595	100
32	100
13	100
11	100
11	100
1584	100
32	100
14	100
11	100
11	100
1595	100
34	100
14	100
11	100
11	100
1654	100
49	100
14	100
11	100
11	100
1588	100
33	100
13	100
11	100
11	100
1586	100
32	100
13	100
12	100
11	100
1593	100
34	100
13	100
11	100
11	100
1581	100
32	100
13	100
11	100
11	100
1583	100
32	100
21	100
13	100
11	100
1581	100
33	100
14	100
11	100
11	100
1552	100
31	100
13	100
11	100
23	100
1596	100
33	100
13	100
11	100
11	100
1590	100
32	100
14	100
11	100
11	100
1580	100
32	100
14	100
12	100
11	100
1584	100
33	100
13	100
12	100
11	100
1585	100
32	100
13	100
11	100
19	100
1606	100
60	100
15	100
11	100
11	100
1568	100
32	100
14	100
12	100
11	100
1741	100
33	100
13	100
11	100
11	100
1554	100
32	100
13	100
11	100
11	100
1589	100
32	100
13	100
11	100
11	100
1591	100
33	100
13	100
11	100
11	100
1578	100
31	100
13	100
11	100
11	100
1592	100
33	100
13	100
11	100
11	100
1587	100
32	100
14	100
21	100
42	100
1597	100
39	100
15	100
12	100
18	100
1575	100
33	100
14	100
11	100
11	100
1588	100
32	100
74	100
65	100
14	100
1557	100
43	100
13	100
11	100
11	100
1603	100
32	100
13	100
11	100
11	100
1590	100
34	100
21	100
11	100
11	100
1699	100
32	100
13	100
11	100
11	100
1491	100
32	100
13	100
11	100
11	100
2296	100
55	100
14	100
12	100
11	100
899	100
32	100
1195	100
38	100
19	100
489	100
45	100
23	100
21	100
19	100
1676	100
121	100
17	100
12	100
12	100
1588	100
40	100
14	100
12	100
11	100
1583	100
32	100
24	100
12	100
11	100
1585	100
32	100
13	100
11	100
11	100
1597	100
34	100
14	100
12	100
11	100
1594	100
32	100
13	100
11	100
11	100
1658	100
49	100
14	100
11	100
11	100
1596	100
32	100
14	100
11	100
11	100
1721	100
35	100
490	100
18	100
12	100
1042	100
51	100
41	100
73	100
66	100
1680	100
58	100
17	100
13	100
119	100
1594	100
64	100
21	100
18	100
17	100
1567	100
44	100
23	100
20	100
19	100
1551	100
47	100
20	100
19	100
17	100
1576	100
49	100
20	100
18	100
17	100
1571	100
44	100
66	100
32	100
46	100
1620	100
30	100
13	100
67	100
20	100
1690	100
50	100
20	100
17	100
17	100
1982	100
67	100
17	100
15	100
14	100
1518	100
279	100
45	100
22	100
44	100
1647	100
74	100
29	100
25	100
40	100
1669	100
45	100
90	100
52	100
145	100
3701	100
146	100
27	100
20	100
19	100
1416	100
56	100
67	100
78	100
78	100
1669	100
66	100
231	100
18	100
15	100
1450	100
53	100
82	100
74	100
71	100
1645	100
55	100
45	100
79	100
94	100
1609	100
51	100
45	100
84	100
50	100
1609	100
38	100
42	100
100	100
54	100
3387	100
135	100
36	100
25	100
20	100
1654	100
153	100
83	100
328	100
41	100
1689	100
37	100
280	100
31	100
20	100
1458	100
41	100
15	100
12	100
12	100
1584	100
33	100
13	100
11	100
11	100
1590	100
51	100
112	100
3712	100
140	100
2293	100
81	100
59	100
26	100
18	100
1054	100
67	100
29	100
24	100
23	100
1691	100
71	100
26	100
20	100
42	100
1624	100
37	100
13	100
11	100
11	100
1600	100
34	100
13	100
11	100
20	100
1602	100
32	100
14	100
11	100
11	100
1662	100
32	100
13	100
11	100
11	100
1682	100
143	100
34	100
124	100
247	100
2087	100
59	100
14	100
12	100
11	100
1015	100
33	100
13	100
11	100
20	100
1588	100
32	100
13	100
11	100
11	100
1651	100
63	100
29	100
48	100
45	100
1624	100
55	100
14	100
12	100
11	100
1571	100
56	100
14	100
87	100
117	100
1592	100
33	100
76	100
45	100
70	100
1589	100
33	100
65	100
59	100
68	100
1824	100
73	100
151	100
107	100
31	100
4017	100
63	100
14	100
12	100
12	100
11	100
11	100
11	100
11	100
11	100
812	100
33	100
13	100
11	100
11	100
1645	100
50	100
14	100
12	100
11	100
1581	100
32	100
13	100
11	100
11	100
1621	100
134	100
32	100
14	100
12	100
1591	100
32	100
13	100
12	100
11	100
1619	100
40	100
25	100
40	100
49	100
1647	100
50	100
88	100
38	100
17	100
1624	100
89	100
165	100
56	100
25	100
1661	100
71	100
14	100
12	100
11	100
1585	100
38	100
13	100
12	100
11	100
1653	100
65	100
29	100
23	100
110	100
1563	100
32	100
14	100
11	100
11	100
1600	100
33	100
14	100
11	100
11	100
1586	100
32	100
13	100
11	100
11	100
1588	100
31	100
13	100
11	100
11	100
1665	100
47	100
13	100
11	100
11	100
1593	100
32	100
14	100
13	100
11	100
2281	100
84	100
26	100
32	100
20	100
1211	100
39	100
14	100
11	100
11	100
1676	100
53	100
37	100
40	100
118	100
1754	100
67	100
93	100
32	100
149	100
1572	100
34	100
13	100
11	100
11	100
1589	100
32	100
14	100
11	100
11	100
1771	100
31	100
14	100
12	100
11	100
1594	100
47	100
14	100
12	100
11	100
1599	100
33	100
13	100
11	100
11	100
1603	100
130	100
20	100
13	100
28	100
1848	100
646	100
23	100
13	100
11	100
1111	100
72	100
30	100
130	100
38	100
1521	100
32	100
13	100
11	100
11	100
1608	100
36	100
14	100
11	100
11	100
1586	100
40	100
14	100
11	100
11	100
1589	100
39	100
14	100
11	100
17	100
1632	100
48	100
13	100
12	100
11	100
1576	100
32	100
13	100
11	100
11	100
1598	100
33	100
13	100
11	100
11	100
1754	100
55	100
18	100
15	100
15	100
2643	100
60	100
14	100
12	100
11	100
999	100
33	100
14	100
11	100
11	100
1667	100
45	100
20	100
252	100
21	100
1490	100
44	100
17	100
14	100
14	100
1600	100
32	100
13	100
12	100
11	100
1652	100
52	100
14	100
11	100
11	100
1589	100
33	100
14	100
12	100
11	100
1592	100
33	100
13	100
11	100
11	100
1607	100
81	100
16	100
12	100
11	100
2022	100
75	100
26	100
176	100
154	100
1590	100
45	100
14	100
12	100
11	100
1609	100
41	100
14	100
11	100
44	100
1647	100
34	100
13	100
12	100
26	100
1593	100
32	100
13	100
12	100
11	100
1644	100
48	100
14	100
12	100
11	100
1593	100
35	100
92	100
24	100
44	100
1566	100
32	100
13	100
11	100
20	100
1583	100
31	100
14	100
12	100
11	100
1621	100
55	100
16	100
29	100
51	100
1695	100
169	100
38	100
23	100
705	100
1040	100
50	100
165	100
166	100
111	100
1652	100
38	100
14	100
12	100
11	100
1606	100
87	100
65	100
23	100
12	100
1618	100
48	100
13	100
11	100
11	100
1591	100
32	100
13	100
11	100
11	100
1588	100
33	100
13	100
11	100
11	100
1602	100
34	100
14	100
11	100
11	100
1678	100
222	100
113	100
61	100
81	100
1723	100
162	100
39	100
25	100
23	100
1627	100
55	100
14	100
12	100
11	100
1589	100
32	100
13	100
11	100
11	100
1849	100
39	100
15	100
11	100
11	100
1456	100
49	100
13	100
11	100
11	100
1583	100
32	100
13	100
11	100
11	100
1599	100
33	100
13	100
11	100
11	100
1588	100
32	100
13	100
11	100
11	100
1573	100
62	100
220	100
183	100
121	100
1601	100
35	100
41	100
68	100
76	100
1792	100
159	100
88	100
168	100
488	100
1211	100
32	100
13	100
12	100
36	100
1662	100
121	100
180	100
171	100
148	100
1644	100
34	100
13	100
12	100
18	100
1559	100
146	100
32	100
13	100
11	100
1582	100
32	100
13	100
11	100
27	100
1593	100
32	100
13	100
11	100
11	100
1651	100
59	100
156	100
34	100
14	100
1581	100
57	100
13	100
11	100
11	100
1579	100
33	100
13	100
11	100
11	100
1588	100
32	100
15	100
11	100
11	100
1595	100
50	100
73	100
50	100
111	100
1588	100
42	100
71	100
66	100
74	100
1626	100
37	100
13	100
11	100
11	100
1579	100
33	100
13	100
11	100
11	100
1584	100
32	100
13	100
11	100
11	100
1608	100
34	100
14	100
11	100
11	100
1591	100
32	100
14	100
12	100
11	100
1586	100
33	100
13	100
11	100
11	100
1588	100
32	100
13	100
11	100
11	100
1708	100
33	100
14	100
11	100
11	100
1606	100
33	100
13	100
12	100
11	100
1591	100
32	100
13	100
11	100
11	100
1590	100
33	100
13	100
11	100
11	100
1583	100
32	100
13	100
11	100
11	100
1590	100
39	100
13	100
24	100
33	100
1570	100
32	100
13	100
11	100
11	100
1585	100
32	100
13	100
11	100
11	100
1579	100
33	100
13	100
11	100
11	100
1616	100
53	100
57	100
94	100
97	100
1615	100
60	100
99	100
93	100
98	100
1589	100
33	100
78	100
31	100
72	100
1617	100
34	100
13	100
11	100
24	100
1606	100
32	100
13	100
16	100
11	100
1595	100
32	100
13	100
11	100
11	100
1584	100
33	100
13	100
11	100
11	100
1581	100
31	100
13	100
11	100
28	100
1595	100
33	100
14	100
11	100
11	100
1582	100
32	100
13	100
12	100
11	100
1584	100
34	100
13	100
11	100
11	100
1584	100
32	100
14	100
11	100
11	100
1595	100
32	100
14	100
24	100
12	100
1568	100
33	100
13	100
11	100
11	100
1588	100
32	100
13	100
12	100
11	100
1589	100
33	100
13	100
11	100
11	100
1582	100
138	100
35	100
109	100
42	100
1666	100
40	100
47	100
115	100
102	100
1673	100
68	100
28	100
23	100
56	100
1625	100
44	100
44	100
81	100
83	100
1635	100
53	100
21	100
18	100
17	100
1580	100
48	100
28	100
47	100
79	100
1565	100
33	100
14	100
21	100
43	100
1593	100
32	100
13	100
11	100
11	100
1586	100
33	100
23	100
50	100
19	100
1592	100
32	100
14	100
11	100
11	100
1585	100
32	100
13	100
12	100
11	100
1582	100
33	100
13	100
11	100
11	100
1658	100
43	100
23	100
20	100
18	100
1583	100
33	100
13	100
11	100
11	100
1583	100
32	100
13	100
11	100
11	100
1697	100
80	100
119	100
122	100
100	100
1670	100
51	100
137	100
68	100
116	100
1659	100
382	100
57	100
24	100
21	100
1667	100
57	100
23	100
20	100
19	100
1721	100
109	100
34	100
47	100
74	100
1645	100
39	100
16	100
14	100
14	100
1618	100
52	100
19	100
14	100
13	100
1582	100
34	100
14	100
11	100
11	100
1597	100
32	100
13	100
11	100
11	100
1584	100
32	100
14	100
11	100
11	100
1591	100
32	100
13	100
11	100
11	100
1588	100
33	100
14	100
12	100
11	100
1583	100
32	100
67	100
21	100
13	100
1641	100
40	100
16	100
14	100
24	100
1627	100
40	100
16	100
14	100
13	100
1596	100
32	100
13	100
11	100
11	100
1598	100
51	100
24	100
19	100
19	100
1586	100
42	100
41	100
74	100
46	100
1628	100
38	100
13	100
11	100
11	100
1595	100
32	100
13	100
11	100
11	100
1583	100
33	100
14	100
11	100
11	100
1585	100
33	100
13	100
11	100
11	100
1584	100
32	100
13	100
11	100
11	100
1595	100
33	100
13	100
11	100
11	100
1603	100
32	100
13	100
11	100
11	100
1587	100
32	100
30	100
13	100
11	100
1593	100
32	100
13	100
11	100
11	100
1624	100
35	100
13	100
11	100
48	100
1594	100
40	100
16	100
14	100
13	100
1611	100
39	100
16	100
14	100
13	100
1602	100
40	100
16	100
14	100
13	100
1589	100
33	100
14	100
11	100
11	100
1585	100
32	100
13	100
11	100
11	100
1595	100
33	100
13	100
11	100
11	100
1581	100
32	100
13	100
11	100
11	100
1595	100
33	100
14	100
11	100
11	100
1586	100
32	100
13	100
11	100
11	100
1594	100
39	100
45	100
22	100
149	100
1567	100
32	100
13	100
11	100
11	100
1594	100
32	100
13	100
11	100
11	100
1583	100
33	100
13	100
11	100
11	100
1592	100
32	100
97	100
15	100
11	100
1506	100
33	100
13	100
11	100
11	100
1602	100
33	100
13	100
11	100
11	100
1579	100
33	100
13	100
11	100
20	100
1590	100
33	100
13	100
11	100
11	100
1585	100
32	100
14	100
11	100
11	100
1612	100
34	100
13	100
12	100
26	100
1600	100
32	100
14	100
11	100
11	100
1590	100
33	100
13	100
11	100
11	100
1603	100
38	100
32	100
61	100
100	100
1595	100
60	100
22	100
29	100
19	100
1577	100
59	100
28	100
40	100
96	100
1734	100
67	100
23	100
43	100
71	100
1654	100
59	100
60	100
95	100
97	100
1658	100
57	100
61	100
79	100
79	100
1623	100
38	100
13	100
11	100
11	100
1655	100
40	100
16	100
14	100
13	100
1600	100
33	100
13	100
11	100
11	100
1585	100
31	100
13	100
11	100
11	100
1586	100
32	100
14	100
11	100
11	100
1583	100
33	100
13	100
11	100
11	100
1543	100
145	100
32	100
13	100
11	100
1584	100
33	100
13	100
11	100
11	100
1597	100
32	100
14	100
11	100
11	100
1597	100
33	100
14	100
11	100
11	100
1582	100
31	100
13	100
11	100
11	100
1586	100
89	100
33	100
17	100
121	100
1564	100
34	100
13	100
11	100
11	100
1612	100
32	100
14	100
12	100
11	100
1587	100
33	100
13	100
11	100
11	100
7285	100
60	100
14	100
12	100
11	100
11	100
11	100
11	100
11	100
11	100
10	100
10	100
11	100
11	100
11	100
11	100
10	100
11	100
10	100
11	100
1530	100
41	100
13	100
12	100
11	100
1237	100
38	100
13	100
11	100
11	100
1134	100
35	100
13	100
11	100
11	100
1593	100
32	100
13	100
11	100
11	100
1612	100
32	100
13	100
11	100
11	100
1586	100
33	100
14	100
11	100
11	100
1593	100
32	100
14	100
12	100
20	100
1584	100
34	100
14	100
11	100
11	100
1587	100
32	100
13	100
11	100
11	100
1610	100
52	100
14	100
12	100
11	100
1574	100
32	100
13	100
11	100
11	100
1595	100
32	100
13	100
11	100
11	100
1580	100
33	100
13	100
11	100
11	100
1579	100
33	100
13	100
11	100
44	100
1606	100
34	100
13	100
11	100
11	100
1588	100
32	100
13	100
11	100
11	100
1600	100
33	100
13	100
12	100
11	100
1584	100
33	100
13	100
11	100
11	100
1584	100
31	100
13	100
11	100
11	100
1567	100
32	100
14	100
11	100
11	100
1596	100
32	100
13	100
11	100
11	100
1579	100
34	100
36	100
13	100
24	100
1597	100
32	100
13	100
11	100
11	100
1653	100
42	100
16	100
14	100
13	100
1610	100
40	100
16	100
14	100
13	100
1599	100
39	100
16	100
14	100
13	100
1621	100
40	100
16	100
14	100
13	100
1590	100
32	100
14	100
11	100
11	100
1581	100
32	100
13	100
11	100
14	100
1586	100
33	100
13	100
11	100
11	100
1595	100
32	100
13	100
11	100
11	100
1580	100
33	100
14	100
11	100
11	100
1577	100
32	100
13	100
11	100
11	100
1608	100
33	100
13	100
11	100
11	100
1585	100
32	100
13	100
11	100
11	100
1597	100
32	100
13	100
11	100
11	100
1577	100
33	100
14	100
11	100
11	100
1588	100
32	100
13	100
11	100
11	100
1591	100
33	100
13	100
11	100
11	100
1586	100
32	100
19	100
12	100
11	100
1572	100
32	100
13	100
11	100
11	100
1603	100
35	100
14	100
11	100
11	100
1592	100
32	100
14	100
11	100
11	100
1585	100
35	100
13	100
12	100
11	100
1588	100
32	100
14	100
11	100
11	100
1588	100
33	100
14	100
38	100
62	100
1576	100
32	100
14	100
11	100
11	100
1589	100
111	100
21	100
12	100
11	100
1511	100
33	100
13	100
11	100
11	100
1626	100
63	100
44	100
200	100
40	100
1602	100
34	100
13	100
11	100
20	100
1597	100
32	100
14	100
11	100
11	100
1649	100
34	100
13	100
21	100
52	100
1615	100
33	100
13	100
12	100
11	100
1580	100
32	100
13	100
11	100
11	100
1595	100
32	100
13	100
11	100
11	100
1596	100
32	100
13	100
12	100
11	100
1591	100
33	100
14	100
12	100
11	100
1587	100
32	100
13	100
11	100
11	100
1581	100
32	100
13	100
11	100
11	100
1579	100
33	100
13	100
11	100
11	100
1604	100
32	100
14	100
11	100
11	100
1588	100
34	100
13	100
11	100
11	100
1600	100
32	100
13	100
11	100
11	100
1553	100
33	100
13	100
20	100
49	100
1588	100
32	100
14	100
12	100
11	100
1647	100
40	100
16	100
14	100
13	100
1648	100
40	100
16	100
14	100
13	100
1596	100
39	100
16	100
14	100
13	100
1597	100
40	100
16	100
14	100
13	100
1590	100
32	100
13	100
11	100
11	100
1582	100
32	100
30	100
13	100
25	100
1592	100
32	100
13	100
11	100
11	100
1577	100
57	100
14	100
11	100
11	100
1587	100
33	100
13	100
11	100
11	100
2214	100
44	100
14	100
12	100
11	100
1426	100
621	100
25	100
13	100
12	100
577	100
38	100
14	100
12	100
1435	100
487	100
87	100
16	100
68	100
100	100
1593	100
33	100
14	100
11	100
11	100
1595	100
32	100
14	100
12	100
11	100
1680	100
58	100
21	100
18	100
17	100
1604	100
33	100
22	100
12	100
11	100
1578	100
33	100
13	100
11	100
11	100
1587	100
32	100
14	100
11	100
11	100
1594	100
55	100
14	100
11	100
20	100
1610	100
62	100
22	100
19	100
409	100
1210	100
33	100
14	100
11	100
815	100
947	100
65	100
16	100
12	100
12	100
1644	100
36	100
13	100
11	100
11	100
1658	100
44	100
16	100
14	100
46	100
1640	100
178	100
2197	100
17	100
12	100
11	100
10	100
10	100
10	100
10	100
1046	100
41	100
14	100
11	100
10	100
1633	100
32	100
13	100
11	100
11	100
1599	100
32	100
13	100
11	100
10	100
1586	100
33	100
13	100
11	100
11	100
1599	100
33	100
2263	100
18	100
12	100
11	100
4719	100
20	100
11	100
10	100
10	100
10	100
10	100
10	100
10	100
10	100
10	100
10	100
28	100
12	100
10	100
10	100
26	100
12	100
10	100
1112	100
30	100
12	100
10	100
20	100
1672	100
43	100
16	100
13	100
13	100
1599	100
31	100
12	100
702	100
30	100
968	100
29	100
12	100
10	100
10	100
1603	100
29	100
12	100
24	100
40	100
1590	100
29	100
12	100
10	100
10	100
1649	100
38	100
14	100
13	100
24	100
1642	100
49	100
106	100
63	100
97	100
1615	100
62	100
90	100
1025	100
37	100
740	100
44	100
73	100
41	100
71	100
1587	100
29	100
70	100
41	100
68	100
1633	100
29	100
11	100
23	100
58	100
1588	100
28	100
11	100
10	100
10	100
1616	100
29	100
1021	100
2982	100
19	100
11	100
10	100
16	100
9	100
9	100
9	100
9	100
9	100
9	100
9	100
877	100
29	100
11	100
10	100
35	100
1606	100
28	100
11	100
10	100
9	100
1602	100
29	100
11	100
10	100
23	100
1595	100
28	100
11	100
10	100
9	100
1591	100
28	100
11	100
10	100
9	100
1595	100
29	100
11	100
10	100
9	100
1601	100
28	100
11	100
10	100
9	100
1590	100
30	100
11	100
10	100
19	100
1594	100
28	100
11	100
10	100
9	100
1592	100
29	100
25	100
19	100
43	100
1597	100
28	100
11	100
10	100
9	100
1595	100
28	100
11	100
131	100
41	100
1593	100
35	100
8135	100
62	100
13	100
2177	100
80	100
29	100
82	100
59	100
1646	100
35	100
11	100
136	100
27	100
1576	100
34	100
11	100
10	100
9	100
1602	100
6988	100
49	100
12	100
10	100
10	100
9	100
10	100
9	100
9	100
9	100
9	100
9	100
9	100
9	100
9	100
9	100
9	100
9	100
9	100
9	100
9	100
9	100
9	100
9	100
1505	100
41	100
12	100
828	100
153	100
