0	100
745	100
1060	100
1067	100
1061	100
1061	100
1070	100
1059	100
1058	100
1063	100
1066	100
1059	100
1063	100
1056	100
1061	100
1063	100
1059	100
1058	100
1061	100
1072	100
1105	100
1068	100
1054	100
1056	100
1056	100
1057	100
1056	100
1058	100
1056	100
1057	100
1062	100
1050	100
1055	100
1060	100
1056	100
1055	100
1056	100
1057	100
1056	100
1062	100
1054	100
1055	100
1056	100
1056	100
1057	100
1058	100
1056	100
1056	100
1061	100
1052	100
1056	100
1058	100
1058	100
1055	100
1056	100
1069	100
1043	100
1062	100
1053	100
1057	100
1055	100
1056	100
1056	100
1060	100
1055	100
1055	100
1059	100
1054	100
1055	100
1062	100
1055	100
1058	100
1055	100
1055	100
1060	100
1061	100
1052	100
1056	100
1057	100
1055	100
1053	100
1134	100
1058	100
1055	100
1059	100
1052	100
1057	100
1060	100
1055	100
1060	100
1051	100
1056	100
1055	100
1064	100
1052	100
1055	100
1055	100
1057	100
1055	100
1058	100
1055	100
1056	100
1059	100
1052	100
1055	100
1065	100
1056	100
1055	100
1057	100
1055	100
1055	100
1062	100
1053	100
1057	100
1055	100
1055	100
1058	100
1058	100
1055	100
1055	100
1060	100
1051	100
1056	100
1058	100
1057	100
1055	100
1056	100
1057	100
1056	100
1061	100
1053	100
1056	100
1056	100
1055	100
1056	100
1058	100
1056	100
1054	100
1059	100
1053	100
1058	100
1055	100
1066	100
1045	100
1056	100
1055	100
1060	100
1058	100
1052	100
1055	100
1057	100
1055	100
1059	100
1055	100
1057	100
1055	100
1058	100
1052	100
1060	100
1055	100
1055	100
1057	100
1055	100
1055	100
1059	100
1059	100
1052	100
1055	100
1055	100
1056	100
1059	100
1055	100
1055	100
1066	100
1059	100
1052	100
1059	100
1061	100
1052	100
1055	100
1057	100
1056	100
1059	100
1064	100
1050	100
1056	100
1055	100
1055	100
1060	100
1056	100
1055	100
1055	100
1060	100
1052	100
1059	100
1064	100
1054	100
1056	100
1056	100
1056	100
1058	100
1059	100
1053	100
1057	100
1055	100
1056	100
1059	100
1058	100
1055	100
1056	100
1058	100
1055	100
1058	100
1055	100
1056	100
1055	100
1056	100
1055	100
1061	100
1059	100
1052	100
1056	100
1070	100
1042	100
1058	100
1056	100
1056	100
1055	100
1059	100
1052	100
1060	100
1055	100
1055	100
1058	100
1056	100
1055	100
1060	100
1059	100
1053	100
1055	100
1055	100
1057	100
1059	100
1056	100
1056	100
1056	100
1056	100
1054	100
1069	100
1056	100
1056	100
1056	100
1057	100
1056	100
1063	100
1056	100
1057	100
1055	100
1056	100
1056	100
1060	100
1055	100
1055	100
1057	100
1067	100
1056	100
1054	100
1054	100
1053	100
1052	100
1054	100
1057	100
1052	100
1059	100
1047	100
1057	100
1054	100
1057	100
1050	100
1055	100
1052	100
1053	100
1053	100
1057	100
1064	100
1053	100
1055	100
1053	100
1053	100
1056	100
1055	100
1053	100
1053	100
1053	100
1055	100
1056	100
1053	100
1053	100
1056	100
1067	100
1054	100
1069	100
1046	100
1053	100
1053	100
1055	100
1053	100
1056	100
1054	100
1056	100
1053	100
1053	100
1054	100
3251	100
110	100
260	100
4826	100
127	100
75	100
87	100
86	100
792	100
943	100
1052	100
1055	100
1056	100
1057	100
1053	100
1054	100
1054	100
1053	100
1056	100
1056	100
1054	100
1057	100
1056	100
1052	100
1058	100
1054	100
1055	100
1053	100
1053	100
1054	100
1058	100
1059	100
1049	100
1054	100
1054	100
1053	100
1056	100
1054	100
1054	100
1054	100
1056	100
1051	100
1057	100
1053	100
1053	100
1056	100
1052	100
1053	100
1057	100
1057	100
1051	100
1053	100
1054	100
1054	100
1056	100
1053	100
1053	100
1055	100
1056	100
1051	100
1070	100
1040	100
1053	100
1053	100
1055	100
1054	100
1056	100
1059	100
1050	100
1053	100
1053	100
1054	100
1057	100
1054	100
1053	100
1054	100
1057	100
1051	100
1056	100
1061	100
1050	100
1053	100
1053	100
1057	100
1053	100
1057	100
1051	100
1055	100
1053	100
1057	100
1065	100
1055	100
1053	100
1054	100
1056	100
1055	100
1053	100
1054	100
1062	100
1055	100
1052	100
1058	100
1055	100
1056	100
1051	100
1053	100
1054	100
1056	100
1053	100
1053	100
1055	100
1053	100
1056	100
1054	100
1054	100
1054	100
1054	100
1055	100
1053	100
1059	100
1054	100
1055	100
1053	100
1054	100
1053	100
1057	100
1101	100
1009	100
1052	100
1055	100
1053	100
1056	100
1053	100
1056	100
1054	100
1054	100
1054	100
1056	100
1054	100
1059	100
1049	100
1053	100
1053	100
1056	100
1054	100
1054	100
1053	100
1055	100
1054	100
1056	100
1053	100
1065	100
1043	100
1053	100
1053	100
1062	100
1050	100
1054	100
1053	100
1055	100
1053	100
1056	100
1053	100
1055	100
1053	100
1054	100
1053	100
1058	100
1053	100
1053	100
1058	100
1053	100
1053	100
1056	100
1055	100
1054	100
1053	100
1053	100
1055	100
1056	100
1053	100
1053	100
1055	100
1053	100
1053	100
1057	100
1054	100
1053	100
1054	100
1054	100
1053	100
1056	100
1054	100
1054	100
1054	100
1053	100
1053	100
1057	100
1053	100
1053	100
1053	100
1055	100
1053	100
1056	100
1053	100
1055	100
1052	100
1053	100
1058	100
1054	100
1053	100
1053	100
1055	100
1053	100
1093	100
1057	100
1052	100
1053	100
1054	100
1058	100
1063	100
1054	100
1053	100
1071	100
1063	100
1054	100
1050	100
1049	100
1048	100
1048	100
1048	100
1052	100
1048	100
1048	100
1053	100
1045	100
1048	100
1060	100
1040	100
1049	100
1048	100
1057	100
1038	100
1053	100
1047	100
1048	100
1050	100
1048	100
1051	100
1048	100
1048	100
1048	100
1048	100
1048	100
1052	100
1048	100
1048	100
1048	100
1050	100
1048	100
1050	100
1048	100
1049	100
1048	100
1048	100
1049	100
1052	100
1049	100
1048	100
1050	100
1048	100
1048	100
1050	100
1049	100
1048	100
1048	100
1048	100
8421	100
111	100
153	100
78	100
72	100
1091	100
1113	100
1118	100
1122	100
1052	100
1047	100
1056	100
1048	100
1051	100
1052	100
1047	100
1048	100
1049	100
1047	100
1061	100
1039	100
1048	100
1048	100
1057	100
1042	100
1050	100
1049	100
1050	100
1048	100
1048	100
1058	100
1052	100
1052	100
1045	100
1051	100
1047	100
1048	100
1051	100
1052	100
1046	100
1049	100
1047	100
1046	100
1050	100
1048	100
1049	100
1051	100
1047	100
1048	100
1061	100
1043	100
1045	100
1051	100
1050	100
1049	100
1050	100
1049	100
1049	100
1048	100
1051	100
1045	100
1051	100
1049	100
1048	100
1049	100
1049	100
1048	100
1051	100
1063	100
1048	100
1048	100
1048	100
1050	100
1061	100
1037	100
1048	100
1049	100
1051	100
1045	100
1051	100
1050	100
1048	100
1048	100
1048	100
1049	100
1050	100
1051	100
1046	100
1051	100
1047	100
1048	100
1055	100
1045	100
1048	100
1048	100
1052	100
1048	100
1048	100
1048	100
1049	100
1048	100
1049	100
1051	100
1049	100
1052	100
1044	100
1048	100
1049	100
1050	100
1048	100
1060	100
1038	100
1048	100
1051	100
1051	100
1048	100
1047	100
1048	100
1049	100
1047	100
1051	100
1047	100
1049	100
1048	100
1048	100
1048	100
1053	100
1048	100
1048	100
1048	100
1050	100
1048	100
1051	100
1049	100
1048	100
1048	100
1048	100
1049	100
1051	100
1048	100
1049	100
1049	100
1048	100
1048	100
1051	100
1049	100
1048	100
1048	100
1049	100
1049	100
1051	100
1048	100
1050	100
1047	100
1048	100
1048	100
1052	100
1048	100
1048	100
1048	100
1049	100
1048	100
1051	100
1048	100
1049	100
1047	100
1048	100
1048	100
1052	100
1048	100
1048	100
1060	100
1060	100
1048	100
1051	100
1049	100
1048	100
1047	100
1049	100
1048	100
1053	100
1048	100
1048	100
1050	100
1048	100
1048	100
1051	100
1049	100
1048	100
1048	100
1057	100
1046	100
1046	100
1048	100
1049	100
1056	100
1040	100
1053	100
1052	100
1049	100
1047	100
1048	100
1049	100
1048	100
1051	100
1048	100
1049	100
1048	100
1048	100
1048	100
1052	100
1048	100
1048	100
1048	100
1048	100
1048	100
1053	100
1050	100
1048	100
1048	100
1048	100
1052	100
1048	100
1048	100
1048	100
1049	100
1048	100
1050	100
1048	100
1050	100
1054	100
1042	100
1059	100
1051	100
1058	100
1039	100
1049	100
1047	100
1048	100
1051	100
1050	100
1048	100
1048	100
1048	100
1048	100
1051	100
1048	100
1049	100
1049	100
1047	100
1048	100
1062	100
1037	100
1048	100
1048	100
1050	100
1078	100
1051	100
1048	100
1049	100
1047	100
1049	100
1048	100
1053	100
1048	100
1048	100
1048	100
1049	100
1048	100
1051	100
1048	100
1052	100
1045	100
1047	100
1049	100
1051	100
1048	100
1047	100
1049	100
1048	100
1049	100
1052	100
1050	100
1047	100
1048	100
1047	100
1050	100
1051	100
1048	100
1047	100
1049	100
1048	100
1047	100
1053	100
1047	100
1049	100
1047	100
1049	100
1048	100
1051	100
1048	100
1053	100
1044	100
1049	100
1060	100
1053	100
1047	100
1048	100
1049	100
1059	100
1052	100
1044	100
1052	100
1046	100
1047	100
1047	100
1048	100
1050	100
1056	100
1052	100
1046	100
1046	100
1047	100
1050	100
1049	100
1046	100
1040	100
1039	100
1044	100
1039	100
1040	100
1039	100
1041	100
1039	100
1040	100
1043	100
1039	100
1043	100
1036	100
1041	100
1039	100
1042	100
1048	100
1033	100
1039	100
1039	100
1042	100
1040	100
1039	100
1040	100
1039	100
1040	100
1042	100
1039	100
1040	100
1045	100
1036	100
1039	100
1046	100
1048	100
1039	100
1039	100
1041	100
1039	100
1047	100
1036	100
1041	100
1039	100
1039	100
1039	100
1043	100
1039	100
1040	100
1045	100
1034	100
1039	100
1042	100
1039	100
1041	100
1039	100
1039	100
1045	100
1040	100
1036	100
1039	100
1040	100
1039	100
1040	100
1042	100
1042	100
1039	100
1045	100
1034	100
1040	100
1042	100
1039	100
1040	100
1040	100
1039	100
1039	100
1048	100
1038	100
1039	100
1039	100
1039	100
1041	100
1041	100
1039	100
1042	100
1042	100
1037	100
1038	100
1044	100
1038	100
1039	100
1039	100
1040	100
1039	100
1191	100
893	100
1040	100
1039	100
1039	100
1040	100
1044	100
1038	100
1039	100
1042	100
1038	100
1039	100
1042	100
1044	100
1036	100
1039	100
1039	100
1041	100
1045	100
1047	100
1029	100
1042	100
1038	100
1039	100
1042	100
1040	100
1039	100
1043	100
1036	100
1041	100
1044	100
1039	100
1043	100
1037	100
1039	100
1039	100
1046	100
1037	100
1039	100
1039	100
1042	100
1038	100
1042	100
1039	100
1041	100
1043	100
1036	100
1039	100
1044	100
1039	100
1039	100
1039	100
1041	100
1039	100
1045	100
1036	100
1041	100
1039	100
1040	100
1042	100
1041	100
1040	100
1046	100
1055	100
1036	100
1042	100
1039	100
1041	100
1039	100
1040	100
1038	100
1043	100
1044	100
1034	100
1039	100
1042	100
1039	100
1042	100
1040	100
1041	100
1039	100
1044	100
1034	100
1043	100
1039	100
1039	100
1056	100
1025	100
1042	100
1040	100
1050	100
1036	100
1042	100
1040	100
1041	100
1042	100
1040	100
1039	100
1042	100
1043	100
1036	100
1043	100
1041	100
1039	100
1040	100
1039	100
1041	100
1043	100
1042	100
1036	100
1041	100
1039	100
1039	100
1045	100
1039	100
1040	100
1040	100
1045	100
1035	100
1042	100
1040	100
1041	100
1039	100
1039	100
1039	100
1043	100
1043	100
1036	100
1040	100
1041	100
1039	100
1042	100
1040	100
1041	100
1040	100
1042	100
1041	100
1043	100
1039	100
1039	100
1041	100
1039	100
1040	100
1042	100
1046	100
1037	100
1039	100
1039	100
1040	100
1042	100
1040	100
1039	100
1040	100
1044	100
1035	100
1042	100
1042	100
1039	100
1040	100
1061	100
1022	100
1040	100
1042	100
1038	100
1039	100
1040	100
1038	100
1047	100
1040	100
1057	100
1028	100
1036	100
1040	100
1043	100
1040	100
1040	100
1039	100
1039	100
1039	100
1047	100
1036	100
1040	100
1040	100
1040	100
1042	100
1039	100
1041	100
1039	100
1043	100
1036	100
1044	100
1039	100
1039	100
1039	100
1040	100
1039	100
1043	100
1043	100
1038	100
1039	100
1039	100
1040	100
1045	100
1039	100
1039	100
1040	100
1044	100
1036	100
1042	100
1051	100
1032	100
1040	100
1039	100
1043	100
1041	100
1042	100
1036	100
1040	100
1039	100
1039	100
1042	100
1042	100
1039	100
1039	100
1043	100
1039	100
1042	100
1040	100
1039	100
1041	100
1039	100
1039	100
1042	100
1044	100
1036	100
1039	100
1043	100
1039	100
1042	100
1039	100
1041	100
1039	100
1043	100
1036	100
1043	100
1040	100
1040	100
1043	100
1037	100
1039	100
1042	100
1042	100
1038	100
1039	100
1039	100
1039	100
1046	100
1037	100
1039	100
1049	100
1043	100
1037	100
1041	100
1040	100
1039	100
1039	100
1040	100
1040	100
1042	100
1042	100
1036	100
1041	100
1039	100
1039	100
1043	100
1040	100
1039	100
1039	100
1043	100
1037	100
1043	100
1039	100
1052	100
1030	100
1040	100
1039	100
1044	100
1042	100
1037	100
1039	100
1041	100
1039	100
1042	100
1040	100
1041	100
1039	100
1043	100
1036	100
1044	100
1040	100
1039	100
1041	100
1039	100
1039	100
1043	100
1042	100
1046	100
1033	100
1039	100
1041	100
1041	100
1040	100
1039	100
1042	100
1045	100
1036	100
1040	100
1041	100
1039	100
1040	100
1040	100
1043	100
1039	100
1043	100
1037	100
1040	100
1039	100
1042	100
1039	100
1042	100
1040	100
1039	100
1046	100
1039	100
1039	100
1039	100
1040	100
1039	100
1039	100
1042	100
1042	100
1042	100
1036	100
1039	100
1041	100
1042	100
1039	100
1039	100
1040	100
1039	100
1042	100
1042	100
1041	100
1045	100
1033	100
1050	100
1030	100
1043	100
1039	100
1047	100
1031	100
1039	100
1039	100
1046	100
1039	100
1039	100
1039	100
1040	100
1042	100
1039	100
1039	100
1041	100
1039	100
1039	100
1039	100
1044	100
1040	100
1042	100
1037	100
1040	100
1039	100
1043	100
1042	100
1039	100
1040	100
1039	100
1042	100
1042	100
1039	100
1039	100
1041	100
1040	100
1039	100
1043	100
1040	100
1039	100
1039	100
1039	100
1041	100
1042	100
1040	100
1039	100
1040	100
1039	100
1040	100
1055	100
1027	100
1040	100
1042	100
1039	100
1040	100
1043	100
1039	100
1040	100
1039	100
1039	100
1040	100
1043	100
1039	100
1039	100
1039	100
1042	100
1040	100
1042	100
1040	100
1040	100
1039	100
1040	100
1039	100
1043	100
1039	100
1039	100
1041	100
1039	100
1040	100
1042	100
1042	100
1039	100
1039	100
1039	100
1044	100
1039	100
1040	100
1039	100
1041	100
1039	100
1044	100
1039	100
1040	100
1039	100
1040	100
1039	100
1044	100
1048	100
1030	100
1050	100
1039	100
1040	100
1042	100
1040	100
1040	100
1039	100
1039	100
1040	100
1042	100
1039	100
1039	100
1041	100
1039	100
1039	100
1042	100
1040	100
1040	100
1039	100
1039	100
1041	100
1042	100
1039	100
1054	100
1027	100
1039	100
1039	100
1043	100
1039	100
1039	100
1040	100
1040	100
1039	100
1042	100
1039	100
1041	100
1039	100
1039	100
1039	100
1044	100
1044	100
1042	100
1032	100
1041	100
1040	100
1043	100
1038	100
1044	100
1038	100
1038	100
1040	100
1042	100
1039	100
1039	100
1040	100
1039	100
1040	100
1042	100
1041	100
1039	100
1039	100
1039	100
1041	100
1042	100
1040	100
1039	100
1040	100
1039	100
1039	100
1043	100
1041	100
1039	100
1039	100
1049	100
1041	100
1044	100
1039	100
1040	100
1039	100
1039	100
1039	100
1047	100
1039	100
1039	100
1040	100
1040	100
1039	100
1042	100
1039	100
1041	100
1039	100
1121	100
959	100
1044	100
1039	100
1041	100
1043	100
1035	100
1039	100
1042	100
1044	100
1037	100
1039	100
1040	100
1042	100
1042	100
1055	100
1041	100
1037	100
1040	100
1040	100
1043	100
1040	100
1044	100
1045	100
1030	100
1045	100
1041	100
1039	100
1039	100
1041	100
1039	100
1311	100
847	100
1035	100
1039	100
1039	100
1042	100
1042	100
1040	100
1039	100
1041	100
1039	100
1039	100
1043	100
1040	100
1040	100
1039	100
1039	100
1041	100
1042	100
1040	100
1039	100
1042	100
1042	100
1035	100
1043	100
1042	100
1061	100
1018	100
1041	100
1039	100
1042	100
1043	100
1037	100
1040	100
1039	100
1039	100
1044	100
1040	100
1040	100
1040	100
1045	100
1036	100
1042	100
1039	100
1042	100
1041	100
1038	100
1045	100
1042	100
1043	100
1035	100
1041	100
1039	100
1039	100
1042	100
1046	100
1033	100
1040	100
1043	100
1037	100
1046	100
1036	100
1046	100
1039	100
1095	100
999	100
1042	100
1046	100
1035	100
1041	100
1050	100
1028	100
1042	100
1039	100
1042	100
1039	100
1042	100
1036	100
1043	100
1040	100
1039	100
1039	100
1067	100
3752	100
1007	100
1054	100
1051	100
1056	100
1053	100
1054	100
1057	100
1056	100
1054	100
1054	100
1052	100
1047	100
1080	100
1040	100
1077	100
1015	100
1040	100
1037	100
1044	100
1039	100
1042	100
1039	100
1043	100
1039	100
1047	100
1037	100
1042	100
1039	100
1040	100
1042	100
1042	100
1046	100
1037	100
1040	100
1042	100
1043	100
1040	100
1046	100
1036	100
1040	100
1040	100
1044	100
1111	100
971	100
1039	100
1043	100
1039	100
1043	100
1049	100
1041	100
1037	100
1040	100
1039	100
1044	100
1039	100
1040	100
1039	100
1043	100
1039	100
1043	100
1040	100
1041	100
1040	100
1041	100
1040	100
1042	100
1040	100
1039	100
1045	100
1037	100
1039	100
1042	100
1041	100
1040	100
1040	100
1040	100
1042	100
1043	100
1040	100
1039	100
1043	100
1039	100
1038	100
1043	100
1043	100
1039	100
1040	100
1044	100
1039	100
1042	100
1041	100
1042	100
1040	100
1039	100
1039	100
1044	100
1039	100
1040	100
1039	100
1042	100
1039	100
1043	100
1040	100
1042	100
1040	100
1040	100
1039	100
1044	100
1040	100
1039	100
1050	100
1030	100
1039	100
1042	100
1042	100
1039	100
1040	100
1040	100
1040	100
1042	100
1039	100
1039	100
1042	100
1039	100
1040	100
1041	100
1042	100
1039	100
1040	100
1040	100
1041	100
1043	100
1039	100
1049	100
1043	100
1040	100
1039	100
1045	100
1039	100
1040	100
1040	100
1041	100
1039	100
1043	100
1040	100
1040	100
1039	100
1040	100
1040	100
1046	100
1038	100
1039	100
1043	100
1038	100
1040	100
1043	100
1039	100
1041	100
1040	100
1040	100
1051	100
1044	100
1036	100
1040	100
1043	100
1039	100
1042	100
1040	100
1041	100
1039	100
1044	100
1036	100
1045	100
1039	100
1040	100
1039	100
1040	100
1039	100
1042	100
1043	100
1037	100
1040	100
1039	100
1052	100
1032	100
1040	100
1039	100
1041	100
1043	100
1035	100
1042	100
1040	100
1039	100
1040	100
1039	100
1041	100
1042	100
1043	100
1036	100
1275	100
806	100
1039	100
1042	100
1040	100
1039	100
1040	100
1040	100
1041	100
1042	100
1040	100
1041	100
1039	100
1039	100
1039	100
1043	100
1040	100
1039	100
1039	100
1041	100
1046	100
1046	100
1030	100
1041	100
1038	100
1040	100
1040	100
1042	100
1040	100
1039	100
1040	100
1041	100
1040	100
1042	100
1051	100
1039	100
1039	100
1039	100
1040	100
1042	100
1040	100
1039	100
1043	100
1039	100
1040	100
1050	100
1035	100
1039	100
1039	100
1039	100
1041	100
1048	100
1033	100
1039	100
1041	100
1040	100
1040	100
1053	100
1029	100
1038	100
1043	100
1037	100
1039	100
1042	100
1040	100
1041	100
1039	100
1040	100
1040	100
1046	100
1037	100
1642	100
824	100
1028	100
1043	100
1039	100
1041	100
1038	100
1043	100
1035	100
1043	100
1058	100
1021	100
1038	100
1039	100
1039	100
1042	100
1043	100
1038	100
1038	100
1039	100
1039	100
1043	100
1039	100
1039	100
1039	100
1045	100
1033	100
1043	100
1042	100
1039	100
1039	100
1039	100
1040	100
1042	100
1042	100
1036	100
1040	100
1039	100
1039	100
1042	100
1041	100
1039	100
1038	100
1042	100
1038	100
1041	100
1041	100
1038	100
1041	100
1038	100
1039	100
1055	100
1031	100
1036	100
1039	100
1041	100
1038	100
1116	100
1794	100
3958	100
135	100
141	100
1088	100
1089	100
1089	100
502	100
132	100
458	100
1002	100
1044	100
1033	100
1039	100
1037	100
1038	100
1037	100
1044	100
1035	100
1037	100
1042	100
1033	100
1041	100
1039	100
1038	100
1038	100
1038	100
1038	100
1039	100
1044	100
1034	100
1038	100
1038	100
1037	100
1039	100
1039	100
3016	100
104	100
67	100
985	100
1016	100
1040	100
1037	100
1049	100
1027	100
1037	100
1037	100
1046	100
1037	100
1037	100
1037	100
1039	100
1038	100
1041	100
1037	100
1038	100
1038	100
1037	100
1037	100
1041	100
1037	100
1037	100
1037	100
1040	100
1037	100
1040	100
1037	100
1038	100
1037	100
1037	100
1251	100
832	100
1038	100
1037	100
1045	100
1031	100
1040	100
1037	100
1039	100
1037	100
1037	100
1037	100
1041	100
1038	100
1036	100
1038	100
1038	100
1037	100
1040	100
1037	100
1039	100
1037	100
1037	100
1037	100
1041	100
1038	100
1037	100
1039	100
1037	100
1037	100
1040	100
1038	100
1037	100
1037	100
1037	100
1038	100
1040	100
1037	100
1037	100
1039	100
1037	100
1036	100
1040	100
1038	100
1037	100
1037	100
1038	100
1038	100
1040	100
1037	100
1036	100
1039	100
1037	100
1037	100
1044	100
1036	100
1037	100
1038	100
1039	100
1036	100
1040	100
1037	100
1038	100
1038	100
1036	100
1037	100
1042	100
1037	100
1037	100
1037	100
1038	100
1036	100
1040	100
1037	100
1039	100
1037	100
1038	100
1049	100
1030	100
1037	100
1037	100
1038	100
1037	100
1046	100
1036	100
1038	100
1037	100
1037	100
1037	100
1037	100
1040	100
1037	100
1037	100
1040	100
1037	100
1037	100
1040	100
1040	100
1037	100
1037	100
1039	100
1037	100
1040	100
1037	100
1042	100
1036	100
1037	100
1037	100
1042	100
1037	100
1037	100
1041	100
1034	100
1037	100
1040	100
1037	100
1039	100
1037	100
1037	100
1047	100
1037	100
1033	100
1037	100
1037	100
1039	100
1040	100
1037	100
1036	100
1039	100
1040	100
1033	100
1042	100
1037	100
1037	100
1037	100
1039	100
1036	100
1040	100
1041	100
1035	100
1037	100
1037	100
1037	100
1042	100
1037	100
1037	100
1037	100
1044	100
1032	100
1041	100
1037	100
1038	100
1037	100
1037	100
1037	100
1042	100
1040	100
1033	100
1039	100
1038	100
1036	100
1040	100
1039	100
1036	100
1038	100
1040	100
1036	100
1040	100
1037	100
1037	100
1038	100
1037	100
1037	100
1039	100
1042	100
1034	100
1037	100
1037	100
1039	100
1040	100
1037	100
1048	100
1026	100
1040	100
1034	100
1041	100
1037	100
1037	100
1037	100
1039	100
1037	100
1040	100
1040	100
1035	100
1037	100
1038	100
1037	100
1040	100
1038	100
1037	100
1037	100
1041	100
1034	100
1040	100
1037	100
1038	100
1037	100
1038	100
1041	100
1040	100
1040	100
1033	100
1039	100
1037	100
1038	100
1039	100
1038	100
1037	100
1037	100
1040	100
1036	100
1039	100
1037	100
1037	100
1039	100
1037	100
1037	100
1040	100
1041	100
1034	100
1037	100
1037	100
1038	100
1041	100
1037	100
1039	100
1037	100
1040	100
1034	100
1043	100
1037	100
1037	100
1037	100
1038	100
1037	100
1040	100
1040	100
1036	100
1037	100
1037	100
1040	100
1038	100
1037	100
1037	100
1038	100
1040	100
1038	100
1036	100
1037	100
1039	100
1037	100
1036	100
1041	100
1036	100
1040	100
1034	100
1038	100
1037	100
1040	100
1037	100
1038	100
1037	100
1037	100
1040	100
1038	100
1037	100
1037	100
1037	100
1038	100
1037	100
1040	100
1037	100
1042	100
1034	100
1037	100
1049	100
1029	100
1036	100
1037	100
1059	100
1017	100
1040	100
1037	100
1039	100
1037	100
1037	100
1037	100
1038	100
1040	100
1037	100
1041	100
1034	100
1038	100
1036	100
1041	100
1045	100
1039	100
1037	100
1037	100
1041	100
1037	100
1037	100
1049	100
1037	100
1038	100
1037	100
1043	100
1039	100
1036	100
1036	100
1038	100
1037	100
1040	100
1037	100
1038	100
1037	100
1037	100
1037	100
1041	100
1037	100
1037	100
1037	100
1038	100
1037	100
1040	100
1037	100
1038	100
1036	100
1037	100
1039	100
1040	100
1037	100
1037	100
1038	100
1037	100
1037	100
1039	100
1038	100
1037	100
1037	100
1038	100
1039	100
1041	100
1036	100
1038	100
1037	100
1037	100
1037	100
1040	100
1038	100
1037	100
1037	100
1037	100
1040	100
1040	100
1037	100
1038	100
1037	100
1037	100
1037	100
1040	100
1037	100
1038	100
1036	100
1039	100
1040	100
1037	100
1037	100
1038	100
1037	100
1037	100
1040	100
1038	100
1037	100
1037	100
1037	100
1038	100
1040	100
1037	100
1051	100
1026	100
1035	100
1046	100
1032	100
1037	100
1037	100
1037	100
1039	100
1038	100
1041	100
1038	100
1037	100
1038	100
1037	100
1037	100
1041	100
1037	100
1037	100
1037	100
1038	100
1037	100
1040	100
1037	100
1038	100
1037	100
1037	100
1042	100
1040	100
1037	100
1037	100
1039	100
1038	100
1037	100
1043	100
1039	100
1037	100
1038	100
1036	100
1038	100
1039	100
1037	100
1037	100
1380	100
3077	100
3940	100
47	100
36	100
35	100
35	100
38	100
777	100
1035	100
1036	100
1040	100
1037	100
1037	100
1611	100
1043	100
1039	100
1037	100
1037	100
1039	100
1038	100
1043	100
1040	100
1037	100
1038	100
1040	100
1039	100
1040	100
1037	100
1040	100
1038	100
1037	100
1037	100
1040	100
1039	100
1038	100
1037	100
1037	100
1039	100
1040	100
1037	100
1038	100
1038	100
1038	100
1038	100
1051	100
1028	100
1038	100
1037	100
1039	100
1038	100
1041	100
1037	100
1039	100
1036	100
1037	100
1038	100
1042	100
1037	100
1037	100
1037	100
1039	100
1038	100
1039	100
1038	100
1038	100
1037	100
1037	100
1040	100
1039	100
1037	100
1037	100
1042	100
1036	100
1040	100
1037	100
1038	100
1037	100
1037	100
1038	100
1042	100
1037	100
1037	100
1038	100
1037	100
1037	100
1040	100
1037	100
1038	100
1037	100
1037	100
1037	100
1042	100
1037	100
1037	100
1037	100
1038	100
1037	100
1040	100
1038	100
1040	100
1033	100
1037	100
1039	100
1042	100
1037	100
1037	100
1038	100
1037	100
1041	100
1037	100
1038	100
1038	100
1036	100
1037	100
1038	100
1040	100
1037	100
1041	100
1035	100
1037	100
1037	100
1049	100
1029	100
1037	100
1037	100
1039	100
1040	100
1037	100
1037	100
1038	100
1037	100
1037	100
1037	100
1042	100
1036	100
1042	100
1032	100
1039	100
1037	100
1040	100
1037	100
1039	100
1037	100
1037	100
1043	100
1038	100
1039	100
1035	100
1052	100
1023	100
1037	100
1040	100
1038	100
1040	100
1034	100
1037	100
1038	100
1040	100
1037	100
1042	100
1039	100
1037	100
1040	100
1037	100
1038	100
1037	100
1037	100
1037	100
1038	100
1040	100
1037	100
1040	100
1036	100
1036	100
1037	100
1044	100
1037	100
1037	100
1037	100
1038	100
1040	100
1037	100
1037	100
1038	100
1037	100
1037	100
1037	100
1043	100
1037	100
1040	100
1034	100
1038	100
1040	100
1037	100
1037	100
1039	100
1037	100
1037	100
1043	100
1035	100
1038	100
1036	100
1038	100
1037	100
1040	100
1037	100
1040	100
1040	100
1035	100
1036	100
1041	100
1036	100
1037	100
1037	100
1038	100
1037	100
1045	100
1033	100
1039	100
1037	100
1037	100
1037	100
1041	100
1036	100
1037	100
1049	100
1027	100
1036	100
1040	100
1039	100
1037	100
1037	100
1038	100
1044	100
1037	100
1034	100
1037	100
1038	100
1037	100
1037	100
1040	100
1040	100
1037	100
1040	100
1034	100
1038	100
1039	100
1038	100
1037	100
1039	100
1037	100
1037	100
1062	100
1017	100
1037	100
1037	100
1040	100
1035	100
1041	100
1037	100
1039	100
1039	100
1035	100
1037	100
1044	100
1036	100
1037	100
1037	100
1039	100
1036	100
1045	100
1034	100
1039	100
1036	100
1037	100
1037	100
1043	100
1037	100
1037	100
1064	100
1034	100
1037	100
1040	100
1039	100
1037	100
1037	100
1037	100
1040	100
1043	100
1034	100
1037	100
1038	100
1037	100
1037	100
1040	100
1038	100
1037	100
1040	100
1034	100
1039	100
1040	100
1037	100
1038	100
1038	100
1038	100
1036	100
1045	100
1033	100
1037	100
1037	100
1039	100
1037	100
1040	100
1037	100
1038	100
1040	100
1034	100
1037	100
1042	100
1036	100
1038	100
1037	100
1039	100
1039	100
1041	100
1034	100
1038	100
1037	100
1037	100
1059	100
1021	100
1037	100
1037	100
1041	100
1034	100
1039	100
1037	100
1037	100
1037	100
1037	100
1038	100
1041	100
1040	100
1034	100
1037	100
1039	100
1037	100
1040	100
1037	100
1038	100
1038	100
1039	100
1036	100
1041	100
1038	100
1036	100
1049	100
1037	100
1037	100
1040	100
1041	100
1034	100
1037	100
1037	100
1038	100
1040	100
1037	100
1037	100
1039	100
1040	100
1034	100
1040	100
1039	100
1037	100
1037	100
1037	100
1038	100
1040	100
1040	100
1034	100
1038	100
1037	100
1037	100
1040	100
1037	100
1037	100
1037	100
1043	100
1032	100
1040	100
1038	100
1039	100
1037	100
1037	100
1036	100
1041	100
1040	100
1034	100
1037	100
1038	100
1038	100
1039	100
1038	100
1039	100
1037	100
1040	100
1034	100
1041	100
1037	100
1037	100
1038	100
1037	100
1038	100
1039	100
1039	100
1037	100
1037	100
1036	100
1039	100
1040	100
1037	100
1037	100
1038	100
1037	100
1037	100
1040	100
1040	100
1037	100
1037	100
1037	100
1039	100
1040	100
1038	100
1049	100
1026	100
1037	100
1037	100
1044	100
1037	100
1037	100
1037	100
1038	100
1037	100
1040	100
1037	100
1039	100
1037	100
1038	100
1039	100
1041	100
1036	100
1037	100
1037	100
1038	100
1040	100
1037	100
1037	100
1038	100
1037	100
1037	100
1052	100
1037	100
1037	100
1037	100
1039	100
1037	100
1041	100
1037	100
1039	100
1036	100
1037	100
1037	100
1041	100
1037	100
1039	100
1037	100
1039	100
1037	100
1040	100
1038	100
1038	100
1037	100
1037	100
1037	100
1043	100
1037	100
1037	100
1039	100
1037	100
1037	100
1040	100
1038	100
1037	100
1037	100
1037	100
1040	100
1040	100
1038	100
1037	100
1038	100
1037	100
1037	100
1040	100
1038	100
1038	100
1037	100
1042	100
1035	100
1041	100
1036	100
1059	100
1029	100
1038	100
1037	100
1045	100
1038	100
1037	100
1037	100
1039	100
1037	100
1042	100
1037	100
1038	100
1037	100
1037	100
1037	100
1042	100
1037	100
1037	100
1037	100
1044	100
1038	100
1040	100
1037	100
1038	100
1037	100
1037	100
1042	100
1040	100
1039	100
1038	100
1039	100
1037	100
1037	100
1040	100
1039	100
1036	100
1037	100
1037	100
1038	100
1040	100
1036	100
1037	100
1038	100
1037	100
1037	100
1040	100
1039	100
1037	100
1037	100
1037	100
1038	100
1040	100
1037	100
1039	100
1037	100
1037	100
1037	100
1041	100
1037	100
1037	100
1037	100
1038	100
1039	100
1037	100
1036	100
1039	100
1037	100
1037	100
1040	100
1038	100
1037	100
1037	100
1036	100
1038	100
1040	100
1037	100
1037	100
1039	100
1037	100
1037	100
1041	100
1037	100
1041	100
1033	100
1038	100
1036	100
1040	100
1047	100
1029	100
1037	100
1037	100
1040	100
1039	100
1037	100
1037	100
1037	100
1038	100
1037	100
1040	100
1037	100
1042	100
1034	100
1037	100
1051	100
1026	100
1037	100
1037	100
1039	100
1037	100
1040	100
1036	100
1039	100
1037	100
1037	100
1037	100
1038	100
1039	100
1037	100
1040	100
1036	100
1035	100
1037	100
1040	100
1039	100
1037	100
1037	100
1037	100
1041	100
1037	100
1036	100
1043	100
1036	100
1037	100
1037	100
1043	100
1037	100
1039	100
1034	100
1038	100
1037	100
1040	100
1038	100
1038	100
1037	100
1037	100
1040	100
1039	100
1037	100
1037	100
1037	100
1038	100
1037	100
1039	100
1037	100
1041	100
1034	100
1037	100
1042	100
1040	100
1037	100
1037	100
1038	100
1041	100
1040	100
1037	100
1039	100
1037	100
1037	100
1037	100
1040	100
1039	100
1037	100
1045	100
1030	100
1037	100
1037	100
1041	100
1039	100
1036	100
1038	100
1036	100
1042	100
1037	100
1037	100
1038	100
1037	100
1037	100
1041	100
1039	100
1037	100
1040	100
1034	100
1038	100
1040	100
1037	100
1037	100
1038	100
1037	100
1037	100
1043	100
1035	100
1037	100
1037	100
1037	100
1039	100
1040	100
1037	100
1049	100
1031	100
1033	100
1037	100
1041	100
1037	100
1037	100
1037	100
1039	100
1037	100
1043	100
1034	100
1038	100
1037	100
1037	100
1037	100
1041	100
1037	100
1037	100
1039	100
1037	100
1036	100
1041	100
1037	100
1038	100
1036	100
1037	100
1050	100
1043	100
1034	100
1037	100
1039	100
1037	100
1037	100
1040	100
1038	100
1037	100
1040	100
1034	100
1038	100
1040	100
1037	100
1037	100
1075	100
1006	100
1037	100
1040	100
1038	100
1037	100
1037	100
1037	100
1037	100
1041	100
1037	100
1040	100
1037	100
2994	100
132	100
114	100
950	100
1005	100
1050	100
1036	100
1038	100
1041	100
1037	100
1040	100
1041	100
1038	100
1036	100
1042	100
1039	100
1034	100
1036	100
1040	100
1038	100
1040	100
1052	100
1028	100
1048	100
1031	100
1142	100
1017	100
1037	100
1038	100
1052	100
1057	100
1020	100
1042	100
1035	100
1036	100
1037	100
1037	100
1038	100
1039	100
1037	100
1036	100
1040	100
1035	100
1036	100
1045	100
1033	100
1036	100
1037	100
1037	100
1037	100
1042	100
1034	100
1037	100
1036	100
1036	100
1041	100
1603	100
493	100
1038	100
2021	100
1629	100
1029	100
1038	100
1036	100
1036	100
1044	100
1035	100
1036	100
1038	100
1051	100
1036	100
1038	100
1035	100
1035	100
1040	100
1032	100
1035	100
1038	100
1037	100
1035	100
1035	100
1035	100
1036	100
1046	100
1030	100
1036	100
1035	100
1035	100
1035	100
1039	100
1035	100
1035	100
1037	100
1034	100
1034	100
1038	100
1035	100
1037	100
1035	100
1035	100
1034	100
1043	100
1032	100
1035	100
1035	100
1037	100
1034	100
1039	100
1033	100
1037	100
1037	100
1032	100
1036	100
1040	100
1033	100
1035	100
1036	100
1035	100
1036	100
1040	100
1033	100
1034	100
1035	100
1035	100
1037	100
1038	100
1035	100
1035	100
1039	100
1032	100
1035	100
1037	100
1036	100
1035	100
1035	100
1035	100
1038	100
1042	100
1032	100
1036	100
1035	100
1035	100
1035	100
1038	100
1036	100
1035	100
1039	100
1033	100
1035	100
1038	100
1035	100
1036	100
1035	100
1035	100
1034	100
1052	100
1025	100
1035	100
1034	100
1036	100
1035	100
1038	100
1035	100
1036	100
1040	100
1031	100
1039	100
1035	100
1036	100
1035	100
1038	100
1035	100
1038	100
1038	100
1033	100
1034	100
1035	100
1035	100
1039	100
1035	100
1035	100
1035	100
1040	100
1032	100
1038	100
1035	100
1036	100
1035	100
1035	100
1035	100
1039	100
1038	100
1032	100
1044	100
1036	100
1035	100
1038	100
1036	100
1035	100
1035	100
1038	100
1033	100
1037	100
1035	100
1036	100
1036	100
1034	100
1035	100
1038	100
1039	100
1032	100
1034	100
1035	100
1036	100
1042	100
1031	100
1035	100
1037	100
1039	100
1032	100
1045	100
1035	100
1035	100
1035	100
1036	100
1035	100
1038	100
1038	100
1034	100
1035	100
1035	100
1035	100
1039	100
1035	100
1035	100
1035	100
1041	100
1030	100
1038	100
1035	100
1037	100
1035	100
1035	100
1035	100
1039	100
1037	100
1032	100
1098	100
973	100
1035	100
1039	100
1036	100
1036	100
1034	100
1038	100
1032	100
1037	100
1035	100
1035	100
1036	100
1035	100
1035	100
1037	100
1040	100
1032	100
1034	100
1035	100
1036	100
1040	100
1035	100
1035	100
1036	100
1038	100
1032	100
1049	100
1025	100
1035	100
1035	100
1043	100
1029	100
1038	100
1039	100
1033	100
1035	100
1035	100
1035	100
1039	100
1035	100
1035	100
1035	100
1039	100
1035	100
1035	100
1034	100
1036	100
1035	100
1035	100
1039	100
1037	100
1038	100
1033	100
1034	100
1037	100
1038	100
1035	100
1036	100
1035	100
1035	100
1038	100
1036	100
1035	100
1035	100
1035	100
1036	100
1035	100
1038	100
1035	100
1039	100
1032	100
1035	100
1035	100
1039	100
1035	100
1035	100
1035	100
1036	100
1035	100
1037	100
1036	100
1036	100
1035	100
1035	100
1036	100
1038	100
1035	100
1035	100
1036	100
1035	100
1035	100
1037	100
1037	100
1035	100
1035	100
1035	100
1037	100
1038	100
1035	100
1034	100
1036	100
1036	100
1034	100
1037	100
1036	100
1035	100
1035	100
1035	100
1037	100
1037	100
1035	100
1035	100
1036	100
1035	100
1035	100
1038	100
1035	100
1035	100
1035	100
1037	100
1035	100
1038	100
1035	100
1036	100
1035	100
1035	100
1035	100
1038	100
1035	100
1035	100
1034	100
1036	100
1035	100
1037	100
1035	100
1036	100
1035	100
1035	100
1042	100
1039	100
1035	100
1035	100
1036	100
1035	100
1035	100
1037	100
1036	100
1035	100
1035	100
1036	100
1035	100
1046	100
1036	100
1035	100
1038	100
1035	100
1035	100
1038	100
1036	100
1035	100
1035	100
1035	100
1036	100
1037	100
1035	100
1046	100
1035	100
1035	100
1038	100
1035	100
1035	100
1035	100
1035	100
1035	100
1038	100
1034	100
1035	100
1037	100
1035	100
1035	100
1037	100
1036	100
1035	100
1035	100
1035	100
1036	100
1038	100
1034	100
1035	100
1037	100
1035	100
1035	100
1042	100
1035	100
1035	100
1036	100
1035	100
1036	100
1037	100
1036	100
1042	100
1035	100
1035	100
1035	100
1044	100
1034	100
1035	100
1035	100
1036	100
1035	100
1038	100
1035	100
1036	100
1035	100
1035	100
1034	100
1039	100
1035	100
1035	100
1038	100
1036	100
1035	100
1039	100
1036	100
1035	100
1035	100
1035	100
1036	100
1037	100
1035	100
1035	100
1036	100
1035	100
1034	100
1038	100
1036	100
1035	100
1034	100
1035	100
1035	100
1038	100
1034	100
1035	100
1046	100
1026	100
1035	100
1060	100
1030	100
1030	100
1034	100
1036	100
1034	100
1038	100
1035	100
1036	100
1034	100
1035	100
1038	100
1035	100
1035	100
1034	100
1034	100
1035	100
1035	100
1038	100
1034	100
1039	100
1031	100
1034	100
1034	100
1039	100
1034	100
1035	100
1067	100
1006	100
1037	100
1033	100
1036	100
1034	100
1034	100
1035	100
1036	100
1037	100
1034	100
1038	100
1032	100
1034	100
1034	100
1037	100
1035	100
1034	100
1035	100
1035	100
1039	100
1035	100
1034	100
1061	100
1011	100
1034	100
1037	100
1034	100
1036	100
1037	100
1036	100
1032	100
1038	100
1035	100
1035	100
1036	100
1034	100
1034	100
1040	100
1033	100
1034	100
1035	100
1034	100
1036	100
1037	100
1035	100
1034	100
1038	100
1031	100
1034	100
1037	100
1036	100
1034	100
1035	100
1034	100
1036	100
1040	100
1032	100
1035	100
1034	100
1035	100
1034	100
1038	100
1034	100
1034	100
1040	100
1031	100
1035	100
1037	100
1035	100
1034	100
1035	100
1034	100
1035	100
1041	100
1031	100
1034	100
1034	100
1036	100
1035	100
1038	100
1034	100
1036	100
1037	100
1032	100
1036	100
1040	100
1034	100
1034	100
1037	100
1034	100
1034	100
1040	100
1033	100
1034	100
1035	100
1035	100
1036	100
1037	100
1035	100
1035	100
1037	100
1033	100
1034	100
1037	100
1036	100
1034	100
1034	100
1035	100
1038	100
1038	100
1034	100
1048	100
1023	100
1034	100
1035	100
1042	100
1035	100
1035	100
1036	100
1035	100
1034	100
1037	100
1034	100
1037	100
1034	100
1034	100
1034	100
1039	100
1034	100
1034	100
1034	100
1036	100
1034	100
1037	100
1035	100
1035	100
1035	100
1033	100
1035	100
1039	100
1034	100
1034	100
1036	100
1034	100
1035	100
1037	100
1036	100
1034	100
1034	100
1034	100
1038	100
1034	100
1034	100
1034	100
1035	100
1034	100
1038	100
1034	100
1037	100
1034	100
1034	100
1034	100
1038	100
1035	100
1034	100
1036	100
1036	100
1034	100
1037	100
1036	100
1034	100
1034	100
1035	100
1035	100
1037	100
1034	100
1035	100
1035	100
1034	100
1034	100
1037	100
1036	100
1034	100
1034	100
1034	100
1035	100
1037	100
1034	100
1034	100
1036	100
1035	100
1034	100
1038	100
1036	100
1035	100
1034	100
1039	100
1034	100
1039	100
1035	100
1035	100
1034	100
1034	100
1034	100
1039	100
1034	100
1034	100
1034	100
1036	100
1034	100
1037	100
1035	100
1035	100
1035	100
1033	100
1034	100
1038	100
1035	100
1034	100
1034	100
1036	100
1034	100
1038	100
1046	100
1023	100
1034	100
1034	100
1036	100
1037	100
1034	100
1034	100
1035	100
1034	100
1034	100
1037	100
1036	100
1034	100
1034	100
1034	100
1036	100
1037	100
1035	100
1034	100
1035	100
1035	100
1034	100
1038	100
1035	100
1034	100
1034	100
1034	100
1036	100
1037	100
1035	100
1035	100
1034	100
1035	100
1034	100
1038	100
1035	100
1034	100
1035	100
1036	100
1035	100
1037	100
1034	100
1036	100
1034	100
1034	100
1035	100
1038	100
1035	100
1034	100
1034	100
1036	100
1037	100
1035	100
1034	100
1035	100
1037	100
1031	100
1040	100
1035	100
1034	100
1035	100
1036	100
1034	100
1037	100
1037	100
1032	100
1034	100
1035	100
1034	100
1039	100
1034	100
1034	100
1034	100
1041	100
1029	100
1039	100
1035	100
1036	100
1034	100
1041	100
1028	100
1038	100
1037	100
1031	100
1048	100
1035	100
1035	100
1037	100
1035	100
1035	100
1034	100
1037	100
1032	100
1037	100
1034	100
1035	100
1036	100
1034	100
1034	100
1037	100
1038	100
1031	100
1034	100
1034	100
1035	100
1037	100
1034	100
1034	100
1036	100
1037	100
1031	100
1042	100
1030	100
1034	100
1034	100
1035	100
1033	100
1037	100
1037	100
1034	100
1034	100
1034	100
1034	100
1038	100
1034	100
1034	100
1034	100
1038	100
1031	100
1037	100
1034	100
1036	100
1035	100
1034	100
1035	100
1037	100
1038	100
1031	100
1034	100
1036	100
1034	100
1039	100
1036	100
1035	100
1034	100
1038	100
1032	100
1037	100
1034	100
1034	100
1035	100
1034	100
1034	100
1037	100
1039	100
1032	100
1034	100
1034	100
1035	100
1037	100
1034	100
1034	100
1035	100
1038	100
1031	100
1037	100
1036	100
1035	100
1034	100
1035	100
1034	100
1037	100
1039	100
1031	100
1034	100
1035	100
1034	100
1039	100
1034	100
1034	100
1035	100
1038	100
1033	100
1034	100
1034	100
1035	100
1034	100
1035	100
1037	100
1037	100
1037	100
1268	100
800	100
1034	100
1037	100
1034	100
1038	100
1035	100
1034	100
1040	100
1033	100
1034	100
1034	100
1034	100
1036	100
1034	100
1037	100
1034	100
1039	100
1031	100
1034	100
1035	100
1039	100
1035	100
1034	100
1035	100
1035	100
1038	100
1034	100
1035	100
1035	100
1034	100
1034	100
1046	100
1029	100
1035	100
1037	100
1032	100
1034	100
1034	100
1039	100
1035	100
1033	100
1034	100
1034	100
1039	100
1034	100
1034	100
1035	100
1035	100
1034	100
1035	100
1037	100
1035	100
1037	100
1031	100
1034	100
1036	100
1037	100
1035	100
1034	100
1036	100
1035	100
1038	100
1034	100
1035	100
1034	100
1034	100
1036	100
1035	100
1040	100
1035	100
1038	100
1032	100
1034	100
1034	100
1038	100
1035	100
1034	100
1034	100
1036	100
1038	100
1034	100
1035	100
1035	100
1035	100
1034	100
1034	100
1037	100
1035	100
1036	100
1034	100
1033	100
1035	100
1037	100
1036	100
1034	100
1034	100
1034	100
1039	100
1034	100
1035	100
1034	100
1036	100
1034	100
1035	100
1037	100
1035	100
1037	100
1032	100
1034	100
1036	100
1037	100
1034	100
1034	100
1036	100
1034	100
1042	100
1042	100
1035	100
1034	100
1035	100
1036	100
1037	100
1034	100
1034	100
1042	100
1031	100
1034	100
1037	100
1035	100
1035	100
1034	100
1034	100
1036	100
1041	100
1031	100
1035	100
1036	100
1035	100
1034	100
1037	100
1036	100
1034	100
1039	100
1044	100
1022	100
1037	100
1034	100
1037	100
1034	100
1035	100
1034	100
1040	100
1035	100
1034	100
1034	100
1036	100
1034	100
1037	100
1034	100
1036	100
1040	100
1029	100
1034	100
1040	100
1034	100
1035	100
1034	100
1036	100
1034	100
1038	100
1034	100
1037	100
1034	100
1034	100
1036	100
1037	100
1034	100
1035	100
1036	100
1035	100
1034	100
1038	100
1035	100
1035	100
1035	100
1034	100
1035	100
1037	100
1034	100
1034	100
1035	100
1034	100
1034	100
1038	100
1036	100
1035	100
1034	100
1034	100
1035	100
1038	100
1034	100
1035	100
1034	100
1035	100
1034	100
1039	100
1034	100
1034	100
1035	100
1036	100
1035	100
1038	100
1034	100
1036	100
1034	100
1034	100
1035	100
1039	100
1034	100
1035	100
1035	100
1035	100
1035	100
1038	100
1034	100
1035	100
1034	100
1034	100
1044	100
1038	100
1035	100
1034	100
1036	100
1033	100
1035	100
1037	100
1036	100
1035	100
1035	100
1034	100
1039	100
1035	100
1034	100
1035	100
1035	100
1034	100
1037	100
1035	100
1035	100
1034	100
1034	100
1035	100
1041	100
1034	100
1035	100
1045	100
1030	100
1035	100
1037	100
1036	100
1034	100
1035	100
1035	100
1037	100
1037	100
1035	100
1034	100
1035	100
1035	100
1034	100
1037	100
1036	100
1034	100
1035	100
1034	100
1036	100
1037	100
1035	100
1034	100
1035	100
1042	100
1027	100
1053	100
1022	100
1034	100
1035	100
1036	100
1034	100
1037	100
1034	100
1035	100
1035	100
1034	100
1034	100
1038	100
1035	100
1034	100
1034	100
1036	100
1035	100
1037	100
1035	100
1036	100
1035	100
1035	100
1034	100
1038	100
1034	100
1034	100
1035	100
1036	100
1034	100
1037	100
1036	100
1034	100
1034	100
1034	100
1035	100
1038	100
1035	100
1034	100
1036	100
1035	100
1035	100
1037	100
1035	100
1035	100
1035	100
1034	100
1036	100
1040	100
1031	100
1034	100
1036	100
1035	100
1035	100
1037	100
1035	100
1033	100
1038	100
1032	100
1035	100
1037	100
1035	100
1036	100
1035	100
1034	100
1035	100
1041	100
1031	100
1035	100
1035	100
1035	100
1035	100
1037	100
1034	100
1036	100
1048	100
1024	100
1034	100
1038	100
1034	100
1035	100
1035	100
1035	100
1039	100
1041	100
1038	100
1035	100
1034	100
1034	100
1038	100
1034	100
1034	100
1034	100
1039	100
1031	100
1038	100
1033	100
1037	100
1034	100
1035	100
1034	100
1039	100
1037	100
1032	100
1034	100
1036	100
1034	100
1037	100
1034	100
1036	100
1034	100
1060	100
1023	100
1025	100
1034	100
1035	100
1035	100
1034	100
1035	100
1037	100
1039	100
1032	100
1034	100
1035	100
1035	100
1037	100
1034	100
1035	100
1035	100
1038	100
1031	100
1038	100
1036	100
1034	100
1034	100
1035	100
1035	100
1038	100
1037	100
1032	100
1036	100
1035	100
1033	100
1046	100
1028	100
1035	100
1034	100
1038	100
1031	100
1037	100
1035	100
1041	100
1029	100
1034	100
1035	100
1041	100
1038	100
1032	100
1034	100
1036	100
1034	100
1038	100
1034	100
1035	100
1034	100
1038	100
1031	100
1040	100
1034	100
1034	100
1035	100
1034	100
1034	100
1037	100
1039	100
1031	100
1034	100
1034	100
1036	100
1037	100
1034	100
1035	100
1035	100
1037	100
1031	100
1037	100
1035	100
1034	100
1034	100
1035	100
1035	100
1038	100
1039	100
1031	100
1035	100
1033	100
1034	100
1044	100
1034	100
1034	100
1034	100
1039	100
1031	100
1037	100
1034	100
1036	100
1034	100
1034	100
1034	100
1038	100
1037	100
1031	100
1034	100
1036	100
1037	100
1035	100
1035	100
1035	100
1034	100
1037	100
1034	100
1036	100
1034	100
1035	100
1045	100
1025	100
1037	100
1034	100
1038	100
1031	100
1035	100
1034	100
1038	100
1035	100
1034	100
1034	100
1037	100
1039	100
1036	100
1033	100
1039	100
1033	100
1035	100
1034	100
1039	100
1035	100
1038	100
1030	100
1036	100
1034	100
1039	100
1051	100
1022	100
1033	100
1035	100
1039	100
1034	100
1035	100
1035	100
1037	100
1035	100
1035	100
1037	100
1035	100
1037	100
1032	100
1035	100
1036	100
1037	100
1035	100
1034	100
1036	100
1035	100
1039	100
1033	100
1035	100
1035	100
1034	100
1035	100
1036	100
1037	100
1034	100
1040	100
1031	100
1035	100
1034	100
1040	100
1033	100
1043	100
1025	100
1036	100
1037	100
1034	100
1034	100
1036	100
1035	100
1034	100
1034	100
1038	100
1034	100
1038	100
1032	100
1036	100
1034	100
1037	100
1034	100
1037	100
1034	100
1035	100
1038	100
1034	100
1034	100
1035	100
1035	100
1281	100
1036	100
1039	100
1037	100
1039	100
1032	100
1034	100
1043	100
1033	100
1034	100
1034	100
1036	100
1034	100
1035	100
1052	100
1024	100
1035	100
1034	100
1036	100
1040	100
1035	100
1034	100
1036	100
1035	100
1034	100
1041	100
1036	100
1035	100
1035	100
1034	100
1036	100
1038	100
1034	100
1035	100
1035	100
1034	100
1034	100
1037	100
1037	100
1034	100
1035	100
1034	100
1036	100
1037	100
1034	100
1053	100
1874	100
181	100
1032	100
1040	100
1034	100
1034	100
1034	100
1035	100
1034	100
1038	100
1034	100
1036	100
1035	100
1034	100
1034	100
1043	100
1044	100
1037	100
1036	100
1037	100
1035	100
1039	100
1035	100
1037	100
1038	100
1031	100
1036	100
1037	100
1035	100
1034	100
1036	100
1035	100
1034	100
1038	100
1036	100
1034	100
1034	100
1035	100
1040	100
1034	100
1034	100
1035	100
1036	100
1034	100
1035	100
1038	100
1035	100
1038	100
1031	100
1035	100
1036	100
1038	100
1034	100
1036	100
1034	100
1035	100
1038	100
1036	100
1034	100
1035	100
1034	100
1037	100
1034	100
1038	100
1041	100
1034	100
1031	100
1034	100
1035	100
1039	100
1034	100
1035	100
1050	100
4159	100
102	100
271	100
136	100
505	100
1025	100
1034	100
1040	100
1050	100
1549	100
1124	100
951	100
1034	100
1035	100
1038	100
1036	100
1035	100
1035	100
1052	100
1027	100
1030	100
1035	100
1037	100
1035	100
1035	100
1038	100
1038	100
1034	100
1038	100
1032	100
1036	100
1038	100
1035	100
1035	100
4545	100
153	100
100	100
98	100
3646	100
184	100
122	100
79	100
439	100
5685	100
97	100
176	100
350	100
1095	100
1025	100
1037	100
1035	100
1037	100
1045	100
1027	100
1034	100
1041	100
1034	100
1034	100
1035	100
1036	100
1034	100
1041	100
1031	100
1036	100
1034	100
1034	100
1040	100
1035	100
1034	100
1035	100
1055	100
2857	100
2004	100
3060	100
258	100
78	100
4063	100
8836	100
1154	100
1121	100
1113	100
1122	100
1108	100
1114	100
5162	100
1137	100
1104	100
1103	100
3575	100
1121	100
1322	100
1107	100
1143	100
1119	100
1096	100
1039	100
1026	100
1029	100
1025	100
1027	100
1025	100
1026	100
1028	100
1029	100
1026	100
1025	100
1026	100
1027	100
1025	100
1029	100
1026	100
1030	100
1022	100
1026	100
1026	100
1031	100
1026	100
1026	100
1026	100
1028	100
1028	100
1026	100
1025	100
1027	100
1025	100
1026	100
1026	100
1032	100
1026	100
1028	100
1031	100
1026	100
1025	100
1026	100
1030	100
1026	100
1025	100
1025	100
1031	100
1022	100
1028	100
1026	100
1027	100
1027	100
1025	100
1026	100
1029	100
1029	100
1022	100
1026	100
1028	100
1025	100
1028	100
1026	100
1027	100
1026	100
1028	100
1022	100
1030	100
1025	100
1025	100
1025	100
1027	100
1026	100
1028	100
1035	100
1018	100
1025	100
1026	100
1026	100
1028	100
1026	100
1026	100
1027	100
1030	100
1020	100
1028	100
1027	100
1025	100
1026	100
1025	100
1026	100
1028	100
1029	100
1022	100
1027	100
1025	100
1025	100
1028	100
1027	100
1025	100
1025	100
1028	100
1023	100
1027	100
1026	100
1025	100
1027	100
1025	100
1026	100
1025	100
1033	100
1022	100
1025	100
1038	100
1018	100
1025	100
1028	100
1028	100
1025	100
1029	100
1023	100
1026	100
1030	100
1025	100
1025	100
1027	100
1025	100
1025	100
1031	100
1024	100
1025	100
1025	100
1025	100
1027	100
1028	100
1025	100
1026	100
1029	100
1022	100
1025	100
1029	100
1026	100
1026	100
1025	100
1025	100
1026	100
1032	100
1022	100
1025	100
1026	100
1025	100
1025	100
1032	100
1025	100
1026	100
1028	100
1023	100
1025	100
1028	100
1025	100
1027	100
1025	100
1025	100
1025	100
1034	100
1021	100
1021	100
1024	100
1026	100
1025	100
1026	100
1028	100
1026	100
1029	100
1030	100
1019	100
1027	100
1029	100
1026	100
1025	100
1026	100
1025	100
1029	100
1025	100
1026	100
1025	100
1026	100
1048	100
1005	100
1028	100
1026	100
1029	100
1022	100
1025	100
1025	100
1029	100
1026	100
1025	100
1025	100
1026	100
1028	100
1025	100
1025	100
1026	100
1026	100
1025	100
1026	100
1030	100
1026	100
1028	100
1023	100
1027	100
1025	100
1028	100
1026	100
1026	100
1025	100
1025	100
1029	100
1026	100
1025	100
1025	100
1025	100
1028	100
1025	100
1029	100
1030	100
1029	100
1022	100
1025	100
1026	100
1028	100
1026	100
1025	100
1027	100
1025	100
1028	100
1023	100
1029	100
1025	100
1026	100
1025	100
1026	100
1025	100
1028	100
1028	100
1024	100
1026	100
1025	100
1025	100
1028	100
1026	100
1025	100
1025	100
1030	100
1022	100
1028	100
1025	100
1027	100
1025	100
1026	100
1025	100
1030	100
1028	100
1022	100
1026	100
1025	100
1025	100
1028	100
1029	100
1026	100
1025	100
1029	100
1023	100
1029	100
1024	100
1026	100
1025	100
1025	100
1025	100
1029	100
1029	100
1023	100
1025	100
1026	100
1026	100
1028	100
1025	100
1026	100
1026	100
1028	100
1022	100
1029	100
1027	100
1025	100
1025	100
1026	100
1026	100
1028	100
1028	100
1039	100
1010	100
1026	100
1025	100
1027	100
1028	100
1025	100
1025	100
1029	100
1022	100
1026	100
1028	100
1027	100
1025	100
1025	100
1025	100
1027	100
1031	100
1023	100
1025	100
1029	100
1025	100
1026	100
1030	100
1026	100
1025	100
1029	100
1022	100
1027	100
1028	100
1026	100
1025	100
1027	100
1025	100
1026	100
1032	100
1022	100
1025	100
1026	100
1027	100
1025	100
1031	100
1026	100
1026	100
1028	100
1022	100
1025	100
1029	100
1026	100
1026	100
1025	100
1027	100
1025	100
1031	100
1022	100
1026	100
1025	100
1025	100
1025	100
1029	100
1026	100
1025	100
1029	100
1024	100
1025	100
1026	100
1028	100
1026	100
1025	100
1026	100
1025	100
1029	100
1026	100
1025	100
1032	100
1020	100
1025	100
1025	100
1031	100
1025	100
1026	100
1025	100
1027	100
1028	100
1026	100
1025	100
1027	100
1025	100
1026	100
1026	100
1029	100
1025	100
1026	100
1025	100
1027	100
1024	100
1028	100
1025	100
1027	100
1025	100
1025	100
1025	100
1029	100
1025	100
1026	100
1026	100
1027	100
1025	100
1029	100
1025	100
1027	100
1025	100
1025	100
1030	100
1029	100
1025	100
1025	100
1026	100
1026	100
1025	100
1029	100
1026	100
1026	100
1025	100
1025	100
1026	100
1029	100
1025	100
1025	100
1026	100
1026	100
1025	100
1025	100
1030	100
1026	100
1025	100
1026	100
1026	100
1026	100
1028	100
1025	100
1026	100
1025	100
1025	100
1025	100
1030	100
1026	100
1033	100
1018	100
1025	100
1026	100
1028	100
1027	100
1025	100
1025	100
1025	100
1027	100
1028	100
1026	100
1025	100
1026	100
1026	100
1025	100
1029	100
1026	100
1025	100
1025	100
1026	100
1026	100
1029	100
1025	100
1025	100
1026	100
1025	100
1026	100
1029	100
1026	100
1025	100
1025	100
1025	100
1027	100
1028	100
1026	100
1025	100
1026	100
1025	100
1025	100
1043	100
1012	100
1024	100
1025	100
1026	100
1025	100
1026	100
1028	100
1026	100
1025	100
1025	100
1025	100
1027	100
1028	100
1025	100
1026	100
1027	100
1026	100
1028	100
1025	100
1025	100
1026	100
1026	100
1025	100
1026	100
1028	100
1025	100
1029	100
1024	100
1025	100
1025	100
1029	100
1026	100
1025	100
1025	100
1025	100
1029	100
1025	100
1025	100
1035	100
1026	100
1025	100
1025	100
1032	100
1025	100
1029	100
1022	100
1026	100
1025	100
1029	100
1025	100
1027	100
1025	100
1026	100
1029	100
1026	100
1025	100
1025	100
1025	100
1026	100
1025	100
1030	100
1025	100
1030	100
1022	100
1026	100
1024	100
1029	100
1025	100
1026	100
1025	100
1026	100
1028	100
1022	100
1027	100
1028	100
1025	100
1026	100
1026	100
1026	100
1029	100
1028	100
1022	100
1025	100
1025	100
1025	100
1029	100
1025	100
1025	100
1025	100
1029	100
1022	100
1028	100
1026	100
1026	100
1025	100
1025	100
1026	100
1030	100
1029	100
1022	100
1025	100
1026	100
1025	100
1028	100
1026	100
1026	100
1025	100
1028	100
1022	100
1029	100
1026	100
1025	100
1048	100
1004	100
1025	100
1028	100
1029	100
1022	100
1025	100
1025	100
1027	100
1028	100
1026	100
1025	100
1026	100
1029	100
1022	100
1029	100
1025	100
1025	100
1025	100
1025	100
1028	100
1026	100
1034	100
1020	100
1026	100
1025	100
1026	100
1025	100
1030	100
1025	100
1026	100
1028	100
1024	100
1025	100
1030	100
1025	100
1027	100
1025	100
1025	100
1030	100
1031	100
1022	100
1025	100
1027	100
1026	100
1025	100
1028	100
1026	100
1026	100
1028	100
1023	100
1026	100
1028	100
1025	100
1025	100
1027	100
1025	100
1025	100
1031	100
1023	100
1026	100
1025	100
1058	100
1013	100
1030	100
1024	100
1026	100
1030	100
1021	100
1025	100
1028	100
1026	100
1025	100
1025	100
1034	100
1017	100
1031	100
1023	100
1026	100
1025	100
1025	100
1025	100
1029	100
1025	100
1025	100
1028	100
1024	100
1025	100
1026	100
1028	100
1027	100
1025	100
1025	100
1025	100
1029	100
1025	100
1025	100
1025	100
1026	100
1025	100
1026	100
1028	100
1027	100
1028	100
1022	100
1025	100
1026	100
1028	100
1026	100
1025	100
1026	100
1025	100
1028	100
1036	100
1025	100
1024	100
1025	100
1026	100
1025	100
1032	100
1030	100
1024	100
1022	100
1025	100
1025	100
1029	100
1026	100
1026	100
1025	100
1026	100
1028	100
1025	100
1025	100
1026	100
1025	100
1025	100
1026	100
1029	100
1025	100
1030	100
1023	100
1026	100
1025	100
1028	100
1025	100
1026	100
1026	100
1025	100
1030	100
1022	100
1028	100
1025	100
1027	100
1025	100
1025	100
1025	100
1029	100
1028	100
1022	100
1026	100
1026	100
1025	100
1029	100
1025	100
1026	100
1025	100
1028	100
1022	100
1029	100
1025	100
1026	100
1025	100
1027	100
1026	100
1028	100
1028	100
1024	100
1024	100
1025	100
1025	100
1029	100
1025	100
1026	100
1025	100
1031	100
1022	100
1029	100
1039	100
1013	100
1025	100
1025	100
1026	100
1028	100
1028	100
1023	100
1027	100
1025	100
1025	100
1028	100
1027	100
1025	100
1028	100
1029	100
1020	100
1029	100
1025	100
1026	100
1027	100
1026	100
1025	100
1029	100
1029	100
1023	100
1024	100
1026	100
1026	100
1025	100
1028	100
1025	100
1028	100
1028	100
1022	100
1025	100
1029	100
1025	100
1025	100
1030	100
1025	100
1026	100
1031	100
1024	100
1025	100
1026	100
1024	100
1026	100
1028	100
1026	100
1025	100
1026	100
1025	100
1025	100
1028	100
1027	100
1025	100
1025	100
1025	100
1027	100
1028	100
1025	100
1025	100
1026	100
1025	100
1025	100
1028	100
1026	100
1025	100
1025	100
1026	100
1025	100
1029	100
1024	100
1026	100
1027	100
1025	100
1025	100
1032	100
1025	100
1025	100
1025	100
1026	100
1028	100
1026	100
1025	100
1026	100
1025	100
1025	100
1026	100
1027	100
1028	100
1025	100
1025	100
1026	100
1025	100
1025	100
1028	100
1026	100
1025	100
1025	100
1025	100
1027	100
1029	100
1025	100
1025	100
1026	100
1025	100
1025	100
1028	100
1026	100
1025	100
1025	100
1037	100
1015	100
1028	100
1025	100
1026	100
1025	100
1025	100
1025	100
1033	100
1025	100
1025	100
1025	100
1027	100
1025	100
1028	100
1025	100
1026	100
1025	100
1025	100
1025	100
1029	100
1025	100
1026	100
1025	100
1027	100
1025	100
1028	100
1025	100
1026	100
1025	100
1026	100
1025	100
1029	100
1025	100
1025	100
1025	100
1026	100
1025	100
1028	100
1036	100
1026	100
1025	100
1026	100
1026	100
1025	100
1028	100
1025	100
1026	100
1025	100
1025	100
1025	100
1029	100
1025	100
1025	100
1026	100
1026	100
1025	100
1029	100
1025	100
1026	100
1026	100
1025	100
1025	100
1029	100
1025	100
1025	100
1025	100
1026	100
1026	100
1028	100
1025	100
1027	100
1026	100
1026	100
1025	100
1031	100
1026	100
1025	100
1027	100
1025	100
1025	100
1028	100
1027	100
1025	100
1025	100
1025	100
1026	100
1028	100
1025	100
1025	100
1028	100
1023	100
1025	100
1033	100
1023	100
1025	100
1025	100
1025	100
1026	100
1028	100
1026	100
1025	100
1026	100
1025	100
1025	100
1026	100
1029	100
1024	100
1026	100
1025	100
1026	100
1025	100
1028	100
1030	100
1021	100
1025	100
1026	100
1030	100
1024	100
1025	100
1025	100
1026	100
1025	100
1025	100
1028	100
1026	100
1028	100
1022	100
1025	100
1027	100
1028	100
1025	100
1025	100
1027	100
1025	100
1028	100
1025	100
1026	100
1025	100
1025	100
1025	100
1026	100
1028	100
1025	100
1029	100
1023	100
1025	100
1025	100
1028	100
1026	100
1025	100
1025	100
1038	100
1028	100
1026	100
1024	100
1026	100
1025	100
1026	100
1025	100
1030	100
1026	100
1028	100
1022	100
1026	100
1025	100
1028	100
1025	100
1027	100
1025	100
1026	100
1028	100
1023	100
1028	100
1025	100
1025	100
1027	100
1025	100
1026	100
1028	100
1031	100
1020	100
1025	100
1025	100
1027	100
1028	100
1025	100
1025	100
1027	100
1028	100
1022	100
1029	100
1025	100
1025	100
1025	100
1026	100
1025	100
1030	100
1028	100
1024	100
1026	100
1026	100
1026	100
1030	100
1025	100
1025	100
1025	100
1029	100
1022	100
1028	100
1025	100
1026	100
1025	100
1025	100
1026	100
1029	100
1028	100
1022	100
1026	100
1026	100
1025	100
1028	100
1025	100
1026	100
1025	100
1028	100
1034	100
1023	100
1025	100
1025	100
1026	100
1025	100
1026	100
1028	100
1030	100
1023	100
1025	100
1025	100
1026	100
1026	100
1028	100
1026	100
1026	100
1028	100
1022	100
1025	100
1031	100
1025	100
1024	100
1026	100
1026	100
1025	100
1033	100
1022	100
1026	100
1025	100
1025	100
1025	100
1029	100
1026	100
1025	100
1031	100
1021	100
1025	100
1028	100
1027	100
1025	100
1025	100
1025	100
1026	100
1031	100
1023	100
1025	100
1026	100
1025	100
1025	100
1028	100
1026	100
1025	100
1028	100
1022	100
1027	100
1028	100
1026	100
1024	100
1027	100
1025	100
1026	100
1031	100
1023	100
1025	100
1025	100
1025	100
1027	100
1028	100
1025	100
1025	100
1029	100
1023	100
1025	100
1033	100
1021	100
1025	100
1025	100
1027	100
1025	100
1028	100
1026	100
1026	100
1026	100
1026	100
1025	100
1026	100
1028	100
1025	100
1028	100
1024	100
1025	100
1025	100
1028	100
1026	100
1026	100
1024	100
1026	100
1029	100
1025	100
1025	100
1025	100
1027	100
1026	100
1026	100
1029	100
1026	100
1028	100
1022	100
1025	100
1026	100
1028	100
1025	100
1036	100
1016	100
1025	100
1028	100
1026	100
1025	100
1025	100
1025	100
1027	100
1024	100
1029	100
1024	100
1031	100
1020	100
1025	100
1025	100
1029	100
1025	100
1025	100
1025	100
1026	100
1028	100
1025	100
1025	100
1026	100
1025	100
1025	100
1030	100
1021	100
1028	100
1029	100
1022	100
1026	100
1025	100
1025	100
1028	100
1027	100
1025	100
1025	100
1031	100
1022	100
1028	100
1025	100
1026	100
1026	100
1025	100
1025	100
1032	100
1028	100
1022	100
1025	100
1026	100
1026	100
1028	100
1025	100
1026	100
1025	100
1029	100
1022	100
1031	100
1025	100
1025	100
1026	100
1026	100
1025	100
1028	100
1025	100
1026	100
1025	100
1025	100
1025	100
1029	100
1025	100
1025	100
1025	100
1026	100
1025	100
1029	100
1027	100
1025	100
1025	100
1025	100
1027	100
1028	100
1025	100
1025	100
1026	100
1025	100
1025	100
1025	100
1029	100
1025	100
1025	100
1025	100
1027	100
1025	100
1028	100
1025	100
1026	100
1025	100
1025	100
1025	100
1029	100
1025	100
1025	100
1026	100
1026	100
1025	100
1029	100
1025	100
1026	100
1025	100
1025	100
1037	100
1017	100
1025	100
1025	100
1026	100
1025	100
1028	100
1026	100
1026	100
1025	100
1025	100
1025	100
1026	100
1029	100
1025	100
1026	100
1026	100
1025	100
1025	100
1028	100
1026	100
1025	100
1025	100
1026	100
1026	100
1028	100
1025	100
1026	100
1026	100
1025	100
1025	100
1028	100
1026	100
1026	100
1025	100
1025	100
1026	100
1028	100
1025	100
1036	100
1025	100
1026	100
1025	100
1026	100
1028	100
1026	100
1024	100
1026	100
1025	100
1025	100
1030	100
1027	100
1025	100
1025	100
1026	100
1025	100
1028	100
1025	100
1025	100
1026	100
1025	100
1025	100
1028	100
1027	100
1025	100
1025	100
1025	100
1026	100
1028	100
1025	100
1025	100
1026	100
1025	100
1025	100
1028	100
1028	100
1024	100
1026	100
1026	100
1025	100
1028	100
1025	100
1026	100
1025	100
1025	100
1025	100
1029	100
1025	100
1025	100
1025	100
1026	100
1025	100
1029	100
1025	100
1026	100
1025	100
1025	100
1025	100
1029	100
1025	100
1025	100
1025	100
1026	100
1025	100
1026	100
1028	100
1026	100
1025	100
1025	100
1025	100
1028	100
1028	100
1025	100
1038	100
1013	100
1025	100
1025	100
1029	100
1025	100
1025	100
1025	100
1026	100
1025	100
1031	100
1025	100
1026	100
1025	100
1025	100
1025	100
1029	100
1025	100
1025	100
1028	100
1023	100
1025	100
1030	100
1025	100
1026	100
1025	100
1026	100
1024	100
1033	100
1021	100
1025	100
1025	100
1026	100
1025	100
1029	100
1025	100
1026	100
1030	100
1021	100
1036	100
1028	100
1025	100
1025	100
1026	100
1026	100
1025	100
1032	100
1023	100
1025	100
1025	100
1025	100
1026	100
1028	100
1025	100
1025	100
1030	100
1021	100
1025	100
1025	100
1029	100
1025	100
1025	100
1025	100
1026	100
1029	100
1024	100
1025	100
1026	100
1026	100
1025	100
1025	100
1029	100
1025	100
1028	100
1027	100
1021	100
1025	100
1029	100
1026	100
1024	100
1025	100
1025	100
1029	100
1025	100
1025	100
1025	100
1026	100
1025	100
1026	100
1028	100
1026	100
1028	100
1022	100
1025	100
1026	100
1028	100
1025	100
1025	100
1026	100
1025	100
1028	100
1025	100
1027	100
1025	100
1025	100
1025	100
1026	100
1029	100
1026	100
1028	100
1023	100
1025	100
1025	100
1039	100
1015	100
1025	100
1025	100
1027	100
1030	100
1021	100
1028	100
1026	100
1025	100
1026	100
1025	100
1026	100
1030	100
1027	100
1022	100
1027	100
1025	100
1025	100
1028	100
1026	100
1025	100
1025	100
1028	100
1023	100
1028	100
1025	100
1025	100
1026	100
1026	100
1025	100
1028	100
1029	100
1022	100
1025	100
1025	100
1027	100
1028	100
1025	100
1035	100
1025	100
1028	100
1022	100
1029	100
1025	100
1025	100
1025	100
1026	100
1025	100
1028	100
1028	100
1024	100
1025	100
1025	100
1025	100
1029	100
1025	100
1025	100
1026	100
1030	100
1023	100
1029	100
1024	100
1027	100
1025	100
1026	100
1025	100
1029	100
1028	100
1022	100
1025	100
1026	100
1025	100
1026	100
1028	100
1027	100
1025	100
1028	100
1023	100
1025	100
1030	100
1025	100
1027	100
1026	100
1025	100
1025	100
1036	100
1021	100
1025	100
1025	100
1027	100
1025	100
1028	100
1025	100
1027	100
1028	100
1022	100
1025	100
1029	100
1025	100
1025	100
1026	100
1027	100
1025	100
1031	100
1023	100
1026	100
1025	100
1026	100
1025	100
1030	100
1024	100
1026	100
1039	100
1012	100
1025	100
1028	100
1027	100
1025	100
1026	100
1025	100
1026	100
1031	100
1022	100
1026	100
1026	100
1025	100
1025	100
1028	100
1026	100
1025	100
1028	100
1022	100
1026	100
1025	100
1028	100
1025	100
1026	100
1025	100
1025	100
1028	100
1026	100
1025	100
1025	100
1025	100
1026	100
1025	100
1028	100
1025	100
1029	100
1022	100
1025	100
1035	100
1028	100
1026	100
1025	100
1026	100
1025	100
1028	100
1026	100
1026	100
1025	100
1025	100
1025	100
1026	100
1030	100
1025	100
1028	100
1023	100
1026	100
1024	100
1029	100
1027	100
1025	100
1025	100
1025	100
1030	100
1025	100
1025	100
1025	100
1026	100
1025	100
1025	100
1028	100
1027	100
1028	100
1022	100
1025	100
1027	100
1028	100
1026	100
1026	100
1025	100
1026	100
1028	100
1026	100
1025	100
1025	100
1025	100
1027	100
1025	100
1026	100
1028	100
1029	100
1022	100
1026	100
1025	100
1027	100
1029	100
1025	100
1024	100
1029	100
1026	100
1023	100
1028	100
1026	100
1025	100
1025	100
1025	100
1026	100
1028	100
1028	100
1022	100
1026	100
1025	100
1025	100
1039	100
1015	100
1026	100
1025	100
1029	100
1021	100
1028	100
1026	100
1031	100
1021	100
1025	100
1025	100
1029	100
1025	100
1025	100
1025	100
1026	100
1025	100
1028	100
1025	100
1027	100
1025	100
1027	100
1024	100
1030	100
1026	100
1025	100
1025	100
1027	100
1025	100
1029	100
1024	100
1027	100
1025	100
1026	100
1025	100
1026	100
1028	100
1025	100
1026	100
1025	100
1027	100
1023	100
1030	100
1025	100
1025	100
1025	100
1026	100
1025	100
1031	100
1025	100
1026	100
1025	100
1025	100
1025	100
1030	100
1025	100
1026	100
1025	100
1026	100
1025	100
1029	100
1025	100
1026	100
1025	100
1025	100
1025	100
1030	100
1025	100
1026	100
1025	100
1026	100
1025	100
1028	100
1025	100
1027	100
1025	100
1025	100
1027	100
1029	100
1024	100
1026	100
1026	100
1025	100
1025	100
1028	100
1026	100
1025	100
1025	100
1025	100
1027	100
1028	100
1025	100
1025	100
1026	100
1025	100
1025	100
1028	100
1026	100
1026	100
1025	100
1025	100
1026	100
1026	100
1028	100
1026	100
1026	100
1025	100
1025	100
1025	100
1031	100
1025	100
1026	100
1036	100
1016	100
1025	100
1028	100
1026	100
1025	100
1025	100
1025	100
1027	100
1028	100
1025	100
1025	100
1028	100
1025	100
1025	100
1029	100
1027	100
1025	100
1025	100
1025	100
1026	100
1028	100
1026	100
1025	100
1027	100
1026	100
1025	100
1028	100
1026	100
1025	100
1025	100
1025	100
1026	100
1028	100
1025	100
1025	100
1026	100
1025	100
1025	100
1034	100
1026	100
1024	100
1025	100
1026	100
1026	100
1028	100
1025	100
1027	100
1024	100
1025	100
1025	100
1027	100
1028	100
1025	100
1025	100
1026	100
1025	100
1025	100
1028	100
1027	100
1025	100
1029	100
1022	100
1026	100
1029	100
1024	100
1025	100
1027	100
1025	100
1025	100
1032	100
1024	100
1025	100
1025	100
1025	100
1026	100
1028	100
1025	100
1026	100
1029	100
1022	100
1025	100
1032	100
1025	100
1025	100
1025	100
1027	100
1025	100
1032	100
1022	100
1026	100
1025	100
1025	100
1025	100
1029	100
1025	100
1026	100
1028	100
1023	100
1025	100
1028	100
1025	100
1026	100
1025	100
1025	100
1025	100
1033	100
1022	100
1025	100
1025	100
1028	100
1024	100
1029	100
1037	100
1014	100
1028	100
1023	100
1026	100
1026	100
1028	100
1025	100
1027	100
1025	100
1025	100
1029	100
1028	100
1025	100
1025	100
1026	100
1026	100
1025	100
1028	100
1025	100
1032	100
1020	100
1025	100
1026	100
1029	100
1025	100
1025	100
1025	100
1026	100
1029	100
1025	100
1025	100
1026	100
1025	100
1025	100
1026	100
1029	100
1025	100
1028	100
1035	100
1025	100
1025	100
1028	100
1026	100
1025	100
1026	100
1026	100
1029	100
1026	100
1024	100
1026	100
1028	100
1024	100
1026	100
1029	100
1027	100
1031	100
1019	100
1025	100
1026	100
1028	100
1026	100
1025	100
1027	100
1025	100
1028	100
1022	100
1029	100
1025	100
1026	100
1026	100
1026	100
1025	100
1028	100
1035	100
1018	100
1025	100
1025	100
1026	100
1028	100
1026	100
1025	100
1026	100
1028	100
1022	100
1028	100
1027	100
1025	100
1025	100
1025	100
1026	100
1028	100
1028	100
1022	100
1027	100
1025	100
1026	100
1029	100
1026	100
1025	100
1025	100
1029	100
1023	100
1028	100
1025	100
1025	100
1026	100
1025	100
1025	100
1028	100
1029	100
1022	100
1025	100
1037	100
1020	100
1028	100
1025	100
1026	100
1025	100
1029	100
1023	100
1029	100
1025	100
1026	100
1025	100
1027	100
1025	100
1028	100
1028	100
1023	100
1025	100
1025	100
1025	100
1027	100
1028	100
1026	100
1025	100
1030	100
1021	100
1025	100
1030	100
1026	100
1025	100
1026	100
1025	100
1026	100
1032	100
1022	100
1025	100
1026	100
1025	100
1025	100
1029	100
1025	100
1025	100
1028	100
1024	100
1025	100
1028	100
1025	100
1026	100
1025	100
1025	100
1025	100
1032	100
1023	100
1025	100
1025	100
1026	100
1025	100
1028	100
1025	100
1026	100
1028	100
1022	100
1025	100
1029	100
1025	100
1025	100
1025	100
1026	100
1025	100
1031	100
1023	100
1026	100
1025	100
1025	100
1025	100
1029	100
1025	100
1025	100
1030	100
1023	100
1025	100
1029	100
1025	100
1026	100
1025	100
1025	100
1026	100
1031	100
1024	100
1025	100
1027	100
1025	100
1025	100
1025	100
1029	100
1025	100
1028	100
1022	100
1026	100
1025	100
1029	100
1025	100
1026	100
1025	100
1025	100
1029	100
1025	100
1025	100
1025	100
1025	100
1027	100
1024	100
1029	100
1096	100
959	100
1022	100
1025	100
1026	100
1028	100
1025	100
1025	100
1026	100
1026	100
1028	100
1026	100
1028	100
1026	100
1026	100
1026	100
1026	100
1030	100
1024	100
1029	100
1023	100
1025	100
1025	100
1028	100
1029	100
1024	100
1025	100
1025	100
1029	100
1025	100
1025	100
1026	100
1026	100
1025	100
1025	100
1025	100
1029	100
1028	100
1022	100
1026	100
1025	100
1026	100
1028	100
1026	100
1025	100
1025	100
1029	100
1023	100
1028	100
1025	100
1025	100
1026	100
1025	100
1025	100
1028	100
1026	100
1025	100
1026	100
1025	100
1026	100
1028	100
1025	100
1025	100
1027	100
1025	100
1025	100
1030	100
1026	100
1025	100
1025	100
1025	100
1026	100
1028	100
1025	100
1025	100
1026	100
1025	100
1028	100
1026	100
1025	100
1025	100
1025	100
1026	100
1025	100
1029	100
1025	100
1026	100
1025	100
1025	100
1026	100
1029	100
1025	100
1025	100
1025	100
1026	100
1025	100
1028	100
1026	100
1026	100
1025	100
1025	100
1025	100
1026	100
1035	100
1018	100
1025	100
1027	100
1025	100
1025	100
1028	100
1026	100
1025	100
1028	100
1035	100
1014	100
1030	100
1024	100
1026	100
1025	100
1025	100
1025	100
1029	100
1025	100
1025	100
1025	100
1026	100
1025	100
1028	100
1025	100
1027	100
1025	100
1025	100
1025	100
1029	100
1025	100
1025	100
1025	100
1026	100
1025	100
1028	100
1025	100
1027	100
1025	100
1025	100
1025	100
1029	100
1025	100
1025	100
1025	100
1026	100
1025	100
1028	100
1035	100
1026	100
1025	100
1025	100
1026	100
1028	100
1025	100
1025	100
1026	100
1026	100
1025	100
1034	100
1023	100
1026	100
1025	100
1026	100
1026	100
1026	100
1030	100
1025	100
1027	100
1025	100
1025	100
1025	100
1029	100
1026	100
1025	100
1025	100
1026	100
1025	100
1028	100
1025	100
1026	100
1025	100
1025	100
1025	100
1038	100
1020	100
1048	100
1013	100
1016	100
1025	100
1043	100
1018	100
1019	100
1025	100
1025	100
1027	100
1028	100
1025	100
1025	100
1027	100
1025	100
1025	100
1028	100
1026	100
1026	100
1025	100
1026	100
1026	100
1029	100
1025	100
1025	100
1026	100
1025	100
1026	100
1027	100
1026	100
1025	100
1025	100
1025	100
1027	100
1028	100
1026	100
1039	100
1013	100
1025	100
1025	100
1026	100
1028	100
1025	100
1025	100
1030	100
1022	100
1025	100
1028	100
1026	100
1025	100
1025	100
1025	100
1026	100
1033	100
1020	100
1025	100
1026	100
1026	100
1025	100
1028	100
1026	100
1025	100
1028	100
1022	100
1026	100
1030	100
1025	100
1025	100
1026	100
1026	100
1025	100
1032	100
1022	100
1026	100
1024	100
1036	100
1025	100
1028	100
1025	100
1027	100
1028	100
1022	100
1025	100
1029	100
1025	100
1025	100
1025	100
1026	100
1025	100
1031	100
1023	100
1027	100
1026	100
1025	100
1025	100
1028	100
1026	100
1025	100
1028	100
1023	100
1025	100
1025	100
1028	100
1027	100
1025	100
1025	100
1025	100
1030	100
1025	100
1025	100
1025	100
1027	100
1025	100
1025	100
1030	100
1025	100
1028	100
1023	100
1025	100
1025	100
1029	100
1025	100
1026	100
1025	100
1025	100
1028	100
1027	100
1025	100
1026	100
1025	100
1026	100
1025	100
1028	100
1025	100
1030	100
1021	100
1025	100
1025	100
1030	100
1025	100
1025	100
1025	100
1027	100
1033	100
1021	100
1025	100
1026	100
1025	100
1025	100
1036	100
1020	100
1026	100
1028	100
1023	100
1026	100
1025	100
1028	100
1026	100
1026	100
1025	100
1026	100
1029	100
1028	100
1025	100
1025	100
1026	100
1026	100
1025	100
1025	100
1029	100
1028	100
1022	100
1025	100
1027	100
1027	100
1028	100
1025	100
1026	100
1025	100
1028	100
1022	100
1028	100
1025	100
1025	100
1025	100
1026	100
1031	100
1023	100
1029	100
1022	100
1025	100
1025	100
1026	100
1028	100
1025	100
1026	100
1027	100
1028	100
1023	100
1028	100
1026	100
1025	100
1025	100
1025	100
1026	100
1028	100
1028	100
1023	100
1027	100
1025	100
1025	100
1028	100
1026	100
1025	100
1025	100
1029	100
1023	100
1029	100
1024	100
1026	100
1027	100
1025	100
1026	100
1028	100
1030	100
1022	100
1025	100
1026	100
1025	100
1028	100
1025	100
1027	100
1025	100
1028	100
1023	100
1026	100
1030	100
1026	100
1025	100
1026	100
1025	100
1025	100
1031	100
1024	100
1026	100
1025	100
1025	100
1026	100
1028	100
1025	100
1025	100
1029	100
1023	100
1025	100
1028	100
1027	100
1026	100
1025	100
1025	100
1026	100
1031	100
1022	100
1038	100
1014	100
1026	100
1024	100
1031	100
1025	100
1025	100
1029	100
1023	100
1025	100
1029	100
1025	100
1026	100
1026	100
1025	100
1025	100
1034	100
1022	100
1026	100
1025	100
1026	100
1025	100
1028	100
1025	100
1027	100
1028	100
1022	100
1025	100
1030	100
1025	100
1025	100
1026	100
1026	100
1025	100
1031	100
1022	100
1026	100
1025	100
1025	100
1033	100
1025	100
1028	100
1025	100
1031	100
1021	100
1025	100
1025	100
1030	100
1026	100
1025	100
1025	100
1027	100
1030	100
1024	100
1025	100
1026	100
1025	100
1025	100
1025	100
1030	100
1025	100
1028	100
1022	100
1028	100
1025	100
1028	100
1025	100
1026	100
1025	100
1025	100
1028	100
1027	100
1026	100
1025	100
1026	100
1027	100
1025	100
1028	100
1027	100
1027	100
1022	100
1025	100
1027	100
1028	100
1025	100
1025	100
1027	100
1025	100
1026	100
1030	100
1026	100
1025	100
1025	100
1025	100
1026	100
1028	100
1025	100
1025	100
1027	100
1026	100
1025	100
1025	100
1030	100
1024	100
1025	100
1025	100
1026	100
1025	100
1028	100
1025	100
1027	100
1025	100
1025	100
1038	100
1017	100
1025	100
1025	100
1026	100
1025	100
1025	100
1028	100
1026	100
1026	100
1025	100
1026	100
1026	100
1028	100
1025	100
1026	100
1027	100
1025	100
1025	100
1028	100
1027	100
1026	100
1025	100
1025	100
1026	100
1028	100
1025	100
1025	100
1027	100
1025	100
1025	100
1030	100
1027	100
1025	100
1025	100
1026	100
1026	100
1029	100
1024	100
1027	100
1024	100
1026	100
1025	100
1030	100
1025	100
1025	100
1025	100
1027	100
1025	100
1028	100
1025	100
1026	100
1025	100
1026	100
1025	100
1027	100
1028	100
1025	100
1025	100
1027	100
1025	100
1025	100
1028	100
1026	100
1025	100
1025	100
1025	100
1028	100
1028	100
1026	100
1025	100
1026	100
1025	100
1025	100
1029	100
1027	100
1025	100
1025	100
1026	100
1025	100
1028	100
1025	100
1026	100
1025	100
1030	100
1020	100
1029	100
1025	100
1024	100
1025	100
1026	100
1025	100
1029	100
1026	100
1026	100
1025	100
1025	100
1025	100
1028	100
1025	100
1025	100
1026	100
1026	100
1026	100
1028	100
1025	100
1026	100
1025	100
1025	100
1025	100
1029	100
1025	100
1025	100
1036	100
1016	100
1025	100
1025	100
1045	100
1011	100
1025	100
1025	100
1027	100
1025	100
1028	100
1025	100
1028	100
1024	100
1025	100
1025	100
1029	100
1025	100
1025	100
1026	100
1026	100
1025	100
1030	100
1024	100
1027	100
1024	100
1025	100
1025	100
1030	100
1025	100
1025	100
1025	100
1027	100
1025	100
1028	100
1025	100
1027	100
1024	100
1025	100
1038	100
1020	100
1028	100
1022	100
1026	100
1025	100
1025	100
1028	100
1027	100
1025	100
1024	100
1029	100
1023	100
1030	100
1025	100
1025	100
1026	100
1025	100
1025	100
1028	100
1031	100
1021	100
1025	100
1025	100
1026	100
1028	100
1025	100
1025	100
1026	100
1030	100
1020	100
1025	100
1032	100
1024	100
1024	100
1025	100
1026	100
1025	100
1031	100
1023	100
1025	100
1025	100
1025	100
1026	100
1028	100
1026	100
1025	100
1030	100
1022	100
1025	100
1029	100
1026	100
1025	100
1026	100
1024	100
1027	100
1031	100
1023	100
1025	100
1026	100
1025	100
1025	100
1028	100
1027	100
1025	100
1028	100
1023	100
1026	100
1028	100
1025	100
1025	100
1026	100
1025	100
1025	100
1042	100
1012	100
1025	100
1025	100
1027	100
1025	100
1029	100
1024	100
1026	100
1028	100
1022	100
1025	100
1028	100
1026	100
1025	100
1025	100
1026	100
1025	100
1028	100
1025	100
1026	100
1025	100
1025	100
1025	100
1027	100
1028	100
1025	100
1028	100
1023	100
1025	100
1025	100
1028	100
1026	100
1026	100
1025	100
1026	100
1030	100
1024	100
1025	100
1036	100
1025	100
1025	100
1025	100
1030	100
1025	100
1028	100
1022	100
1026	100
1024	100
1028	100
1025	100
1027	100
1025	100
1026	100
1027	100
1027	100
1024	100
1026	100
1025	100
1026	100
1025	100
1029	100
1025	100
1029	100
1022	100
1025	100
1025	100
1029	100
1025	100
1026	100
1025	100
1026	100
1028	100
1025	100
1025	100
1027	100
1024	100
1026	100
1026	100
1028	100
1025	100
1028	100
1023	100
1026	100
1025	100
1026	100
1029	100
1026	100
1025	100
1025	100
1029	100
1023	100
1028	100
1026	100
1026	100
1025	100
1025	100
1025	100
1029	100
1029	100
1022	100
1026	100
1025	100
1025	100
1029	100
1025	100
1025	100
1025	100
1028	100
1022	100
1029	100
1025	100
1025	100
1036	100
1015	100
1025	100
1028	100
1031	100
1020	100
1025	100
1025	100
1026	100
1028	100
1025	100
1025	100
1026	100
1028	100
1022	100
1031	100
1026	100
1025	100
1030	100
1020	100
1027	100
1028	100
1029	100
1022	100
1026	100
1025	100
1025	100
1028	100
1026	100
1025	100
1025	100
1028	100
1024	100
1029	100
1026	100
1025	100
1027	100
1025	100
1025	100
1030	100
1032	100
1022	100
1025	100
1026	100
1025	100
1025	100
1028	100
1026	100
1025	100
1028	100
1022	100
1026	100
1029	100
1024	100
1025	100
1026	100
1025	100
1025	100
1031	100
1023	100
1025	100
1025	100
1025	100
1026	100
1028	100
1025	100
1025	100
1029	100
1023	100
1025	100
1028	100
1026	100
1025	100
1026	100
1025	100
1026	100
1031	100
1022	100
1027	100
1025	100
1025	100
1025	100
1030	100
1025	100
1025	100
1028	100
1024	100
1025	100
1029	100
1024	100
1027	100
1024	100
1025	100
1025	100
1032	100
1022	100
1025	100
1025	100
1026	100
1025	100
1026	100
1028	100
1027	100
1028	100
1022	100
1025	100
1026	100
1028	100
1026	100
1025	100
1026	100
1025	100
1025	100
1035	100
1020	100
1025	100
1026	100
1026	100
1025	100
1029	100
1025	100
1026	100
1025	100
1025	100
1026	100
1029	100
1026	100
1025	100
1025	100
1026	100
1026	100
1027	100
1026	100
1026	100
1025	100
1026	100
1025	100
1030	100
1025	100
1025	100
1024	100
1026	100
1025	100
1028	100
1025	100
1026	100
1025	100
1025	100
1028	100
1027	100
1025	100
1025	100
1036	100
1019	100
1025	100
1028	100
1027	100
1025	100
1025	100
1025	100
1027	100
1028	100
1026	100
1025	100
1026	100
1025	100
1026	100
1024	100
1029	100
1025	100
1025	100
1025	100
1027	100
1025	100
1028	100
1025	100
1025	100
1025	100
1026	100
1025	100
1029	100
1025	100
1025	100
1026	100
1026	100
1025	100
1030	100
1025	100
1026	100
1025	100
1026	100
1025	100
1028	100
1029	100
1024	100
1027	100
1025	100
1025	100
1029	100
1026	100
1025	100
1025	100
1026	100
1026	100
1033	100
1025	100
1025	100
1026	100
1026	100
1026	100
1028	100
1026	100
1025	100
1025	100
1025	100
1026	100
1028	100
1025	100
1026	100
1026	100
1026	100
1025	100
1028	100
1026	100
1025	100
1025	100
1025	100
1026	100
1025	100
1028	100
1026	100
1025	100
1026	100
1025	100
1026	100
1029	100
1025	100
1024	100
1026	100
1024	100
1026	100
1028	100
1027	100
1025	100
1026	100
1025	100
1026	100
1028	100
1025	100
1025	100
1026	100
1025	100
1026	100
1028	100
1027	100
1025	100
1026	100
1025	100
1026	100
1028	100
1025	100
1025	100
1026	100
1025	100
1025	100
1038	100
1027	100
1025	100
1025	100
1026	100
1026	100
1028	100
1025	100
1026	100
1025	100
1024	100
1026	100
1029	100
1026	100
1025	100
1025	100
1027	100
1025	100
1030	100
1024	100
1027	100
1025	100
1024	100
1025	100
1031	100
1026	100
1032	100
1018	100
1025	100
1026	100
1025	100
1028	100
1026	100
1025	100
1025	100
1028	100
1023	100
1029	100
1025	100
1026	100
1025	100
1025	100
1025	100
1029	100
1028	100
1022	100
1025	100
1027	100
1025	100
1028	100
1025	100
1026	100
1025	100
1031	100
1019	100
1029	100
1025	100
1025	100
1025	100
1027	100
1025	100
1028	100
1028	100
1023	100
1025	100
1026	100
1025	100
1031	100
1024	100
1026	100
1025	100
1029	100
1022	100
1028	100
1031	100
1021	100
1025	100
1026	100
1026	100
1028	100
1028	100
1023	100
1026	100
1026	100
1025	100
1028	100
1026	100
1025	100
1025	100
1029	100
1023	100
1025	100
1028	100
1025	100
1026	100
1025	100
1025	100
1025	100
1032	100
1023	100
1025	100
1025	100
1026	100
1025	100
1028	100
1025	100
1027	100
1028	100
1022	100
1025	100
1030	100
1025	100
1025	100
1030	100
1026	100
1025	100
1032	100
1025	100
1024	100
1025	100
1025	100
1026	100
1028	100
1025	100
1025	100
1029	100
1022	100
1025	100
1030	100
1027	100
1025	100
1026	100
1025	100
1026	100
1031	100
1024	100
1025	100
1026	100
1025	100
1025	100
1028	100
1027	100
1025	100
1028	100
1022	100
1026	100
1027	100
1026	100
1025	100
1026	100
1025	100
1025	100
1033	100
1023	100
1025	100
1025	100
1026	100
1025	100
1025	100
1028	100
1026	100
1029	100
1022	100
1025	100
1027	100
1030	100
1025	100
1025	100
1026	100
1025	100
1028	100
1025	100
1026	100
1025	100
1025	100
1025	100
1026	100
1029	100
1026	100
1029	100
1023	100
1025	100
1025	100
1028	100
1026	100
1025	100
1025	100
1025	100
1031	100
1025	100
1025	100
1026	100
1025	100
1025	100
1025	100
1030	100
1026	100
1029	100
1022	100
1027	100
1025	100
1029	100
1025	100
1027	100
1025	100
1025	100
1028	100
1026	100
1025	100
1026	100
1025	100
1028	100
1025	100
1030	100
1024	100
1030	100
1021	100
1025	100
1025	100
1029	100
1025	100
1026	100
1025	100
1026	100
1028	100
1022	100
1032	100
1025	100
1025	100
1025	100
1026	100
1025	100
1028	100
1028	100
1024	100
1025	100
1025	100
1025	100
1029	100
1025	100
1025	100
1025	100
1030	100
1021	100
1028	100
1025	100
1026	100
1025	100
1025	100
1026	100
1028	100
1028	100
1022	100
1025	100
1026	100
1025	100
1028	100
1025	100
1026	100
1025	100
1028	100
1022	100
1029	100
1025	100
1025	100
1026	100
1025	100
1025	100
1028	100
1029	100
1023	100
1025	100
1025	100
1027	100
1027	100
1025	100
1025	100
1026	100
1028	100
1022	100
1029	100
1028	100
1025	100
1025	100
1025	100
1027	100
1025	100
1031	100
1022	100
1026	100
1025	100
1025	100
1025	100
1030	100
1025	100
1025	100
1028	100
1024	100
1025	100
1033	100
1027	100
1020	100
1025	100
1025	100
1027	100
1031	100
1022	100
1025	100
1026	100
1025	100
1025	100
1029	100
1026	100
1025	100
1028	100
1023	100
1027	100
1031	100
1025	100
1025	100
1026	100
1026	100
1025	100
1033	100
1021	100
1025	100
1025	100
1025	100
1040	100
1016	100
1024	100
1025	100
1029	100
1022	100
1025	100
1028	100
1026	100
1026	100
1025	100
1030	100
1030	100
1031	100
1022	100
1027	100
1025	100
1025	100
1025	100
1029	100
1025	100
1025	100
1028	100
1024	100
1025	100
1026	100
1028	100
1027	100
1025	100
1026	100
1025	100
1027	100
1028	100
1025	100
1025	100
1027	100
1025	100
1025	100
1029	100
1026	100
1025	100
1025	100
1025	100
1028	100
1026	100
1025	100
1025	100
1026	100
1025	100
1026	100
1029	100
1025	100
1025	100
1025	100
1026	100
1025	100
1028	100
1025	100
1027	100
1025	100
1025	100
1025	100
1029	100
1025	100
1025	100
1025	100
1026	100
1026	100
1028	100
1025	100
1027	100
1025	100
1025	100
1025	100
1029	100
1025	100
1025	100
1026	100
1027	100
1025	100
1027	100
1026	100
1027	100
1025	100
1025	100
1032	100
1019	100
1028	100
1025	100
1027	100
1025	100
1025	100
1025	100
1030	100
1025	100
1025	100
1025	100
1026	100
1025	100
1028	100
1025	100
1026	100
1025	100
1026	100
1025	100
1030	100
1025	100
1025	100
1025	100
1027	100
1024	100
1028	100
1025	100
1026	100
1025	100
1025	100
1025	100
1030	100
1025	100
1026	100
1025	100
1027	100
1025	100
1029	100
1029	100
1025	100
1025	100
1026	100
1026	100
1029	100
1025	100
1026	100
1025	100
1026	100
1025	100
1028	100
1026	100
1026	100
1025	100
1026	100
1026	100
1028	100
1025	100
1025	100
1026	100
1025	100
1025	100
1028	100
1026	100
1025	100
1025	100
1025	100
1026	100
1025	100
1028	100
1025	100
1029	100
1021	100
1025	100
1025	100
1030	100
1024	100
1025	100
1027	100
1025	100
1030	100
1023	100
1027	100
1025	100
1025	100
1025	100
1026	100
1028	100
1026	100
1028	100
1024	100
1025	100
1025	100
1032	100
1026	100
1025	100
1025	100
1025	100
1029	100
1025	100
1025	100
1025	100
1027	100
1025	100
1025	100
1029	100
1027	100
1028	100
1022	100
1025	100
1026	100
1029	100
1025	100
1030	100
1022	100
1025	100
1028	100
1026	100
1025	100
1025	100
1025	100
1027	100
1024	100
1029	100
1025	100
1030	100
1021	100
1025	100
1025	100
1027	100
1028	100
1025	100
1025	100
1027	100
1028	100
1022	100
1028	100
1028	100
1024	100
1026	100
1024	100
1026	100
1029	100
1028	100
1022	100
1026	100
1025	100
1026	100
1030	100
1026	100
1025	100
1026	100
1032	100
1023	100
1028	100
1025	100
1026	100
1025	100
1025	100
1031	100
1024	100
1030	100
1020	100
1025	100
1025	100
1025	100
1028	100
1026	100
1026	100
1025	100
1028	100
1023	100
1031	100
1024	100
1025	100
1026	100
1027	100
1024	100
1028	100
1028	100
1023	100
1025	100
1025	100
1025	100
1030	100
1025	100
1025	100
1026	100
1030	100
1022	100
1028	100
1028	100
1025	100
1025	100
1025	100
1027	100
1025	100
1031	100
1022	100
1026	100
1025	100
1026	100
1025	100
1029	100
1025	100
1025	100
1028	100
1024	100
1025	100
1029	100
1025	100
1026	100
1025	100
1025	100
1025	100
1032	100
1022	100
1025	100
1025	100
1027	100
1025	100
1028	100
1025	100
1026	100
1028	100
1022	100
1025	100
1030	100
1025	100
1025	100
1027	100
1025	100
1025	100
1031	100
1023	100
1025	100
1025	100
1026	100
1025	100
1029	100
1024	100
1026	100
1030	100
1021	100
1025	100
1029	100
1026	100
1025	100
1025	100
1025	100
1026	100
1031	100
1022	100
1025	100
1026	100
1026	100
1025	100
1028	100
1026	100
1025	100
1028	100
1023	100
1026	100
1025	100
1028	100
1036	100
1031	100
1026	100
1026	100
1029	100
1025	100
1026	100
1025	100
1026	100
1025	100
1025	100
1028	100
1026	100
1028	100
1022	100
1025	100
1026	100
1030	100
1026	100
1025	100
1026	100
1025	100
1028	100
1026	100
1027	100
1025	100
1026	100
1025	100
1026	100
1029	100
1026	100
1028	100
1024	100
1025	100
1025	100
1028	100
1028	100
1024	100
1026	100
1026	100
1028	100
1025	100
1026	100
1025	100
1026	100
1025	100
1025	100
1029	100
1026	100
1028	100
1023	100
1026	100
1026	100
1028	100
1025	100
1026	100
1025	100
1025	100
1028	100
1024	100
1028	100
1025	100
1025	100
1027	100
1025	100
1025	100
1028	100
1029	100
1023	100
1026	100
1025	100
1027	100
1030	100
1024	100
1036	100
1015	100
1028	100
1022	100
1029	100
1025	100
1026	100
1025	100
1027	100
1025	100
1028	100
1030	100
1021	100
1025	100
1025	100
1025	100
1029	100
1025	100
1025	100
1025	100
1031	100
1022	100
1029	100
1025	100
1026	100
1025	100
1026	100
1025	100
1029	100
1028	100
1023	100
1025	100
1026	100
1025	100
1028	100
1025	100
1027	100
1025	100
1028	100
1102	100
1031	100
1026	100
1026	100
1027	100
1026	100
1026	100
1028	100
1030	100
1022	100
1025	100
1025	100
1026	100
1026	100
1028	100
1026	100
1026	100
1026	100
1025	100
1026	100
1029	100
1026	100
1025	100
1025	100
1026	100
1025	100
1028	100
1025	100
1026	100
1025	100
1025	100
1026	100
1029	100
1026	100
1025	100
1029	100
1025	100
1025	100
1028	100
1026	100
1025	100
1025	100
1026	100
1026	100
1028	100
1025	100
1025	100
1026	100
1025	100
1025	100
1028	100
1027	100
1025	100
1026	100
1030	100
1021	100
1029	100
1024	100
1026	100
1026	100
1025	100
1025	100
1028	100
1026	100
1025	100
1025	100
1025	100
1029	100
1026	100
1025	100
1025	100
1027	100
1024	100
1025	100
1027	100
1028	100
1025	100
1025	100
1026	100
1026	100
1026	100
1028	100
1026	100
1025	100
1025	100
1026	100
1027	100
1030	100
1025	100
1025	100
1026	100
1025	100
1025	100
1031	100
1026	100
1025	100
1025	100
1025	100
1027	100
1028	100
1025	100
1025	100
1026	100
1025	100
1025	100
1029	100
1026	100
1025	100
1025	100
1036	100
1016	100
1029	100
1025	100
1026	100
1025	100
1025	100
1025	100
1029	100
1025	100
1025	100
1026	100
1027	100
1025	100
1028	100
1025	100
1027	100
1025	100
1025	100
1025	100
1030	100
1025	100
1025	100
1025	100
1027	100
1025	100
1028	100
1025	100
1026	100
1025	100
1025	100
1025	100
1027	100
1028	100
1026	100
1025	100
1027	100
1025	100
1026	100
1031	100
1026	100
1025	100
1026	100
1026	100
1025	100
1029	100
1025	100
1026	100
1025	100
1025	100
1025	100
1029	100
1025	100
1025	100
1025	100
1026	100
1025	100
1028	100
1026	100
1027	100
1026	100
1026	100
1025	100
1031	100
1025	100
1025	100
1026	100
1026	100
1025	100
1028	100
1026	100
1027	100
1025	100
1025	100
1025	100
1030	100
1025	100
1025	100
1027	100
1025	100
1025	100
1028	100
1028	100
1025	100
1025	100
1025	100
1026	100
1031	100
1022	100
1025	100
1026	100
1026	100
1025	100
1025	100
1032	100
1025	100
1028	100
1022	100
1026	100
1025	100
1028	100
1025	100
1027	100
1025	100
1025	100
1029	100
1027	100
1025	100
1026	100
1025	100
1027	100
1025	100
1029	100
1036	100
1019	100
1021	100
1025	100
1027	100
1028	100
1025	100
1025	100
1026	100
1025	100
1028	100
1024	100
1026	100
1025	100
1025	100
1025	100
1027	100
1029	100
1025	100
1037	100
1069	100
1022	100
1025	100
1029	100
1026	100
1025	100
1025	100
1026	100
1030	100
1028	100
1024	100
1026	100
1026	100
1025	100
1025	100
1054	100
1002	100
1026	100
1022	100
1027	100
1025	100
1028	100
1025	100
1027	100
1025	100
1025	100
1028	100
1023	100
1028	100
1025	100
1025	100
1027	100
1025	100
1026	100
1031	100
1031	100
1022	100
1025	100
1025	100
1026	100
1028	100
1025	100
1026	100
1027	100
1028	100
1022	100
1029	100
1026	100
1025	100
1025	100
1025	100
1026	100
1028	100
1028	100
1037	100
1027	100
1024	100
1025	100
1031	100
1024	100
1025	100
1025	100
1029	100
1022	100
1028	100
1025	100
1026	100
1025	100
1025	100
1025	100
1029	100
1028	100
1022	100
1025	100
1026	100
1025	100
1028	100
1026	100
1026	100
1026	100
1028	100
1022	100
1029	100
1025	100
1025	100
1031	100
1020	100
1025	100
1028	100
1028	100
1024	100
1026	100
1025	100
1026	100
1025	100
1030	100
1025	100
1026	100
1028	100
1023	100
1025	100
1030	100
1025	100
1025	100
1027	100
1024	100
1025	100
1036	100
1020	100
1026	100
1025	100
1026	100
1025	100
1029	100
1025	100
1025	100
1028	100
1023	100
1025	100
1028	100
1025	100
1026	100
1025	100
1025	100
1026	100
1032	100
1022	100
1025	100
1039	100
1012	100
1026	100
1029	100
1026	100
1025	100
1027	100
1023	100
1028	100
1028	100
1025	100
1028	100
1024	100
1024	100
1026	100
1031	100
1023	100
1025	100
1026	100
1025	100
1027	100
1028	100
1025	100
1025	100
1029	100
1025	100
1023	100
1027	100
1028	100
1025	100
1025	100
1025	100
1027	100
1028	100
1026	100
1025	100
1026	100
1025	100
1025	100
1030	100
1028	100
1025	100
1028	100
1024	100
1026	100
1024	100
1028	100
1026	100
1025	100
1025	100
1025	100
1029	100
1027	100
1025	100
1025	100
1027	100
1026	100
1025	100
1028	100
1026	100
1028	100
1022	100
1026	100
1025	100
1028	100
1025	100
1025	100
1027	100
1025	100
1028	100
1026	100
1026	100
1025	100
1025	100
1026	100
1026	100
1029	100
1024	100
1029	100
1022	100
1025	100
1025	100
1029	100
1025	100
1025	100
1025	100
1028	100
1027	100
1025	100
1025	100
1027	100
1025	100
1025	100
1025	100
1042	100
1028	100
1029	100
1022	100
1027	100
1025	100
1026	100
1028	100
1028	100
1025	100
1026	100
1029	100
1024	100
1029	100
1026	100
1025	100
1027	100
1025	100
1026	100
1033	100
1032	100
1025	100
1026	100
1027	100
1025	100
1028	100
1025	100
1027	100
1026	100
1025	100
1026	100
1031	100
1025	100
1025	100
1025	100
1027	100
1025	100
1028	100
1026	100
1026	100
1025	100
1025	100
1025	100
1032	100
1026	100
1025	100
1025	100
1026	100
1025	100
1028	100
1025	100
1027	100
1026	100
1025	100
1025	100
1030	100
1026	100
1025	100
1026	100
1025	100
1025	100
1028	100
1026	100
1025	100
1025	100
1025	100
1027	100
1025	100
1029	100
1026	100
1026	100
1025	100
1025	100
1025	100
1029	100
1025	100
1026	100
1026	100
1026	100
1025	100
1030	100
1025	100
1027	100
1025	100
1025	100
1025	100
1030	100
1025	100
1026	100
1025	100
1026	100
1028	100
1026	100
1036	100
1015	100
1025	100
1025	100
1027	100
1028	100
1025	100
1064	100
990	100
1025	100
1025	100
1027	100
1026	100
1025	100
1025	100
1025	100
1029	100
1025	100
1025	100
1025	100
1027	100
1025	100
1025	100
1028	100
1026	100
1028	100
1022	100
1026	100
1026	100
1028	100
1025	100
1025	100
1026	100
1026	100
1028	100
1022	100
1031	100
1026	100
1025	100
1030	100
1025	100
1025	100
1028	100
1036	100
1016	100
1025	100
1025	100
1026	100
1031	100
1026	100
1026	100
1026	100
1028	100
1022	100
1028	100
1027	100
1025	100
1026	100
1025	100
1027	100
1028	100
1028	100
1022	100
1027	100
1024	100
1025	100
1028	100
1027	100
1025	100
1026	100
1028	100
1023	100
1027	100
1025	100
1025	100
2177	100
1026	100
1466	100
608	100
1025	100
1025	100
1027	100
1025	100
1026	100
1027	100
1027	100
1025	100
1025	100
1025	100
1027	100
1028	100
1975	100
1039	100
1014	100
1024	100
1025	100
1032	100
1026	100
1025	100
1025	100
1027	100
1025	100
1025	100
1028	100
1026	100
1025	100
1026	100
1025	100
1026	100
1029	100
1025	100
1027	100
1027	100
1023	100
1034	100
1032	100
1025	100
1025	100
1026	100
1026	100
1025	100
1030	100
1025	100
1028	100
1025	100
2497	100
1028	100
1030	100
1026	100
1026	100
1027	100
1025	100
1025	100
1031	100
1024	100
1025	100
1025	100
1026	100
1025	100
1028	100
1025	100
1026	100
1025	100
1025	100
1025	100
1031	100
1025	100
1025	100
1025	100
1026	100
1025	100
1028	100
1025	100
1026	100
1025	100
1025	100
1025	100
1030	100
1025	100
1025	100
1025	100
1026	100
1025	100
1025	100
1028	100
1026	100
1025	100
1025	100
1027	100
1025	100
1028	100
1108	100
1022	100
1026	100
1025	100
1028	100
1027	100
1025	100
1027	100
1025	100
1027	100
1028	100
1050	100
1026	100
1026	100
1026	100
1025	100
1029	100
4447	100
3367	100
123	100
135	100
90	100
86	100
155	100
88	100
832	100
1011	100
1027	100
1025	100
1024	100
1023	100
1024	100
1283	100
781	100
1022	100
1048	100
2205	100
1318	100
