0	100
293	100
51	100
52	100
47	100
48	100
53	100
47	100
48	100
1047	100
891	100
39	100
35	100
34	100
34	100
34	100
35	100
34	100
843	100
38	100
1302	100
39	100
35	100
34	100
38	100
34	100
34	100
34	100
842	100
38	100
1294	100
38	100
35	100
34	100
34	100
34	100
34	100
34	100
846	100
38	100
1293	100
38	100
41	100
34	100
34	100
34	100
34	100
34	100
840	100
38	100
945	100
75	100
49	100
48	100
47	100
47	100
46	100
1030	100
52	100
39	100
1213	100
38	100
35	100
34	100
34	100
34	100
34	100
66	100
159	100
38	100
1673	100
53	100
35	100
35	100
35	100
35	100
35	100
1173	100
52	100
35	100
1213	100
38	100
35	100
34	100
35	100
34	100
34	100
66	100
160	100
44	100
1942	100
38	100
35	100
34	100
34	100
38	100
34	100
66	100
159	100
38	100
1582	100
51	100
349	100
51	100
35	100
34	100
34	100
66	100
163	100
38	100
2041	100
38	100
38	100
34	100
34	100
34	100
34	100
66	100
163	100
38	100
1938	100
38	100
34	100
34	100
34	100
34	100
34	100
66	100
159	100
38	100
1941	100
38	100
35	100
34	100
34	100
34	100
34	100
70	100
161	100
38	100
1935	100
38	100
34	100
34	100
34	100
34	100
34	100
66	100
103	100
101	100
1527	100
108	100
108	100
107	100
103	100
100	100
100	100
100	100
100	100
100	100
1483	100
108	100
108	100
112	100
100	100
104	100
100	100
100	100
100	100
100	100
1482	100
108	100
110	100
108	100
100	100
100	100
100	100
100	100
100	100
100	100
1495	100
112	100
108	100
111	100
100	100
101	100
115	100
101	100
100	100
100	100
1470	100
108	100
108	100
108	100
100	100
101	100
100	100
100	100
100	100
103	100
1485	100
111	100
108	100
108	100
100	100
100	100
100	100
100	100
103	100
100	100
1481	100
108	100
108	100
108	100
109	100
101	100
101	100
103	100
103	100
100	100
1478	100
108	100
108	100
107	100
100	100
100	100
103	100
101	100
100	100
101	100
1482	100
108	100
108	100
107	100
100	100
116	100
106	100
101	100
100	100
100	100
1467	100
108	100
108	100
107	100
103	100
100	100
101	100
100	100
100	100
101	100
1488	100
108	100
108	100
110	100
103	100
101	100
100	100
100	100
100	100
100	100
1481	100
108	100
110	100
108	100
101	100
100	100
100	100
100	100
100	100
100	100
1487	100
114	100
107	100
107	100
100	100
108	100
101	100
101	100
100	100
100	100
1476	100
108	100
108	100
108	100
127	100
101	100
101	100
100	100
100	100
106	100
1485	100
573	100
118	100
101	100
101	100
101	100
100	100
100	100
110	100
101	100
987	100
108	100
108	100
107	100
101	100
100	100
101	100
108	100
101	100
101	100
1467	100
108	100
108	100
107	100
100	100
100	100
103	100
101	100
101	100
100	100
1474	100
108	100
108	100
107	100
103	100
103	100
101	100
101	100
100	100
100	100
1474	100
109	100
108	100
122	100
104	100
101	100
100	100
119	100
109	100
102	100
1432	100
109	100
112	100
110	100
101	100
101	100
101	100
101	100
101	100
101	100
1469	100
108	100
111	100
108	100
101	100
101	100
104	100
106	100
102	100
101	100
1470	100
109	100
108	100
114	100
106	100
101	100
101	100
101	100
101	100
105	100
1457	100
109	100
108	100
107	100
133	100
97	100
96	100
100	100
96	100
99	100
1450	100
103	100
103	100
116	100
97	100
96	100
96	100
96	100
101	100
96	100
1505	100
103	100
103	100
103	100
96	100
103	100
96	100
99	100
96	100
97	100
1505	100
104	100
103	100
103	100
96	100
96	100
99	100
96	100
96	100
96	100
1516	100
103	100
107	100
103	100
96	100
99	100
96	100
96	100
96	100
96	100
1509	100
103	100
103	100
103	100
99	100
96	100
96	100
96	100
96	100
96	100
1512	100
103	100
103	100
194	100
65	100
38	100
51	100
53	100
53	100
114	100
1651	100
104	100
106	100
102	100
96	100
96	100
96	100
96	100
99	100
96	100
1491	100
106	100
108	100
103	100
97	100
96	100
96	100
96	100
96	100
96	100
1510	100
104	100
103	100
108	100
97	100
100	100
97	100
96	100
96	100
99	100
1505	100
103	100
103	100
103	100
97	100
99	100
96	100
96	100
101	100
97	100
1506	100
104	100
116	100
108	100
99	100
101	100
97	100
100	100
97	100
97	100
1531	100
104	100
103	100
104	100
97	100
96	100
99	100
97	100
96	100
97	100
1511	100
107	100
104	100
103	100
97	100
100	100
97	100
99	100
97	100
97	100
1500	100
104	100
103	100
103	100
100	100
97	100
97	100
96	100
101	100
97	100
1508	100
104	100
102	100
109	100
99	100
97	100
97	100
97	100
99	100
97	100
1533	100
121	100
108	100
102	100
97	100
97	100
100	100
96	100
96	100
96	100
1499	100
107	100
104	100
103	100
97	100
97	100
96	100
97	100
96	100
96	100
1513	100
103	100
112	100
104	100
101	100
97	100
97	100
97	100
97	100
102	100
1526	100
104	100
104	100
102	100
97	100
97	100
97	100
97	100
102	100
104	100
1461	100
108	100
104	100
101	100
97	100
97	100
97	100
97	100
103	100
97	100
1455	100
111	100
104	100
101	100
97	100
97	100
96	100
100	100
97	100
100	100
1461	100
104	100
104	100
101	100
97	100
97	100
105	100
97	100
96	100
97	100
1459	100
104	100
103	100
101	100
97	100
100	100
97	100
99	100
97	100
102	100
1455	100
104	100
105	100
102	100
101	100
97	100
97	100
97	100
97	100
97	100
1463	100
104	100
104	100
104	100
101	100
97	100
97	100
97	100
97	100
97	100
1456	100
104	100
107	100
113	100
97	100
97	100
97	100
97	100
97	100
97	100
1456	100
107	100
109	100
101	100
97	100
97	100
97	100
97	100
97	100
97	100
1462	100
104	100
103	100
101	100
97	100
97	100
97	100
97	100
97	100
100	100
1458	100
104	100
104	100
101	100
97	100
97	100
97	100
97	100
241	100
91	100
4212	100
72	100
74	100
72	100
73	100
73	100
75	100
76	100
147	100
55	100
57	100
127	100
1162	100
57	100
50	100
47	100
47	100
980	100
54	100
48	100
651	100
72	100
74	100
73	100
78	100
74	100
73	100
74	100
117	100
1163	100
57	100
50	100
47	100
50	100
973	100
52	100
50	100
49	100
50	100
50	100
79	100
126	100
1160	100
97	100
42	100
42	100
41	100
960	100
49	100
44	100
41	100
41	100
1003	100
45	100
43	100
41	100
41	100
118	100
130	100
103	100
102	100
137	100
1125	100
46	100
43	100
41	100
41	100
588	100
114	100
99	100
96	100
93	100
93	100
93	100
93	100
93	100
96	100
1492	100
110	100
100	100
97	100
93	100
94	100
93	100
93	100
93	100
96	100
1489	100
99	100
99	100
97	100
93	100
93	100
93	100
93	100
96	100
96	100
1501	100
100	100
100	100
98	100
93	100
93	100
93	100
96	100
93	100
94	100
1500	100
100	100
100	100
98	100
93	100
93	100
98	100
93	100
93	100
99	100
1496	100
99	100
99	100
97	100
93	100
98	100
93	100
93	100
93	100
93	100
1500	100
104	100
100	100
98	100
99	100
93	100
93	100
93	100
93	100
93	100
1500	100
100	100
99	100
101	100
93	100
93	100
93	100
93	100
93	100
93	100
1505	100
113	100
109	100
97	100
94	100
94	100
94	100
94	100
105	100
94	100
1470	100
103	100
100	100
97	100
93	100
94	100
93	100
93	100
96	100
97	100
1498	100
100	100
99	100
97	100
93	100
93	100
93	100
93	100
93	100
97	100
1492	100
100	100
100	100
112	100
94	100
93	100
93	100
96	100
93	100
96	100
1482	100
100	100
100	100
98	100
93	100
93	100
93	100
93	100
96	100
93	100
1504	100
99	100
99	100
97	100
93	100
101	100
94	100
98	100
93	100
93	100
1491	100
111	100
100	100
97	100
93	100
93	100
96	100
93	100
93	100
93	100
1487	100
100	100
103	100
97	100
93	100
96	100
100	100
93	100
93	100
93	100
1491	100
101	100
101	100
109	100
97	100
104	100
94	100
94	100
93	100
93	100
1473	100
100	100
100	100
111	100
93	100
93	100
93	100
93	100
93	100
93	100
1490	100
100	100
103	100
98	100
93	100
93	100
93	100
97	100
93	100
93	100
1492	100
103	100
100	100
98	100
93	100
93	100
93	100
93	100
93	100
93	100
1498	100
100	100
99	100
100	100
94	100
96	100
93	100
93	100
93	100
96	100
1489	100
100	100
100	100
98	100
93	100
93	100
93	100
106	100
96	100
93	100
1483	100
100	100
100	100
102	100
93	100
93	100
93	100
97	100
94	100
93	100
1500	100
100	100
99	100
98	100
93	100
93	100
93	100
96	100
93	100
93	100
1500	100
101	100
100	100
97	100
94	100
93	100
96	100
93	100
93	100
93	100
1494	100
100	100
99	100
98	100
93	100
96	100
93	100
93	100
96	100
93	100
1492	100
100	100
100	100
98	100
96	100
93	100
99	100
94	100
93	100
104	100
1481	100
100	100
99	100
101	100
93	100
93	100
96	100
93	100
93	100
93	100
1494	100
109	100
103	100
100	100
93	100
93	100
98	100
93	100
93	100
93	100
1523	100
103	100
100	100
101	100
93	100
94	100
93	100
93	100
93	100
96	100
1495	100
100	100
100	100
97	100
93	100
98	100
93	100
93	100
93	100
96	100
1485	100
104	100
100	100
98	100
94	100
93	100
93	100
93	100
96	100
94	100
1493	100
100	100
99	100
98	100
94	100
93	100
93	100
96	100
94	100
96	100
1491	100
100	100
100	100
110	100
53	100
54	100
58	100
54	100
167	100
1081	100
763	100
136	100
133	100
130	100
134	100
130	100
130	100
125	100
125	100
125	100
1291	100
134	100
134	100
131	100
129	100
125	100
132	100
125	100
124	100
125	100
1333	100
134	100
134	100
150	100
129	100
125	100
143	100
125	100
125	100
128	100
1292	100
134	100
138	100
131	100
125	100
125	100
125	100
125	100
125	100
125	100
1333	100
106	100
103	100
97	100
94	100
93	100
93	100
93	100
93	100
93	100
1496	100
100	100
99	100
98	100
93	100
93	100
93	100
93	100
93	100
99	100
1498	100
100	100
99	100
97	100
93	100
93	100
93	100
93	100
96	100
94	100
1498	100
100	100
100	100
98	100
94	100
128	100
96	100
113	100
94	100
93	100
1444	100
100	100
99	100
98	100
93	100
92	100
97	100
92	100
93	100
93	100
1502	100
99	100
99	100
98	100
92	100
99	100
93	100
93	100
93	100
93	100
1516	100
99	100
99	100
98	100
96	100
93	100
93	100
93	100
93	100
93	100
1501	100
100	100
103	100
100	100
93	100
93	100
93	100
93	100
98	100
98	100
1490	100
100	100
104	100
98	100
93	100
93	100
92	100
92	100
92	100
104	100
1492	100
103	100
100	100
97	100
93	100
93	100
93	100
93	100
93	100
93	100
1504	100
105	100
104	100
98	100
93	100
93	100
93	100
96	100
93	100
93	100
1505	100
100	100
99	100
97	100
93	100
93	100
93	100
93	100
93	100
96	100
1500	100
99	100
99	100
97	100
93	100
96	100
93	100
93	100
99	100
93	100
1500	100
99	100
99	100
97	100
93	100
93	100
93	100
96	100
93	100
93	100
1504	100
100	100
99	100
100	100
93	100
93	100
96	100
93	100
93	100
93	100
1497	100
100	100
99	100
151	100
94	100
96	100
93	100
93	100
93	100
93	100
1461	100
99	100
99	100
97	100
97	100
93	100
93	100
93	100
103	100
93	100
1491	100
100	100
99	100
100	100
93	100
93	100
93	100
92	100
96	100
93	100
1498	100
100	100
103	100
97	100
93	100
93	100
93	100
93	100
93	100
93	100
1506	100
103	100
99	100
97	100
93	100
93	100
96	100
93	100
94	100
93	100
1498	100
99	100
99	100
97	100
93	100
104	100
93	100
92	100
93	100
96	100
1488	100
100	100
99	100
101	100
93	100
93	100
93	100
92	100
93	100
96	100
1499	100
100	100
99	100
97	100
93	100
93	100
93	100
93	100
95	100
93	100
1500	100
103	100
99	100
97	100
93	100
93	100
93	100
96	100
93	100
93	100
1500	100
100	100
99	100
97	100
93	100
93	100
96	100
93	100
93	100
97	100
1496	100
100	100
99	100
97	100
93	100
95	100
93	100
105	100
93	100
93	100
1491	100
99	100
99	100
97	100
96	100
93	100
96	100
93	100
93	100
93	100
1502	100
99	100
99	100
100	100
93	100
93	100
93	100
93	100
93	100
93	100
1501	100
99	100
103	100
97	100
96	100
93	100
93	100
93	100
94	100
93	100
1497	100
102	100
99	100
97	100
93	100
93	100
93	100
93	100
93	100
93	100
1508	100
99	100
102	100
97	100
93	100
92	100
93	100
92	100
92	100
107	100
1485	100
99	100
99	100
97	100
93	100
93	100
93	100
93	100
93	100
102	100
1495	100
108	100
99	100
97	100
93	100
93	100
96	100
93	100
96	100
93	100
1496	100
100	100
99	100
98	100
93	100
93	100
93	100
100	100
93	100
93	100
1496	100
100	100
99	100
97	100
93	100
93	100
98	100
93	100
92	100
93	100
1499	100
100	100
99	100
97	100
93	100
98	100
93	100
93	100
93	100
93	100
1496	100
100	100
99	100
97	100
96	100
93	100
93	100
93	100
93	100
93	100
1499	100
100	100
103	100
112	100
94	100
93	100
93	100
93	100
93	100
93	100
1494	100
107	100
103	100
96	100
99	100
93	100
93	100
93	100
93	100
93	100
1480	100
103	100
100	100
97	100
93	100
93	100
93	100
93	100
93	100
93	100
1503	100
100	100
105	100
108	100
93	100
93	100
93	100
92	100
96	100
97	100
1479	100
99	100
99	100
97	100
93	100
93	100
92	100
92	100
92	100
95	100
1500	100
100	100
99	100
97	100
93	100
109	100
93	100
93	100
96	100
94	100
1564	100
101	100
99	100
93	100
93	100
97	100
93	100
93	100
93	100
93	100
1417	100
100	100
99	100
101	100
97	100
93	100
697	100
98	100
94	100
93	100
884	100
100	100
99	100
105	100
103	100
93	100
93	100
92	100
92	100
93	100
1488	100
103	100
103	100
118	100
96	100
94	100
95	100
95	100
109	100
97	100
1939	100
102	100
111	100
99	100
93	100
92	100
100	100
96	100
92	100
92	100
1536	100
99	100
98	100
96	100
92	100
92	100
92	100
92	100
111	100
98	100
1483	100
99	100
99	100
97	100
92	100
95	100
92	100
92	100
96	100
92	100
1500	100
99	100
98	100
114	100
93	100
92	100
93	100
96	100
92	100
93	100
1485	100
99	100
102	100
97	100
92	100
92	100
92	100
101	100
92	100
92	100
1505	100
102	100
100	100
112	100
96	100
101	100
134	100
94	100
93	100
99	100
1434	100
106	100
102	100
131	100
94	100
96	100
93	100
93	100
93	100
93	100
1456	100
101	100
100	100
97	100
96	100
93	100
93	100
93	100
98	100
93	100
1491	100
1310	100
160	100
130	100
128	100
127	100
129	100
130	100
70	100
72	100
3741	100
117	100
93	100
92	100
92	100
96	100
93	100
92	100
92	100
95	100
92	100
111	100
148	100
129	100
120	100
1256	100
35	100
31	100
30	100
30	100
1020	100
35	100
31	100
34	100
30	100
1017	100
35	100
31	100
31	100
30	100
1019	100
34	100
31	100
30	100
30	100
1021	100
34	100
31	100
30	100
30	100
1025	100
37	100
31	100
30	100
30	100
1017	100
34	100
31	100
30	100
30	100
1145	100
35	100
31	100
30	100
30	100
1021	100
34	100
31	100
37	100
30	100
1000	100
38	100
31	100
30	100
108	100
93	100
92	100
92	100
91	100
119	100
1232	100
35	100
33	100
39	100
33	100
105	100
102	100
98	100
121	100
120	100
1235	100
35	100
30	100
30	100
552	100
98	100
98	100
96	100
95	100
91	100
91	100
91	100
91	100
91	100
1517	100
98	100
97	100
100	100
91	100
92	100
91	100
91	100
91	100
91	100
1515	100
98	100
98	100
99	100
91	100
91	100
91	100
94	100
92	100
129	100
1512	100
113	100
101	100
93	100
91	100
92	100
91	100
91	100
91	100
91	100
1466	100
107	100
98	100
96	100
91	100
94	100
91	100
91	100
91	100
626	100
980	100
99	100
99	100
97	100
92	100
96	100
104	100
92	100
91	100
95	100
1497	100
98	100
98	100
100	100
91	100
91	100
91	100
91	100
94	100
91	100
1512	100
98	100
97	100
96	100
91	100
91	100
91	100
94	100
91	100
91	100
1515	100
98	100
98	100
96	100
91	100
91	100
94	100
91	100
91	100
91	100
1515	100
98	100
134	100
102	100
92	100
95	100
91	100
91	100
94	100
91	100
1480	100
98	100
97	100
95	100
94	100
91	100
91	100
91	100
91	100
91	100
1518	100
98	100
97	100
98	100
90	100
94	100
91	100
91	100
91	100
91	100
1517	100
98	100
100	100
96	100
91	100
91	100
90	100
91	100
91	100
91	100
1516	100
102	100
98	100
98	100
91	100
91	100
91	100
91	100
91	100
91	100
1519	100
98	100
97	100
96	100
91	100
135	100
66	100
68	100
70	100
78	100
1579	100
116	100
97	100
93	100
173	100
93	100
91	100
91	100
95	100
91	100
1393	100
98	100
98	100
95	100
92	100
92	100
92	100
103	100
106	100
226	100
2069	100
98	100
97	100
96	100
1213	100
100	100
91	100
94	100
90	100
90	100
389	100
96	100
96	100
95	100
90	100
90	100
96	100
90	100
89	100
89	100
1526	100
96	100
96	100
95	100
90	100
93	100
90	100
90	100
90	100
90	100
1528	100
96	100
96	100
95	100
96	100
90	100
90	100
89	100
89	100
89	100
1528	100
96	100
95	100
97	100
89	100
89	100
89	100
89	100
89	100
89	100
1527	100
102	100
99	100
94	100
89	100
89	100
89	100
90	100
89	100
103	100
1516	100
99	100
98	100
94	100
89	100
106	100
90	100
90	100
89	100
92	100
1508	100
102	100
96	100
94	100
89	100
89	100
89	100
89	100
88	100
92	100
1529	100
95	100
95	100
94	100
89	100
89	100
89	100
93	100
90	100
93	100
1525	100
95	100
95	100
93	100
89	100
89	100
89	100
89	100
92	100
89	100
1529	100
96	100
95	100
94	100
92	100
89	100
89	100
92	100
89	100
89	100
1530	100
95	100
95	100
94	100
89	100
89	100
92	100
89	100
89	100
89	100
1529	100
97	100
99	100
99	100
103	100
64	100
70	100
67	100
68	100
121	100
1581	100
97	100
95	100
93	100
92	100
89	100
88	100
89	100
89	100
89	100
1518	100
95	100
96	100
97	100
89	100
89	100
89	100
89	100
89	100
89	100
1531	100
96	100
98	100
93	100
89	100
89	100
89	100
93	100
89	100
89	100
1527	100
99	100
95	100
94	100
89	100
89	100
89	100
89	100
95	100
90	100
1525	100
99	100
95	100
94	100
89	100
92	100
100	100
90	100
90	100
89	100
1514	100
95	100
95	100
94	100
89	100
89	100
89	100
89	100
89	100
92	100
1539	100
97	100
95	100
97	100
89	100
89	100
89	100
89	100
92	100
89	100
1523	100
96	100
95	100
94	100
89	100
89	100
89	100
91	100
89	100
89	100
1534	100
96	100
95	100
94	100
89	100
89	100
92	100
89	100
89	100
114	100
1514	100
96	100
95	100
94	100
89	100
93	100
89	100
92	100
102	100
90	100
1523	100
95	100
103	100
93	100
92	100
89	100
89	100
88	100
89	100
89	100
1566	100
77	100
69	100
74	100
68	100
68	100
68	100
68	100
111	100
1145	100
586	100
96	100
99	100
92	100
88	100
89	100
88	100
89	100
89	100
89	100
1516	100
99	100
105	100
93	100
89	100
89	100
88	100
89	100
89	100
89	100
1522	100
98	100
95	100
94	100
89	100
89	100
89	100
89	100
88	100
88	100
1538	100
96	100
95	100
94	100
89	100
89	100
88	100
88	100
88	100
91	100
1531	100
95	100
102	100
98	100
89	100
89	100
88	100
92	100
92	100
88	100
1532	100
95	100
95	100
94	100
88	100
89	100
89	100
92	100
89	100
88	100
1536	100
96	100
95	100
94	100
89	100
92	100
93	100
89	100
88	100
89	100
1526	100
95	100
95	100
94	100
89	100
92	100
89	100
88	100
89	100
89	100
1539	100
95	100
95	100
97	100
92	100
89	100
88	100
89	100
89	100
89	100
1530	100
95	100
94	100
94	100
92	100
100	100
89	100
88	100
89	100
89	100
1522	100
95	100
95	100
97	100
89	100
89	100
88	100
88	100
89	100
89	100
1537	100
95	100
98	100
93	100
88	100
88	100
88	100
89	100
91	100
88	100
1530	100
101	100
95	100
93	100
88	100
88	100
88	100
89	100
88	100
88	100
1534	100
96	100
95	100
94	100
89	100
89	100
91	100
89	100
89	100
91	100
1530	100
95	100
95	100
94	100
88	100
88	100
89	100
101	100
92	100
89	100
1521	100
95	100
94	100
98	100
89	100
89	100
89	100
362	100
92	100
89	100
1259	100
95	100
94	100
94	100
89	100
88	100
93	100
88	100
88	100
88	100
1533	100
98	100
94	100
93	100
89	100
91	100
88	100
89	100
88	100
88	100
1532	100
95	100
94	100
94	100
92	100
88	100
88	100
88	100
88	100
91	100
1538	100
109	100
95	100
94	100
92	100
88	100
88	100
90	100
93	100
101	100
1516	100
95	100
94	100
161	100
89	100
88	100
89	100
88	100
88	100
88	100
1470	100
127	100
87	100
68	100
68	100
67	100
67	100
67	100
111	100
87	100
1657	100
115	100
95	100
90	100
88	100
88	100
88	100
88	100
93	100
88	100
1493	100
95	100
94	100
93	100
88	100
88	100
88	100
88	100
88	100
96	100
1532	100
94	100
94	100
93	100
88	100
88	100
88	100
88	100
91	100
88	100
1544	100
95	100
94	100
93	100
88	100
88	100
91	100
91	100
88	100
88	100
1533	100
95	100
94	100
106	100
89	100
88	100
91	100
88	100
88	100
88	100
1530	100
95	100
94	100
627	100
100	100
94	100
89	100
89	100
89	100
89	100
1011	100
97	100
94	100
94	100
92	100
89	100
88	100
88	100
88	100
88	100
1530	100
99	100
94	100
93	100
91	100
88	100
88	100
88	100
88	100
88	100
1845	100
2591	100
85	100
74	100
74	100
74	100
74	100
74	100
73	100
123	100
92	100
1154	100
49	100
43	100
41	100
40	100
1006	100
44	100
42	100
71	100
756	100
134	100
130	100
128	100
127	100
132	100
128	100
125	100
130	100
126	100
126	100
126	100
126	100
125	100
126	100
126	100
125	100
131	100
127	100
127	100
127	100
126	100
126	100
132	100
127	100
125	100
129	100
125	100
126	100
126	100
1149	100
125	100
100	100
94	100
93	100
96	100
93	100
93	100
93	100
93	100
1431	100
90	100
90	100
90	100
89	100
84	100
84	100
84	100
84	100
96	100
1557	100
90	100
89	100
92	100
84	100
84	100
84	100
84	100
87	100
84	100
1573	100
97	100
93	100
90	100
84	100
84	100
84	100
84	100
84	100
84	100
1573	100
93	100
90	100
89	100
84	100
84	100
87	100
84	100
84	100
84	100
1577	100
90	100
89	100
89	100
84	100
84	100
84	100
84	100
84	100
87	100
1574	100
90	100
89	100
92	100
84	100
84	100
84	100
84	100
84	100
87	100
1582	100
90	100
89	100
89	100
84	100
84	100
84	100
84	100
87	100
84	100
1574	100
93	100
89	100
100	100
84	100
84	100
83	100
86	100
84	100
83	100
1570	100
90	100
89	100
88	100
84	100
84	100
87	100
84	100
83	100
88	100
1574	100
90	100
89	100
89	100
84	100
87	100
84	100
84	100
84	100
83	100
1576	100
90	100
89	100
89	100
87	100
84	100
86	100
84	100
83	100
83	100
1572	100
89	100
89	100
93	100
84	100
84	100
83	100
83	100
84	100
83	100
1574	100
90	100
93	100
89	100
87	100
83	100
95	100
101	100
84	100
84	100
1547	100
90	100
93	100
89	100
83	100
83	100
83	100
83	100
84	100
83	100
1578	100
95	100
89	100
89	100
83	100
83	100
83	100
83	100
83	100
84	100
1574	100
90	100
90	100
89	100
84	100
83	100
83	100
83	100
87	100
86	100
1575	100
90	100
89	100
89	100
84	100
83	100
83	100
83	100
86	100
83	100
1577	100
90	100
89	100
90	100
92	100
84	100
88	100
86	100
96	100
84	100
1550	100
90	100
89	100
89	100
84	100
83	100
87	100
84	100
83	100
83	100
1606	100
90	100
89	100
89	100
87	100
86	100
84	100
83	100
83	100
83	100
1571	100
89	100
89	100
89	100
87	100
84	100
83	100
83	100
83	100
83	100
1579	100
93	100
89	100
89	100
91	100
83	100
84	100
83	100
83	100
83	100
1568	100
89	100
89	100
92	100
84	100
84	100
84	100
83	100
83	100
87	100
1573	100
89	100
92	100
89	100
84	100
83	100
83	100
83	100
83	100
83	100
1580	100
93	100
96	100
93	100
83	100
83	100
83	100
87	100
83	100
83	100
1575	100
90	100
90	100
88	100
84	100
83	100
83	100
84	100
84	100
88	100
1573	100
90	100
90	100
89	100
87	100
83	100
83	100
83	100
86	100
84	100
1574	100
89	100
89	100
89	100
83	100
83	100
84	100
87	100
598	100
143	100
1404	100
66	100
64	100
64	100
64	100
64	100
69	100
118	100
99	100
1084	100
742	100
64	100
64	100
64	100
64	100
68	100
64	100
109	100
1148	100
43	100
192	100
95	100
92	100
93	100
98	100
93	100
95	100
91	100
91	100
90	100
2110	100
91	100
92	100
98	100
91	100
92	100
92	100
93	100
93	100
91	100
2254	100
38	100
37	100
36	100
36	100
37	100
38	100
1105	100
40	100
37	100
1152	100
44	100
37	100
37	100
36	100
41	100
36	100
883	100
40	100
37	100
1159	100
43	100
37	100
37	100
37	100
37	100
36	100
881	100
40	100
37	100
1171	100
43	100
37	100
41	100
36	100
37	100
36	100
880	100
40	100
37	100
1164	100
43	100
37	100
36	100
36	100
37	100
36	100
883	100
40	100
37	100
1179	100
43	100
37	100
36	100
36	100
36	100
36	100
881	100
40	100
37	100
1157	100
43	100
37	100
36	100
36	100
36	100
36	100
888	100
44	100
37	100
1158	100
43	100
37	100
36	100
37	100
36	100
36	100
886	100
40	100
36	100
1161	100
43	100
37	100
37	100
36	100
36	100
41	100
879	100
40	100
37	100
1165	100
43	100
37	100
36	100
36	100
36	100
36	100
886	100
40	100
37	100
1168	100
43	100
37	100
41	100
36	100
36	100
54	100
864	100
40	100
36	100
1166	100
43	100
37	100
37	100
36	100
36	100
36	100
885	100
40	100
37	100
1162	100
47	100
37	100
37	100
36	100
36	100
36	100
881	100
40	100
37	100
1165	100
43	100
37	100
37	100
36	100
37	100
36	100
888	100
57	100
41	100
1140	100
43	100
37	100
37	100
36	100
37	100
36	100
882	100
40	100
37	100
1178	100
43	100
37	100
36	100
37	100
36	100
40	100
875	100
40	100
37	100
1175	100
43	100
37	100
37	100
37	100
36	100
36	100
882	100
40	100
37	100
885	100
38	100
37	100
37	100
41	100
260	100
73	100
928	100
54	100
37	100
1149	100
46	100
38	100
37	100
36	100
37	100
36	100
882	100
40	100
37	100
1145	100
43	100
41	100
37	100
36	100
36	100
36	100
884	100
40	100
37	100
1160	100
44	100
37	100
37	100
36	100
36	100
36	100
889	100
40	100
41	100
1160	100
43	100
37	100
37	100
36	100
36	100
36	100
887	100
40	100
37	100
1086	100
46	100
27	100
27	100
27	100
27	100
222	100
34	100
27	100
1031	100
969	100
43	100
37	100
37	100
36	100
37	100
36	100
881	100
41	100
37	100
1161	100
43	100
37	100
37	100
41	100
37	100
36	100
879	100
40	100
37	100
1165	100
43	100
37	100
37	100
36	100
37	100
36	100
885	100
40	100
37	100
1159	100
43	100
44	100
37	100
36	100
36	100
36	100
882	100
40	100
37	100
1160	100
43	100
37	100
37	100
55	100
37	100
36	100
863	100
48	100
37	100
1160	100
43	100
37	100
36	100
36	100
37	100
36	100
889	100
40	100
37	100
1160	100
43	100
37	100
37	100
36	100
36	100
36	100
887	100
40	100
37	100
1167	100
43	100
37	100
37	100
37	100
41	100
36	100
877	100
40	100
37	100
1169	100
43	100
61	100
38	100
46	100
37	100
37	100
858	100
40	100
37	100
1152	100
55	100
37	100
36	100
36	100
36	100
36	100
869	100
40	100
37	100
1172	100
48	100
37	100
36	100
36	100
36	100
36	100
884	100
40	100
36	100
1175	100
43	100
37	100
36	100
40	100
36	100
36	100
879	100
40	100
41	100
892	100
42	100
37	100
36	100
36	100
42	100
93	100
1117	100
39	100
36	100
836	100
42	100
256	100
49	100
27	100
27	100
27	100
185	100
31	100
1063	100
969	100
43	100
37	100
37	100
36	100
36	100
36	100
890	100
40	100
36	100
1156	100
43	100
38	100
38	100
43	100
37	100
37	100
929	100
42	100
37	100
937	100
47	100
29	100
29	100
276	100
32	100
27	100
27	100
1015	100
57	100
688	100
1846	100
70	100
62	100
66	100
62	100
62	100
61	100
112	100
1149	100
45	100
38	100
37	100
36	100
1022	100
41	100
38	100
38	100
36	100
1041	100
44	100
38	100
37	100
36	100
1023	100
39	100
38	100
38	100
37	100
1060	100
40	100
38	100
37	100
36	100
1027	100
40	100
38	100
52	100
73	100
62	100
1007	100
41	100
39	100
37	100
36	100
1031	100
50	100
39	100
38	100
38	100
38	100
1074	100
40	100
39	100
38	100
49	100
1068	100
76	100
28	100
28	100
27	100
1020	100
63	100
38	100
37	100
37	100
37	100
1063	100
39	100
851	100
475	100
30	100
27	100
63	100
27	100
27	100
1884	100
195	100
41	100
37	100
129	100
42	100
36	100
1107	100
41	100
37	100
36	100
41	100
964	100
46	100
27	100
27	100
27	100
1114	100
53	100
36	100
36	100
36	100
763	100
45	100
27	100
26	100
26	100
26	100
26	100
182	100
30	100
1066	100
924	100
42	100
36	100
35	100
35	100
35	100
35	100
896	100
39	100
36	100
842	100
94	100
110	100
90	100
96	100
93	100
247	100
66	100
27	100
26	100
1963	100
57	100
36	100
35	100
36	100
35	100
58	100
1165	100
39	100
35	100
1107	100
43	100
40	100
36	100
35	100
35	100
34	100
887	100
38	100
36	100
1164	100
42	100
36	100
35	100
35	100
35	100
35	100
892	100
40	100
36	100
1168	100
42	100
35	100
35	100
35	100
35	100
35	100
896	100
39	100
36	100
1184	100
42	100
36	100
35	100
35	100
35	100
35	100
889	100
43	100
35	100
1164	100
41	100
36	100
35	100
35	100
35	100
50	100
880	100
39	100
36	100
1165	100
44	100
36	100
35	100
35	100
39	100
35	100
884	100
38	100
35	100
1170	100
41	100
36	100
36	100
35	100
35	100
35	100
894	100
39	100
36	100
1166	100
42	100
36	100
40	100
35	100
35	100
35	100
891	100
39	100
35	100
1027	100
41	100
36	100
35	100
37	100
36	100
35	100
36	100
37	100
1080	100
1132	100
41	100
36	100
36	100
35	100
35	100
35	100
891	100
39	100
35	100
1171	100
41	100
35	100
35	100
35	100
35	100
35	100
896	100
43	100
35	100
1165	100
41	100
35	100
35	100
35	100
35	100
35	100
895	100
39	100
35	100
1163	100
42	100
36	100
35	100
35	100
35	100
39	100
887	100
39	100
36	100
1165	100
42	100
56	100
35	100
35	100
35	100
34	100
878	100
38	100
36	100
1168	100
41	100
36	100
40	100
35	100
35	100
35	100
886	100
38	100
36	100
1170	100
42	100
36	100
35	100
35	100
35	100
35	100
892	100
39	100
36	100
1166	100
45	100
36	100
35	100
35	100
34	100
35	100
887	100
38	100
36	100
1177	100
41	100
35	100
35	100
35	100
35	100
35	100
890	100
38	100
40	100
1169	100
41	100
36	100
35	100
35	100
35	100
35	100
890	100
39	100
36	100
1166	100
41	100
35	100
35	100
35	100
35	100
43	100
889	100
39	100
36	100
1171	100
41	100
35	100
35	100
35	100
35	100
35	100
892	100
38	100
36	100
1168	100
41	100
35	100
35	100
40	100
35	100
35	100
883	100
39	100
50	100
1163	100
41	100
35	100
35	100
35	100
35	100
34	100
895	100
38	100
35	100
1115	100
47	100
30	100
26	100
26	100
26	100
586	100
61	100
50	100
48	100
1504	100
42	100
36	100
35	100
35	100
35	100
34	100
892	100
38	100
40	100
933	100
41	100
36	100
35	100
35	100
35	100
54	100
37	100
1140	100
38	100
1135	100
41	100
36	100
35	100
36	100
35	100
35	100
888	100
38	100
35	100
1171	100
42	100
36	100
35	100
35	100
35	100
35	100
890	100
38	100
36	100
1172	100
41	100
36	100
35	100
35	100
40	100
35	100
889	100
39	100
36	100
1165	100
41	100
35	100
35	100
35	100
35	100
35	100
892	100
38	100
35	100
1153	100
38	100
43	100
35	100
35	100
35	100
34	100
906	100
39	100
35	100
1162	100
42	100
36	100
35	100
35	100
35	100
35	100
895	100
38	100
36	100
1166	100
42	100
36	100
35	100
35	100
35	100
35	100
895	100
39	100
36	100
1168	100
42	100
36	100
35	100
35	100
35	100
35	100
890	100
42	100
35	100
1166	100
41	100
36	100
35	100
35	100
35	100
35	100
890	100
39	100
36	100
1168	100
41	100
35	100
35	100
35	100
54	100
37	100
870	100
38	100
35	100
1171	100
41	100
36	100
35	100
35	100
35	100
35	100
893	100
38	100
36	100
1165	100
41	100
35	100
42	100
35	100
36	100
35	100
881	100
39	100
36	100
1170	100
41	100
35	100
35	100
35	100
35	100
34	100
892	100
54	100
36	100
1157	100
45	100
35	100
35	100
35	100
35	100
35	100
888	100
39	100
36	100
1166	100
42	100
36	100
35	100
35	100
35	100
35	100
893	100
42	100
35	100
1165	100
41	100
36	100
35	100
35	100
35	100
34	100
893	100
41	100
35	100
881	100
40	100
36	100
203	100
47	100
26	100
30	100
174	100
1053	100
49	100
985	100
41	100
36	100
35	100
35	100
35	100
35	100
889	100
39	100
36	100
1171	100
41	100
35	100
40	100
35	100
35	100
34	100
887	100
38	100
35	100
1171	100
41	100
36	100
35	100
35	100
35	100
35	100
891	100
38	100
36	100
1170	100
45	100
36	100
35	100
35	100
35	100
35	100
885	100
39	100
36	100
1097	100
41	100
37	100
37	100
35	100
35	100
34	100
985	100
39	100
39	100
1178	100
41	100
36	100
35	100
35	100
35	100
35	100
892	100
38	100
35	100
1168	100
41	100
35	100
35	100
35	100
35	100
39	100
887	100
38	100
35	100
925	100
62	100
375	100
30	100
26	100
26	100
26	100
26	100
918	100
49	100
1198	100
42	100
35	100
35	100
40	100
35	100
35	100
889	100
38	100
36	100
1135	100
44	100
26	100
26	100
26	100
26	100
26	100
181	100
30	100
1064	100
936	100
42	100
40	100
35	100
35	100
35	100
35	100
887	100
39	100
36	100
1167	100
41	100
36	100
35	100
35	100
35	100
35	100
892	100
39	100
40	100
1162	100
41	100
35	100
35	100
35	100
35	100
35	100
895	100
38	100
36	100
1167	100
41	100
35	100
35	100
35	100
35	100
35	100
898	100
39	100
36	100
1165	100
41	100
36	100
35	100
35	100
53	100
36	100
875	100
39	100
36	100
1172	100
41	100
36	100
35	100
35	100
39	100
36	100
888	100
38	100
35	100
1168	100
42	100
35	100
35	100
35	100
35	100
35	100
892	100
38	100
36	100
1167	100
41	100
40	100
35	100
35	100
35	100
35	100
902	100
38	100
36	100
1155	100
42	100
35	100
35	100
35	100
35	100
34	100
893	100
39	100
35	100
1163	100
41	100
36	100
35	100
35	100
35	100
35	100
899	100
38	100
36	100
1164	100
41	100
35	100
35	100
35	100
35	100
34	100
893	100
43	100
35	100
854	100
423	100
45	100
27	100
26	100
26	100
26	100
862	100
50	100
35	100
1166	100
38	100
36	100
35	100
35	100
39	100
35	100
923	100
38	100
35	100
1103	100
40	100
36	100
35	100
35	100
35	100
34	100
910	100
39	100
35	100
1179	100
42	100
36	100
40	100
35	100
35	100
35	100
887	100
39	100
36	100
993	100
41	100
37	100
36	100
38	100
36	100
103	100
44	100
1066	100
38	100
980	100
44	100
36	100
37	100
36	100
35	100
35	100
1012	100
38	100
35	100
1157	100
42	100
35	100
35	100
35	100
35	100
34	100
892	100
43	100
35	100
1163	100
41	100
35	100
35	100
36	100
35	100
35	100
891	100
38	100
36	100
1172	100
41	100
35	100
35	100
35	100
35	100
39	100
890	100
38	100
35	100
1167	100
42	100
36	100
35	100
35	100
35	100
34	100
893	100
38	100
36	100
1163	100
41	100
35	100
53	100
40	100
36	100
35	100
873	100
38	100
36	100
1172	100
42	100
36	100
35	100
35	100
35	100
35	100
895	100
40	100
36	100
1173	100
45	100
35	100
35	100
35	100
34	100
35	100
890	100
38	100
36	100
1160	100
41	100
36	100
35	100
35	100
35	100
35	100
892	100
38	100
40	100
1052	100
41	100
37	100
3622	100
37	100
35	100
34	100
34	100
35	100
35	100
35	100
35	100
35	100
35	100
35	100
34	100
39	100
35	100
35	100
37	100
521	100
50	100
26	100
26	100
26	100
28	100
26	100
131	100
1798	100
217	100
40	100
35	100
35	100
35	100
1040	100
39	100
35	100
35	100
35	100
1014	100
44	100
26	100
26	100
44	100
27	100
1111	100
72	100
35	100
34	100
34	100
983	100
45	100
35	100
34	100
35	100
35	100
34	100
907	100
39	100
34	100
1095	100
43	100
26	100
25	100
25	100
25	100
26	100
115	100
104	100
1076	100
917	100
30	100
25	100
25	100
25	100
25	100
25	100
951	100
28	100
26	100
1011	100
44	100
27	100
319	100
32	100
25	100
25	100
29	100
980	100
41	100
868	100
42	100
27	100
26	100
290	100
28	100
25	100
25	100
966	100
41	100
1026	100
32	100
25	100
25	100
29	100
25	100
25	100
939	100
27	100
25	100
1201	100
29	100
26	100
25	100
25	100
26	100
25	100
982	100
28	100
25	100
1132	100
46	100
30	100
25	100
25	100
25	100
25	100
189	100
29	100
1060	100
920	100
57	100
34	100
34	100
33	100
33	100
33	100
881	100
37	100
35	100
1181	100
40	100
34	100
34	100
34	100
34	100
33	100
901	100
37	100
34	100
1170	100
39	100
34	100
34	100
33	100
33	100
33	100
900	100
37	100
34	100
1172	100
39	100
34	100
34	100
34	100
33	100
33	100
904	100
37	100
34	100
1170	100
40	100
34	100
34	100
33	100
38	100
34	100
893	100
37	100
34	100
1173	100
39	100
34	100
34	100
34	100
34	100
33	100
898	100
37	100
34	100
1178	100
39	100
34	100
38	100
34	100
33	100
34	100
893	100
37	100
34	100
1176	100
39	100
34	100
34	100
33	100
33	100
33	100
902	100
37	100
35	100
1204	100
41	100
35	100
35	100
35	100
35	100
34	100
862	100
44	100
51	100
1148	100
39	100
34	100
34	100
34	100
33	100
33	100
905	100
41	100
34	100
1165	100
40	100
34	100
34	100
34	100
33	100
33	100
902	100
37	100
34	100
1171	100
40	100
34	100
34	100
33	100
33	100
38	100
897	100
37	100
34	100
926	100
39	100
34	100
34	100
33	100
34	100
79	100
36	100
1140	100
37	100
1127	100
39	100
34	100
38	100
34	100
33	100
34	100
896	100
37	100
34	100
1181	100
39	100
34	100
33	100
33	100
33	100
33	100
900	100
37	100
34	100
1170	100
43	100
34	100
34	100
34	100
34	100
34	100
895	100
37	100
34	100
1171	100
39	100
34	100
34	100
34	100
34	100
34	100
899	100
51	100
39	100
1127	100
37	100
35	100
33	100
34	100
33	100
33	100
939	100
39	100
34	100
1167	100
40	100
34	100
33	100
33	100
33	100
37	100
897	100
37	100
34	100
1150	100
39	100
34	100
33	100
34	100
34	100
902	100
37	100
35	100
33	100
1194	100
40	100
34	100
34	100
38	100
34	100
34	100
896	100
37	100
34	100
1172	100
40	100
34	100
33	100
34	100
33	100
33	100
904	100
37	100
34	100
1190	100
39	100
38	100
35	100
99	100
38	100
33	100
33	100
977	100
42	100
997	100
40	100
34	100
33	100
33	100
34	100
33	100
945	100
39	100
38	100
1099	100
39	100
34	100
34	100
34	100
33	100
903	100
37	100
36	100
33	100
1172	100
39	100
34	100
33	100
34	100
34	100
902	100
55	100
37	100
33	100
1152	100
39	100
34	100
34	100
33	100
34	100
901	100
37	100
36	100
33	100
1194	100
39	100
34	100
34	100
34	100
38	100
33	100
899	100
37	100
34	100
1147	100
40	100
34	100
34	100
34	100
33	100
902	100
37	100
35	100
33	100
1203	100
39	100
38	100
34	100
33	100
33	100
33	100
908	100
37	100
34	100
1142	100
39	100
34	100
34	100
34	100
34	100
901	100
37	100
35	100
33	100
1169	100
39	100
34	100
34	100
34	100
34	100
902	100
37	100
35	100
33	100
1171	100
39	100
34	100
34	100
34	100
33	100
902	100
41	100
36	100
34	100
1165	100
39	100
34	100
33	100
33	100
34	100
902	100
38	100
36	100
33	100
1087	100
39	100
34	100
35	100
35	100
38	100
34	100
33	100
1041	100
36	100
1138	100
40	100
34	100
33	100
33	100
33	100
33	100
903	100
37	100
34	100
1156	100
39	100
34	100
38	100
34	100
34	100
897	100
37	100
35	100
33	100
1161	100
39	100
34	100
33	100
34	100
33	100
903	100
36	100
35	100
33	100
1192	100
39	100
34	100
33	100
33	100
33	100
33	100
904	100
37	100
35	100
1173	100
40	100
34	100
51	100
34	100
34	100
33	100
885	100
40	100
34	100
1165	100
40	100
34	100
34	100
34	100
33	100
34	100
900	100
37	100
34	100
1171	100
39	100
34	100
34	100
34	100
33	100
38	100
895	100
38	100
34	100
1149	100
39	100
34	100
34	100
34	100
34	100
916	100
37	100
36	100
33	100
1150	100
39	100
34	100
38	100
51	100
35	100
949	100
38	100
34	100
34	100
1095	100
50	100
26	100
25	100
25	100
24	100
25	100
112	100
73	100
1097	100
930	100
44	100
33	100
33	100
33	100
34	100
33	100
902	100
37	100
34	100
1169	100
39	100
34	100
33	100
33	100
33	100
33	100
905	100
37	100
38	100
1167	100
39	100
34	100
34	100
34	100
33	100
33	100
903	100
37	100
34	100
1150	100
38	100
34	100
33	100
33	100
33	100
905	100
36	100
35	100
33	100
1160	100
38	100
33	100
33	100
33	100
33	100
905	100
36	100
35	100
33	100
1271	100
39	100
275	100
43	100
29	100
25	100
24	100
973	100
54	100
34	100
773	100
39	100
34	100
34	100
33	100
33	100
33	100
908	100
37	100
34	100
984	100
1107	100
41	100
34	100
33	100
33	100
33	100
33	100
140	100
42	100
1147	100
28	100
25	100
24	100
25	100
24	100
24	100
955	100
28	100
28	100
1190	100
28	100
25	100
24	100
24	100
24	100
24	100
954	100
28	100
25	100
1195	100
28	100
25	100
25	100
25	100
25	100
24	100
954	100
28	100
25	100
1185	100
37	100
25	100
25	100
24	100
24	100
24	100
956	100
54	100
32	100
1065	100
41	100
33	100
32	100
32	100
37	100
31	100
908	100
35	100
33	100
1147	100
37	100
32	100
32	100
32	100
32	100
910	100
35	100
34	100
31	100
1108	100
1097	100
32	100
24	100
23	100
23	100
23	100
23	100
90	100
26	100
1152	100
53	100
33	100
32	100
32	100
32	100
32	100
895	100
39	100
24	100
1174	100
27	100
24	100
23	100
23	100
23	100
24	100
960	100
27	100
23	100
1190	100
27	100
24	100
23	100
23	100
23	100
44	100
942	100
32	100
23	100
1218	100
26	100
22	100
22	100
22	100
21	100
22	100
1099	100
55	100
30	100
2273	100
63	100
55	100
53	100
54	100
54	100
54	100
1166	100
36	100
40	100
32	100
30	100
29	100
1061	100
32	100
30	100
30	100
29	100
807	100
85	100
508	100
84	100
22	100
22	100
21	100
21	100
87	100
25	100
1944	100
43	100
23	100
22	100
21	100
21	100
21	100
1000	100
26	100
28	100
16302	100
82	100
23	100
22	100
22	100
22	100
21	100
22	100
22	100
21	100
29	100
39	100
34	100
130	100
24	100
26	100
22	100
22	100
21	100
22	100
21	100
21	100
21	100
21	100
21	100
21	100
22	100
20	100
21	100
21	100
21	100
21	100
21	100
26	100
21	100
20	100
19	100
19	100
23	100
28	100
20	100
20	100
20	100
19	100
122	100
23	100
20	100
19	100
19	100
1063	100
26	100
24	100
19	100
19	100
546	100
83	100
83	100
86	100
81	100
83	100
82	100
82	100
86	100
117	100
2076	100
80	100
83	100
85	100
82	100
85	100
81	100
81	100
82	100
82	100
2373	100
145	100
124	100
110	100
106	100
109	100
105	100
106	100
105	100
105	100
2141	100
112	100
110	100
106	100
106	100
105	100
105	100
108	100
105	100
105	100
2131	100
106	100
105	100
105	100
105	100
111	100
164	100
102	100
102	100
106	100
2123	100
102	100
106	100
101	100
101	100
101	100
101	100
101	100
104	100
104	100
2120	100
101	100
101	100
101	100
101	100
101	100
101	100
116	100
102	100
102	100
2124	100
104	100
103	100
103	100
106	100
105	100
102	100
102	100
168	100
118	100
2124	100
37	100
342	100
21	100
17	100
20	100
16	100
1039	100
23	100
17	100
811	100
65	100
66	100
71	100
66	100
65	100
68	100
65	100
1180	100
19	100
1029	100
64	100
67	100
65	100
67	100
64	100
63	100
64	100
1178	100
18	100
1017	100
70	100
65	100
65	100
65	100
65	100
64	100
73	100
1189	100
18	100
1281	100
16	100
13	100
13	100
13	100
64	100
16	100
1092	100
17	100
13	100
1021	100
17	100
18	100
13	100
13	100
13	100
1048	100
16	100
17	100
13	100
1088	100
17	100
13	100
13	100
13	100
13	100
1052	100
16	100
13	100
13	100
1095	100
17	100
13	100
13	100
13	100
13	100
1052	100
16	100
13	100
13	100
1091	100
17	100
13	100
13	100
13	100
13	100
1053	100
16	100
13	100
13	100
1093	100
17	100
13	100
16	100
13	100
13	100
1048	100
16	100
13	100
13	100
1066	100
17	100
14	100
13	100
13	100
13	100
13	100
1102	100
67	100
14	100
933	100
25	100
14	100
13	100
13	100
13	100
994	100
15	100
20	100
15	100
1139	100
17	100
14	100
13	100
13	100
13	100
1001	100
15	100
20	100
18	100
1132	100
17	100
14	100
13	100
13	100
13	100
1001	100
15	100
19	100
15	100
1136	100
17	100
14	100
14	100
13	100
13	100
1001	100
15	100
20	100
15	100
1135	100
17	100
14	100
13	100
13	100
13	100
1003	100
15	100
20	100
15	100
960	100
18	100
245	100
23	100
17	100
13	100
949	100
21	100
14	100
14	100
1131	100
18	100
14	100
13	100
13	100
13	100
1029	100
21	100
15	100
19	100
1107	100
22	100
14	100
13	100
13	100
13	100
995	100
15	100
22	100
15	100
2867	100
75	100
67	100
73	100
68	100
73	100
74	100
73	100
105	100
1141	100
1214	100
17	100
14	100
13	100
13	100
13	100
1003	100
15	100
20	100
15	100
1116	100
17	100
14	100
13	100
13	100
13	100
1002	100
18	100
14	100
19	100
1135	100
17	100
14	100
13	100
13	100
13	100
1025	100
15	100
20	100
15	100
1114	100
17	100
14	100
13	100
17	100
13	100
999	100
15	100
20	100
15	100
1136	100
17	100
14	100
13	100
13	100
13	100
1002	100
15	100
20	100
15	100
1142	100
17	100
17	100
13	100
13	100
13	100
1022	100
15	100
20	100
15	100
1104	100
17	100
14	100
13	100
13	100
13	100
1001	100
15	100
20	100
15	100
1134	100
18	100
14	100
13	100
13	100
13	100
1025	100
15	100
20	100
15	100
1115	100
17	100
14	100
13	100
13	100
13	100
1002	100
18	100
14	100
14	100
1139	100
17	100
14	100
13	100
14	100
13	100
1002	100
15	100
20	100
15	100
1134	100
17	100
14	100
13	100
13	100
16	100
997	100
15	100
20	100
15	100
1135	100
17	100
14	100
13	100
13	100
13	100
1002	100
15	100
20	100
15	100
950	100
274	100
30	100
17	100
13	100
13	100
936	100
21	100
14	100
14	100
1117	100
17	100
14	100
13	100
13	100
13	100
1024	100
15	100
20	100
15	100
1110	100
17	100
14	100
14	100
13	100
13	100
1001	100
15	100
20	100
15	100
1134	100
17	100
14	100
13	100
13	100
13	100
1004	100
15	100
17	100
20	100
1002	100
15	100
14	100
13	100
13	100
61	100
1086	100
15	100
19	100
15	100
1079	100
16	100
14	100
14	100
13	100
13	100
1061	100
15	100
20	100
15	100
1121	100
17	100
14	100
13	100
13	100
13	100
1002	100
15	100
20	100
15	100
1123	100
15	100
14	100
20	100
14	100
13	100
1051	100
15	100
20	100
15	100
1103	100
18	100
14	100
13	100
13	100
13	100
1001	100
15	100
20	100
15	100
1138	100
21	100
14	100
13	100
13	100
13	100
999	100
15	100
20	100
15	100
1132	100
17	100
13	100
13	100
13	100
13	100
1002	100
22	100
14	100
17	100
1135	100
17	100
14	100
13	100
13	100
13	100
1003	100
15	100
20	100
15	100
1134	100
17	100
14	100
13	100
13	100
13	100
1027	100
15	100
20	100
15	100
1107	100
17	100
14	100
13	100
13	100
13	100
1002	100
15	100
20	100
15	100
1133	100
17	100
14	100
13	100
16	100
13	100
1004	100
20	100
26	100
20	100
1128	100
23	100
18	100
18	100
17	100
17	100
978	100
20	100
26	100
20	100
1114	100
23	100
22	100
18	100
18	100
17	100
975	100
20	100
26	100
20	100
1114	100
22	100
18	100
17	100
17	100
17	100
978	100
20	100
26	100
24	100
1121	100
23	100
18	100
18	100
18	100
17	100
979	100
20	100
26	100
20	100
1116	100
23	100
18	100
18	100
18	100
18	100
1007	100
32	100
15	100
13	100
1098	100
28	100
18	100
18	100
17	100
17	100
974	100
26	100
19	100
18	100
1110	100
23	100
18	100
17	100
17	100
22	100
975	100
20	100
26	100
19	100
1111	100
23	100
18	100
18	100
17	100
17	100
978	100
20	100
26	100
20	100
926	100
297	100
19	100
13	100
13	100
13	100
960	100
25	100
19	100
19	100
1084	100
23	100
18	100
18	100
18	100
18	100
977	100
20	100
27	100
20	100
1112	100
23	100
18	100
17	100
17	100
17	100
978	100
20	100
26	100
20	100
1112	100
23	100
18	100
18	100
17	100
17	100
957	100
20	100
23	100
18	100
1144	100
23	100
18	100
18	100
17	100
17	100
977	100
20	100
26	100
20	100
1120	100
23	100
18	100
17	100
17	100
22	100
974	100
20	100
26	100
20	100
1115	100
23	100
18	100
18	100
18	100
17	100
978	100
20	100
26	100
20	100
1107	100
20	100
18	100
22	100
18	100
18	100
994	100
20	100
26	100
20	100
1108	100
23	100
19	100
18	100
18	100
17	100
978	100
22	100
19	100
18	100
1123	100
27	100
18	100
18	100
18	100
17	100
974	100
20	100
26	100
20	100
1109	100
23	100
18	100
18	100
17	100
18	100
978	100
22	100
23	100
18	100
1119	100
23	100
18	100
18	100
17	100
17	100
1008	100
20	100
26	100
20	100
1089	100
24	100
18	100
18	100
18	100
17	100
976	100
20	100
26	100
20	100
1117	100
23	100
18	100
18	100
18	100
17	100
975	100
20	100
26	100
19	100
1121	100
23	100
18	100
25	100
18	100
17	100
968	100
20	100
25	100
19	100
1113	100
23	100
18	100
17	100
17	100
17	100
976	100
20	100
25	100
19	100
1120	100
26	100
18	100
17	100
17	100
17	100
975	100
20	100
19	100
26	100
1122	100
23	100
18	100
18	100
17	100
17	100
976	100
19	100
26	100
23	100
1115	100
23	100
18	100
18	100
17	100
17	100
978	100
20	100
19	100
26	100
1113	100
23	100
18	100
18	100
17	100
17	100
978	100
20	100
26	100
20	100
1119	100
23	100
18	100
18	100
18	100
17	100
977	100
20	100
26	100
20	100
1109	100
23	100
18	100
17	100
21	100
17	100
973	100
20	100
26	100
20	100
1124	100
23	100
18	100
18	100
18	100
18	100
977	100
20	100
26	100
20	100
983	100
20	100
22	100
18	100
17	100
17	100
1124	100
20	100
19	100
26	100
1101	100
23	100
18	100
17	100
17	100
17	100
978	100
20	100
26	100
23	100
1113	100
23	100
18	100
17	100
17	100
17	100
979	100
21	100
19	100
18	100
1069	100
27	100
14	100
13	100
13	100
63	100
28	100
1109	100
21	100
18	100
994	100
24	100
18	100
17	100
18	100
18	100
977	100
20	100
26	100
19	100
1117	100
23	100
18	100
18	100
17	100
22	100
973	100
20	100
26	100
20	100
1117	100
23	100
18	100
18	100
18	100
17	100
977	100
20	100
26	100
20	100
1117	100
23	100
29	100
19	100
17	100
17	100
966	100
20	100
18	100
26	100
1113	100
23	100
18	100
18	100
17	100
17	100
977	100
19	100
26	100
20	100
1114	100
23	100
18	100
18	100
18	100
17	100
979	100
20	100
26	100
19	100
1111	100
23	100
18	100
17	100
18	100
17	100
1008	100
20	100
23	100
18	100
1097	100
23	100
18	100
18	100
17	100
17	100
977	100
20	100
19	100
26	100
1121	100
23	100
18	100
18	100
18	100
22	100
974	100
20	100
26	100
20	100
1108	100
23	100
18	100
18	100
17	100
17	100
977	100
20	100
26	100
20	100
1113	100
23	100
18	100
22	100
18	100
18	100
975	100
20	100
26	100
20	100
1114	100
23	100
18	100
18	100
18	100
17	100
977	100
19	100
26	100
20	100
1126	100
28	100
18	100
18	100
17	100
17	100
972	100
20	100
27	100
20	100
1114	100
23	100
18	100
17	100
17	100
17	100
978	100
20	100
23	100
18	100
1123	100
23	100
18	100
18	100
18	100
17	100
978	100
20	100
26	100
20	100
1113	100
23	100
18	100
18	100
18	100
18	100
978	100
20	100
26	100
20	100
1110	100
23	100
18	100
18	100
17	100
17	100
978	100
28	100
18	100
18	100
1114	100
23	100
18	100
18	100
22	100
18	100
1003	100
20	100
26	100
20	100
1095	100
23	100
18	100
18	100
18	100
17	100
977	100
20	100
26	100
20	100
1059	100
24	100
19	100
18	100
17	100
17	100
1041	100
20	100
19	100
26	100
1135	100
23	100
18	100
18	100
18	100
17	100
978	100
21	100
19	100
22	100
1118	100
23	100
18	100
18	100
18	100
17	100
979	100
21	100
19	100
18	100
1122	100
23	100
18	100
18	100
18	100
17	100
977	100
23	100
18	100
35	100
1105	100
23	100
18	100
18	100
18	100
17	100
977	100
20	100
26	100
19	100
1115	100
23	100
18	100
18	100
25	100
18	100
970	100
20	100
26	100
20	100
1114	100
23	100
18	100
18	100
18	100
17	100
977	100
20	100
26	100
20	100
1114	100
23	100
23	100
18	100
17	100
17	100
974	100
19	100
26	100
20	100
1115	100
23	100
19	100
18	100
18	100
17	100
977	100
20	100
26	100
20	100
1111	100
23	100
18	100
17	100
17	100
17	100
1007	100
20	100
26	100
20	100
1090	100
23	100
18	100
18	100
18	100
17	100
977	100
24	100
19	100
18	100
1121	100
23	100
18	100
17	100
17	100
17	100
978	100
20	100
26	100
20	100
1114	100
23	100
18	100
18	100
18	100
22	100
974	100
20	100
26	100
19	100
1113	100
23	100
18	100
18	100
17	100
17	100
978	100
20	100
26	100
20	100
1116	100
23	100
18	100
22	100
18	100
17	100
974	100
20	100
26	100
20	100
1004	100
22	100
18	100
18	100
18	100
18	100
1091	100
20	100
18	100
27	100
1138	100
23	100
19	100
18	100
18	100
17	100
980	100
20	100
18	100
26	100
1105	100
23	100
18	100
18	100
17	100
17	100
978	100
20	100
23	100
19	100
1115	100
23	100
18	100
18	100
17	100
17	100
977	100
20	100
18	100
26	100
1118	100
23	100
18	100
18	100
18	100
22	100
973	100
20	100
26	100
19	100
1105	100
23	100
19	100
18	100
17	100
17	100
1008	100
20	100
26	100
20	100
1091	100
23	100
18	100
22	100
18	100
18	100
973	100
20	100
19	100
26	100
1112	100
23	100
19	100
18	100
18	100
17	100
976	100
20	100
26	100
20	100
1119	100
23	100
18	100
18	100
18	100
17	100
986	100
20	100
26	100
19	100
1115	100
23	100
18	100
18	100
18	100
17	100
980	100
21	100
23	100
18	100
1106	100
38	100
239	100
125	100
14	100
13	100
13	100
13	100
962	100
29	100
850	100
25	100
18	100
18	100
18	100
17	100
1006	100
20	100
26	100
39	100
1071	100
23	100
18	100
17	100
18	100
17	100
978	100
20	100
26	100
20	100
1111	100
23	100
18	100
18	100
25	100
18	100
972	100
20	100
26	100
20	100
1115	100
23	100
18	100
18	100
18	100
17	100
978	100
20	100
26	100
20	100
1114	100
27	100
18	100
18	100
18	100
17	100
976	100
20	100
26	100
19	100
1114	100
23	100
18	100
18	100
17	100
17	100
978	100
20	100
27	100
24	100
1115	100
23	100
18	100
18	100
17	100
17	100
978	100
20	100
19	100
26	100
1116	100
23	100
18	100
18	100
18	100
17	100
978	100
25	100
19	100
18	100
1119	100
23	100
18	100
18	100
18	100
17	100
978	100
20	100
26	100
20	100
1119	100
23	100
18	100
18	100
22	100
18	100
974	100
20	100
26	100
20	100
1112	100
23	100
18	100
18	100
17	100
17	100
977	100
20	100
26	100
19	100
1116	100
23	100
22	100
18	100
18	100
18	100
974	100
20	100
26	100
20	100
1113	100
23	100
18	100
18	100
18	100
17	100
978	100
20	100
19	100
26	100
951	100
19	100
18	100
205	100
23	100
14	100
979	100
25	100
18	100
18	100
1109	100
23	100
18	100
18	100
21	100
18	100
974	100
24	100
19	100
18	100
1114	100
23	100
19	100
18	100
18	100
18	100
977	100
20	100
26	100
20	100
1115	100
23	100
18	100
18	100
18	100
21	100
986	100
20	100
26	100
20	100
1160	100
23	100
18	100
18	100
18	100
17	100
1007	100
20	100
26	100
20	100
1071	100
24	100
24	100
18	100
18	100
18	100
962	100
25	100
19	100
18	100
1102	100
23	100
18	100
17	100
18	100
17	100
977	100
20	100
18	100
26	100
1124	100
23	100
18	100
18	100
18	100
17	100
967	100
20	100
19	100
19	100
1129	100
23	100
19	100
18	100
18	100
17	100
976	100
20	100
22	100
18	100
1116	100
23	100
18	100
18	100
17	100
17	100
1009	100
20	100
18	100
26	100
1099	100
24	100
18	100
18	100
18	100
22	100
972	100
19	100
26	100
20	100
1108	100
23	100
18	100
18	100
17	100
17	100
977	100
20	100
18	100
26	100
1118	100
23	100
18	100
22	100
18	100
17	100
974	100
20	100
19	100
26	100
1110	100
23	100
18	100
18	100
18	100
17	100
977	100
20	100
19	100
26	100
1115	100
27	100
18	100
18	100
18	100
17	100
975	100
28	100
19	100
18	100
1124	100
23	100
18	100
18	100
18	100
18	100
976	100
20	100
23	100
19	100
1116	100
23	100
19	100
18	100
18	100
17	100
977	100
20	100
26	100
20	100
1115	100
23	100
18	100
18	100
18	100
18	100
978	100
20	100
18	100
26	100
1634	100
23	100
18	100
18	100
17	100
17	100
978	100
20	100
19	100
26	100
658	100
27	100
13	100
13	100
16	100
910	100
25	100
18	100
18	100
18	100
1136	100
23	100
19	100
18	100
18	100
18	100
977	100
20	100
18	100
26	100
1108	100
27	100
18	100
18	100
18	100
17	100
974	100
20	100
18	100
26	100
1116	100
23	100
18	100
18	100
17	100
17	100
978	100
20	100
18	100
22	100
1119	100
23	100
18	100
18	100
18	100
17	100
977	100
20	100
18	100
26	100
1114	100
23	100
18	100
18	100
18	100
17	100
976	100
23	100
18	100
18	100
1119	100
23	100
18	100
18	100
18	100
17	100
1007	100
20	100
19	100
26	100
1091	100
24	100
18	100
18	100
22	100
18	100
972	100
20	100
34	100
29	100
1102	100
23	100
19	100
17	100
18	100
17	100
976	100
20	100
19	100
19	100
1117	100
23	100
22	100
18	100
17	100
17	100
975	100
20	100
19	100
19	100
932	100
23	100
18	100
213	100
23	100
14	100
973	100
25	100
18	100
18	100
1006	100
23	100
18	100
18	100
18	100
18	100
18	100
1130	100
20	100
18	100
1077	100
23	100
18	100
18	100
18	100
17	100
977	100
24	100
19	100
18	100
1115	100
23	100
18	100
18	100
18	100
17	100
978	100
20	100
18	100
26	100
1116	100
23	100
18	100
18	100
17	100
24	100
971	100
20	100
19	100
26	100
1117	100
23	100
19	100
18	100
18	100
18	100
976	100
19	100
19	100
26	100
1110	100
23	100
18	100
22	100
18	100
17	100
974	100
20	100
19	100
26	100
1117	100
23	100
18	100
18	100
18	100
18	100
976	100
20	100
19	100
26	100
1120	100
23	100
18	100
18	100
17	100
17	100
979	100
20	100
19	100
26	100
1114	100
23	100
18	100
18	100
17	100
17	100
977	100
20	100
22	100
18	100
1123	100
23	100
18	100
18	100
17	100
17	100
978	100
20	100
18	100
26	100
1113	100
23	100
18	100
18	100
18	100
17	100
1005	100
20	100
18	100
26	100
1082	100
23	100
18	100
17	100
17	100
18	100
977	100
20	100
19	100
26	100
1117	100
23	100
18	100
22	100
18	100
17	100
974	100
20	100
18	100
26	100
1118	100
23	100
18	100
18	100
18	100
17	100
977	100
19	100
26	100
20	100
1113	100
30	100
19	100
18	100
18	100
17	100
970	100
20	100
18	100
19	100
1122	100
22	100
18	100
18	100
17	100
17	100
977	100
20	100
23	100
19	100
1129	100
23	100
18	100
18	100
17	100
17	100
964	100
20	100
19	100
26	100
1115	100
23	100
18	100
18	100
18	100
17	100
977	100
20	100
18	100
26	100
1119	100
23	100
18	100
17	100
18	100
17	100
978	100
20	100
19	100
26	100
1120	100
23	100
18	100
18	100
22	100
18	100
973	100
20	100
19	100
26	100
1115	100
22	100
18	100
18	100
18	100
17	100
977	100
20	100
18	100
26	100
1112	100
27	100
19	100
18	100
17	100
17	100
973	100
20	100
18	100
26	100
1117	100
23	100
18	100
17	100
18	100
17	100
976	100
20	100
19	100
22	100
1117	100
23	100
18	100
18	100
18	100
17	100
978	100
20	100
19	100
26	100
1117	100
23	100
18	100
18	100
18	100
17	100
977	100
23	100
18	100
18	100
1122	100
22	100
18	100
18	100
18	100
17	100
978	100
20	100
18	100
26	100
1112	100
23	100
18	100
18	100
22	100
18	100
973	100
20	100
26	100
20	100
1110	100
23	100
18	100
18	100
18	100
17	100
977	100
20	100
18	100
26	100
1117	100
23	100
22	100
18	100
18	100
17	100
974	100
20	100
18	100
26	100
1118	100
23	100
18	100
18	100
17	100
17	100
977	100
20	100
18	100
26	100
1120	100
23	100
18	100
18	100
18	100
17	100
978	100
20	100
19	100
26	100
1119	100
23	100
18	100
18	100
18	100
17	100
978	100
23	100
19	100
18	100
1038	100
23	100
18	100
18	100
18	100
18	100
1084	100
20	100
18	100
26	100
1088	100
23	100
19	100
18	100
17	100
21	100
974	100
20	100
18	100
25	100
1115	100
23	100
18	100
18	100
18	100
17	100
1006	100
20	100
18	100
26	100
1089	100
23	100
18	100
22	100
18	100
17	100
973	100
20	100
19	100
34	100
1105	100
23	100
19	100
18	100
18	100
18	100
977	100
19	100
26	100
20	100
1116	100
23	100
18	100
18	100
17	100
18	100
977	100
20	100
18	100
18	100
1121	100
23	100
19	100
18	100
18	100
18	100
977	100
20	100
22	100
18	100
1116	100
23	100
19	100
18	100
18	100
18	100
978	100
20	100
19	100
26	100
1120	100
23	100
18	100
18	100
18	100
17	100
977	100
20	100
29	100
19	100
1114	100
23	100
18	100
18	100
18	100
17	100
977	100
20	100
19	100
26	100
1114	100
23	100
18	100
22	100
18	100
18	100
972	100
20	100
18	100
26	100
1113	100
23	100
18	100
18	100
18	100
17	100
975	100
19	100
18	100
26	100
1112	100
26	100
19	100
18	100
18	100
17	100
974	100
20	100
18	100
26	100
1114	100
23	100
18	100
18	100
18	100
17	100
1006	100
20	100
19	100
23	100
1091	100
23	100
18	100
17	100
17	100
17	100
978	100
20	100
18	100
26	100
1120	100
22	100
18	100
18	100
18	100
18	100
978	100
20	100
18	100
26	100
937	100
262	100
25	100
14	100
13	100
13	100
948	100
25	100
19	100
18	100
1096	100
23	100
18	100
18	100
22	100
18	100
972	100
20	100
18	100
26	100
1115	100
23	100
18	100
18	100
18	100
17	100
977	100
20	100
19	100
26	100
1117	100
23	100
22	100
18	100
18	100
17	100
974	100
20	100
18	100
26	100
1115	100
23	100
30	100
18	100
19	100
18	100
1030	100
23	100
18	100
24	100
1014	100
24	100
14	100
13	100
13	100
13	100
140	100
16	100
1055	100
31	100
999	100
24	100
18	100
17	100
18	100
17	100
978	100
24	100
19	100
18	100
1076	100
39	100
20	100
18	100
18	100
17	100
962	100
20	100
18	100
18	100
1131	100
23	100
18	100
18	100
18	100
22	100
973	100
20	100
18	100
19	100
1118	100
23	100
19	100
18	100
18	100
18	100
976	100
20	100
18	100
26	100
1113	100
23	100
23	100
18	100
17	100
17	100
973	100
19	100
19	100
26	100
1120	100
23	100
19	100
18	100
18	100
18	100
976	100
19	100
19	100
26	100
1113	100
23	100
18	100
18	100
18	100
18	100
977	100
20	100
18	100
26	100
1110	100
23	100
19	100
18	100
18	100
17	100
976	100
20	100
23	100
19	100
1121	100
23	100
18	100
18	100
17	100
17	100
979	100
20	100
18	100
27	100
1117	100
23	100
18	100
18	100
18	100
21	100
973	100
20	100
18	100
26	100
1116	100
23	100
18	100
18	100
18	100
17	100
976	100
19	100
25	100
19	100
1121	100
23	100
18	100
22	100
18	100
18	100
985	100
21	100
19	100
18	100
1106	100
23	100
19	100
18	100
18	100
17	100
977	100
20	100
18	100
26	100
1080	100
25	100
14	100
13	100
13	100
13	100
143	100
16	100
1051	100
25	100
979	100
23	100
19	100
18	100
18	100
17	100
977	100
20	100
25	100
19	100
1112	100
23	100
19	100
18	100
18	100
17	100
977	100
19	100
19	100
26	100
1116	100
23	100
18	100
18	100
17	100
17	100
978	100
20	100
18	100
26	100
1053	100
19	100
18	100
18	100
18	100
17	100
1057	100
20	100
18	100
26	100
1109	100
23	100
18	100
22	100
18	100
17	100
972	100
20	100
18	100
26	100
1079	100
25	100
14	100
13	100
13	100
13	100
146	100
17	100
1050	100
25	100
978	100
27	100
18	100
17	100
18	100
17	100
974	100
20	100
18	100
40	100
1097	100
23	100
19	100
18	100
17	100
17	100
977	100
20	100
18	100
23	100
1115	100
23	100
18	100
18	100
17	100
17	100
978	100
20	100
18	100
26	100
1117	100
23	100
18	100
18	100
18	100
17	100
976	100
19	100
26	100
20	100
1110	100
23	100
18	100
18	100
18	100
17	100
978	100
20	100
18	100
26	100
1119	100
23	100
18	100
18	100
21	100
17	100
973	100
19	100
19	100
25	100
1118	100
23	100
19	100
18	100
18	100
17	100
977	100
19	100
26	100
19	100
1118	100
23	100
22	100
18	100
18	100
17	100
974	100
20	100
18	100
26	100
1112	100
23	100
19	100
18	100
18	100
17	100
976	100
19	100
19	100
23	100
1190	100
24	100
13	100
13	100
14	100
13	100
69	100
1105	100
17	100
13	100
937	100
17	100
13	100
13	100
13	100
61	100
16	100
1088	100
17	100
13	100
1019	100
17	100
14	100
13	100
13	100
13	100
1047	100
16	100
14	100
13	100
1093	100
17	100
14	100
13	100
13	100
16	100
1043	100
16	100
14	100
13	100
866	100
17	100
261	100
16	100
14	100
13	100
13	100
1046	100
16	100
13	100
1104	100
17	100
17	100
13	100
13	100
13	100
1044	100
16	100
13	100
13	100
1092	100
17	100
13	100
13	100
13	100
13	100
1048	100
16	100
13	100
13	100
1092	100
17	100
13	100
13	100
13	100
13	100
1048	100
16	100
13	100
13	100
1090	100
16	100
13	100
13	100
13	100
13	100
1048	100
16	100
17	100
13	100
1085	100
17	100
13	100
13	100
13	100
13	100
1049	100
16	100
13	100
13	100
1094	100
16	100
13	100
13	100
13	100
16	100
1045	100
16	100
13	100
13	100
1061	100
36	100
19	100
19	100
19	100
18	100
18	100
1043	100
20	100
19	100
996	100
26	100
19	100
23	100
18	100
17	100
968	100
20	100
18	100
27	100
1124	100
23	100
18	100
18	100
17	100
17	100
976	100
27	100
19	100
18	100
1110	100
29	100
18	100
18	100
18	100
17	100
971	100
20	100
18	100
26	100
1117	100
23	100
18	100
18	100
18	100
17	100
977	100
20	100
23	100
19	100
1117	100
23	100
18	100
17	100
17	100
17	100
979	100
20	100
18	100
26	100
1109	100
23	100
19	100
17	100
18	100
17	100
977	100
20	100
18	100
26	100
1109	100
23	100
18	100
17	100
17	100
17	100
1013	100
20	100
19	100
27	100
1093	100
23	100
18	100
17	100
22	100
17	100
973	100
19	100
19	100
26	100
1116	100
23	100
18	100
18	100
18	100
17	100
976	100
19	100
18	100
26	100
1113	100
26	100
18	100
17	100
18	100
17	100
973	100
20	100
18	100
26	100
1119	100
23	100
18	100
17	100
17	100
17	100
977	100
19	100
18	100
23	100
1117	100
23	100
18	100
18	100
17	100
17	100
979	100
20	100
18	100
18	100
1128	100
23	100
18	100
18	100
17	100
22	100
973	100
20	100
18	100
18	100
1123	100
23	100
18	100
18	100
18	100
17	100
978	100
20	100
19	100
26	100
1115	100
23	100
18	100
17	100
22	100
17	100
973	100
20	100
18	100
26	100
1050	100
23	100
19	100
18	100
18	100
18	100
1080	100
20	100
18	100
26	100
1053	100
25	100
19	100
13	100
13	100
13	100
140	100
16	100
1051	100
25	100
985	100
24	100
18	100
18	100
18	100
17	100
977	100
20	100
19	100
23	100
1105	100
23	100
19	100
18	100
17	100
17	100
977	100
20	100
19	100
19	100
1124	100
23	100
18	100
18	100
18	100
17	100
977	100
24	100
19	100
18	100
1121	100
23	100
18	100
18	100
18	100
17	100
978	100
20	100
18	100
26	100
1112	100
23	100
18	100
18	100
18	100
22	100
973	100
19	100
18	100
26	100
1114	100
23	100
19	100
18	100
18	100
17	100
978	100
19	100
18	100
26	100
1125	100
23	100
23	100
18	100
17	100
17	100
973	100
19	100
18	100
26	100
1119	100
23	100
18	100
18	100
17	100
17	100
978	100
20	100
18	100
26	100
1110	100
23	100
18	100
17	100
18	100
17	100
977	100
20	100
18	100
26	100
1120	100
23	100
18	100
18	100
17	100
17	100
977	100
19	100
22	100
18	100
1116	100
23	100
18	100
18	100
17	100
17	100
978	100
20	100
18	100
26	100
1113	100
23	100
18	100
17	100
18	100
22	100
1005	100
20	100
19	100
26	100
1093	100
23	100
19	100
18	100
18	100
17	100
977	100
20	100
18	100
26	100
1116	100
23	100
18	100
22	100
18	100
17	100
973	100
20	100
19	100
26	100
933	100
192	100
23	100
14	100
13	100
13	100
1026	100
25	100
18	100
18	100
1097	100
29	100
18	100
18	100
18	100
17	100
972	100
20	100
18	100
26	100
1111	100
23	100
18	100
17	100
17	100
17	100
977	100
19	100
23	100
19	100
1117	100
23	100
18	100
17	100
18	100
17	100
978	100
20	100
18	100
26	100
1125	100
23	100
18	100
18	100
17	100
17	100
979	100
19	100
18	100
26	100
1121	100
23	100
18	100
17	100
18	100
17	100
977	100
20	100
18	100
26	100
1109	100
23	100
50	100
18	100
23	100
18	100
943	100
26	100
19	100
18	100
1129	100
23	100
18	100
17	100
18	100
18	100
964	100
22	100
18	100
18	100
1114	100
29	100
19	100
18	100
18	100
17	100
1011	100
20	100
19	100
29	100
3146	100
22	100
18	100
17	100
17	100
17	100
81	100
21	100
1081	100
26	100
1062	100
22	100
18	100
17	100
17	100
17	100
17	100
1011	100
22	100
18	100
966	100
25	100
19	100
18	100
18	100
18	100
990	100
25	100
18	100
17	100
1460	100
22	100
18	100
17	100
17	100
17	100
964	100
22	100
18	100
17	100
1147	100
23	100
19	100
36	100
22	100
17	100
58	100
95	100
1120	100
16	100
828	100
17	100
14	100
13	100
13	100
42	100
75	100
1168	100
17	100
13	100
882	100
17	100
19	100
14	100
13	100
42	100
78	100
1164	100
17	100
13	100
878	100
17	100
14	100
14	100
13	100
42	100
75	100
1168	100
17	100
13	100
879	100
17	100
14	100
14	100
13	100
42	100
75	100
1164	100
17	100
13	100
882	100
17	100
14	100
13	100
13	100
42	100
75	100
1168	100
17	100
13	100
877	100
17	100
14	100
14	100
13	100
42	100
75	100
1164	100
17	100
13	100
882	100
17	100
14	100
13	100
13	100
45	100
78	100
1164	100
17	100
13	100
879	100
17	100
14	100
13	100
13	100
45	100
75	100
1165	100
17	100
13	100
912	100
17	100
14	100
17	100
13	100
42	100
81	100
1134	100
17	100
13	100
904	100
17	100
14	100
14	100
13	100
42	100
75	100
1165	100
17	100
13	100
880	100
17	100
14	100
14	100
13	100
42	100
75	100
1166	100
17	100
13	100
879	100
17	100
14	100
13	100
13	100
42	100
75	100
1170	100
20	100
13	100
863	100
17	100
14	100
14	100
13	100
42	100
80	100
1171	100
17	100
13	100
863	100
17	100
14	100
13	100
13	100
42	100
78	100
1164	100
17	100
13	100
872	100
17	100
14	100
13	100
13	100
42	100
75	100
1165	100
17	100
13	100
863	100
42	100
19	100
23	100
18	100
17	100
1061	100
22	100
13	100
13	100
1033	100
17	100
14	100
14	100
13	100
42	100
75	100
1165	100
17	100
13	100
870	100
20	100
14	100
13	100
13	100
42	100
75	100
1169	100
17	100
13	100
864	100
17	100
14	100
13	100
13	100
42	100
78	100
1165	100
20	100
13	100
868	100
17	100
14	100
13	100
13	100
42	100
76	100
1165	100
17	100
13	100
727	100
53	100
53	100
56	100
51	100
50	100
53	100
1165	100
17	100
13	100
729	100
56	100
53	100
53	100
51	100
50	100
50	100
1165	100
16	100
13	100
734	100
53	100
53	100
52	100
55	100
50	100
50	100
1165	100
17	100
13	100
739	100
53	100
53	100
53	100
52	100
50	100
51	100
1164	100
16	100
13	100
736	100
57	100
53	100
53	100
51	100
50	100
53	100
1165	100
17	100
13	100
727	100
53	100
52	100
53	100
51	100
53	100
50	100
1165	100
17	100
18	100
732	100
53	100
53	100
53	100
54	100
50	100
50	100
1166	100
17	100
13	100
731	100
54	100
56	100
53	100
51	100
50	100
50	100
1170	100
17	100
13	100
725	100
57	100
53	100
53	100
51	100
50	100
50	100
1165	100
17	100
13	100
731	100
53	100
53	100
53	100
55	100
50	100
50	100
1166	100
17	100
13	100
731	100
53	100
53	100
53	100
51	100
50	100
50	100
1169	100
17	100
13	100
727	100
53	100
56	100
63	100
52	100
50	100
53	100
1165	100
17	100
13	100
728	100
53	100
53	100
53	100
52	100
54	100
51	100
1166	100
17	100
13	100
730	100
53	100
52	100
57	100
51	100
50	100
50	100
1165	100
17	100
13	100
728	100
53	100
57	100
53	100
51	100
50	100
50	100
1170	100
17	100
13	100
723	100
56	100
53	100
53	100
52	100
50	100
50	100
1165	100
17	100
13	100
733	100
53	100
53	100
53	100
52	100
53	100
51	100
1166	100
17	100
14	100
729	100
53	100
52	100
52	100
53	100
50	100
50	100
1169	100
17	100
13	100
729	100
53	100
52	100
56	100
308	100
54	100
54	100
50	100
50	100
77	100
1488	100
53	100
53	100
53	100
51	100
53	100
50	100
1167	100
17	100
13	100
735	100
53	100
52	100
56	100
52	100
50	100
50	100
1167	100
17	100
13	100
730	100
53	100
56	100
53	100
51	100
50	100
50	100
1165	100
20	100
13	100
733	100
57	100
53	100
53	100
51	100
50	100
50	100
1166	100
17	100
13	100
730	100
53	100
52	100
52	100
51	100
50	100
53	100
1165	100
17	100
13	100
731	100
53	100
52	100
53	100
51	100
50	100
50	100
1169	100
17	100
13	100
733	100
53	100
53	100
56	100
51	100
50	100
53	100
1165	100
17	100
13	100
728	100
53	100
53	100
53	100
52	100
53	100
50	100
1183	100
17	100
13	100
719	100
59	100
56	100
53	100
57	100
55	100
51	100
2380	100
20	100
14	100
270	100
58	100
54	100
53	100
51	100
50	100
50	100
1161	100
17	100
16	100
732	100
53	100
52	100
53	100
51	100
50	100
50	100
1841	100
20	100
14	100
70	100
54	100
53	100
53	100
52	100
50	100
55	100
1159	100
17	100
13	100
740	100
53	100
52	100
53	100
51	100
50	100
53	100
1154	100
17	100
13	100
744	100
53	100
52	100
52	100
68	100
53	100
56	100
1154	100
17	100
13	100
722	100
53	100
53	100
52	100
55	100
50	100
51	100
1153	100
17	100
13	100
749	100
53	100
58	100
53	100
51	100
50	100
50	100
1154	100
17	100
13	100
740	100
56	100
53	100
53	100
51	100
50	100
50	100
1160	100
28	100
22	100
719	100
59	100
53	100
52	100
51	100
50	100
50	100
1153	100
17	100
13	100
743	100
53	100
53	100
53	100
51	100
50	100
50	100
1158	100
17	100
13	100
742	100
53	100
53	100
52	100
51	100
50	100
54	100
1154	100
17	100
14	100
742	100
53	100
52	100
53	100
52	100
57	100
51	100
1154	100
17	100
13	100
743	100
53	100
52	100
55	100
51	100
50	100
50	100
1152	100
17	100
13	100
757	100
53	100
59	100
53	100
51	100
51	100
50	100
1153	100
17	100
13	100
730	100
56	100
53	100
53	100
51	100
50	100
50	100
1153	100
17	100
13	100
746	100
53	100
53	100
52	100
52	100
50	100
50	100
1152	100
17	100
13	100
747	100
53	100
52	100
52	100
52	100
50	100
50	100
1156	100
22	100
13	100
740	100
53	100
53	100
52	100
52	100
50	100
53	100
1152	100
17	100
13	100
746	100
53	100
53	100
53	100
55	100
53	100
50	100
1153	100
17	100
13	100
740	100
53	100
53	100
57	100
52	100
50	100
50	100
1153	100
17	100
13	100
742	100
53	100
56	100
56	100
51	100
56	100
55	100
1154	100
22	100
13	100
731	100
53	100
53	100
52	100
51	100
50	100
50	100
1154	100
17	100
13	100
746	100
53	100
53	100
53	100
51	100
50	100
50	100
1152	100
17	100
13	100
746	100
53	100
52	100
53	100
51	100
50	100
50	100
1156	100
19	100
13	100
741	100
53	100
53	100
52	100
52	100
50	100
53	100
1153	100
17	100
13	100
745	100
53	100
53	100
52	100
54	100
51	100
53	100
1154	100
17	100
13	100
739	100
53	100
52	100
56	100
51	100
50	100
50	100
1153	100
17	100
13	100
744	100
53	100
56	100
58	100
51	100
50	100
50	100
1153	100
17	100
13	100
744	100
53	100
53	100
53	100
51	100
50	100
50	100
1153	100
17	100
13	100
743	100
61	100
54	100
53	100
51	100
50	100
50	100
1153	100
17	100
13	100
744	100
53	100
53	100
53	100
51	100
50	100
50	100
1156	100
17	100
16	100
742	100
53	100
53	100
53	100
51	100
53	100
51	100
1153	100
17	100
13	100
742	100
53	100
53	100
53	100
54	100
50	100
54	100
1154	100
17	100
13	100
740	100
53	100
53	100
56	100
52	100
50	100
51	100
1153	100
17	100
13	100
744	100
56	100
53	100
53	100
57	100
50	100
50	100
1154	100
17	100
13	100
739	100
53	100
53	100
53	100
56	100
50	100
50	100
1153	100
17	100
13	100
735	100
53	100
55	100
53	100
51	100
50	100
50	100
1167	100
17	100
13	100
734	100
53	100
53	100
53	100
52	100
50	100
54	100
1153	100
17	100
17	100
739	100
53	100
52	100
53	100
51	100
53	100
50	100
1153	100
17	100
13	100
742	100
53	100
53	100
53	100
55	100
51	100
50	100
1155	100
17	100
13	100
742	100
53	100
56	100
53	100
51	100
50	100
50	100
1152	100
17	100
13	100
742	100
56	100
53	100
53	100
51	100
53	100
50	100
1154	100
17	100
13	100
740	100
53	100
53	100
52	100
51	100
50	100
50	100
1153	100
17	100
13	100
747	100
53	100
56	100
52	100
52	100
50	100
50	100
1159	100
17	100
13	100
736	100
53	100
53	100
53	100
52	100
50	100
53	100
1152	100
17	100
13	100
743	100
53	100
53	100
67	100
51	100
53	100
50	100
1153	100
17	100
13	100
735	100
53	100
53	100
53	100
54	100
50	100
50	100
1152	100
20	100
13	100
741	100
53	100
56	100
53	100
51	100
50	100
50	100
1153	100
17	100
13	100
744	100
56	100
53	100
52	100
51	100
53	100
50	100
1154	100
17	100
13	100
742	100
53	100
53	100
53	100
51	100
50	100
50	100
1153	100
17	100
13	100
744	100
53	100
53	100
56	100
51	100
50	100
50	100
1156	100
17	100
13	100
738	100
53	100
53	100
53	100
52	100
50	100
53	100
1153	100
17	100
13	100
746	100
60	100
52	100
52	100
51	100
53	100
50	100
1153	100
17	100
14	100
737	100
53	100
53	100
56	100
51	100
50	100
50	100
1153	100
19	100
13	100
750	100
53	100
55	100
52	100
51	100
50	100
50	100
1153	100
16	100
13	100
742	100
57	100
62	100
53	100
51	100
50	100
53	100
1155	100
17	100
13	100
727	100
53	100
53	100
52	100
51	100
50	100
51	100
1153	100
17	100
13	100
745	100
53	100
52	100
57	100
51	100
50	100
50	100
1157	100
17	100
13	100
743	100
53	100
53	100
53	100
52	100
50	100
53	100
1153	100
17	100
13	100
741	100
56	100
52	100
52	100
54	100
50	100
50	100
1154	100
17	100
13	100
741	100
53	100
52	100
57	100
51	100
50	100
50	100
1153	100
17	100
17	100
739	100
53	100
56	100
53	100
58	100
54	100
50	100
1153	100
17	100
13	100
738	100
53	100
53	100
53	100
51	100
50	100
54	100
1153	100
17	100
13	100
740	100
53	100
52	100
53	100
51	100
50	100
50	100
1153	100
17	100
13	100
746	100
53	100
52	100
52	100
55	100
50	100
50	100
1156	100
25	100
13	100
736	100
53	100
52	100
52	100
51	100
54	100
50	100
1154	100
16	100
13	100
740	100
53	100
63	100
53	100
54	100
50	100
50	100
1154	100
17	100
13	100
730	100
53	100
53	100
56	100
52	100
50	100
50	100
1152	100
17	100
17	100
741	100
58	100
53	100
52	100
51	100
50	100
50	100
1153	100
17	100
13	100
747	100
53	100
53	100
53	100
51	100
50	100
50	100
1158	100
17	100
13	100
736	100
64	100
53	100
52	100
51	100
50	100
50	100
1153	100
17	100
13	100
743	100
53	100
53	100
52	100
52	100
53	100
50	100
1156	100
17	100
13	100
739	100
53	100
52	100
52	100
51	100
53	100
50	100
1153	100
17	100
13	100
743	100
53	100
57	100
53	100
54	100
50	100
50	100
1153	100
17	100
13	100
743	100
53	100
53	100
56	100
51	100
50	100
50	100
1153	100
17	100
13	100
741	100
56	100
53	100
52	100
51	100
51	100
50	100
1153	100
17	100
13	100
741	100
53	100
52	100
53	100
52	100
51	100
51	100
1153	100
20	100
18	100
740	100
53	100
53	100
53	100
52	100
50	100
62	100
1156	100
17	100
13	100
728	100
53	100
52	100
53	100
52	100
53	100
53	100
1153	100
17	100
13	100
744	100
53	100
52	100
53	100
52	100
53	100
50	100
1154	100
17	100
13	100
746	100
53	100
53	100
56	100
54	100
50	100
50	100
1153	100
17	100
13	100
738	100
53	100
56	100
53	100
51	100
50	100
50	100
1153	100
17	100
13	100
741	100
59	100
53	100
53	100
51	100
50	100
50	100
1153	100
17	100
13	100
740	100
53	100
53	100
53	100
51	100
50	100
50	100
1153	100
20	100
14	100
741	100
53	100
52	100
52	100
51	100
50	100
50	100
1158	100
17	100
13	100
741	100
53	100
52	100
53	100
51	100
50	100
56	100
1153	100
17	100
13	100
741	100
53	100
65	100
53	100
51	100
53	100
50	100
1153	100
17	100
13	100
735	100
53	100
53	100
59	100
54	100
50	100
50	100
1152	100
17	100
13	100
738	100
53	100
56	100
53	100
51	100
50	100
50	100
1153	100
17	100
13	100
744	100
59	100
53	100
53	100
51	100
50	100
50	100
1153	100
17	100
13	100
742	100
53	100
53	100
53	100
51	100
50	100
50	100
1152	100
17	100
16	100
743	100
53	100
53	100
53	100
51	100
50	100
50	100
1156	100
17	100
13	100
749	100
53	100
52	100
53	100
51	100
50	100
54	100
1157	100
17	100
13	100
737	100
53	100
53	100
53	100
55	100
50	100
50	100
1156	100
17	100
13	100
746	100
54	100
53	100
56	100
54	100
50	100
50	100
1154	100
16	100
13	100
732	100
53	100
56	100
53	100
51	100
50	100
50	100
1153	100
17	100
13	100
744	100
53	100
56	100
53	100
51	100
50	100
50	100
1153	100
17	100
13	100
741	100
53	100
53	100
53	100
51	100
50	100
50	100
1153	100
17	100
13	100
737	100
53	100
52	100
53	100
51	100
50	100
51	100
1155	100
17	100
13	100
745	100
53	100
53	100
53	100
52	100
50	100
53	100
446	100
52	100
51	100
1377	100
53	100
53	100
53	100
52	100
53	100
51	100
1155	100
17	100
13	100
743	100
53	100
52	100
59	100
55	100
50	100
50	100
1153	100
16	100
13	100
737	100
53	100
56	100
53	100
62	100
50	100
50	100
1153	100
17	100
13	100
735	100
56	100
56	100
53	100
51	100
50	100
50	100
1153	100
17	100
13	100
739	100
53	100
52	100
52	100
51	100
50	100
50	100
1153	100
16	100
13	100
748	100
54	100
53	100
53	100
51	100
50	100
50	100
1206	100
36	100
47	100
710	100
73	100
70	100
69	100
69	100
76	100
65	100
70	100
1173	100
22	100
652	100
69	100
68	100
68	100
71	100
65	100
66	100
66	100
1172	100
22	100
661	100
69	100
68	100
73	100
67	100
69	100
66	100
66	100
1170	100
22	100
651	100
69	100
88	100
69	100
67	100
65	100
65	100
65	100
1171	100
22	100
647	100
73	100
68	100
73	100
67	100
65	100
65	100
65	100
1171	100
22	100
637	100
52	100
51	100
51	100
51	100
49	100
49	100
1153	100
17	100
13	100
755	100
52	100
52	100
51	100
50	100
49	100
49	100
1155	100
17	100
13	100
753	100
52	100
51	100
51	100
50	100
49	100
52	100
1152	100
48	100
13	100
727	100
52	100
51	100
52	100
71	100
51	100
51	100
1155	100
17	100
13	100
1169	100
51	100
50	100
56	100
50	100
48	100
48	100
1156	100
18	100
13	100
754	100
51	100
54	100
51	100
50	100
2081	100
54	100
51	100
50	100
48	100
51	100
52	100
1180	100
17	100
27	100
13	100
12	100
1077	100
17	100
13	100
12	100
34	100
1043	100
17	100
13	100
12	100
16	100
1061	100
17	100
13	100
13	100
12	100
1063	100
15	100
12	100
11	100
11	100
645	100
54	100
49	100
49	100
48	100
46	100
67	100
1162	100
15	100
11	100
736	100
49	100
48	100
48	100
48	100
46	100
66	100
1151	100
30	100
12	100
741	100
50	100
48	100
48	100
48	100
49	100
66	100
1152	100
15	100
11	100
866	100
18	100
12	100
57	100
53	100
52	100
47	100
1151	100
14	100
11	100
841	100
47	100
73	100
48	100
51	100
48	100
46	100
1148	100
14	100
11	100
838	100
48	100
48	100
51	100
1893	100
52	100
48	100
5352	100
102	100
66	100
70	100
64	100
69	100
105	100
62	100
63	100
110	100
1230	100
20	100
15	100
15	100
14	100
1082	100
19	100
15	100
14	100
15	100
2188	100
474	100
