0	100
433	100
450	100
461	100
452	100
447	100
448	100
449	100
461	100
379	100
381	100
379	100
381	100
375	100
377	100
380	100
380	100
378	100
380	100
379	100
378	100
385	100
375	100
380	100
377	100
379	100
377	100
382	100
378	100
388	100
382	100
373	100
378	100
381	100
378	100
378	100
378	100
378	100
377	100
384	100
377	100
378	100
377	100
377	100
377	100
381	100
379	100
377	100
380	100
374	100
382	100
381	100
378	100
378	100
378	100
394	100
426	100
382	100
371	100
375	100
374	100
376	100
374	100
377	100
386	100
361	100
377	100
371	100
374	100
378	100
375	100
387	100
368	100
374	100
374	100
380	100
370	100
374	100
373	100
374	100
374	100
376	100
375	100
373	100
378	100
369	100
374	100
376	100
375	100
374	100
374	100
374	100
374	100
381	100
371	100
374	100
374	100
374	100
374	100
376	100
374	100
374	100
377	100
383	100
364	100
377	100
375	100
374	100
374	100
375	100
373	100
380	100
371	100
373	100
375	100
373	100
374	100
376	100
374	100
373	100
376	100
371	100
374	100
377	100
374	100
374	100
374	100
374	100
373	100
379	100
371	100
374	100
374	100
373	100
374	100
387	100
576	100
281	100
377	100
367	100
378	100
375	100
375	100
378	100
371	100
374	100
380	100
377	100
372	100
374	100
375	100
374	100
380	100
374	100
374	100
375	100
421	100
360	100
396	100
392	100
392	100
392	100
393	100
392	100
396	100
395	100
389	100
363	100
374	100
375	100
377	100
375	100
375	100
386	100
378	100
372	100
378	100
376	100
374	100
375	100
374	100
374	100
379	100
380	100
370	100
374	100
374	100
375	100
378	100
374	100
375	100
374	100
377	100
371	100
378	100
374	100
374	100
376	100
381	100
367	100
377	100
377	100
372	100
374	100
374	100
374	100
377	100
374	100
374	100
375	100
376	100
371	100
378	100
374	100
374	100
374	100
374	100
374	100
378	100
376	100
373	100
374	100
386	100
363	100
377	100
375	100
375	100
374	100
377	100
371	100
399	100
354	100
375	100
376	100
375	100
374	100
383	100
376	100
371	100
374	100
373	100
376	100
378	100
374	100
374	100
373	100
374	100
374	100
377	100
374	100
374	100
374	100
375	100
373	100
377	100
374	100
374	100
375	100
374	100
374	100
377	100
374	100
389	100
361	100
374	100
377	100
374	100
373	100
374	100
373	100
374	100
378	100
373	100
375	100
373	100
374	100
373	100
376	100
385	100
376	100
374	100
371	100
372	100
374	100
373	100
371	100
372	100
372	100
372	100
374	100
372	100
371	100
379	100
365	100
377	100
371	100
371	100
372	100
371	100
372	100
372	100
374	100
372	100
371	100
371	100
372	100
371	100
375	100
371	100
372	100
372	100
371	100
372	100
385	100
372	100
371	100
373	100
372	100
371	100
376	100
371	100
371	100
372	100
375	100
369	100
374	100
372	100
375	100
385	100
372	100
372	100
376	100
398	100
346	100
372	100
371	100
371	100
380	100
372	100
371	100
372	100
372	100
372	100
375	100
372	100
371	100
372	100
372	100
374	100
375	100
372	100
371	100
372	100
372	100
372	100
375	100
376	100
373	100
367	100
375	100
371	100
375	100
400	100
339	100
372	100
371	100
373	100
375	100
372	100
371	100
373	100
372	100
372	100
374	100
373	100
371	100
372	100
373	100
370	100
375	100
373	100
372	100
372	100
372	100
372	100
374	100
371	100
371	100
372	100
372	100
372	100
377	100
372	100
372	100
371	100
372	100
375	100
372	100
373	100
372	100
372	100
372	100
378	100
372	100
372	100
372	100
372	100
372	100
375	100
371	100
372	100
372	100
379	100
365	100
375	100
372	100
372	100
372	100
372	100
372	100
379	100
372	100
372	100
374	100
372	100
375	100
371	100
372	100
372	100
371	100
372	100
372	100
375	100
371	100
376	100
368	100
371	100
372	100
374	100
372	100
372	100
371	100
372	100
375	100
371	100
379	100
367	100
372	100
372	100
372	100
374	100
372	100
380	100
364	100
372	100
383	100
374	100
371	100
372	100
371	100
372	100
386	100
371	100
372	100
371	100
373	100
372	100
371	100
383	100
363	100
382	100
369	100
371	100
372	100
375	100
372	100
372	100
376	100
369	100
374	100
373	100
372	100
372	100
372	100
372	100
372	100
375	100
385	100
363	100
369	100
372	100
372	100
375	100
372	100
372	100
373	100
372	100
375	100
375	100
371	100
372	100
372	100
372	100
372	100
375	100
372	100
375	100
369	100
372	100
373	100
375	100
372	100
372	100
372	100
371	100
374	100
372	100
371	100
373	100
372	100
374	100
374	100
372	100
372	100
375	100
369	100
372	100
1569	100
385	100
87	100
86	100
168	100
177	100
309	100
438	100
438	100
437	100
439	100
441	100
442	100
439	100
437	100
440	100
437	100
442	100
481	100
354	100
367	100
367	100
383	100
369	100
366	100
367	100
369	100
365	100
367	100
370	100
367	100
367	100
370	100
366	100
370	100
367	100
367	100
370	100
367	100
366	100
370	100
370	100
364	100
366	100
369	100
367	100
372	100
367	100
368	100
367	100
370	100
364	100
369	100
368	100
367	100
369	100
367	100
366	100
381	100
364	100
364	100
366	100
368	100
366	100
370	100
373	100
362	100
367	100
372	100
362	100
370	100
367	100
369	100
367	100
368	100
366	100
375	100
432	100
364	100
366	100
367	100
366	100
375	100
361	100
367	100
367	100
370	100
365	100
370	100
367	100
367	100
367	100
367	100
366	100
370	100
370	100
363	100
367	100
368	100
366	100
370	100
368	100
368	100
365	100
370	100
364	100
371	100
366	100
367	100
368	100
367	100
366	100
369	100
370	100
363	100
367	100
366	100
367	100
370	100
366	100
369	100
371	100
369	100
363	100
369	100
366	100
367	100
367	100
367	100
366	100
370	100
380	100
367	100
366	100
363	100
365	100
370	100
367	100
366	100
367	100
370	100
368	100
365	100
366	100
367	100
366	100
367	100
367	100
370	100
371	100
364	100
366	100
400	100
366	100
373	100
363	100
367	100
367	100
370	100
366	100
367	100
368	100
366	100
368	100
368	100
370	100
367	100
370	100
364	100
367	100
367	100
369	100
367	100
367	100
368	100
367	100
370	100
367	100
367	100
366	100
368	100
366	100
367	100
369	100
367	100
373	100
364	100
366	100
367	100
372	100
367	100
366	100
367	100
367	100
371	100
367	100
369	100
366	100
367	100
366	100
367	100
370	100
367	100
370	100
364	100
367	100
368	100
370	100
366	100
368	100
366	100
366	100
370	100
367	100
367	100
366	100
367	100
390	100
346	100
371	100
367	100
370	100
364	100
367	100
367	100
370	100
367	100
366	100
409	100
366	100
372	100
365	100
367	100
367	100
366	100
367	100
367	100
369	100
367	100
370	100
364	100
366	100
367	100
376	100
367	100
366	100
367	100
366	100
370	100
367	100
370	100
366	100
370	100
364	100
367	100
370	100
367	100
369	100
364	100
366	100
367	100
371	100
366	100
366	100
367	100
366	100
370	100
367	100
367	100
366	100
367	100
367	100
369	100
371	100
367	100
373	100
359	100
366	100
367	100
370	100
367	100
367	100
367	100
369	100
372	100
364	100
367	100
366	100
367	100
366	100
369	100
366	100
367	100
377	100
359	100
366	100
380	100
370	100
354	100
366	100
367	100
367	100
374	100
363	100
372	100
367	100
367	100
366	100
369	100
367	100
366	100
369	100
364	100
367	100
369	100
369	100
367	100
366	100
367	100
366	100
373	100
364	100
366	100
367	100
367	100
367	100
371	100
367	100
367	100
370	100
364	100
366	100
370	100
367	100
367	100
367	100
367	100
368	100
372	100
364	100
367	100
367	100
367	100
366	100
369	100
368	100
366	100
369	100
366	100
366	100
375	100
361	100
366	100
367	100
366	100
366	100
374	100
364	100
366	100
368	100
367	100
367	100
370	100
367	100
2387	100
1535	100
48	100
42	100
41	100
42	100
54	100
41	100
41	100
40	100
41	100
142	100
361	100
367	100
366	100
366	100
381	100
370	100
363	100
367	100
366	100
367	100
370	100
367	100
367	100
367	100
370	100
366	100
369	100
368	100
367	100
366	100
367	100
368	100
369	100
371	100
364	100
367	100
370	100
368	100
370	100
367	100
367	100
367	100
371	100
363	100
370	100
367	100
367	100
369	100
367	100
370	100
367	100
370	100
363	100
367	100
367	100
370	100
367	100
366	100
368	100
367	100
369	100
372	100
367	100
367	100
367	100
367	100
366	100
370	100
367	100
372	100
363	100
367	100
366	100
372	100
367	100
367	100
367	100
367	100
370	100
382	100
354	100
367	100
367	100
367	100
367	100
370	100
368	100
382	100
351	100
4270	100
718	100
107	100
31	100
31	100
7829	100
200	100
163	100
166	100
168	100
165	100
167	100
166	100
168	100
167	100
168	100
166	100
168	100
167	100
168	100
165	100
167	100
167	100
167	100
167	100
167	100
168	100
168	100
166	100
167	100
166	100
168	100
166	100
232	100
137	100
164	100
165	100
165	100
165	100
166	100
165	100
166	100
166	100
166	100
164	100
166	100
165	100
166	100
165	100
166	100
165	100
172	100
159	100
165	100
165	100
165	100
167	100
165	100
166	100
165	100
266	100
275	100
346	100
362	100
355	100
359	100
358	100
372	100
363	100
358	100
358	100
360	100
361	100
356	100
361	100
358	100
358	100
358	100
389	100
339	100
362	100
359	100
359	100
359	100
358	100
361	100
359	100
359	100
368	100
374	100
345	100
362	100
359	100
358	100
358	100
359	100
358	100
361	100
359	100
359	100
358	100
360	100
358	100
362	100
359	100
359	100
358	100
359	100
359	100
361	100
358	100
359	100
359	100
358	100
363	100
357	100
364	100
359	100
361	100
359	100
357	100
362	100
359	100
361	100
358	100
359	100
359	100
361	100
359	100
359	100
358	100
359	100
358	100
362	100
360	100
359	100
358	100
358	100
358	100
361	100
359	100
358	100
358	100
359	100
359	100
362	100
358	100
359	100
359	100
358	100
358	100
363	100
359	100
359	100
358	100
359	100
361	100
365	100
359	100
359	100
359	100
360	100
357	100
361	100
358	100
360	100
357	100
361	100
360	100
361	100
358	100
359	100
358	100
358	100
359	100
361	100
384	100
334	100
386	100
343	100
356	100
361	100
359	100
359	100
359	100
358	100
358	100
362	100
361	100
425	100
291	100
359	100
365	100
356	100
359	100
359	100
359	100
361	100
356	100
362	100
358	100
365	100
359	100
359	100
358	100
361	100
361	100
356	100
359	100
358	100
361	100
359	100
361	100
359	100
359	100
362	100
359	100
359	100
359	100
359	100
359	100
359	100
361	100
362	100
361	100
356	100
358	100
358	100
362	100
359	100
358	100
359	100
364	100
356	100
361	100
359	100
358	100
358	100
358	100
359	100
361	100
359	100
362	100
356	100
362	100
361	100
361	100
359	100
358	100
358	100
359	100
363	100
357	100
359	100
359	100
358	100
361	100
359	100
362	100
359	100
361	100
356	100
359	100
359	100
361	100
358	100
360	100
373	100
359	100
359	100
361	100
359	100
359	100
359	100
358	100
360	100
361	100
359	100
372	100
358	100
359	100
359	100
362	100
359	100
358	100
359	100
358	100
359	100
361	100
375	100
344	100
359	100
358	100
358	100
362	100
359	100
359	100
358	100
359	100
359	100
363	100
358	100
358	100
359	100
360	100
358	100
361	100
359	100
358	100
358	100
359	100
360	100
362	100
359	100
358	100
358	100
358	100
359	100
363	100
359	100
358	100
359	100
358	100
361	100
361	100
359	100
359	100
359	100
359	100
359	100
365	100
356	100
358	100
358	100
359	100
358	100
362	100
358	100
359	100
358	100
359	100
365	100
359	100
358	100
359	100
361	100
357	100
361	100
359	100
358	100
359	100
358	100
359	100
361	100
359	100
358	100
361	100
362	100
356	100
362	100
359	100
358	100
359	100
359	100
358	100
361	100
362	100
356	100
359	100
358	100
358	100
361	100
359	100
359	100
358	100
362	100
355	100
361	100
371	100
351	100
358	100
359	100
358	100
362	100
362	100
354	100
359	100
358	100
358	100
385	100
524	100
326	100
373	100
380	100
365	100
378	100
372	100
372	100
373	100
371	100
380	100
371	100
377	100
367	100
373	100
371	100
372	100
376	100
372	100
371	100
372	100
378	100
367	100
375	100
372	100
372	100
372	100
371	100
371	100
375	100
375	100
391	100
344	100
359	100
359	100
362	100
359	100
359	100
362	100
359	100
356	100
361	100
375	100
348	100
359	100
359	100
359	100
362	100
362	100
356	100
359	100
358	100
359	100
368	100
354	100
358	100
359	100
365	100
354	100
361	100
359	100
359	100
359	100
358	100
360	100
363	100
362	100
356	100
359	100
359	100
359	100
363	100
359	100
359	100
359	100
362	100
360	100
358	100
359	100
358	100
359	100
358	100
362	100
358	100
362	100
355	100
359	100
359	100
361	100
359	100
359	100
359	100
358	100
363	100
369	100
348	100
359	100
358	100
362	100
358	100
362	100
359	100
363	100
356	100
359	100
359	100
361	100
358	100
359	100
360	100
358	100
362	100
359	100
358	100
359	100
359	100
359	100
358	100
362	100
358	100
363	100
356	100
359	100
359	100
362	100
358	100
358	100
359	100
359	100
361	100
363	100
375	100
359	100
352	100
358	100
358	100
361	100
359	100
364	100
353	100
359	100
359	100
367	100
363	100
359	100
358	100
358	100
361	100
359	100
358	100
358	100
358	100
358	100
365	100
358	100
358	100
361	100
355	100
358	100
358	100
361	100
1536	100
669	100
39	100
31	100
31	100
63	100
284	100
356	100
359	100
358	100
359	100
362	100
362	100
355	100
372	100
358	100
360	100
361	100
358	100
359	100
359	100
419	100
300	100
361	100
359	100
369	100
349	100
359	100
359	100
362	100
369	100
349	100
359	100
359	100
359	100
361	100
388	100
335	100
367	100
351	100
359	100
362	100
359	100
364	100
368	100
346	100
361	100
360	100
360	100
359	100
359	100
359	100
362	100
359	100
359	100
359	100
359	100
359	100
361	100
361	100
358	100
360	100
358	100
359	100
361	100
359	100
359	100
359	100
359	100
359	100
365	100
359	100
359	100
359	100
359	100
359	100
362	100
363	100
377	100
341	100
358	100
359	100
362	100
359	100
359	100
358	100
359	100
359	100
361	100
359	100
358	100
358	100
360	100
359	100
361	100
359	100
359	100
358	100
359	100
358	100
362	100
359	100
359	100
360	100
359	100
359	100
362	100
359	100
359	100
359	100
359	100
359	100
361	100
359	100
374	100
359	100
407	100
325	100
361	100
359	100
360	100
358	100
359	100
358	100
362	100
363	100
359	100
358	100
359	100
359	100
361	100
359	100
359	100
358	100
359	100
358	100
373	100
349	100
360	100
359	100
360	100
358	100
366	100
359	100
359	100
359	100
387	100
1619	100
365	100
360	100
360	100
359	100
359	100
359	100
366	100
358	100
359	100
358	100
359	100
359	100
362	100
359	100
359	100
362	100
356	100
361	100
361	100
359	100
359	100
359	100
359	100
361	100
362	100
356	100
359	100
358	100
359	100
363	100
359	100
358	100
360	100
361	100
356	100
361	100
359	100
359	100
359	100
359	100
370	100
357	100
359	100
358	100
359	100
359	100
359	100
362	100
358	100
358	100
358	100
369	100
351	100
362	100
360	100
358	100
358	100
359	100
359	100
361	100
360	100
358	100
359	100
360	100
359	100
362	100
359	100
359	100
359	100
359	100
359	100
361	100
359	100
359	100
360	100
358	100
359	100
362	100
365	100
353	100
359	100
359	100
359	100
362	100
359	100
362	100
358	100
3557	100
161	100
1640	100
38	100
30	100
30	100
30	100
30	100
30	100
30	100
30	100
30	100
1845	100
342	100
49	100
1100	100
34	100
30	100
30	100
30	100
33	100
30	100
2315	100
339	100
47	100
1934	100
36	100
35	100
31	100
30	100
30	100
30	100
30	100
30	100
29	100
30	100
30	100
55	100
258	100
268	100
351	100
364	100
359	100
359	100
362	100
359	100
359	100
359	100
362	100
503	100
286	100
356	100
365	100
358	100
359	100
359	100
362	100
361	100
356	100
358	100
359	100
362	100
358	100
369	100
365	100
359	100
365	100
356	100
358	100
360	100
359	100
359	100
359	100
362	100
365	100
356	100
356	100
359	100
359	100
363	100
359	100
359	100
359	100
359	100
362	100
359	100
360	100
359	100
360	100
358	100
359	100
365	100
359	100
362	100
356	100
359	100
359	100
365	100
358	100
359	100
385	100
344	100
357	100
363	100
359	100
360	100
358	100
359	100
360	100
362	100
361	100
356	100
359	100
359	100
359	100
362	100
359	100
358	100
359	100
363	100
356	100
361	100
359	100
359	100
415	100
303	100
359	100
361	100
362	100
356	100
361	100
359	100
359	100
361	100
359	100
358	100
359	100
361	100
356	100
394	100
326	100
360	100
359	100
358	100
359	100
361	100
363	100
355	100
359	100
358	100
359	100
362	100
361	100
359	100
359	100
361	100
356	100
361	100
359	100
359	100
359	100
359	100
358	100
380	100
362	100
356	100
358	100
359	100
359	100
362	100
359	100
1803	100
36	100
30	100
4137	100
35	100
30	100
30	100
39	100
163	100
164	100
164	100
164	100
164	100
164	100
164	100
2873	100
66	100
44	100
43	100
42	100
40	100
114	100
160	100
168	100
163	100
167	100
163	100
166	100
165	100
163	100
174	100
284	100
366	100
375	100
386	100
356	100
371	100
371	100
371	100
375	100
371	100
371	100
371	100
383	100
366	100
396	100
452	100
369	100
371	100
371	100
380	100
368	100
375	100
367	100
373	100
369	100
343	100
363	100
364	100
368	100
368	100
369	100
355	100
362	100
358	100
358	100
359	100
374	100
356	100
360	100
359	100
355	100
425	100
354	100
356	100
359	100
356	100
356	100
358	100
359	100
353	100
359	100
356	100
356	100
356	100
357	100
356	100
379	100
340	100
355	100
356	100
357	100
357	100
360	100
357	100
356	100
357	100
359	100
354	100
363	100
358	100
357	100
357	100
357	100
357	100
359	100
360	100
354	100
356	100
356	100
357	100
360	100
363	100
350	100
357	100
360	100
353	100
360	100
357	100
361	100
353	100
356	100
374	100
344	100
360	100
354	100
356	100
357	100
360	100
357	100
361	100
357	100
357	100
360	100
358	100
356	100
357	100
356	100
357	100
356	100
360	100
356	100
359	100
353	100
356	100
357	100
359	100
356	100
357	100
356	100
356	100
359	100
356	100
356	100
357	100
356	100
358	100
356	100
360	100
356	100
359	100
353	100
356	100
356	100
359	100
357	100
357	100
357	100
357	100
359	100
356	100
357	100
357	100
357	100
356	100
356	100
360	100
356	100
361	100
358	100
357	100
356	100
360	100
356	100
357	100
357	100
357	100
359	100
356	100
357	100
359	100
357	100
357	100
356	100
360	100
357	100
360	100
354	100
357	100
357	100
359	100
359	100
356	100
356	100
357	100
360	100
356	100
357	100
357	100
357	100
357	100
488	100
363	100
357	100
362	100
352	100
356	100
357	100
361	100
357	100
357	100
357	100
357	100
362	100
357	100
357	100
356	100
357	100
357	100
357	100
359	100
357	100
360	100
354	100
357	100
357	100
359	100
356	100
357	100
356	100
357	100
359	100
357	100
356	100
356	100
358	100
357	100
359	100
357	100
357	100
359	100
354	100
356	100
359	100
357	100
356	100
358	100
357	100
357	100
362	100
354	100
356	100
356	100
357	100
356	100
359	100
356	100
368	100
350	100
353	100
356	100
359	100
357	100
356	100
357	100
356	100
357	100
366	100
353	100
357	100
356	100
357	100
356	100
359	100
357	100
356	100
360	100
353	100
357	100
360	100
358	100
356	100
356	100
357	100
357	100
368	100
348	100
357	100
356	100
356	100
357	100
362	100
357	100
356	100
360	100
354	100
356	100
370	100
347	100
356	100
357	100
357	100
358	100
363	100
353	100
356	100
356	100
357	100
356	100
359	100
357	100
356	100
360	100
365	100
356	100
360	100
356	100
356	100
357	100
356	100
356	100
362	100
353	100
356	100
361	100
441	100
322	100
361	100
357	100
357	100
360	100
354	100
357	100
360	100
357	100
385	100
361	100
369	100
369	100
377	100
366	100
368	100
369	100
368	100
369	100
373	100
410	100
339	100
360	100
354	100
357	100
362	100
357	100
357	100
356	100
357	100
356	100
383	100
339	100
357	100
357	100
357	100
358	100
360	100
356	100
356	100
362	100
352	100
360	100
358	100
356	100
357	100
357	100
356	100
360	100
360	100
353	100
356	100
357	100
357	100
366	100
356	100
356	100
357	100
360	100
354	100
359	100
357	100
356	100
356	100
357	100
358	100
359	100
359	100
354	100
363	100
350	100
356	100
359	100
356	100
357	100
357	100
361	100
353	100
359	100
357	100
356	100
376	100
341	100
356	100
363	100
386	100
329	100
365	100
356	100
356	100
360	100
357	100
357	100
358	100
354	100
357	100
359	100
359	100
373	100
340	100
357	100
352	100
359	100
357	100
356	100
357	100
357	100
356	100
361	100
359	100
356	100
356	100
356	100
357	100
360	100
356	100
357	100
357	100
357	100
357	100
359	100
359	100
356	100
356	100
357	100
357	100
360	100
356	100
356	100
357	100
357	100
356	100
361	100
356	100
356	100
357	100
356	100
356	100
360	100
356	100
356	100
357	100
356	100
358	100
359	100
357	100
357	100
356	100
367	100
355	100
360	100
357	100
357	100
357	100
372	100
358	100
358	100
357	100
356	100
356	100
356	100
357	100
360	100
357	100
356	100
363	100
352	100
359	100
356	100
357	100
356	100
356	100
356	100
359	100
356	100
357	100
356	100
358	100
356	100
359	100
357	100
356	100
356	100
356	100
357	100
359	100
356	100
356	100
359	100
356	100
356	100
360	100
357	100
357	100
356	100
356	100
357	100
360	100
357	100
358	100
356	100
356	100
381	100
1564	100
359	100
358	100
357	100
359	100
356	100
360	100
360	100
353	100
356	100
362	100
353	100
360	100
356	100
357	100
363	100
356	100
353	100
364	100
352	100
361	100
375	100
596	100
4622	100
217	100
1212	100
28	100
27	100
35	100
27	100
28	100
28	100
2898	100
171	100
165	100
166	100
167	100
165	100
166	100
165	100
165	100
192	100
165	100
165	100
165	100
165	100
165	100
165	100
165	100
167	100
165	100
166	100
165	100
225	100
364	100
357	100
357	100
360	100
354	100
357	100
360	100
356	100
357	100
357	100
356	100
357	100
367	100
354	100
357	100
356	100
357	100
357	100
360	100
356	100
357	100
359	100
354	100
359	100
360	100
357	100
357	100
357	100
357	100
357	100
364	100
352	100
357	100
357	100
358	100
360	100
358	100
356	100
356	100
360	100
354	100
359	100
357	100
357	100
357	100
358	100
356	100
359	100
360	100
354	100
357	100
356	100
356	100
360	100
357	100
356	100
360	100
360	100
354	100
360	100
357	100
356	100
357	100
361	100
356	100
359	100
360	100
359	100
353	100
356	100
356	100
360	100
357	100
357	100
356	100
359	100
354	100
392	100
323	100
357	100
356	100
356	100
357	100
360	100
359	100
354	100
357	100
356	100
356	100
360	100
359	100
356	100
357	100
359	100
354	100
361	100
357	100
357	100
357	100
408	100
310	100
362	100
360	100
353	100
357	100
357	100
362	100
354	100
357	100
356	100
357	100
359	100
355	100
360	100
357	100
356	100
357	100
356	100
357	100
359	100
360	100
354	100
357	100
367	100
357	100
360	100
356	100
356	100
357	100
359	100
354	100
362	100
354	100
356	100
361	100
492	100
351	100
375	100
370	100
369	100
370	100
369	100
369	100
373	100
370	100
372	100
368	100
370	100
369	100
376	100
366	100
369	100
369	100
369	100
369	100
373	100
355	100
356	100
357	100
356	100
360	100
357	100
356	100
357	100
358	100
357	100
360	100
357	100
357	100
356	100
357	100
357	100
360	100
357	100
357	100
357	100
357	100
357	100
360	100
357	100
357	100
357	100
356	100
357	100
360	100
356	100
357	100
357	100
357	100
368	100
360	100
357	100
357	100
356	100
356	100
357	100
360	100
357	100
356	100
357	100
372	100
343	100
359	100
357	100
357	100
356	100
356	100
356	100
364	100
357	100
357	100
560	100
210	100
311	100
357	100
356	100
356	100
357	100
362	100
351	100
360	100
356	100
356	100
359	100
357	100
356	100
360	100
360	100
353	100
357	100
357	100
357	100
359	100
357	100
358	100
357	100
361	100
353	100
360	100
357	100
357	100
357	100
356	100
357	100
359	100
361	100
353	100
357	100
356	100
357	100
360	100
357	100
357	100
357	100
360	100
354	100
372	100
357	100
357	100
357	100
357	100
358	100
359	100
370	100
344	100
356	100
356	100
372	100
346	100
356	100
356	100
357	100
360	100
353	100
360	100
357	100
357	100
356	100
357	100
358	100
360	100
360	100
354	100
357	100
357	100
357	100
361	100
357	100
357	100
357	100
362	100
356	100
357	100
357	100
357	100
357	100
357	100
360	100
356	100
361	100
352	100
358	100
357	100
360	100
356	100
356	100
356	100
358	100
358	100
356	100
356	100
356	100
4353	100
1011	100
42	100
37	100
36	100
37	100
37	100
36	100
101	100
166	100
165	100
168	100
165	100
169	100
165	100
169	100
165	100
169	100
165	100
169	100
164	100
187	100
327	100
353	100
356	100
356	100
357	100
359	100
356	100
360	100
353	100
356	100
357	100
360	100
358	100
356	100
357	100
356	100
363	100
353	100
356	100
357	100
357	100
357	100
357	100
363	100
356	100
360	100
353	100
357	100
357	100
359	100
357	100
356	100
356	100
356	100
361	100
357	100
357	100
357	100
357	100
357	100
357	100
359	100
356	100
360	100
354	100
362	100
356	100
362	100
356	100
356	100
356	100
357	100
360	100
356	100
357	100
356	100
356	100
359	100
357	100
363	100
356	100
361	100
353	100
357	100
364	100
352	100
356	100
357	100
359	100
358	100
358	100
356	100
356	100
358	100
356	100
356	100
357	100
359	100
356	100
362	100
353	100
356	100
359	100
356	100
356	100
356	100
357	100
356	100
363	100
353	100
359	100
356	100
356	100
357	100
359	100
356	100
356	100
359	100
353	100
356	100
359	100
358	100
356	100
356	100
356	100
356	100
362	100
353	100
356	100
356	100
356	100
356	100
371	100
345	100
356	100
359	100
353	100
356	100
360	100
357	100
356	100
358	100
356	100
356	100
365	100
353	100
356	100
357	100
356	100
356	100
361	100
357	100
356	100
359	100
354	100
358	100
359	100
357	100
356	100
356	100
356	100
356	100
362	100
354	100
356	100
356	100
359	100
356	100
359	100
356	100
356	100
359	100
353	100
356	100
359	100
357	100
356	100
359	100
356	100
356	100
362	100
354	100
357	100
356	100
362	100
357	100
360	100
357	100
361	100
359	100
354	100
357	100
359	100
359	100
357	100
357	100
357	100
357	100
363	100
354	100
358	100
356	100
357	100
357	100
360	100
356	100
357	100
360	100
354	100
356	100
360	100
358	100
357	100
357	100
356	100
357	100
366	100
350	100
359	100
354	100
356	100
356	100
361	100
357	100
356	100
359	100
353	100
359	100
356	100
358	100
355	100
356	100
357	100
364	100
359	100
353	100
356	100
357	100
356	100
360	100
356	100
356	100
356	100
359	100
356	100
359	100
356	100
357	100
356	100
357	100
357	100
360	100
372	100
341	100
356	100
363	100
352	100
359	100
356	100
357	100
357	100
356	100
356	100
364	100
356	100
356	100
356	100
359	100
356	100
360	100
357	100
356	100
357	100
357	100
356	100
360	100
356	100
357	100
359	100
357	100
355	100
359	100
357	100
357	100
356	100
356	100
356	100
359	100
357	100
357	100
357	100
356	100
356	100
360	100
356	100
357	100
356	100
357	100
356	100
359	100
357	100
357	100
356	100
357	100
356	100
359	100
357	100
356	100
356	100
357	100
356	100
366	100
361	100
356	100
357	100
357	100
356	100
360	100
356	100
357	100
357	100
357	100
360	100
367	100
351	100
356	100
356	100
366	100
358	100
361	100
356	100
357	100
1141	100
182	100
158	100
164	100
175	100
333	100
348	100
356	100
360	100
356	100
357	100
357	100
357	100
359	100
357	100
359	100
356	100
360	100
354	100
356	100
361	100
355	100
356	100
356	100
358	100
356	100
362	100
354	100
356	100
357	100
357	100
356	100
362	100
354	100
357	100
361	100
353	100
358	100
358	100
357	100
356	100
357	100
356	100
356	100
362	100
359	100
362	100
347	100
356	100
357	100
360	100
356	100
357	100
360	100
353	100
357	100
359	100
357	100
357	100
356	100
357	100
357	100
363	100
353	100
357	100
356	100
357	100
357	100
361	100
358	100
357	100
360	100
354	100
357	100
360	100
357	100
356	100
356	100
356	100
357	100
362	100
356	100
356	100
474	100
244	100
356	100
359	100
360	100
353	100
356	100
357	100
358	100
359	100
356	100
357	100
356	100
2418	100
188	100
161	100
167	100
160	100
169	100
163	100
170	100
162	100
170	100
162	100
220	100
352	100
355	100
360	100
356	100
357	100
369	100
349	100
357	100
364	100
358	100
359	100
368	100
347	100
463	100
340	100
356	100
362	100
358	100
371	100
358	100
397	100
321	100
358	100
356	100
356	100
357	100
360	100
362	100
350	100
356	100
357	100
356	100
360	100
751	100
193	100
230	100
264	100
347	100
359	100
358	100
360	100
3932	100
847	100
163	100
171	100
164	100
169	100
165	100
167	100
164	100
166	100
167	100
167	100
166	100
166	100
166	100
510	100
415	100
415	100
418	100
413	100
412	100
413	100
418	100
1551	100
420	100
415	100
413	100
413	100
413	100
419	100
435	100
415	100
413	100
413	100
410	100
414	100
415	100
412	100
412	100
410	100
414	100
426	100
413	100
411	100
410	100
410	100
412	100
411	100
414	100
414	100
414	100
428	100
343	100
353	100
358	100
355	100
355	100
356	100
352	100
354	100
357	100
355	100
356	100
354	100
355	100
354	100
361	100
353	100
354	100
354	100
355	100
354	100
359	100
360	100
351	100
357	100
352	100
354	100
358	100
354	100
354	100
355	100
354	100
354	100
360	100
354	100
354	100
353	100
354	100
354	100
358	100
354	100
354	100
357	100
352	100
354	100
359	100
355	100
354	100
354	100
354	100
354	100
360	100
351	100
355	100
355	100
354	100
355	100
357	100
355	100
354	100
357	100
352	100
357	100
355	100
354	100
354	100
356	100
367	100
347	100
357	100
352	100
354	100
354	100
354	100
357	100
354	100
355	100
355	100
357	100
353	100
356	100
354	100
354	100
354	100
354	100
354	100
357	100
357	100
352	100
355	100
355	100
354	100
358	100
354	100
354	100
354	100
356	100
352	100
369	100
343	100
354	100
357	100
354	100
354	100
362	100
357	100
352	100
354	100
357	100
354	100
361	100
355	100
365	100
344	100
356	100
352	100
357	100
363	100
356	100
355	100
354	100
355	100
357	100
357	100
354	100
354	100
354	100
354	100
357	100
355	100
354	100
355	100
356	100
351	100
357	100
357	100
361	100
348	100
354	100
354	100
357	100
357	100
351	100
354	100
354	100
354	100
359	100
354	100
354	100
354	100
357	100
352	100
357	100
354	100
354	100
354	100
354	100
370	100
343	100
357	100
351	100
354	100
354	100
355	100
357	100
354	100
354	100
356	100
358	100
354	100
358	100
355	100
354	100
355	100
354	100
354	100
357	100
357	100
351	100
354	100
356	100
354	100
357	100
354	100
354	100
354	100
357	100
355	100
354	100
354	100
354	100
355	100
354	100
357	100
354	100
358	100
351	100
354	100
354	100
357	100
353	100
355	100
366	100
344	100
358	100
353	100
354	100
355	100
354	100
354	100
353	100
357	100
355	100
357	100
352	100
354	100
354	100
357	100
354	100
354	100
354	100
354	100
357	100
355	100
354	100
355	100
354	100
354	100
354	100
357	100
354	100
357	100
351	100
354	100
354	100
357	100
355	100
354	100
354	100
354	100
357	100
354	100
354	100
354	100
357	100
354	100
354	100
366	100
345	100
361	100
349	100
354	100
354	100
357	100
354	100
355	100
354	100
354	100
357	100
357	100
353	100
354	100
354	100
354	100
354	100
357	100
354	100
357	100
351	100
354	100
355	100
359	100
354	100
354	100
354	100
354	100
357	100
354	100
354	100
354	100
354	100
355	100
354	100
357	100
354	100
357	100
351	100
355	100
354	100
357	100
354	100
354	100
354	100
356	100
357	100
357	100
354	100
354	100
354	100
354	100
354	100
357	100
354	100
361	100
350	100
354	100
354	100
358	100
354	100
354	100
350	100
353	100
360	100
351	100
354	100
356	100
354	100
372	100
488	100
356	100
355	100
354	100
354	100
355	100
357	100
354	100
356	100
354	100
354	100
354	100
357	100
354	100
354	100
354	100
354	100
354	100
357	100
357	100
354	100
355	100
354	100
354	100
358	100
354	100
354	100
354	100
354	100
355	100
363	100
377	100
354	100
355	100
354	100
354	100
358	100
355	100
354	100
355	100
354	100
355	100
359	100
354	100
355	100
354	100
354	100
354	100
357	100
354	100
354	100
354	100
354	100
357	100
357	100
354	100
354	100
355	100
354	100
354	100
357	100
354	100
354	100
354	100
356	100
354	100
358	100
355	100
352	100
354	100
354	100
354	100
358	100
354	100
354	100
360	100
354	100
354	100
357	100
354	100
354	100
355	100
354	100
354	100
357	100
355	100
354	100
357	100
354	100
354	100
357	100
354	100
353	100
355	100
354	100
354	100
357	100
354	100
356	100
354	100
354	100
355	100
357	100
354	100
354	100
355	100
354	100
354	100
357	100
356	100
354	100
359	100
348	100
354	100
359	100
354	100
354	100
354	100
354	100
354	100
369	100
354	100
354	100
354	100
354	100
358	100
354	100
354	100
354	100
355	100
354	100
357	100
356	100
354	100
354	100
354	100
354	100
358	100
354	100
354	100
354	100
354	100
354	100
358	100
354	100
355	100
357	100
351	100
354	100
357	100
354	100
354	100
354	100
354	100
357	100
364	100
351	100
354	100
354	100
354	100
354	100
357	100
354	100
354	100
357	100
356	100
354	100
357	100
354	100
354	100
354	100
354	100
354	100
360	100
351	100
354	100
354	100
357	100
354	100
357	100
355	100
355	100
357	100
351	100
354	100
357	100
354	100
354	100
358	100
354	100
354	100
361	100
351	100
354	100
354	100
354	100
354	100
359	100
354	100
356	100
356	100
351	100
355	100
357	100
354	100
354	100
354	100
356	100
355	100
360	100
356	100
354	100
355	100
353	100
354	100
357	100
354	100
355	100
357	100
351	100
354	100
357	100
357	100
354	100
354	100
354	100
355	100
361	100
351	100
354	100
354	100
354	100
354	100
360	100
354	100
354	100
357	100
351	100
354	100
357	100
354	100
354	100
354	100
354	100
356	100
360	100
351	100
354	100
354	100
354	100
357	100
354	100
354	100
354	100
357	100
355	100
366	100
354	100
355	100
354	100
354	100
354	100
357	100
359	100
350	100
354	100
354	100
356	100
356	100
354	100
354	100
354	100
357	100
351	100
357	100
354	100
354	100
354	100
356	100
353	100
359	100
357	100
351	100
354	100
354	100
354	100
356	100
354	100
356	100
355	100
356	100
351	100
357	100
354	100
354	100
354	100
354	100
354	100
357	100
357	100
582	100
207	100
291	100
341	100
357	100
355	100
354	100
354	100
357	100
351	100
357	100
354	100
356	100
354	100
354	100
354	100
357	100
357	100
351	100
354	100
354	100
354	100
358	100
357	100
354	100
354	100
358	100
350	100
357	100
354	100
354	100
354	100
354	100
354	100
359	100
356	100
351	100
354	100
354	100
354	100
361	100
354	100
354	100
354	100
362	100
347	100
361	100
354	100
362	100
346	100
354	100
354	100
357	100
361	100
348	100
353	100
354	100
356	100
359	100
352	100
354	100
354	100
357	100
351	100
359	100
354	100
355	100
354	100
355	100
354	100
358	100
357	100
351	100
355	100
354	100
357	100
355	100
354	100
354	100
355	100
357	100
354	100
354	100
354	100
354	100
354	100
354	100
357	100
354	100
357	100
361	100
346	100
354	100
357	100
354	100
354	100
354	100
354	100
354	100
359	100
355	100
354	100
355	100
359	100
349	100
357	100
355	100
354	100
354	100
355	100
354	100
357	100
354	100
356	100
355	100
354	100
355	100
357	100
354	100
354	100
354	100
354	100
354	100
358	100
356	100
354	100
354	100
354	100
354	100
358	100
354	100
354	100
354	100
367	100
350	100
374	100
346	100
354	100
354	100
354	100
354	100
360	100
354	100
354	100
354	100
354	100
354	100
358	100
354	100
354	100
354	100
354	100
354	100
357	100
354	100
354	100
354	100
354	100
356	100
357	100
355	100
354	100
354	100
354	100
354	100
357	100
354	100
354	100
354	100
355	100
355	100
357	100
354	100
354	100
354	100
354	100
354	100
357	100
354	100
354	100
369	100
340	100
354	100
357	100
354	100
354	100
354	100
354	100
355	100
358	100
353	100
354	100
356	100
354	100
356	100
356	100
354	100
354	100
353	100
354	100
354	100
357	100
354	100
356	100
355	100
354	100
358	100
354	100
354	100
354	100
354	100
354	100
357	100
508	100
272	100
352	100
354	100
354	100
361	100
354	100
356	100
355	100
352	100
354	100
359	100
357	100
354	100
354	100
354	100
355	100
357	100
354	100
354	100
354	100
354	100
354	100
368	100
346	100
354	100
354	100
354	100
354	100
357	100
355	100
354	100
354	100
355	100
354	100
359	100
354	100
354	100
538	100
236	100
297	100
352	100
354	100
354	100
354	100
354	100
361	100
354	100
354	100
354	100
354	100
354	100
354	100
357	100
354	100
358	100
351	100
356	100
354	100
357	100
354	100
354	100
354	100
354	100
357	100
354	100
354	100
354	100
360	100
349	100
354	100
358	100
354	100
357	100
352	100
354	100
354	100
357	100
354	100
354	100
357	100
354	100
359	100
353	100
354	100
354	100
354	100
354	100
354	100
357	100
355	100
359	100
351	100
354	100
356	100
358	100
355	100
354	100
354	100
354	100
358	100
354	100
355	100
354	100
354	100
354	100
354	100
357	100
355	100
357	100
351	100
354	100
354	100
357	100
356	100
354	100
354	100
355	100
359	100
351	100
354	100
354	100
356	100
353	100
357	100
355	100
354	100
358	100
351	100
354	100
358	100
354	100
354	100
353	100
354	100
354	100
361	100
351	100
354	100
355	100
354	100
354	100
357	100
354	100
354	100
357	100
351	100
364	100
357	100
354	100
354	100
354	100
355	100
354	100
364	100
351	100
354	100
354	100
354	100
355	100
357	100
354	100
354	100
359	100
349	100
354	100
357	100
354	100
354	100
354	100
355	100
354	100
361	100
351	100
354	100
354	100
354	100
354	100
359	100
354	100
355	100
359	100
352	100
364	100
347	100
354	100
354	100
355	100
354	100
354	100
364	100
351	100
359	100
354	100
354	100
354	100
358	100
354	100
354	100
357	100
351	100
354	100
357	100
355	100
356	100
353	100
354	100
354	100
361	100
351	100
354	100
354	100
354	100
354	100
357	100
356	100
355	100
357	100
351	100
354	100
357	100
354	100
354	100
354	100
354	100
354	100
361	100
351	100
354	100
354	100
354	100
354	100
358	100
354	100
354	100
357	100
351	100
359	100
357	100
354	100
354	100
354	100
354	100
357	100
357	100
352	100
354	100
354	100
354	100
359	100
354	100
354	100
354	100
357	100
352	100
357	100
354	100
354	100
356	100
353	100
355	100
358	100
366	100
343	100
355	100
354	100
354	100
357	100
354	100
354	100
354	100
359	100
351	100
357	100
354	100
354	100
354	100
354	100
354	100
357	100
358	100
351	100
364	100
355	100
353	100
357	100
355	100
354	100
354	100
358	100
351	100
357	100
354	100
354	100
355	100
354	100
354	100
357	100
357	100
351	100
354	100
354	100
354	100
357	100
354	100
355	100
354	100
358	100
351	100
357	100
354	100
354	100
354	100
354	100
354	100
357	100
360	100
351	100
355	100
354	100
354	100
357	100
354	100
354	100
354	100
357	100
351	100
418	100
299	100
354	100
392	100
358	100
350	100
357	100
355	100
354	100
354	100
354	100
365	100
348	100
354	100
354	100
354	100
354	100
354	100
358	100
354	100
354	100
354	100
354	100
357	100
357	100
354	100
354	100
354	100
370	100
487	100
360	100
355	100
354	100
354	100
356	100
354	100
357	100
355	100
354	100
354	100
354	100
357	100
354	100
355	100
354	100
356	100
354	100
361	100
355	100
355	100
354	100
355	100
355	100
357	100
354	100
354	100
358	100
354	100
354	100
357	100
354	100
355	100
354	100
354	100
354	100
357	100
354	100
360	100
354	100
354	100
354	100
358	100
353	100
354	100
354	100
354	100
356	100
356	100
354	100
355	100
354	100
355	100
353	100
357	100
354	100
354	100
354	100
354	100
354	100
357	100
356	100
355	100
354	100
354	100
354	100
358	100
354	100
355	100
354	100
354	100
354	100
360	100
354	100
354	100
354	100
354	100
354	100
357	100
354	100
354	100
354	100
354	100
359	100
357	100
354	100
355	100
354	100
354	100
354	100
357	100
354	100
354	100
354	100
354	100
356	100
357	100
354	100
354	100
354	100
354	100
355	100
357	100
354	100
354	100
354	100
356	100
354	100
357	100
354	100
354	100
354	100
354	100
362	100
581	100
357	100
361	100
349	100
355	100
355	100
363	100
349	100
355	100
355	100
357	100
355	100
358	100
354	100
357	100
354	100
354	100
354	100
357	100
354	100
354	100
354	100
354	100
354	100
357	100
356	100
354	100
354	100
355	100
357	100
355	100
354	100
354	100
355	100
354	100
357	100
355	100
354	100
354	100
354	100
354	100
358	100
354	100
357	100
351	100
354	100
355	100
377	100
335	100
354	100
354	100
354	100
358	100
354	100
354	100
354	100
355	100
354	100
354	100
358	100
355	100
357	100
351	100
355	100
356	100
358	100
355	100
354	100
355	100
353	100
363	100
350	100
355	100
356	100
353	100
354	100
354	100
357	100
354	100
357	100
351	100
356	100
354	100
358	100
354	100
354	100
354	100
354	100
357	100
357	100
354	100
354	100
366	100
348	100
354	100
357	100
354	100
357	100
351	100
354	100
354	100
357	100
354	100
354	100
356	100
354	100
357	100
354	100
354	100
354	100
354	100
354	100
354	100
357	100
354	100
362	100
350	100
354	100
354	100
357	100
354	100
354	100
354	100
354	100
358	100
355	100
355	100
354	100
354	100
354	100
355	100
357	100
354	100
357	100
351	100
354	100
452	100
284	100
340	100
355	100
355	100
354	100
1164	100
357	100
355	100
355	100
372	100
340	100
358	100
355	100
354	100
354	100
354	100
354	100
357	100
355	100
354	100
355	100
355	100
354	100
358	100
354	100
354	100
354	100
354	100
354	100
358	100
354	100
354	100
356	100
353	100
355	100
357	100
354	100
365	100
530	100
859	100
357	100
362	100
354	100
354	100
355	100
354	100
354	100
357	100
355	100
353	100
355	100
354	100
365	100
544	100
907	100
356	100
355	100
355	100
354	100
358	100
355	100
354	100
357	100
354	100
354	100
357	100
355	100
354	100
355	100
354	100
355	100
358	100
354	100
357	100
354	100
354	100
354	100
358	100
354	100
354	100
354	100
354	100
354	100
357	100
355	100
354	100
354	100
354	100
354	100
357	100
354	100
354	100
354	100
354	100
354	100
371	100
344	100
354	100
354	100
354	100
354	100
357	100
354	100
354	100
355	100
354	100
354	100
359	100
354	100
354	100
363	100
377	100
3180	100
356	100
355	100
355	100
354	100
354	100
354	100
661	100
2092	100
213	100
125	100
167	100
299	100
357	100
354	100
354	100
368	100
355	100
361	100
352	100
355	100
354	100
354	100
354	100
357	100
354	100
354	100
357	100
354	100
354	100
359	100
354	100
354	100
382	100
5946	100
190	100
154	100
164	100
162	100
163	100
169	100
163	100
166	100
164	100
165	100
164	100
165	100
164	100
206	100
392	100
411	100
407	100
415	100
405	100
410	100
406	100
406	100
406	100
405	100
410	100
409	100
406	100
421	100
344	100
353	100
354	100
358	100
355	100
358	100
373	100
372	100
536	100
2791	100
490	100
435	100
5293	100
21	100
20	100
20	100
20	100
20	100
20	100
20	100
19	100
20	100
20	100
15481	100
475	100
426	100
424	100
436	100
429	100
427	100
423	100
424	100
423	100
425	100
422	100
423	100
421	100
430	100
424	100
428	100
424	100
422	100
4520	100
433	100
420	100
423	100
423	100
421	100
420	100
421	100
419	100
427	100
502	100
423	100
407	100
410	100
407	100
422	100
337	100
344	100
346	100
347	100
346	100
348	100
349	100
342	100
345	100
345	100
346	100
348	100
345	100
345	100
350	100
349	100
343	100
349	100
346	100
346	100
345	100
345	100
345	100
349	100
351	100
339	100
347	100
345	100
345	100
348	100
345	100
345	100
345	100
348	100
342	100
348	100
345	100
361	100
345	100
345	100
345	100
353	100
349	100
342	100
345	100
346	100
345	100
345	100
350	100
347	100
345	100
348	100
342	100
345	100
498	100
346	100
345	100
345	100
346	100
346	100
353	100
342	100
344	100
345	100
345	100
345	100
348	100
345	100
345	100
348	100
342	100
345	100
349	100
344	100
345	100
345	100
345	100
345	100
351	100
343	100
345	100
344	100
346	100
347	100
348	100
345	100
345	100
348	100
342	100
345	100
348	100
345	100
344	100
344	100
345	100
346	100
350	100
342	100
345	100
345	100
345	100
345	100
348	100
344	100
346	100
348	100
344	100
344	100
345	100
348	100
345	100
345	100
345	100
345	100
348	100
345	100
345	100
345	100
348	100
345	100
344	100
348	100
345	100
348	100
342	100
345	100
345	100
348	100
345	100
346	100
345	100
345	100
348	100
346	100
345	100
345	100
345	100
345	100
345	100
348	100
345	100
349	100
342	100
345	100
345	100
348	100
345	100
345	100
345	100
344	100
348	100
345	100
362	100
348	100
345	100
345	100
345	100
348	100
345	100
352	100
338	100
344	100
345	100
348	100
347	100
345	100
345	100
345	100
349	100
344	100
345	100
345	100
345	100
345	100
345	100
359	100
334	100
348	100
342	100
345	100
345	100
345	100
348	100
345	100
345	100
345	100
348	100
344	100
347	100
345	100
345	100
345	100
341	100
344	100
347	100
350	100
340	100
345	100
345	100
346	100
348	100
345	100
345	100
345	100
348	100
342	100
348	100
345	100
345	100
345	100
346	100
345	100
348	100
348	100
342	100
345	100
345	100
345	100
350	100
345	100
350	100
340	100
351	100
342	100
348	100
345	100
345	100
344	100
345	100
345	100
352	100
348	100
342	100
346	100
345	100
344	100
345	100
348	100
348	100
345	100
348	100
342	100
345	100
347	100
345	100
346	100
345	100
345	100
345	100
351	100
342	100
345	100
345	100
345	100
345	100
348	100
370	100
345	100
348	100
342	100
345	100
347	100
345	100
345	100
345	100
345	100
345	100
351	100
344	100
345	100
345	100
345	100
345	100
347	100
345	100
345	100
349	100
340	100
345	100
371	100
323	100
345	100
345	100
345	100
345	100
351	100
342	100
345	100
345	100
345	100
345	100
350	100
345	100
345	100
348	100
342	100
345	100
347	100
345	100
345	100
345	100
345	100
345	100
349	100
346	100
345	100
345	100
345	100
347	100
343	100
348	100
345	100
351	100
345	100
347	100
344	100
348	100
345	100
345	100
345	100
345	100
345	100
348	100
344	100
345	100
344	100
348	100
345	100
348	100
345	100
345	100
345	100
345	100
345	100
348	100
345	100
345	100
346	100
345	100
345	100
348	100
345	100
345	100
345	100
345	100
345	100
348	100
345	100
345	100
346	100
345	100
345	100
348	100
345	100
345	100
345	100
345	100
345	100
348	100
345	100
371	100
345	100
345	100
345	100
345	100
348	100
345	100
345	100
345	100
345	100
345	100
348	100
346	100
345	100
345	100
345	100
345	100
348	100
345	100
345	100
345	100
345	100
346	100
350	100
345	100
344	100
345	100
345	100
345	100
349	100
345	100
345	100
345	100
345	100
345	100
349	100
345	100
345	100
345	100
345	100
344	100
348	100
345	100
345	100
345	100
345	100
350	100
343	100
344	100
345	100
345	100
345	100
345	100
348	100
345	100
345	100
345	100
345	100
346	100
352	100
345	100
345	100
345	100
345	100
344	100
348	100
345	100
345	100
348	100
341	100
346	100
345	100
348	100
345	100
345	100
345	100
345	100
348	100
345	100
345	100
345	100
345	100
345	100
345	100
348	100
345	100
349	100
340	100
345	100
345	100
348	100
345	100
346	100
346	100
345	100
348	100
345	100
346	100
344	100
345	100
345	100
345	100
348	100
345	100
349	100
342	100
345	100
345	100
347	100
345	100
345	100
345	100
345	100
348	100
346	100
345	100
347	100
345	100
345	100
345	100
348	100
345	100
348	100
342	100
345	100
345	100
348	100
348	100
345	100
345	100
345	100
348	100
342	100
348	100
345	100
344	100
345	100
344	100
345	100
350	100
348	100
342	100
345	100
345	100
345	100
348	100
345	100
345	100
345	100
348	100
342	100
349	100
344	100
349	100
340	100
345	100
345	100
348	100
348	100
342	100
344	100
345	100
346	100
348	100
344	100
345	100
345	100
349	100
340	100
348	100
345	100
345	100
345	100
344	100
347	100
348	100
348	100
342	100
345	100
345	100
345	100
348	100
345	100
345	100
345	100
351	100
342	100
348	100
344	100
345	100
345	100
345	100
344	100
347	100
348	100
342	100
345	100
347	100
344	100
345	100
349	100
345	100
345	100
348	100
342	100
345	100
348	100
346	100
354	100
345	100
345	100
345	100
351	100
342	100
345	100
345	100
345	100
344	100
348	100
345	100
346	100
347	100
342	100
345	100
348	100
345	100
344	100
345	100
345	100
345	100
351	100
355	100
333	100
344	100
345	100
345	100
348	100
346	100
344	100
348	100
342	100
345	100
349	100
347	100
345	100
345	100
345	100
345	100
356	100
341	100
345	100
345	100
345	100
344	100
348	100
346	100
344	100
348	100
342	100
345	100
345	100
347	100
345	100
345	100
345	100
345	100
351	100
345	100
344	100
345	100
345	100
345	100
344	100
348	100
345	100
348	100
341	100
345	100
346	100
348	100
345	100
345	100
345	100
345	100
348	100
346	100
345	100
345	100
345	100
346	100
345	100
348	100
345	100
348	100
342	100
345	100
345	100
348	100
345	100
344	100
345	100
346	100
348	100
345	100
345	100
345	100
345	100
345	100
345	100
348	100
345	100
347	100
354	100
345	100
345	100
348	100
345	100
344	100
344	100
345	100
347	100
345	100
345	100
345	100
346	100
344	100
344	100
345	100
348	100
347	100
342	100
345	100
345	100
345	100
348	100
357	100
334	100
345	100
348	100
342	100
348	100
345	100
345	100
345	100
344	100
345	100
347	100
349	100
345	100
345	100
345	100
345	100
348	100
345	100
345	100
345	100
347	100
342	100
348	100
347	100
344	100
345	100
345	100
345	100
348	100
348	100
382	100
306	100
344	100
345	100
351	100
344	100
345	100
345	100
348	100
342	100
347	100
345	100
345	100
345	100
345	100
353	100
341	100
348	100
342	100
345	100
345	100
344	100
348	100
345	100
345	100
345	100
348	100
343	100
344	100
348	100
344	100
345	100
345	100
345	100
345	100
348	100
345	100
345	100
345	100
4299	100
134	100
3143	100
23	100
19	100
17	100
17	100
17	100
17	100
17	100
17	100
18	100
17	100
17	100
17	100
17	100
17	100
17	100
22	100
17	100
17	100
17	100
29	100
339	100
344	100
344	100
348	100
345	100
344	100
348	100
342	100
345	100
352	100
345	100
345	100
346	100
345	100
345	100
350	100
342	100
351	100
339	100
345	100
345	100
348	100
345	100
347	100
345	100
344	100
345	100
349	100
345	100
345	100
345	100
345	100
345	100
345	100
348	100
347	100
345	100
345	100
345	100
345	100
348	100
345	100
345	100
345	100
345	100
345	100
350	100
344	100
345	100
345	100
345	100
345	100
348	100
345	100
345	100
345	100
345	100
345	100
350	100
345	100
345	100
345	100
345	100
345	100
348	100
345	100
345	100
345	100
345	100
350	100
347	100
345	100
345	100
345	100
344	100
345	100
348	100
345	100
346	100
344	100
345	100
346	100
348	100
344	100
345	100
345	100
346	100
345	100
347	100
345	100
345	100
345	100
356	100
336	100
345	100
348	100
345	100
344	100
346	100
343	100
345	100
348	100
345	100
345	100
345	100
345	100
344	100
348	100
345	100
344	100
345	100
345	100
345	100
349	100
345	100
344	100
347	100
344	100
345	100
348	100
345	100
345	100
345	100
345	100
344	100
347	100
345	100
346	100
345	100
345	100
345	100
348	100
345	100
344	100
344	100
345	100
345	100
347	100
345	100
348	100
343	100
344	100
345	100
348	100
345	100
345	100
346	100
344	100
345	100
347	100
346	100
344	100
345	100
345	100
345	100
348	100
345	100
345	100
344	100
345	100
345	100
345	100
349	100
345	100
345	100
345	100
345	100
345	100
348	100
345	100
345	100
345	100
345	100
358	100
336	100
344	100
345	100
345	100
345	100
345	100
348	100
345	100
345	100
345	100
345	100
345	100
348	100
344	100
345	100
345	100
346	100
344	100
348	100
345	100
345	100
345	100
345	100
347	100
353	100
345	100
346	100
345	100
345	100
348	100
344	100
345	100
345	100
345	100
346	100
344	100
348	100
345	100
348	100
342	100
345	100
345	100
347	100
346	100
345	100
345	100
346	100
348	100
342	100
347	100
345	100
345	100
345	100
346	100
345	100
348	100
348	100
344	100
345	100
345	100
345	100
348	100
345	100
345	100
345	100
348	100
342	100
348	100
345	100
347	100
344	100
345	100
345	100
348	100
349	100
341	100
345	100
345	100
345	100
348	100
350	100
345	100
345	100
348	100
341	100
348	100
345	100
345	100
345	100
344	100
345	100
347	100
351	100
341	100
345	100
345	100
345	100
348	100
345	100
344	100
345	100
348	100
342	100
352	100
341	100
345	100
345	100
345	100
345	100
349	100
350	100
340	100
345	100
345	100
345	100
346	100
347	100
345	100
345	100
351	100
338	100
345	100
348	100
345	100
345	100
344	100
345	100
347	100
351	100
342	100
345	100
344	100
345	100
345	100
348	100
345	100
352	100
340	100
344	100
345	100
347	100
345	100
345	100
344	100
345	100
345	100
351	100
342	100
345	100
345	100
347	100
344	100
348	100
345	100
345	100
348	100
341	100
345	100
347	100
345	100
345	100
347	100
345	100
344	100
351	100
342	100
345	100
345	100
345	100
345	100
347	100
345	100
345	100
351	100
341	100
344	100
345	100
348	100
345	100
344	100
345	100
345	100
348	100
344	100
360	100
336	100
344	100
345	100
345	100
347	100
345	100
348	100
342	100
345	100
345	100
349	100
348	100
344	100
345	100
345	100
348	100
345	100
345	100
345	100
344	100
346	100
345	100
348	100
346	100
347	100
342	100
344	100
345	100
358	100
339	100
345	100
347	100
345	100
349	100
346	100
345	100
345	100
345	100
345	100
344	100
347	100
345	100
347	100
342	100
344	100
345	100
350	100
344	100
345	100
345	100
344	100
348	100
345	100
345	100
345	100
345	100
345	100
346	100
345	100
348	100
348	100
342	100
345	100
345	100
345	100
348	100
344	100
345	100
345	100
350	100
340	100
348	100
344	100
345	100
345	100
345	100
344	100
348	100
348	100
342	100
355	100
345	100
345	100
348	100
345	100
345	100
345	100
348	100
342	100
348	100
345	100
345	100
346	100
345	100
345	100
349	100
347	100
342	100
345	100
345	100
345	100
348	100
345	100
360	100
331	100
351	100
338	100
348	100
345	100
345	100
345	100
345	100
345	100
348	100
347	100
344	100
345	100
345	100
345	100
348	100
345	100
345	100
344	100
345	100
345	100
345	100
348	100
346	100
344	100
345	100
345	100
345	100
348	100
344	100
345	100
345	100
345	100
345	100
349	100
345	100
345	100
345	100
344	100
345	100
348	100
345	100
345	100
345	100
345	100
345	100
350	100
344	100
345	100
345	100
345	100
345	100
348	100
345	100
345	100
345	100
344	100
346	100
348	100
345	100
345	100
345	100
345	100
344	100
348	100
345	100
344	100
345	100
345	100
347	100
346	100
344	100
345	100
345	100
345	100
345	100
349	100
345	100
345	100
345	100
350	100
349	100
345	100
348	100
345	100
345	100
345	100
345	100
345	100
348	100
345	100
345	100
345	100
345	100
345	100
347	100
346	100
345	100
344	100
345	100
345	100
347	100
345	100
351	100
340	100
345	100
345	100
348	100
345	100
346	100
344	100
345	100
345	100
352	100
345	100
348	100
345	100
345	100
345	100
348	100
345	100
345	100
345	100
345	100
344	100
348	100
345	100
346	100
344	100
345	100
345	100
347	100
345	100
345	100
344	100
345	100
345	100
347	100
347	100
348	100
340	100
345	100
345	100
347	100
345	100
345	100
344	100
345	100
345	100
345	100
350	100
344	100
345	100
345	100
345	100
345	100
348	100
345	100
345	100
345	100
345	100
346	100
349	100
345	100
344	100
345	100
345	100
345	100
348	100
345	100
345	100
345	100
345	100
346	100
348	100
345	100
345	100
345	100
344	100
345	100
348	100
345	100
345	100
345	100
357	100
335	100
348	100
345	100
345	100
345	100
345	100
345	100
347	100
345	100
345	100
348	100
344	100
345	100
351	100
342	100
345	100
345	100
345	100
345	100
348	100
345	100
345	100
348	100
343	100
345	100
345	100
348	100
345	100
345	100
346	100
344	100
350	100
343	100
345	100
347	100
344	100
345	100
345	100
349	100
344	100
348	100
341	100
345	100
345	100
348	100
345	100
346	100
344	100
345	100
349	100
344	100
344	100
345	100
345	100
344	100
345	100
348	100
347	100
348	100
341	100
345	100
344	100
349	100
345	100
345	100
345	100
345	100
348	100
345	100
347	100
345	100
345	100
345	100
345	100
347	100
344	100
348	100
341	100
345	100
344	100
353	100
345	100
345	100
345	100
345	100
347	100
345	100
345	100
345	100
345	100
345	100
345	100
346	100
348	100
348	100
342	100
345	100
345	100
346	100
347	100
345	100
344	100
345	100
354	100
337	100
348	100
345	100
344	100
345	100
345	100
345	100
347	100
349	100
340	100
345	100
346	100
345	100
352	100
345	100
345	100
345	100
347	100
342	100
348	100
345	100
345	100
345	100
346	100
345	100
348	100
348	100
342	100
345	100
345	100
345	100
347	100
345	100
345	100
347	100
347	100
342	100
348	100
345	100
344	100
345	100
345	100
345	100
349	100
348	100
342	100
350	100
342	100
345	100
345	100
348	100
345	100
345	100
348	100
342	100
345	100
348	100
346	100
344	100
344	100
345	100
345	100
351	100
342	100
345	100
345	100
345	100
345	100
348	100
347	100
345	100
347	100
342	100
345	100
348	100
345	100
345	100
345	100
344	100
344	100
367	100
331	100
345	100
344	100
345	100
345	100
347	100
345	100
345	100
347	100
342	100
345	100
349	100
345	100
345	100
345	100
345	100
344	100
351	100
342	100
345	100
345	100
345	100
345	100
350	100
344	100
345	100
348	100
344	100
345	100
348	100
345	100
345	100
345	100
345	100
346	100
348	100
345	100
345	100
345	100
345	100
345	100
345	100
348	100
345	100
348	100
342	100
346	100
345	100
349	100
345	100
345	100
345	100
345	100
348	100
345	100
345	100
345	100
348	100
345	100
345	100
348	100
345	100
352	100
339	100
344	100
345	100
347	100
347	100
343	100
346	100
344	100
348	100
344	100
345	100
345	100
345	100
345	100
345	100
348	100
345	100
348	100
342	100
345	100
345	100
348	100
345	100
345	100
345	100
344	100
348	100
345	100
345	100
346	100
345	100
344	100
345	100
348	100
345	100
347	100
342	100
345	100
345	100
345	100
392	100
313	100
335	100
344	100
348	100
342	100
348	100
345	100
345	100
345	100
346	100
344	100
360	100
347	100
342	100
346	100
345	100
345	100
352	100
345	100
346	100
345	100
347	100
342	100
350	100
344	100
345	100
344	100
345	100
344	100
350	100
346	100
342	100
345	100
345	100
346	100
352	100
340	100
345	100
344	100
348	100
343	100
347	100
345	100
345	100
345	100
345	100
346	100
348	100
345	100
345	100
345	100
351	100
345	100
348	100
345	100
345	100
345	100
347	100
345	100
345	100
348	100
345	100
345	100
345	100
345	100
345	100
348	100
345	100
345	100
345	100
345	100
345	100
349	100
345	100
345	100
345	100
344	100
345	100
348	100
345	100
346	100
345	100
345	100
345	100
348	100
345	100
345	100
345	100
345	100
345	100
348	100
345	100
346	100
345	100
345	100
345	100
348	100
345	100
345	100
344	100
345	100
344	100
348	100
358	100
332	100
345	100
345	100
345	100
348	100
345	100
344	100
345	100
345	100
345	100
349	100
346	100
344	100
345	100
345	100
345	100
348	100
345	100
345	100
345	100
345	100
345	100
344	100
349	100
345	100
345	100
345	100
344	100
345	100
348	100
344	100
345	100
344	100
345	100
345	100
348	100
345	100
345	100
345	100
345	100
344	100
347	100
344	100
345	100
344	100
345	100
347	100
348	100
345	100
345	100
345	100
345	100
345	100
348	100
345	100
345	100
345	100
347	100
345	100
349	100
344	100
345	100
344	100
345	100
345	100
348	100
345	100
345	100
345	100
345	100
346	100
347	100
345	100
344	100
345	100
346	100
344	100
347	100
345	100
345	100
349	100
345	100
345	100
345	100
349	100
344	100
345	100
344	100
345	100
345	100
347	100
345	100
348	100
344	100
344	100
345	100
352	100
341	100
345	100
345	100
345	100
345	100
352	100
352	100
339	100
348	100
341	100
345	100
348	100
345	100
344	100
345	100
345	100
344	100
351	100
343	100
344	100
345	100
345	100
345	100
348	100
345	100
344	100
348	100
342	100
345	100
348	100
346	100
345	100
345	100
344	100
345	100
351	100
342	100
345	100
345	100
344	100
345	100
349	100
345	100
344	100
352	100
337	100
345	100
347	100
345	100
349	100
340	100
345	100
345	100
349	100
345	100
345	100
345	100
345	100
345	100
345	100
348	100
345	100
348	100
342	100
349	100
345	100
348	100
344	100
345	100
345	100
345	100
348	100
344	100
345	100
345	100
345	100
346	100
345	100
348	100
345	100
348	100
342	100
345	100
345	100
349	100
344	100
345	100
361	100
331	100
347	100
345	100
345	100
345	100
344	100
345	100
345	100
348	100
345	100
348	100
344	100
345	100
344	100
348	100
345	100
345	100
345	100
345	100
347	100
345	100
344	100
345	100
345	100
344	100
344	100
345	100
348	100
347	100
342	100
345	100
344	100
345	100
348	100
347	100
344	100
344	100
349	100
340	100
347	100
345	100
344	100
345	100
345	100
345	100
348	100
351	100
341	100
345	100
345	100
345	100
348	100
345	100
345	100
345	100
348	100
342	100
349	100
344	100
344	100
345	100
344	100
345	100
347	100
347	100
342	100
345	100
345	100
345	100
348	100
345	100
345	100
345	100
347	100
342	100
347	100
345	100
345	100
345	100
345	100
355	100
349	100
348	100
342	100
345	100
345	100
345	100
348	100
345	100
345	100
345	100
348	100
342	100
345	100
348	100
345	100
345	100
345	100
345	100
345	100
351	100
342	100
345	100
345	100
348	100
344	100
351	100
345	100
345	100
348	100
342	100
344	100
348	100
345	100
345	100
346	100
345	100
345	100
352	100
340	100
345	100
344	100
345	100
345	100
348	100
345	100
345	100
348	100
341	100
345	100
348	100
345	100
345	100
345	100
345	100
345	100
351	100
342	100
347	100
345	100
345	100
345	100
348	100
345	100
344	100
348	100
342	100
345	100
348	100
345	100
347	100
344	100
345	100
345	100
351	100
342	100
345	100
345	100
345	100
345	100
345	100
348	100
345	100
348	100
342	100
345	100
345	100
349	100
345	100
345	100
345	100
345	100
348	100
346	100
346	100
344	100
345	100
345	100
345	100
348	100
345	100
347	100
342	100
345	100
357	100
337	100
345	100
345	100
345	100
345	100
348	100
345	100
345	100
345	100
345	100
345	100
347	100
347	100
344	100
349	100
340	100
345	100
345	100
348	100
344	100
345	100
345	100
345	100
349	100
344	100
345	100
345	100
345	100
345	100
345	100
347	100
345	100
347	100
342	100
348	100
344	100
345	100
348	100
345	100
345	100
344	100
348	100
341	100
347	100
345	100
345	100
347	100
345	100
345	100
348	100
347	100
342	100
345	100
345	100
344	100
348	100
344	100
347	100
412	100
345	100
345	100
349	100
345	100
345	100
345	100
345	100
345	100
349	100
345	100
352	100
340	100
345	100
345	100
348	100
344	100
345	100
345	100
345	100
344	100
348	100
346	100
345	100
345	100
344	100
344	100
348	100
345	100
344	100
345	100
345	100
345	100
348	100
346	100
345	100
344	100
345	100
344	100
348	100
345	100
345	100
345	100
345	100
344	100
348	100
347	100
345	100
345	100
345	100
345	100
345	100
352	100
345	100
345	100
345	100
345	100
346	100
347	100
345	100
345	100
345	100
345	100
345	100
348	100
345	100
344	100
345	100
360	100
330	100
347	100
345	100
345	100
345	100
345	100
345	100
349	100
343	100
345	100
345	100
348	100
344	100
348	100
345	100
345	100
345	100
345	100
345	100
347	100
345	100
344	100
345	100
346	100
344	100
349	100
345	100
345	100
345	100
345	100
345	100
348	100
344	100
345	100
346	100
344	100
345	100
345	100
348	100
345	100
345	100
345	100
345	100
345	100
347	100
345	100
346	100
345	100
345	100
345	100
348	100
345	100
345	100
345	100
345	100
344	100
348	100
346	100
345	100
345	100
345	100
344	100
348	100
345	100
345	100
345	100
345	100
344	100
348	100
346	100
345	100
345	100
345	100
345	100
348	100
344	100
345	100
344	100
345	100
345	100
358	100
345	100
345	100
344	100
345	100
345	100
348	100
344	100
347	100
342	100
345	100
344	100
349	100
344	100
345	100
345	100
345	100
345	100
347	100
345	100
345	100
345	100
344	100
345	100
352	100
342	100
345	100
344	100
345	100
344	100
345	100
352	100
342	100
344	100
345	100
347	100
344	100
348	100
344	100
344	100
348	100
342	100
345	100
348	100
345	100
345	100
345	100
346	100
345	100
351	100
342	100
344	100
345	100
345	100
345	100
348	100
344	100
345	100
351	100
340	100
344	100
348	100
345	100
345	100
344	100
345	100
345	100
351	100
341	100
345	100
348	100
351	100
338	100
347	100
345	100
345	100
348	100
341	100
345	100
348	100
345	100
362	100
345	100
345	100
345	100
348	100
345	100
345	100
345	100
344	100
345	100
345	100
352	100
346	100
347	100
810	100
57	100
252	100
266	100
340	100
344	100
344	100
345	100
351	100
350	100
347	100
345	100
345	100
345	100
345	100
348	100
345	100
348	100
342	100
345	100
344	100
351	100
344	100
345	100
344	100
345	100
348	100
345	100
345	100
345	100
345	100
345	100
345	100
349	100
345	100
348	100
342	100
345	100
345	100
348	100
345	100
345	100
345	100
345	100
350	100
344	100
345	100
345	100
345	100
345	100
344	100
348	100
345	100
349	100
341	100
345	100
346	100
345	100
348	100
345	100
352	100
338	100
347	100
342	100
348	100
345	100
344	100
346	100
345	100
344	100
348	100
347	100
342	100
345	100
345	100
345	100
348	100
345	100
345	100
348	100
348	100
342	100
348	100
345	100
344	100
345	100
345	100
346	100
349	100
347	100
343	100
345	100
345	100
345	100
348	100
345	100
345	100
345	100
347	100
342	100
348	100
345	100
346	100
344	100
345	100
345	100
349	100
349	100
342	100
345	100
344	100
345	100
348	100
361	100
331	100
345	100
347	100
342	100
348	100
345	100
344	100
346	100
344	100
345	100
345	100
351	100
342	100
344	100
345	100
345	100
345	100
348	100
345	100
345	100
350	100
340	100
345	100
348	100
345	100
345	100
345	100
345	100
345	100
348	100
344	100
345	100
345	100
345	100
348	100
347	100
345	100
345	100
345	100
346	100
344	100
348	100
345	100
345	100
345	100
345	100
345	100
348	100
345	100
345	100
344	100
345	100
345	100
348	100
345	100
345	100
345	100
358	100
345	100
348	100
344	100
345	100
345	100
345	100
345	100
348	100
345	100
345	100
345	100
347	100
344	100
345	100
352	100
345	100
345	100
345	100
345	100
345	100
349	100
345	100
346	100
345	100
345	100
345	100
348	100
345	100
345	100
345	100
345	100
345	100
348	100
345	100
346	100
345	100
344	100
345	100
348	100
345	100
345	100
345	100
345	100
345	100
348	100
356	100
336	100
345	100
345	100
345	100
348	100
345	100
345	100
345	100
345	100
344	100
348	100
346	100
345	100
345	100
345	100
345	100
347	100
345	100
344	100
345	100
344	100
345	100
348	100
346	100
345	100
345	100
345	100
345	100
348	100
345	100
345	100
345	100
345	100
345	100
346	100
348	100
345	100
345	100
345	100
345	100
345	100
348	100
345	100
345	100
345	100
345	100
346	100
348	100
346	100
344	100
345	100
346	100
344	100
347	100
345	100
345	100
345	100
346	100
345	100
349	100
345	100
345	100
345	100
345	100
345	100
348	100
345	100
345	100
345	100
347	100
345	100
348	100
345	100
345	100
345	100
345	100
344	100
348	100
345	100
344	100
349	100
345	100
345	100
348	100
345	100
345	100
345	100
345	100
345	100
348	100
345	100
345	100
346	100
345	100
345	100
345	100
348	100
345	100
344	100
345	100
344	100
345	100
347	100
345	100
350	100
341	100
345	100
345	100
348	100
345	100
345	100
345	100
345	100
348	100
345	100
346	100
345	100
345	100
345	100
345	100
348	100
345	100
348	100
342	100
345	100
345	100
347	100
346	100
345	100
345	100
345	100
348	100
345	100
345	100
349	100
340	100
344	100
345	100
350	100
345	100
353	100
337	100
346	100
345	100
349	100
345	100
345	100
345	100
345	100
348	100
345	100
345	100
345	100
345	100
345	100
345	100
352	100
345	100
348	100
342	100
345	100
346	100
345	100
348	100
345	100
345	100
344	100
349	100
341	100
348	100
345	100
345	100
345	100
347	100
344	100
348	100
348	100
342	100
345	100
344	100
345	100
348	100
344	100
345	100
356	100
337	100
342	100
348	100
345	100
345	100
344	100
345	100
346	100
347	100
348	100
342	100
346	100
345	100
344	100
349	100
345	100
345	100
345	100
348	100
342	100
348	100
345	100
345	100
347	100
344	100
344	100
348	100
348	100
342	100
345	100
345	100
345	100
348	100
345	100
346	100
345	100
348	100
342	100
345	100
348	100
346	100
344	100
345	100
345	100
345	100
352	100
344	100
345	100
345	100
345	100
345	100
348	100
345	100
345	100
348	100
342	100
345	100
350	100
345	100
345	100
345	100
345	100
345	100
352	100
340	100
345	100
345	100
345	100
345	100
349	100
345	100
344	100
347	100
342	100
345	100
348	100
345	100
344	100
345	100
345	100
350	100
351	100
342	100
345	100
345	100
344	100
345	100
347	100
345	100
344	100
348	100
341	100
348	100
347	100
345	100
345	100
345	100
345	100
345	100
351	100
342	100
345	100
345	100
351	100
340	100
344	100
348	100
344	100
348	100
342	100
345	100
345	100
348	100
345	100
345	100
346	100
344	100
348	100
345	100
344	100
345	100
345	100
345	100
345	100
348	100
345	100
348	100
344	100
344	100
345	100
350	100
344	100
345	100
344	100
345	100
348	100
345	100
344	100
347	100
345	100
345	100
344	100
348	100
345	100
350	100
340	100
345	100
345	100
348	100
345	100
346	100
345	100
346	100
347	100
347	100
346	100
345	100
349	100
340	100
344	100
352	100
347	100
349	100
341	100
345	100
345	100
345	100
348	100
345	100
344	100
345	100
348	100
342	100
349	100
345	100
345	100
345	100
345	100
345	100
348	100
348	100
342	100
345	100
345	100
349	100
431	100
345	100
345	100
345	100
348	100
342	100
348	100
345	100
345	100
345	100
345	100
347	100
348	100
348	100
342	100
345	100
345	100
345	100
348	100
345	100
344	100
345	100
349	100
342	100
347	100
346	100
344	100
345	100
344	100
345	100
349	100
347	100
342	100
345	100
346	100
345	100
348	100
345	100
344	100
345	100
348	100
342	100
348	100
345	100
344	100
347	100
377	100
345	100
345	100
351	100
342	100
345	100
345	100
345	100
345	100
349	100
345	100
351	100
342	100
342	100
345	100
349	100
343	100
345	100
344	100
345	100
344	100
348	100
361	100
330	100
345	100
345	100
345	100
348	100
345	100
345	100
345	100
344	100
345	100
348	100
347	100
345	100
345	100
345	100
345	100
348	100
345	100
345	100
345	100
345	100
345	100
348	100
348	100
344	100
345	100
345	100
345	100
348	100
345	100
345	100
344	100
345	100
345	100
349	100
344	100
345	100
345	100
345	100
345	100
345	100
348	100
347	100
343	100
345	100
345	100
348	100
350	100
345	100
345	100
345	100
345	100
345	100
348	100
345	100
345	100
345	100
346	100
345	100
348	100
345	100
345	100
345	100
345	100
345	100
348	100
345	100
345	100
345	100
346	100
345	100
348	100
345	100
345	100
345	100
345	100
345	100
348	100
345	100
345	100
374	100
345	100
344	100
348	100
345	100
344	100
345	100
345	100
345	100
348	100
345	100
345	100
346	100
345	100
345	100
351	100
345	100
345	100
345	100
345	100
345	100
348	100
345	100
349	100
345	100
345	100
345	100
344	100
348	100
345	100
345	100
345	100
345	100
345	100
348	100
348	100
345	100
344	100
345	100
345	100
348	100
345	100
345	100
345	100
345	100
345	100
353	100
340	100
345	100
345	100
345	100
345	100
349	100
345	100
344	100
345	100
345	100
345	100
349	100
344	100
345	100
350	100
340	100
345	100
348	100
345	100
345	100
345	100
345	100
345	100
354	100
341	100
345	100
345	100
345	100
345	100
348	100
345	100
345	100
348	100
342	100
346	100
348	100
345	100
345	100
345	100
345	100
345	100
348	100
344	100
345	100
345	100
345	100
348	100
343	100
347	100
345	100
348	100
341	100
345	100
345	100
348	100
345	100
345	100
347	100
345	100
348	100
346	100
344	100
345	100
345	100
344	100
346	100
347	100
345	100
348	100
343	100
345	100
345	100
348	100
345	100
345	100
345	100
345	100
348	100
345	100
345	100
357	100
334	100
346	100
345	100
348	100
345	100
348	100
342	100
345	100
345	100
349	100
345	100
346	100
345	100
345	100
350	100
343	100
345	100
345	100
346	100
344	100
345	100
348	100
345	100
349	100
342	100
345	100
345	100
345	100
348	100
345	100
345	100
345	100
352	100
338	100
348	100
344	100
345	100
345	100
345	100
345	100
348	100
348	100
342	100
345	100
345	100
345	100
350	100
345	100
345	100
345	100
348	100
341	100
348	100
345	100
345	100
345	100
351	100
342	100
348	100
348	100
342	100
345	100
345	100
345	100
348	100
345	100
345	100
345	100
348	100
344	100
348	100
345	100
350	100
340	100
344	100
345	100
352	100
348	100
342	100
345	100
354	100
345	100
348	100
345	100
345	100
345	100
348	100
342	100
345	100
347	100
345	100
345	100
347	100
344	100
345	100
352	100
342	100
345	100
345	100
344	100
345	100
348	100
345	100
357	100
338	100
341	100
345	100
347	100
345	100
345	100
344	100
345	100
344	100
351	100
342	100
347	100
344	100
345	100
345	100
348	100
345	100
345	100
348	100
342	100
345	100
348	100
345	100
346	100
345	100
345	100
345	100
351	100
342	100
345	100
345	100
344	100
345	100
348	100
347	100
344	100
348	100
342	100
345	100
348	100
344	100
345	100
345	100
345	100
345	100
350	100
345	100
344	100
345	100
345	100
345	100
345	100
348	100
345	100
348	100
342	100
345	100
346	100
349	100
345	100
345	100
345	100
345	100
348	100
345	100
345	100
347	100
343	100
345	100
346	100
348	100
345	100
348	100
342	100
345	100
344	100
349	100
345	100
345	100
344	100
356	100
349	100
344	100
345	100
345	100
345	100
345	100
345	100
348	100
345	100
348	100
342	100
346	100
345	100
348	100
345	100
345	100
345	100
345	100
347	100
345	100
345	100
345	100
356	100
335	100
344	100
348	100
344	100
352	100
338	100
345	100
345	100
347	100
345	100
345	100
347	100
345	100
349	100
340	100
347	100
345	100
345	100
345	100
345	100
345	100
348	100
347	100
345	100
345	100
345	100
345	100
348	100
345	100
345	100
345	100
348	100
342	100
348	100
346	100
345	100
345	100
345	100
344	100
348	100
348	100
342	100
347	100
343	100
345	100
347	100
347	100
344	100
345	100
348	100
342	100
348	100
346	100
345	100
345	100
345	100
345	100
354	100
345	100
344	100
347	100
343	100
345	100
348	100
345	100
346	100
368	100
323	100
344	100
349	100
344	100
345	100
345	100
345	100
345	100
345	100
348	100
345	100
345	100
344	100
384	100
344	100
348	100
345	100
345	100
345	100
344	100
345	100
347	100
345	100
345	100
344	100
346	100
344	100
348	100
345	100
345	100
345	100
345	100
345	100
348	100
345	100
345	100
349	100
346	100
345	100
348	100
345	100
345	100
345	100
345	100
345	100
348	100
345	100
345	100
348	100
344	100
345	100
348	100
344	100
345	100
345	100
345	100
344	100
348	100
345	100
345	100
345	100
345	100
345	100
348	100
344	100
345	100
345	100
345	100
344	100
348	100
345	100
346	100
345	100
344	100
345	100
345	100
349	100
345	100
345	100
345	100
345	100
345	100
347	100
347	100
344	100
345	100
345	100
345	100
348	100
345	100
350	100
340	100
345	100
345	100
349	100
345	100
344	100
345	100
345	100
345	100
348	100
345	100
345	100
345	100
345	100
345	100
349	100
345	100
345	100
345	100
346	100
345	100
348	100
345	100
344	100
345	100
345	100
348	100
348	100
345	100
345	100
345	100
345	100
345	100
347	100
345	100
345	100
345	100
345	100
346	100
347	100
345	100
345	100
345	100
344	100
345	100
345	100
348	100
346	100
343	100
350	100
341	100
345	100
349	100
345	100
344	100
345	100
345	100
345	100
348	100
345	100
345	100
348	100
344	100
345	100
348	100
344	100
345	100
345	100
345	100
344	100
350	100
345	100
345	100
345	100
345	100
345	100
348	100
345	100
345	100
348	100
341	100
345	100
348	100
344	100
346	100
345	100
345	100
345	100
355	100
342	100
345	100
345	100
345	100
345	100
348	100
345	100
347	100
348	100
342	100
345	100
348	100
345	100
345	100
345	100
345	100
345	100
351	100
343	100
345	100
344	100
345	100
346	100
344	100
348	100
345	100
348	100
342	100
345	100
345	100
348	100
344	100
345	100
345	100
345	100
348	100
345	100
345	100
344	100
345	100
345	100
350	100
352	100
345	100
348	100
342	100
347	100
342	100
347	100
345	100
344	100
344	100
345	100
351	100
344	100
344	100
345	100
345	100
345	100
345	100
348	100
345	100
349	100
341	100
349	100
342	100
349	100
345	100
345	100
345	100
344	100
348	100
344	100
345	100
345	100
345	100
347	100
345	100
348	100
345	100
348	100
342	100
345	100
345	100
344	100
348	100
345	100
345	100
346	100
348	100
342	100
348	100
345	100
345	100
344	100
345	100
345	100
347	100
348	100
343	100
344	100
345	100
353	100
340	100
344	100
345	100
345	100
349	100
341	100
348	100
345	100
347	100
344	100
346	100
344	100
348	100
352	100
338	100
345	100
344	100
345	100
348	100
347	100
344	100
345	100
348	100
341	100
348	100
344	100
345	100
345	100
345	100
344	100
349	100
349	100
341	100
345	100
345	100
345	100
348	100
345	100
345	100
345	100
349	100
340	100
359	100
335	100
345	100
345	100
345	100
345	100
345	100
352	100
341	100
345	100
345	100
345	100
347	100
347	100
345	100
345	100
348	100
342	100
345	100
348	100
345	100
345	100
345	100
345	100
346	100
350	100
342	100
345	100
345	100
344	100
345	100
347	100
345	100
347	100
348	100
344	100
345	100
348	100
345	100
344	100
345	100
345	100
345	100
354	100
342	100
345	100
345	100
346	100
345	100
348	100
345	100
345	100
348	100
342	100
345	100
347	100
345	100
345	100
352	100
340	100
345	100
351	100
342	100
345	100
345	100
344	100
345	100
347	100
345	100
345	100
350	100
341	100
345	100
345	100
348	100
345	100
344	100
345	100
345	100
348	100
345	100
370	100
344	100
345	100
344	100
345	100
348	100
344	100
348	100
342	100
345	100
345	100
349	100
346	100
345	100
344	100
345	100
348	100
345	100
344	100
345	100
345	100
346	100
343	100
358	100
349	100
348	100
342	100
345	100
345	100
348	100
345	100
345	100
345	100
345	100
348	100
346	100
345	100
345	100
345	100
345	100
345	100
348	100
345	100
345	100
345	100
345	100
345	100
352	100
345	100
345	100
345	100
345	100
345	100
345	100
348	100
345	100
345	100
345	100
347	100
345	100
348	100
345	100
345	100
344	100
345	100
345	100
348	100
345	100
345	100
345	100
346	100
344	100
348	100
345	100
344	100
345	100
345	100
345	100
347	100
345	100
344	100
346	100
344	100
345	100
348	100
345	100
344	100
345	100
345	100
345	100
348	100
345	100
345	100
346	100
345	100
345	100
350	100
345	100
344	100
345	100
345	100
345	100
348	100
345	100
346	100
345	100
345	100
345	100
348	100
345	100
344	100
345	100
345	100
345	100
348	100
345	100
346	100
344	100
345	100
345	100
345	100
348	100
345	100
345	100
345	100
345	100
345	100
358	100
336	100
345	100
344	100
345	100
345	100
348	100
345	100
345	100
345	100
345	100
345	100
349	100
345	100
345	100
345	100
345	100
345	100
348	100
345	100
345	100
345	100
345	100
345	100
354	100
345	100
345	100
345	100
345	100
345	100
348	100
345	100
345	100
345	100
345	100
346	100
348	100
345	100
345	100
346	100
344	100
345	100
348	100
345	100
344	100
344	100
345	100
346	100
348	100
345	100
345	100
345	100
345	100
345	100
346	100
349	100
345	100
345	100
346	100
344	100
345	100
347	100
345	100
345	100
2289	100
196	100
167	100
170	100
163	100
168	100
167	100
168	100
166	100
169	100
166	100
241	100
273	100
331	100
344	100
348	100
345	100
351	100
344	100
345	100
345	100
351	100
342	100
345	100
344	100
345	100
345	100
348	100
345	100
346	100
347	100
342	100
345	100
348	100
345	100
345	100
345	100
345	100
345	100
351	100
353	100
336	100
345	100
345	100
345	100
348	100
345	100
345	100
347	100
342	100
345	100
348	100
347	100
345	100
345	100
345	100
345	100
348	100
345	100
345	100
344	100
345	100
345	100
345	100
350	100
345	100
352	100
338	100
345	100
345	100
348	100
345	100
344	100
345	100
345	100
352	100
345	100
936	100
1137	100
187	100
3423	100
85	100
970	100
2119	100
272	100
129	100
165	100
165	100
165	100
166	100
160	100
1517	100
172	100
167	100
165	100
167	100
166	100
166	100
166	100
166	100
166	100
166	100
198	100
284	100
344	100
345	100
349	100
346	100
348	100
342	100
345	100
346	100
347	100
345	100
345	100
345	100
345	100
348	100
343	100
348	100
346	100
345	100
346	100
345	100
345	100
348	100
351	100
340	100
345	100
346	100
355	100
417	100
339	100
346	100
344	100
348	100
342	100
348	100
345	100
346	100
344	100
346	100
344	100
352	100
348	100
342	100
345	100
345	100
345	100
348	100
345	100
345	100
345	100
350	100
340	100
349	100
345	100
345	100
345	100
345	100
345	100
350	100
348	100
342	100
345	100
344	100
347	100
348	100
345	100
345	100
345	100
347	100
342	100
348	100
345	100
345	100
345	100
345	100
347	100
347	100
348	100
342	100
345	100
345	100
345	100
345	100
348	100
345	100
345	100
349	100
342	100
346	100
350	100
343	100
348	100
384	100
344	100
345	100
352	100
342	100
347	100
346	100
345	100
345	100
348	100
344	100
345	100
348	100
342	100
345	100
348	100
345	100
346	100
345	100
345	100
345	100
351	100
342	100
345	100
345	100
345	100
345	100
348	100
345	100
346	100
348	100
342	100
345	100
348	100
345	100
345	100
349	100
345	100
345	100
351	100
354	100
345	100
345	100
345	100
345	100
348	100
345	100
345	100
348	100
342	100
345	100
350	100
346	100
345	100
361	100
329	100
351	100
348	100
341	100
344	100
344	100
345	100
347	100
359	100
333	100
345	100
347	100
342	100
344	100
345	100
348	100
345	100
345	100
345	100
345	100
350	100
345	100
345	100
345	100
345	100
345	100
345	100
347	100
345	100
348	100
342	100
345	100
347	100
348	100
345	100
345	100
345	100
344	100
348	100
345	100
345	100
345	100
344	100
347	100
346	100
347	100
345	100
347	100
342	100
345	100
345	100
348	100
345	100
345	100
345	100
347	100
347	100
345	100
345	100
345	100
345	100
345	100
345	100
345	100
348	100
348	100
343	100
345	100
345	100
345	100
348	100
345	100
345	100
345	100
347	100
342	100
350	100
343	100
345	100
344	100
344	100
345	100
353	100
348	100
342	100
345	100
345	100
345	100
347	100
355	100
345	100
345	100
347	100
342	100
348	100
345	100
345	100
345	100
345	100
344	100
348	100
348	100
342	100
345	100
345	100
345	100
2507	100
186	100
159	100
816	100
17	100
13	100
13	100
13	100
2762	100
2306	100
23	100
13	100
13	100
13	100
12	100
12	100
12	100
13	100
13	100
13	100
16	100
13	100
12	100
205	100
16	100
145	100
230	100
347	100
342	100
346	100
345	100
348	100
345	100
345	100
345	100
345	100
348	100
1428	100
35	100
18	100
18	100
346	100
385	100
389	100
395	100
340	100
341	100
345	100
346	100
349	100
345	100
357	100
345	100
345	100
348	100
404	100
328	100
342	100
345	100
345	100
345	100
350	100
344	100
353	100
337	100
345	100
345	100
348	100
345	100
345	100
345	100
345	100
348	100
345	100
346	100
345	100
345	100
345	100
345	100
348	100
345	100
348	100
342	100
345	100
345	100
345	100
350	100
344	100
345	100
345	100
348	100
342	100
348	100
345	100
345	100
345	100
344	100
356	100
338	100
348	100
341	100
345	100
344	100
345	100
347	100
345	100
344	100
345	100
347	100
344	100
348	100
345	100
344	100
345	100
345	100
345	100
348	100
350	100
340	100
344	100
345	100
346	100
348	100
345	100
345	100
345	100
348	100
342	100
347	100
345	100
345	100
344	100
346	100
345	100
347	100
348	100
342	100
345	100
345	100
345	100
348	100
346	100
345	100
345	100
348	100
342	100
349	100
345	100
345	100
345	100
345	100
345	100
345	100
351	100
342	100
2310	100
21	100
14	100
13	100
13	100
12	100
234	100
338	100
351	100
338	100
352	100
347	100
345	100
345	100
345	100
348	100
345	100
345	100
345	100
345	100
345	100
345	100
348	100
346	100
347	100
342	100
345	100
345	100
348	100
345	100
345	100
345	100
346	100
348	100
357	100
345	100
345	100
345	100
345	100
344	100
348	100
346	100
349	100
339	100
345	100
345	100
350	100
345	100
346	100
345	100
345	100
348	100
345	100
383	100
311	100
345	100
346	100
359	100
331	100
348	100
347	100
342	100
345	100
345	100
345	100
348	100
345	100
345	100
346	100
350	100
760	100
18	100
353	100
342	100
344	100
345	100
344	100
349	100
348	100
341	100
346	100
344	100
345	100
348	100
345	100
1053	100
19	100
13	100
374	100
344	100
345	100
343	100
345	100
344	100
345	100
347	100
348	100
341	100
345	100
344	100
344	100
347	100
345	100
347	100
344	100
347	100
342	100
348	100
344	100
345	100
344	100
344	100
1411	100
18	100
12	100
12	100
392	100
342	100
345	100
347	100
345	100
344	100
344	100
349	100
340	100
345	100
348	100
345	100
344	100
345	100
344	100
344	100
350	100
342	100
344	100
344	100
344	100
345	100
350	100
344	100
345	100
347	100
342	100
345	100
347	100
344	100
345	100
344	100
345	100
345	100
352	100
342	100
351	100
339	100
344	100
344	100
347	100
344	100
345	100
347	100
342	100
345	100
348	100
344	100
416	100
349	100
345	100
348	100
349	100
342	100
345	100
344	100
346	100
345	100
348	100
371	100
346	100
347	100
342	100
344	100
348	100
1114	100
57	100
17	100
387	100
392	100
388	100
390	100
386	100
383	100
383	100
386	100
394	100
332	100
343	100
347	100
604	100
96	100
341	100
3153	100
26	100
6609	100
