0	100
397	100
157	100
159	100
153	100
151	100
155	100
151	100
156	100
150	100
2689	100
153	100
154	100
151	100
150	100
152	100
149	100
150	100
149	100
149	100
3296	100
40	100
34	100
34	100
37	100
34	100
145	100
38	100
34	100
33	100
2556	100
111	100
47	100
46	100
46	100
46	100
46	100
45	100
46	100
45	100
2673	100
52	100
37	100
34	100
34	100
34	100
33	100
34	100
34	100
33	100
2588	100
38	100
34	100
34	100
34	100
33	100
33	100
34	100
34	100
37	100
2609	100
39	100
34	100
34	100
34	100
33	100
34	100
33	100
33	100
34	100
2605	100
38	100
42	100
34	100
33	100
34	100
34	100
37	100
34	100
34	100
2643	100
72	100
46	100
46	100
47	100
46	100
46	100
45	100
46	100
45	100
1624	100
108	100
108	100
109	100
108	100
108	100
112	100
108	100
107	100
111	100
2635	100
120	100
790	100
63	100
45	100
45	100
45	100
45	100
45	100
45	100
2662	100
52	100
50	100
45	100
45	100
45	100
45	100
45	100
45	100
45	100
2602	100
72	100
51	100
34	100
34	100
35	100
37	100
34	100
34	100
34	100
2755	100
53	100
50	100
36	100
35	100
34	100
35	100
34	100
34	100
34	100
2398	100
39	100
34	100
36	100
34	100
34	100
33	100
33	100
39	100
140	100
2179	100
39	100
35	100
396	100
50	100
34	100
34	100
34	100
34	100
78	100
2504	100
39	100
34	100
36	100
34	100
37	100
34	100
35	100
34	100
134	100
2493	100
39	100
34	100
36	100
34	100
34	100
33	100
34	100
35	100
149	100
2507	100
39	100
34	100
39	100
34	100
34	100
33	100
34	100
34	100
136	100
2475	100
37	100
34	100
34	100
36	100
34	100
33	100
33	100
42	100
159	100
2508	100
42	100
34	100
37	100
34	100
34	100
34	100
35	100
34	100
127	100
2494	100
39	100
34	100
36	100
34	100
34	100
33	100
34	100
38	100
136	100
2500	100
39	100
34	100
36	100
34	100
34	100
34	100
34	100
35	100
139	100
2493	100
39	100
34	100
36	100
34	100
34	100
37	100
34	100
42	100
141	100
2490	100
52	100
47	100
46	100
46	100
45	100
47	100
45	100
45	100
55	100
2494	100
51	100
47	100
46	100
49	100
45	100
47	100
45	100
45	100
47	100
2498	100
52	100
47	100
46	100
45	100
46	100
47	100
45	100
45	100
56	100
2488	100
56	100
47	100
46	100
45	100
45	100
47	100
45	100
45	100
47	100
2494	100
52	100
47	100
46	100
45	100
45	100
47	100
45	100
45	100
52	100
2972	100
52	100
46	100
48	100
45	100
45	100
47	100
45	100
45	100
72	100
1826	100
61	100
35	100
34	100
359	100
38	100
34	100
38	100
34	100
34	100
2421	100
66	100
49	100
46	100
46	100
47	100
45	100
45	100
45	100
47	100
2456	100
52	100
47	100
46	100
50	100
45	100
47	100
45	100
45	100
47	100
2480	100
52	100
47	100
47	100
45	100
45	100
47	100
45	100
45	100
47	100
2280	100
60	100
39	100
35	100
5194	100
45	100
35	100
35	100
34	100
34	100
34	100
34	100
34	100
34	100
34	100
34	100
81	100
158	100
165	100
166	100
164	100
165	100
162	100
164	100
164	100
163	100
163	100
163	100
163	100
163	100
2222	100
52	100
46	100
48	100
46	100
45	100
47	100
53	100
46	100
61	100
2482	100
53	100
47	100
46	100
46	100
46	100
47	100
45	100
45	100
47	100
2476	100
51	100
46	100
48	100
46	100
49	100
47	100
45	100
45	100
75	100
2451	100
52	100
45	100
48	100
46	100
45	100
47	100
46	100
45	100
79	100
2447	100
52	100
50	100
49	100
46	100
45	100
46	100
46	100
45	100
73	100
2135	100
47	100
46	100
46	100
46	100
46	100
88	100
120	100
163	100
161	100
2464	100
53	100
45	100
49	100
46	100
46	100
46	100
46	100
46	100
77	100
2453	100
52	100
46	100
48	100
46	100
45	100
47	100
46	100
50	100
72	100
2459	100
52	100
47	100
48	100
46	100
46	100
48	100
45	100
45	100
67	100
2456	100
67	100
47	100
54	100
46	100
50	100
47	100
45	100
45	100
48	100
2446	100
52	100
46	100
48	100
46	100
49	100
47	100
46	100
46	100
79	100
2445	100
52	100
46	100
53	100
46	100
51	100
48	100
46	100
45	100
70	100
2450	100
52	100
46	100
48	100
46	100
45	100
47	100
46	100
46	100
74	100
2449	100
56	100
46	100
49	100
46	100
45	100
48	100
49	100
46	100
82	100
2436	100
53	100
46	100
48	100
45	100
45	100
47	100
46	100
54	100
66	100
2460	100
55	100
48	100
48	100
48	100
48	100
48	100
147	100
52	100
47	100
2380	100
62	100
34	100
34	100
34	100
34	100
38	100
205	100
38	100
34	100
2430	100
70	100
47	100
47	100
47	100
46	100
46	100
134	100
51	100
46	100
2198	100
60	100
35	100
35	100
40	100
5919	100
73	100
73	100
72	100
72	100
73	100
73	100
125	100
97	100
480	100
55	100
1419	100
54	100
46	100
46	100
48	100
51	100
46	100
47	100
48	100
46	100
46	100
48	100
45	100
104	100
163	100
164	100
163	100
167	100
159	100
163	100
163	100
163	100
163	100
162	100
1028	100
52	100
34	100
35	100
34	100
34	100
34	100
56	100
161	100
162	100
2156	100
54	100
47	100
48	100
46	100
46	100
48	100
51	100
46	100
48	100
2407	100
53	100
46	100
48	100
46	100
46	100
48	100
54	100
46	100
61	100
2415	100
53	100
47	100
48	100
51	100
46	100
48	100
46	100
46	100
62	100
2406	100
53	100
46	100
49	100
46	100
46	100
48	100
46	100
46	100
72	100
2137	100
53	100
52	100
46	100
46	100
47	100
48	100
109	100
154	100
161	100
2419	100
53	100
47	100
49	100
46	100
46	100
48	100
46	100
46	100
71	100
2406	100
53	100
46	100
49	100
47	100
46	100
47	100
46	100
46	100
72	100
2409	100
52	100
47	100
49	100
46	100
46	100
48	100
50	100
46	100
66	100
2413	100
53	100
47	100
49	100
46	100
46	100
57	100
46	100
46	100
61	100
2402	100
52	100
46	100
49	100
46	100
50	100
94	100
59	100
48	100
47	100
5015	100
74	100
76	100
72	100
73	100
73	100
74	100
126	100
101	100
1798	100
51	100
46	100
46	100
51	100
50	100
48	100
46	100
46	100
46	100
46	100
46	100
46	100
50	100
49	100
140	100
166	100
167	100
159	100
165	100
159	100
2604	100
83	100
43	100
41	100
40	100
40	100
42	100
40	100
40	100
77	100
2394	100
47	100
41	100
41	100
42	100
40	100
40	100
42	100
45	100
115	100
2408	100
47	100
41	100
41	100
42	100
40	100
40	100
42	100
40	100
118	100
2418	100
47	100
41	100
42	100
40	100
40	100
46	100
42	100
41	100
106	100
2407	100
46	100
41	100
42	100
42	100
40	100
40	100
42	100
40	100
115	100
2416	100
46	100
40	100
46	100
41	100
40	100
40	100
42	100
40	100
111	100
2424	100
47	100
40	100
43	100
40	100
41	100
40	100
42	100
40	100
110	100
2408	100
50	100
40	100
42	100
42	100
40	100
40	100
42	100
40	100
121	100
2403	100
47	100
40	100
42	100
42	100
40	100
40	100
41	100
39	100
121	100
2425	100
47	100
41	100
42	100
40	100
53	100
42	100
41	100
40	100
86	100
2410	100
47	100
41	100
42	100
42	100
40	100
44	100
42	100
40	100
115	100
2411	100
47	100
41	100
42	100
42	100
40	100
40	100
42	100
40	100
117	100
2421	100
47	100
41	100
42	100
50	100
41	100
41	100
41	100
40	100
94	100
2375	100
48	100
42	100
40	100
43	100
41	100
40	100
40	100
42	100
152	100
2402	100
47	100
45	100
42	100
42	100
40	100
40	100
42	100
40	100
120	100
2408	100
47	100
40	100
42	100
42	100
40	100
40	100
42	100
40	100
116	100
2116	100
46	100
41	100
41	100
41	100
40	100
82	100
42	100
88	100
160	100
2577	100
47	100
40	100
43	100
43	100
41	100
41	100
48	100
40	100
107	100
2414	100
47	100
41	100
42	100
41	100
40	100
40	100
42	100
40	100
117	100
2411	100
47	100
41	100
41	100
47	100
40	100
40	100
42	100
40	100
119	100
2305	100
43	100
42	100
42	100
41	100
41	100
41	100
40	100
95	100
161	100
2410	100
47	100
45	100
42	100
42	100
40	100
40	100
42	100
40	100
115	100
2411	100
47	100
41	100
42	100
42	100
40	100
40	100
42	100
40	100
118	100
2409	100
47	100
41	100
42	100
42	100
41	100
40	100
42	100
40	100
119	100
2403	100
47	100
41	100
42	100
42	100
40	100
40	100
47	100
40	100
121	100
2408	100
47	100
41	100
43	100
41	100
40	100
40	100
42	100
40	100
114	100
2401	100
47	100
40	100
42	100
42	100
45	100
40	100
42	100
40	100
113	100
2263	100
74	100
31	100
30	100
30	100
318	100
34	100
30	100
30	100
30	100
2409	100
60	100
41	100
49	100
40	100
40	100
41	100
41	100
40	100
96	100
2407	100
47	100
41	100
42	100
41	100
40	100
41	100
42	100
40	100
115	100
2414	100
47	100
41	100
43	100
40	100
40	100
40	100
42	100
40	100
116	100
2411	100
47	100
48	100
42	100
41	100
40	100
40	100
42	100
44	100
109	100
2404	100
47	100
533	100
48	100
42	100
41	100
40	100
41	100
41	100
40	100
1987	100
47	100
41	100
42	100
41	100
40	100
45	100
42	100
40	100
117	100
2193	100
51	100
33	100
371	100
34	100
30	100
30	100
30	100
30	100
52	100
2432	100
48	100
41	100
47	100
42	100
40	100
40	100
42	100
40	100
116	100
2380	100
49	100
30	100
30	100
30	100
30	100
30	100
197	100
34	100
57	100
2403	100
53	100
41	100
43	100
42	100
41	100
43	100
43	100
40	100
106	100
2395	100
47	100
41	100
42	100
42	100
40	100
40	100
49	100
42	100
119	100
2401	100
47	100
48	100
44	100
41	100
41	100
41	100
43	100
40	100
112	100
2403	100
47	100
41	100
42	100
42	100
40	100
44	100
42	100
40	100
114	100
2131	100
47	100
41	100
41	100
41	100
41	100
81	100
42	100
81	100
150	100
2569	100
47	100
41	100
41	100
45	100
40	100
40	100
42	100
40	100
122	100
2398	100
47	100
41	100
42	100
43	100
40	100
40	100
42	100
40	100
123	100
2398	100
47	100
45	100
42	100
43	100
40	100
40	100
42	100
40	100
118	100
2397	100
47	100
41	100
42	100
42	100
41	100
59	100
44	100
43	100
102	100
2402	100
47	100
41	100
42	100
42	100
40	100
40	100
42	100
40	100
123	100
2408	100
47	100
41	100
42	100
42	100
40	100
40	100
49	100
40	100
112	100
2077	100
44	100
42	100
390	100
50	100
31	100
30	100
30	100
30	100
142	100
2433	100
47	100
41	100
42	100
45	100
41	100
41	100
41	100
40	100
92	100
2407	100
47	100
41	100
42	100
41	100
40	100
40	100
42	100
40	100
120	100
2398	100
47	100
45	100
42	100
42	100
41	100
40	100
42	100
41	100
119	100
2405	100
48	100
41	100
43	100
42	100
127	100
42	100
40	100
40	100
42	100
2397	100
47	100
41	100
42	100
42	100
40	100
40	100
42	100
40	100
123	100
2400	100
47	100
41	100
42	100
40	100
40	100
40	100
47	100
40	100
113	100
2415	100
47	100
41	100
42	100
42	100
40	100
40	100
42	100
41	100
115	100
2429	100
47	100
41	100
42	100
42	100
45	100
40	100
42	100
41	100
119	100
2396	100
47	100
41	100
42	100
43	100
40	100
40	100
42	100
40	100
123	100
2376	100
51	100
31	100
34	100
30	100
30	100
30	100
198	100
34	100
46	100
2406	100
49	100
41	100
50	100
43	100
40	100
40	100
42	100
41	100
103	100
2410	100
48	100
41	100
43	100
42	100
40	100
40	100
42	100
40	100
114	100
2406	100
48	100
41	100
42	100
41	100
40	100
40	100
42	100
45	100
115	100
2405	100
47	100
41	100
41	100
42	100
40	100
40	100
42	100
40	100
122	100
2399	100
47	100
41	100
42	100
41	100
40	100
44	100
42	100
41	100
122	100
2402	100
46	100
41	100
42	100
41	100
40	100
40	100
41	100
40	100
125	100
2402	100
47	100
41	100
47	100
42	100
41	100
40	100
42	100
40	100
116	100
2403	100
47	100
56	100
43	100
42	100
40	100
40	100
42	100
40	100
109	100
2399	100
51	100
41	100
42	100
41	100
41	100
40	100
48	100
40	100
112	100
2403	100
47	100
41	100
42	100
42	100
40	100
41	100
42	100
40	100
120	100
2400	100
47	100
41	100
42	100
41	100
41	100
40	100
42	100
40	100
120	100
2398	100
47	100
41	100
42	100
55	100
41	100
45	100
43	100
40	100
107	100
2401	100
47	100
41	100
42	100
42	100
40	100
40	100
43	100
40	100
114	100
2409	100
47	100
40	100
42	100
46	100
40	100
41	100
42	100
40	100
116	100
2418	100
68	100
42	100
42	100
41	100
40	100
41	100
41	100
40	100
95	100
2408	100
47	100
48	100
42	100
42	100
40	100
40	100
42	100
40	100
109	100
2402	100
47	100
41	100
41	100
42	100
40	100
40	100
41	100
41	100
127	100
2401	100
47	100
41	100
42	100
42	100
41	100
40	100
42	100
40	100
121	100
2423	100
47	100
41	100
42	100
41	100
40	100
40	100
47	100
41	100
101	100
2409	100
47	100
41	100
43	100
41	100
41	100
41	100
43	100
40	100
110	100
2405	100
47	100
41	100
42	100
41	100
45	100
40	100
43	100
40	100
114	100
2421	100
47	100
41	100
43	100
40	100
40	100
40	100
42	100
40	100
105	100
2397	100
47	100
46	100
42	100
43	100
40	100
40	100
42	100
40	100
119	100
2530	100
52	100
31	100
30	100
30	100
30	100
30	100
30	100
88	100
58	100
2356	100
47	100
41	100
58	100
42	100
41	100
41	100
43	100
41	100
367	100
2141	100
47	100
41	100
42	100
41	100
40	100
40	100
42	100
47	100
109	100
2377	100
58	100
30	100
30	100
30	100
41	100
35	100
198	100
33	100
30	100
2407	100
64	100
41	100
42	100
45	100
40	100
40	100
41	100
40	100
101	100
2336	100
48	100
42	100
40	100
40	100
42	100
39	100
40	100
68	100
162	100
2411	100
46	100
45	100
43	100
40	100
40	100
40	100
41	100
40	100
111	100
2397	100
46	100
40	100
41	100
41	100
40	100
40	100
41	100
40	100
128	100
2401	100
47	100
40	100
41	100
42	100
40	100
39	100
41	100
40	100
123	100
2404	100
47	100
40	100
42	100
42	100
40	100
40	100
46	100
48	100
114	100
2417	100
48	100
41	100
43	100
43	100
40	100
40	100
42	100
40	100
116	100
2401	100
48	100
41	100
42	100
42	100
45	100
40	100
43	100
40	100
113	100
2293	100
44	100
41	100
43	100
41	100
40	100
42	100
41	100
121	100
161	100
2406	100
47	100
45	100
41	100
49	100
40	100
39	100
42	100
40	100
119	100
2400	100
47	100
41	100
41	100
41	100
40	100
40	100
41	100
40	100
125	100
2401	100
47	100
40	100
41	100
42	100
40	100
40	100
40	100
41	100
134	100
2394	100
46	100
40	100
41	100
42	100
40	100
40	100
41	100
45	100
128	100
2396	100
46	100
41	100
41	100
42	100
40	100
40	100
40	100
41	100
136	100
2398	100
47	100
40	100
41	100
42	100
44	100
40	100
41	100
40	100
128	100
2214	100
56	100
32	100
30	100
351	100
34	100
30	100
30	100
30	100
30	100
2153	100
71	100
1765	100
52	100
42	100
41	100
42	100
43	100
41	100
40	100
4142	100
50	100
41	100
42	100
41	100
40	100
40	100
40	100
41	100
140	100
165	100
161	100
163	100
163	100
163	100
163	100
163	100
164	100
163	100
163	100
171	100
189	100
157	100
147	100
177	100
147	100
163	100
163	100
163	100
162	100
1643	100
47	100
41	100
41	100
41	100
40	100
40	100
41	100
41	100
132	100
2403	100
47	100
40	100
41	100
41	100
40	100
44	100
42	100
40	100
125	100
2195	100
59	100
33	100
367	100
34	100
31	100
30	100
30	100
30	100
49	100
2402	100
46	100
40	100
41	100
46	100
40	100
40	100
41	100
40	100
131	100
2387	100
47	100
40	100
41	100
41	100
39	100
40	100
40	100
41	100
138	100
2394	100
50	100
40	100
41	100
40	100
40	100
40	100
41	100
40	100
129	100
2396	100
46	100
40	100
41	100
41	100
40	100
39	100
40	100
57	100
122	100
2398	100
47	100
42	100
42	100
42	100
41	100
42	100
71	100
43	100
83	100
2402	100
49	100
41	100
41	100
42	100
41	100
44	100
42	100
40	100
121	100
2147	100
52	100
33	100
404	100
34	100
31	100
30	100
30	100
30	100
63	100
2409	100
47	100
41	100
41	100
46	100
40	100
40	100
41	100
41	100
135	100
2387	100
47	100
40	100
40	100
41	100
40	100
40	100
40	100
41	100
140	100
2390	100
46	100
45	100
41	100
41	100
40	100
40	100
41	100
41	100
131	100
2390	100
46	100
41	100
41	100
42	100
40	100
39	100
58	100
41	100
122	100
2394	100
48	100
41	100
41	100
42	100
40	100
40	100
60	100
41	100
1140	100
1772	100
60	100
54	100
44	100
40	100
41	100
40	100
47	100
40	100
844	100
1646	100
47	100
40	100
41	100
41	100
40	100
40	100
40	100
42	100
135	100
2378	100
47	100
40	100
40	100
42	100
44	100
40	100
40	100
41	100
149	100
2385	100
47	100
41	100
41	100
41	100
40	100
40	100
41	100
41	100
135	100
2384	100
47	100
45	100
41	100
41	100
40	100
40	100
40	100
41	100
137	100
2244	100
44	100
41	100
42	100
41	100
40	100
39	100
42	100
155	100
161	100
2424	100
47	100
41	100
40	100
41	100
40	100
40	100
40	100
42	100
146	100
2385	100
285	100
49	100
41	100
40	100
40	100
41	100
40	100
44	100
40	100
2236	100
46	100
41	100
41	100
43	100
40	100
40	100
40	100
41	100
141	100
2376	100
46	100
40	100
40	100
41	100
45	100
40	100
40	100
41	100
140	100
2380	100
47	100
41	100
40	100
42	100
40	100
40	100
40	100
41	100
142	100
2398	100
47	100
41	100
46	100
41	100
40	100
40	100
41	100
40	100
128	100
2183	100
43	100
41	100
41	100
41	100
42	100
40	100
106	100
161	100
161	100
2388	100
51	100
41	100
42	100
41	100
40	100
40	100
41	100
41	100
132	100
2390	100
46	100
41	100
40	100
41	100
40	100
39	100
40	100
45	100
134	100
2388	100
46	100
40	100
41	100
41	100
40	100
40	100
40	100
41	100
138	100
2332	100
47	100
42	100
42	100
43	100
41	100
45	100
40	100
41	100
177	100
2479	100
34	100
30	100
30	100
30	100
30	100
30	100
30	100
30	100
153	100
2381	100
50	100
41	100
41	100
47	100
40	100
39	100
41	100
40	100
134	100
2141	100
46	100
41	100
40	100
40	100
42	100
42	100
40	100
89	100
159	100
2560	100
53	100
40	100
41	100
41	100
40	100
40	100
41	100
40	100
134	100
2339	100
50	100
30	100
30	100
29	100
29	100
29	100
120	100
64	100
126	100
2399	100
49	100
41	100
41	100
40	100
39	100
39	100
40	100
40	100
132	100
2365	100
46	100
40	100
40	100
42	100
44	100
39	100
39	100
59	100
128	100
2383	100
46	100
40	100
40	100
42	100
39	100
39	100
39	100
41	100
145	100
2382	100
46	100
40	100
45	100
41	100
39	100
39	100
40	100
40	100
138	100
2381	100
46	100
40	100
40	100
41	100
40	100
39	100
39	100
41	100
145	100
2392	100
50	100
40	100
41	100
41	100
39	100
39	100
40	100
40	100
136	100
2378	100
46	100
40	100
40	100
41	100
39	100
39	100
39	100
46	100
140	100
2380	100
46	100
40	100
40	100
41	100
40	100
39	100
39	100
41	100
147	100
2387	100
46	100
48	100
41	100
41	100
39	100
43	100
57	100
40	100
112	100
2383	100
46	100
40	100
40	100
41	100
39	100
39	100
39	100
41	100
144	100
2467	100
50	100
30	100
29	100
34	100
29	100
29	100
29	100
29	100
127	100
2130	100
46	100
40	100
40	100
40	100
40	100
42	100
144	100
161	100
161	100
2391	100
49	100
40	100
40	100
41	100
40	100
39	100
39	100
41	100
139	100
2388	100
46	100
40	100
40	100
41	100
39	100
39	100
40	100
40	100
138	100
2380	100
46	100
40	100
40	100
41	100
39	100
39	100
39	100
41	100
147	100
2383	100
46	100
40	100
40	100
41	100
39	100
39	100
44	100
58	100
121	100
2386	100
46	100
40	100
40	100
41	100
39	100
39	100
40	100
41	100
141	100
2391	100
46	100
40	100
40	100
45	100
39	100
39	100
40	100
39	100
135	100
2134	100
46	100
40	100
40	100
40	100
40	100
41	100
154	100
143	100
165	100
2327	100
48	100
33	100
30	100
29	100
29	100
367	100
61	100
50	100
52	100
2226	100
47	100
40	100
41	100
41	100
39	100
39	100
40	100
40	100
138	100
2385	100
46	100
66	100
44	100
40	100
40	100
39	100
42	100
39	100
116	100
2379	100
46	100
39	100
39	100
110	100
42	100
59	100
40	100
39	100
60	100
2382	100
46	100
40	100
40	100
41	100
39	100
39	100
39	100
40	100
145	100
2385	100
46	100
46	100
40	100
40	100
39	100
39	100
40	100
40	100
133	100
2132	100
46	100
40	100
40	100
39	100
39	100
50	100
141	100
161	100
160	100
2393	100
45	100
40	100
40	100
41	100
39	100
39	100
39	100
41	100
147	100
2387	100
46	100
40	100
40	100
40	100
39	100
39	100
44	100
41	100
137	100
2387	100
46	100
40	100
40	100
41	100
39	100
39	100
39	100
40	100
141	100
2383	100
46	100
40	100
40	100
40	100
43	100
39	100
54	100
43	100
121	100
2389	100
46	100
43	100
40	100
41	100
39	100
39	100
55	100
40	100
127	100
2385	100
47	100
44	100
41	100
40	100
39	100
39	100
40	100
40	100
135	100
2118	100
43	100
40	100
40	100
39	100
40	100
57	100
149	100
160	100
163	100
2391	100
46	100
40	100
41	100
41	100
41	100
41	100
276	100
45	100
40	100
4341	100
2190	100
42	100
35	100
35	100
34	100
40	100
35	100
34	100
34	100
34	100
35	100
34	100
34	100
35	100
35	100
34	100
35	100
34	100
34	100
897	100
39	100
35	100
34	100
38	100
42	100
35	100
377	100
70	100
47	100
1844	100
47	100
38	100
38	100
37	100
36	100
36	100
62	100
160	100
163	100
2466	100
51	100
28	100
27	100
27	100
27	100
27	100
27	100
27	100
151	100
2144	100
40	100
36	100
36	100
36	100
36	100
38	100
157	100
160	100
162	100
2469	100
44	100
27	100
27	100
27	100
27	100
27	100
28	100
27	100
165	100
2459	100
43	100
27	100
27	100
26	100
27	100
27	100
30	100
27	100
163	100
2462	100
44	100
27	100
27	100
27	100
27	100
27	100
27	100
27	100
160	100
2453	100
44	100
27	100
27	100
30	100
27	100
27	100
27	100
40	100
148	100
2455	100
43	100
27	100
27	100
27	100
27	100
27	100
27	100
27	100
162	100
2489	100
48	100
31	100
27	100
502	100
31	100
151	100
31	100
27	100
26	100
1632	100
60	100
38	100
37	100
36	100
36	100
515	100
42	100
36	100
43	100
2341	100
46	100
27	100
27	100
26	100
26	100
27	100
27	100
27	100
168	100
2453	100
43	100
27	100
27	100
27	100
27	100
30	100
26	100
27	100
168	100
2325	100
45	100
27	100
26	100
26	100
26	100
26	100
121	100
224	100
41	100
2413	100
43	100
27	100
27	100
30	100
27	100
27	100
39	100
28	100
152	100
2363	100
43	100
37	100
36	100
37	100
36	100
35	100
36	100
63	100
161	100
2368	100
47	100
41	100
36	100
37	100
36	100
35	100
35	100
52	100
161	100
2129	100
42	100
37	100
36	100
36	100
37	100
52	100
158	100
159	100
161	100
2375	100
44	100
37	100
36	100
37	100
37	100
35	100
35	100
67	100
161	100
2366	100
44	100
36	100
36	100
38	100
36	100
35	100
39	100
59	100
162	100
2366	100
44	100
37	100
36	100
36	100
37	100
35	100
36	100
66	100
161	100
2372	100
44	100
36	100
36	100
36	100
40	100
35	100
35	100
69	100
152	100
2472	100
44	100
27	100
27	100
27	100
26	100
26	100
27	100
27	100
162	100
2371	100
44	100
40	100
36	100
37	100
36	100
35	100
36	100
56	100
161	100
2102	100
39	100
36	100
36	100
36	100
36	100
77	100
167	100
160	100
161	100
2379	100
44	100
36	100
36	100
37	100
37	100
35	100
35	100
62	100
162	100
2369	100
44	100
36	100
35	100
36	100
37	100
35	100
36	100
67	100
162	100
2364	100
43	100
36	100
36	100
37	100
36	100
35	100
35	100
64	100
162	100
2365	100
52	100
37	100
36	100
38	100
39	100
36	100
51	100
39	100
157	100
2375	100
44	100
36	100
36	100
37	100
37	100
35	100
35	100
64	100
163	100
2367	100
44	100
36	100
41	100
38	100
36	100
36	100
36	100
55	100
161	100
2055	100
314	100
50	100
27	100
27	100
27	100
27	100
117	100
230	100
41	100
2312	100
46	100
36	100
36	100
37	100
37	100
35	100
36	100
60	100
161	100
2367	100
47	100
37	100
36	100
37	100
36	100
36	100
35	100
58	100
160	100
2367	100
44	100
36	100
36	100
37	100
36	100
36	100
36	100
60	100
163	100
2368	100
44	100
37	100
36	100
37	100
36	100
40	100
52	100
48	100
158	100
2367	100
44	100
37	100
36	100
37	100
37	100
36	100
36	100
60	100
162	100
2369	100
44	100
37	100
36	100
41	100
37	100
36	100
36	100
57	100
161	100
2072	100
465	100
31	100
27	100
27	100
26	100
27	100
27	100
27	100
129	100
2463	100
46	100
27	100
27	100
26	100
26	100
27	100
85	100
66	100
161	100
2490	100
43	100
27	100
27	100
26	100
27	100
27	100
27	100
204	100
57	100
2263	100
44	100
27	100
27	100
27	100
27	100
27	100
115	100
93	100
139	100
2366	100
44	100
37	100
52	100
40	100
36	100
36	100
40	100
37	100
165	100
2454	100
43	100
27	100
27	100
26	100
27	100
26	100
27	100
27	100
163	100
2374	100
45	100
36	100
36	100
42	100
36	100
35	100
35	100
55	100
162	100
2362	100
44	100
37	100
36	100
36	100
37	100
36	100
36	100
66	100
161	100
2367	100
56	100
41	100
36	100
38	100
36	100
36	100
36	100
49	100
160	100
2368	100
44	100
36	100
36	100
37	100
37	100
35	100
35	100
62	100
161	100
2453	100
45	100
27	100
27	100
27	100
27	100
27	100
27	100
27	100
167	100
2369	100
44	100
36	100
53	100
39	100
36	100
36	100
42	100
37	100
161	100
2357	100
43	100
37	100
36	100
36	100
37	100
36	100
36	100
63	100
161	100
2372	100
45	100
27	100
27	100
27	100
30	100
27	100
366	100
55	100
50	100
2212	100
44	100
37	100
36	100
37	100
37	100
35	100
36	100
65	100
161	100
2359	100
44	100
36	100
40	100
37	100
37	100
35	100
35	100
61	100
161	100
2446	100
45	100
27	100
27	100
27	100
27	100
27	100
27	100
45	100
158	100
2359	100
43	100
27	100
27	100
27	100
27	100
27	100
83	100
72	100
160	100
2358	100
44	100
37	100
52	100
39	100
36	100
36	100
36	100
52	100
161	100
2365	100
44	100
36	100
36	100
37	100
36	100
36	100
36	100
64	100
161	100
2365	100
44	100
36	100
36	100
37	100
41	100
37	100
36	100
57	100
161	100
2379	100
44	100
27	100
27	100
26	100
27	100
27	100
27	100
113	100
152	100
2374	100
44	100
37	100
40	100
37	100
36	100
35	100
36	100
58	100
161	100
2369	100
44	100
36	100
36	100
37	100
36	100
36	100
36	100
61	100
161	100
2368	100
50	100
36	100
36	100
37	100
37	100
36	100
36	100
63	100
161	100
2362	100
44	100
36	100
52	100
38	100
36	100
35	100
35	100
49	100
159	100
2363	100
44	100
36	100
36	100
36	100
36	100
40	100
36	100
59	100
163	100
2367	100
44	100
36	100
63	100
39	100
41	100
36	100
36	100
37	100
161	100
2460	100
46	100
37	100
27	100
26	100
27	100
27	100
27	100
27	100
158	100
2362	100
43	100
40	100
36	100
37	100
36	100
35	100
35	100
59	100
161	100
2458	100
44	100
27	100
27	100
27	100
30	100
27	100
27	100
44	100
158	100
2363	100
44	100
36	100
36	100
37	100
36	100
42	100
36	100
54	100
161	100
2363	100
44	100
36	100
52	100
38	100
35	100
36	100
36	100
41	100
167	100
2355	100
44	100
27	100
27	100
27	100
27	100
27	100
83	100
95	100
144	100
2358	100
44	100
27	100
27	100
26	100
30	100
27	100
83	100
68	100
160	100
2364	100
44	100
37	100
36	100
36	100
37	100
35	100
35	100
69	100
161	100
2093	100
43	100
37	100
42	100
38	100
37	100
99	100
42	100
265	100
40	100
2331	100
47	100
39	100
38	100
37	100
37	100
442	100
44	100
27	100
27	100
2331	100
34	100
27	100
27	100
26	100
26	100
289	100
30	100
27	100
27	100
2399	100
59	100
37	100
36	100
36	100
36	100
36	100
36	100
52	100
71	100
2486	100
44	100
27	100
27	100
26	100
27	100
276	100
30	100
27	100
27	100
2785	100
31	100
27	100
27	100
27	100
26	100
31	100
27	100
27	100
27	100
2168	100
30	100
27	100
27	100
27	100
26	100
296	100
30	100
27	100
26	100
2177	100
60	100
37	100
37	100
2041	100
41	100
37	100
36	100
36	100
36	100
2375	100
39	100
52	100
38	100
50	100
38	100
3724	100
44	100
40	100
36	100
35	100
35	100
35	100
35	100
35	100
35	100
35	100
2063	100
54	100
27	100
26	100
26	100
32	100
26	100
26	100
26	100
29	100
26	100
26	100
26	100
1162	100
35	100
27	100
26	100
27	100
26	100
26	100
26	100
87	100
155	100
2446	100
43	100
26	100
26	100
29	100
26	100
26	100
26	100
44	100
159	100
2430	100
42	100
26	100
26	100
26	100
26	100
26	100
26	100
66	100
159	100
2428	100
45	100
26	100
26	100
27	100
26	100
26	100
26	100
62	100
343	100
2270	100
43	100
26	100
26	100
26	100
26	100
26	100
26	100
45	100
156	100
2426	100
42	100
26	100
26	100
26	100
26	100
26	100
26	100
65	100
158	100
2431	100
42	100
26	100
26	100
26	100
26	100
26	100
29	100
64	100
159	100
2429	100
55	100
26	100
26	100
26	100
26	100
26	100
26	100
53	100
159	100
2428	100
42	100
26	100
26	100
29	100
26	100
26	100
26	100
63	100
159	100
2436	100
42	100
26	100
26	100
26	100
25	100
26	100
26	100
53	100
158	100
2436	100
42	100
29	100
26	100
26	100
25	100
26	100
26	100
62	100
159	100
2427	100
42	100
26	100
26	100
26	100
25	100
26	100
26	100
66	100
159	100
2429	100
42	100
26	100
26	100
26	100
25	100
26	100
26	100
68	100
159	100
2430	100
41	100
26	100
26	100
26	100
26	100
26	100
29	100
65	100
159	100
2423	100
55	100
26	100
26	100
26	100
26	100
26	100
26	100
56	100
158	100
2430	100
42	100
26	100
26	100
26	100
29	100
26	100
26	100
62	100
159	100
2426	100
41	100
26	100
26	100
26	100
26	100
26	100
26	100
70	100
159	100
2429	100
41	100
29	100
26	100
26	100
26	100
26	100
26	100
65	100
159	100
2317	100
42	100
26	100
26	100
25	100
26	100
26	100
107	100
97	100
158	100
2423	100
42	100
26	100
26	100
26	100
25	100
26	100
26	100
68	100
158	100
2428	100
41	100
26	100
26	100
26	100
25	100
26	100
26	100
69	100
159	100
2433	100
61	100
27	100
26	100
26	100
26	100
26	100
26	100
47	100
158	100
2429	100
42	100
26	100
26	100
26	100
29	100
26	100
26	100
67	100
158	100
2427	100
42	100
26	100
26	100
26	100
26	100
26	100
26	100
69	100
158	100
2431	100
41	100
26	100
32	100
26	100
26	100
26	100
26	100
61	100
159	100
2425	100
41	100
26	100
26	100
25	100
25	100
26	100
26	100
69	100
159	100
2430	100
44	100
26	100
26	100
26	100
26	100
25	100
26	100
67	100
158	100
2441	100
42	100
26	100
26	100
25	100
25	100
26	100
26	100
54	100
159	100
2435	100
59	100
26	100
26	100
26	100
26	100
26	100
26	100
53	100
158	100
2430	100
41	100
26	100
26	100
26	100
26	100
29	100
26	100
68	100
157	100
2088	100
39	100
37	100
37	100
37	100
36	100
578	100
40	100
35	100
35	100
2203	100
43	100
26	100
26	100
29	100
25	100
26	100
111	100
96	100
158	100
2418	100
41	100
26	100
26	100
26	100
26	100
26	100
26	100
73	100
155	100
2434	100
44	100
26	100
26	100
26	100
26	100
26	100
26	100
64	100
159	100
2423	100
41	100
26	100
26	100
26	100
26	100
26	100
26	100
70	100
159	100
2424	100
42	100
39	100
26	100
26	100
26	100
26	100
26	100
56	100
159	100
2428	100
41	100
26	100
26	100
26	100
25	100
26	100
29	100
65	100
159	100
2429	100
41	100
26	100
26	100
26	100
26	100
26	100
26	100
70	100
159	100
2422	100
41	100
26	100
26	100
29	100
26	100
26	100
26	100
66	100
159	100
2428	100
41	100
26	100
26	100
26	100
25	100
25	100
26	100
65	100
159	100
2431	100
42	100
29	100
26	100
26	100
26	100
26	100
26	100
63	100
159	100
2423	100
41	100
26	100
26	100
26	100
26	100
26	100
25	100
70	100
159	100
2424	100
41	100
38	100
27	100
26	100
26	100
26	100
26	100
57	100
159	100
2435	100
41	100
26	100
26	100
26	100
26	100
26	100
29	100
58	100
159	100
2359	100
43	100
26	100
26	100
26	100
26	100
26	100
28	100
146	100
147	100
2425	100
42	100
26	100
26	100
26	100
29	100
26	100
26	100
62	100
159	100
2428	100
42	100
26	100
26	100
26	100
26	100
26	100
26	100
70	100
159	100
2422	100
41	100
29	100
26	100
26	100
26	100
26	100
26	100
65	100
159	100
2113	100
39	100
35	100
35	100
35	100
35	100
83	100
160	100
160	100
162	100
2423	100
42	100
26	100
42	100
26	100
26	100
26	100
26	100
53	100
158	100
2424	100
41	100
26	100
26	100
26	100
25	100
26	100
26	100
71	100
160	100
2426	100
41	100
26	100
26	100
26	100
26	100
26	100
26	100
70	100
159	100
2439	100
41	100
26	100
26	100
26	100
31	100
26	100
26	100
59	100
159	100
2421	100
42	100
26	100
26	100
26	100
26	100
26	100
26	100
69	100
158	100
2426	100
41	100
26	100
29	100
26	100
26	100
26	100
26	100
67	100
159	100
2425	100
41	100
26	100
32	100
26	100
26	100
26	100
26	100
63	100
159	100
2422	100
44	100
26	100
39	100
26	100
26	100
26	100
26	100
54	100
159	100
2365	100
44	100
36	100
35	100
35	100
36	100
35	100
35	100
69	100
160	100
2434	100
42	100
26	100
26	100
26	100
26	100
26	100
26	100
66	100
155	100
2424	100
41	100
26	100
26	100
26	100
26	100
31	100
26	100
227	100
53	100
2255	100
42	100
26	100
26	100
26	100
25	100
26	100
110	100
95	100
159	100
2430	100
41	100
26	100
26	100
30	100
25	100
26	100
26	100
59	100
158	100
2430	100
41	100
26	100
26	100
26	100
26	100
26	100
26	100
72	100
159	100
2418	100
44	100
26	100
26	100
32	100
26	100
26	100
26	100
63	100
156	100
2380	100
41	100
26	100
26	100
25	100
26	100
26	100
26	100
123	100
156	100
2021	100
97	100
84	100
83	100
78	100
78	100
78	100
78	100
123	100
120	100
2034	100
97	100
93	100
83	100
78	100
78	100
81	100
81	100
78	100
154	100
2021	100
97	100
83	100
83	100
78	100
81	100
78	100
78	100
118	100
119	100
2038	100
96	100
83	100
84	100
84	100
78	100
78	100
78	100
118	100
116	100
2032	100
97	100
83	100
86	100
78	100
78	100
78	100
78	100
118	100
123	100
2031	100
96	100
92	100
82	100
78	100
78	100
78	100
87	100
78	100
153	100
2023	100
100	100
84	100
83	100
78	100
78	100
78	100
78	100
116	100
121	100
2031	100
98	100
83	100
83	100
78	100
78	100
78	100
78	100
118	100
121	100
2052	100
96	100
84	100
83	100
78	100
78	100
79	100
81	100
123	100
116	100
2025	100
97	100
83	100
97	100
80	100
78	100
83	100
78	100
78	100
154	100
2020	100
96	100
83	100
83	100
78	100
84	100
78	100
78	100
120	100
117	100
2032	100
96	100
83	100
83	100
81	100
78	100
78	100
78	100
122	100
119	100
2028	100
97	100
83	100
89	100
78	100
78	100
78	100
90	100
119	100
111	100
2024	100
97	100
87	100
84	100
79	100
79	100
79	100
78	100
117	100
119	100
2037	100
100	100
83	100
83	100
78	100
78	100
78	100
78	100
118	100
123	100
2034	100
97	100
84	100
83	100
78	100
78	100
78	100
78	100
126	100
112	100
2037	100
97	100
83	100
83	100
78	100
77	100
78	100
81	100
116	100
125	100
2031	100
97	100
83	100
83	100
78	100
82	100
81	100
78	100
118	100
119	100
2030	100
98	100
84	100
83	100
584	100
85	100
79	100
78	100
78	100
78	100
1600	100
84	100
83	100
87	100
82	100
78	100
78	100
92	100
124	100
113	100
2033	100
97	100
83	100
87	100
78	100
78	100
78	100
78	100
115	100
122	100
2036	100
100	100
86	100
83	100
78	100
78	100
78	100
78	100
119	100
118	100
2053	100
100	100
84	100
83	100
80	100
78	100
78	100
78	100
81	100
149	100
2077	100
102	100
83	100
83	100
78	100
77	100
77	100
77	100
120	100
120	100
2029	100
96	100
83	100
83	100
78	100
77	100
81	100
81	100
117	100
124	100
2031	100
97	100
83	100
83	100
78	100
77	100
81	100
78	100
117	100
124	100
2029	100
97	100
83	100
83	100
81	100
80	100
78	100
95	100
78	100
149	100
2024	100
96	100
83	100
83	100
81	100
78	100
78	100
78	100
117	100
124	100
2034	100
102	100
84	100
86	100
78	100
78	100
78	100
78	100
117	100
114	100
2047	100
97	100
86	100
82	100
78	100
78	100
78	100
78	100
102	100
145	100
2023	100
84	100
83	100
83	100
78	100
77	100
78	100
77	100
145	100
115	100
2025	100
83	100
83	100
83	100
79	100
77	100
83	100
77	100
145	100
112	100
2027	100
83	100
83	100
82	100
79	100
77	100
77	100
80	100
142	100
115	100
2031	100
83	100
83	100
83	100
82	100
78	100
83	100
90	100
241	100
29	100
1997	100
83	100
83	100
82	100
78	100
80	100
77	100
77	100
262	100
29	100
1997	100
82	100
86	100
81	100
81	100
77	100
77	100
77	100
257	100
28	100
2009	100
82	100
82	100
85	100
86	100
77	100
77	100
77	100
252	100
31	100
1995	100
86	100
82	100
82	100
77	100
76	100
76	100
76	100
263	100
28	100
2003	100
82	100
82	100
82	100
78	100
76	100
76	100
80	100
102	100
162	100
2025	100
82	100
82	100
82	100
78	100
77	100
77	100
76	100
107	100
163	100
2024	100
83	100
82	100
82	100
78	100
80	100
76	100
80	100
121	100
138	100
2028	100
83	100
82	100
82	100
78	100
77	100
80	100
76	100
102	100
162	100
2024	100
82	100
86	100
82	100
78	100
79	100
77	100
77	100
102	100
159	100
2023	100
97	100
83	100
83	100
83	100
77	100
76	100
76	100
102	100
143	100
2073	100
82	100
85	100
81	100
79	100
77	100
77	100
77	100
102	100
164	100
2034	100
86	100
82	100
82	100
78	100
76	100
77	100
76	100
110	100
156	100
2029	100
82	100
82	100
82	100
78	100
77	100
76	100
77	100
108	100
164	100
2021	100
82	100
82	100
81	100
78	100
80	100
77	100
128	100
167	100
74	100
2016	100
83	100
82	100
82	100
76	100
77	100
76	100
82	100
103	100
162	100
2008	100
82	100
82	100
86	100
78	100
77	100
79	100
76	100
102	100
160	100
2033	100
83	100
82	100
82	100
78	100
79	100
76	100
76	100
102	100
156	100
2039	100
86	100
82	100
85	100
78	100
77	100
77	100
77	100
102	100
159	100
2028	100
82	100
88	100
82	100
77	100
77	100
76	100
76	100
105	100
156	100
2027	100
86	100
82	100
82	100
78	100
77	100
91	100
78	100
102	100
149	100
2027	100
89	100
82	100
82	100
77	100
76	100
80	100
82	100
106	100
145	100
2028	100
82	100
82	100
82	100
78	100
76	100
76	100
76	100
105	100
165	100
2024	100
82	100
82	100
82	100
82	100
77	100
76	100
81	100
102	100
162	100
2021	100
120	100
57	100
54	100
58	100
63	100
58	100
99	100
310	100
28	100
2012	100
87	100
82	100
81	100
80	100
76	100
76	100
76	100
103	100
161	100
2007	100
82	100
82	100
86	100
78	100
76	100
76	100
77	100
101	100
165	100
2026	100
82	100
85	100
81	100
78	100
76	100
77	100
77	100
106	100
164	100
2020	100
85	100
82	100
81	100
78	100
76	100
80	100
76	100
116	100
148	100
2024	100
82	100
82	100
81	100
78	100
76	100
76	100
76	100
108	100
164	100
2026	100
82	100
82	100
82	100
81	100
77	100
77	100
80	100
102	100
162	100
2022	100
95	100
82	100
81	100
77	100
76	100
80	100
77	100
101	100
153	100
2031	100
82	100
85	100
82	100
78	100
81	100
77	100
76	100
101	100
162	100
2026	100
82	100
81	100
81	100
81	100
77	100
76	100
76	100
106	100
164	100
2022	100
82	100
82	100
84	100
78	100
76	100
76	100
76	100
102	100
164	100
2026	100
82	100
153	100
80	100
77	100
76	100
77	100
80	100
106	100
95	100
2046	100
87	100
82	100
82	100
77	100
76	100
76	100
76	100
104	100
158	100
2010	100
82	100
82	100
82	100
77	100
82	100
76	100
76	100
104	100
162	100
2022	100
97	100
82	100
81	100
78	100
76	100
86	100
80	100
102	100
138	100
2039	100
82	100
85	100
82	100
77	100
77	100
79	100
77	100
102	100
160	100
2024	100
82	100
82	100
82	100
78	100
80	100
76	100
76	100
102	100
163	100
2030	100
82	100
82	100
82	100
94	100
77	100
77	100
77	100
102	100
152	100
2023	100
82	100
82	100
85	100
78	100
76	100
76	100
76	100
124	100
143	100
2024	100
82	100
85	100
81	100
78	100
76	100
76	100
76	100
102	100
164	100
2039	100
82	100
82	100
81	100
78	100
80	100
76	100
76	100
102	100
164	100
2020	100
81	100
88	100
81	100
77	100
76	100
76	100
76	100
106	100
158	100
2031	100
82	100
82	100
85	100
78	100
459	100
79	100
80	100
77	100
76	100
1754	100
82	100
82	100
82	100
113	100
77	100
79	100
76	100
103	100
126	100
2026	100
85	100
82	100
82	100
77	100
79	100
76	100
76	100
106	100
162	100
2023	100
81	100
81	100
81	100
80	100
76	100
76	100
76	100
105	100
161	100
2028	100
81	100
81	100
96	100
86	100
76	100
76	100
76	100
102	100
145	100
2027	100
84	100
80	100
80	100
77	100
75	100
78	100
75	100
110	100
162	100
2034	100
79	100
84	100
88	100
75	100
74	100
74	100
74	100
114	100
163	100
2022	100
79	100
79	100
79	100
79	100
74	100
74	100
74	100
123	100
163	100
2023	100
79	100
79	100
79	100
76	100
73	100
74	100
78	100
118	100
163	100
2031	100
83	100
79	100
79	100
76	100
74	100
76	100
74	100
117	100
162	100
2026	100
79	100
79	100
79	100
76	100
77	100
74	100
74	100
121	100
162	100
2026	100
79	100
79	100
79	100
79	100
74	100
87	100
102	100
101	100
140	100
2029	100
78	100
77	100
80	100
74	100
92	100
84	100
75	100
103	100
162	100
2035	100
88	100
107	100
89	100
84	100
84	100
85	100
84	100
84	100
119	100
2587	100
77	100
75	100
75	100
76	100
70	100
70	100
70	100
143	100
162	100
2020	100
104	100
76	100
75	100
72	100
70	100
73	100
70	100
118	100
163	100
2058	100
84	100
84	100
90	100
84	100
88	100
85	100
84	100
88	100
133	100
2566	100
83	100
84	100
84	100
87	100
84	100
84	100
89	100
83	100
139	100
3039	100
33	100
20	100
20	100
20	100
20	100
234	100
24	100
29	100
25	100
1989	100
130	100
118	100
118	100
114	100
114	100
113	100
111	100
112	100
116	100
2658	100
112	100
111	100
112	100
111	100
111	100
112	100
115	100
110	100
112	100
2661	100
114	100
110	100
110	100
115	100
110	100
110	100
109	100
114	100
118	100
2647	100
119	100
109	100
108	100
108	100
108	100
109	100
111	100
114	100
116	100
2637	100
118	100
108	100
106	100
108	100
106	100
116	100
107	100
107	100
109	100
2629	100
107	100
106	100
110	100
115	100
114	100
106	100
110	100
107	100
107	100
2655	100
117	100
103	100
103	100
109	100
103	100
103	100
103	100
107	100
102	100
2626	100
104	100
103	100
111	100
103	100
107	100
103	100
104	100
105	100
105	100
2633	100
106	100
120	100
107	100
104	100
103	100
103	100
104	100
103	100
102	100
2642	100
119	100
96	100
96	100
96	100
95	100
96	100
110	100
96	100
95	100
2621	100
96	100
96	100
96	100
96	100
99	100
96	100
96	100
99	100
99	100
2619	100
96	100
100	100
96	100
95	100
95	100
96	100
96	100
100	100
99	100
2618	100
96	100
95	100
95	100
95	100
96	100
99	100
104	100
97	100
96	100
2686	100
18	100
14	100
13	100
103	100
17	100
109	100
481	100
16	100
13	100
2279	100
17	100
25	100
110	100
20	100
24	100
587	100
16	100
13	100
12	100
2216	100
17	100
24	100
114	100
17	100
13	100
606	100
17	100
13	100
12	100
2192	100
109	100
39	100
238	100
16	100
13	100
404	100
16	100
13	100
12	100
2303	100
16	100
13	100
16	100
12	100
503	100
16	100
13	100
12	100
15	100
2128	100
16	100
13	100
12	100
12	100
512	100
16	100
13	100
12	100
12	100
2130	100
16	100
13	100
13	100
12	100
512	100
16	100
16	100
13	100
12	100
2130	100
16	100
13	100
12	100
13	100
509	100
16	100
13	100
12	100
12	100
2133	100
16	100
13	100
13	100
16	100
514	100
16	100
13	100
12	100
12	100
2130	100
16	100
13	100
12	100
12	100
405	100
16	100
13	100
12	100
62	100
2191	100
16	100
16	100
13	100
12	100
37	100
38	100
109	100
162	100
161	100
2186	100
16	100
13	100
12	100
12	100
37	100
38	100
113	100
162	100
161	100
2184	100
16	100
13	100
13	100
12	100
37	100
38	100
118	100
159	100
161	100
2185	100
16	100
13	100
13	100
13	100
37	100
38	100
108	100
162	100
162	100
2137	100
17	100
13	100
12	100
12	100
107	100
39	100
93	100
162	100
161	100
2106	100
18	100
14	100
13	100
13	100
65	100
53	100
150	100
159	100
162	100
2208	100
16	100
13	100
12	100
12	100
37	100
38	100
109	100
162	100
161	100
2177	100
16	100
16	100
13	100
12	100
37	100
38	100
111	100
162	100
162	100
2183	100
16	100
13	100
12	100
12	100
37	100
38	100
111	100
162	100
161	100
2222	100
64	100
15	100
14	100
13	100
67	100
41	100
40	100
110	100
162	100
2240	100
22	100
13	100
13	100
12	100
12	100
12	100
122	100
159	100
164	100
2124	100
17	100
14	100
13	100
13	100
13	100
68	100
162	100
162	100
172	100
2181	100
21	100
13	100
12	100
12	100
16	100
13	100
147	100
158	100
162	100
2195	100
21	100
13	100
13	100
12	100
13	100
12	100
152	100
159	100
162	100
1924	100
59	100
53	100
56	100
55	100
50	100
93	100
135	100
160	100
163	100
1919	100
59	100
57	100
53	100
52	100
50	100
90	100
138	100
163	100
159	100
1929	100
66	100
53	100
53	100
51	100
50	100
90	100
133	100
161	100
162	100
1925	100
60	100
53	100
53	100
51	100
50	100
93	100
137	100
163	100
162	100
1920	100
60	100
53	100
94	100
52	100
51	100
66	100
140	100
145	100
161	100
1926	100
59	100
53	100
53	100
52	100
54	100
93	100
136	100
161	100
162	100
1924	100
60	100
53	100
53	100
55	100
50	100
91	100
137	100
160	100
162	100
1928	100
59	100
63	100
53	100
56	100
51	100
90	100
128	100
160	100
162	100
1962	100
63	100
53	100
53	100
51	100
51	100
91	100
136	100
160	100
162	100
1929	100
63	100
53	100
53	100
52	100
50	100
92	100
137	100
160	100
162	100
1924	100
59	100
53	100
53	100
52	100
51	100
96	100
136	100
160	100
163	100
1928	100
59	100
53	100
53	100
52	100
51	100
111	100
124	100
159	100
162	100
1934	100
60	100
54	100
53	100
57	100
51	100
92	100
134	100
159	100
162	100
1925	100
60	100
54	100
57	100
52	100
51	100
94	100
134	100
160	100
162	100
1925	100
63	100
54	100
53	100
55	100
51	100
90	100
135	100
158	100
164	100
1928	100
60	100
53	100
54	100
53	100
51	100
90	100
139	100
160	100
163	100
1926	100
60	100
57	100
53	100
52	100
51	100
91	100
141	100
160	100
162	100
1919	100
59	100
54	100
53	100
52	100
51	100
94	100
138	100
163	100
159	100
1930	100
60	100
54	100
53	100
55	100
51	100
93	100
133	100
160	100
161	100
1927	100
59	100
53	100
57	100
52	100
51	100
93	100
136	100
160	100
163	100
1923	100
63	100
53	100
60	100
52	100
57	100
51	100
170	100
156	100
162	100
1928	100
59	100
53	100
53	100
61	100
54	100
92	100
128	100
161	100
163	100
1922	100
59	100
53	100
53	100
52	100
51	100
93	100
141	100
160	100
162	100
1931	100
41	100
59	100
57	100
53	100
51	100
96	100
138	100
160	100
162	100
1931	100
59	100
53	100
53	100
51	100
53	100
91	100
139	100
160	100
162	100
1924	100
59	100
53	100
56	100
52	100
51	100
92	100
138	100
162	100
161	100
1926	100
60	100
57	100
53	100
52	100
51	100
93	100
133	100
160	100
162	100
1929	100
59	100
53	100
53	100
52	100
51	100
91	100
141	100
159	100
163	100
1922	100
59	100
53	100
53	100
52	100
50	100
95	100
141	100
160	100
162	100
1921	100
59	100
53	100
53	100
52	100
50	100
95	100
137	100
161	100
162	100
1926	100
59	100
53	100
59	100
52	100
54	100
91	100
130	100
160	100
166	100
1924	100
60	100
53	100
58	100
51	100
51	100
92	100
133	100
161	100
162	100
1924	100
63	100
56	100
53	100
51	100
51	100
91	100
135	100
161	100
162	100
1929	100
59	100
53	100
53	100
52	100
51	100
91	100
143	100
159	100
162	100
1917	100
59	100
53	100
53	100
52	100
50	100
91	100
140	100
160	100
163	100
1929	100
59	100
53	100
53	100
52	100
50	100
99	100
134	100
160	100
162	100
2151	100
19	100
17	100
17	100
17	100
17	100
26	100
160	100
163	100
162	100
2187	100
21	100
13	100
12	100
15	100
13	100
13	100
146	100
159	100
163	100
2195	100
21	100
13	100
12	100
12	100
13	100
12	100
149	100
158	100
162	100
1942	100
59	100
57	100
53	100
52	100
51	100
93	100
136	100
161	100
163	100
2184	100
21	100
13	100
12	100
12	100
13	100
13	100
146	100
159	100
163	100
1928	100
59	100
53	100
53	100
51	100
51	100
95	100
136	100
160	100
163	100
1925	100
59	100
53	100
53	100
55	100
51	100
92	100
136	100
161	100
162	100
1922	100
59	100
53	100
57	100
52	100
51	100
91	100
139	100
161	100
162	100
1925	100
63	100
53	100
53	100
55	100
50	100
92	100
132	100
160	100
163	100
2193	100
21	100
13	100
12	100
12	100
13	100
12	100
154	100
160	100
162	100
1924	100
59	100
56	100
53	100
51	100
50	100
92	100
141	100
158	100
166	100
1916	100
59	100
53	100
53	100
52	100
51	100
95	100
138	100
160	100
163	100
1928	100
59	100
53	100
53	100
55	100
51	100
93	100
134	100
161	100
163	100
2118	100
25	100
18	100
17	100
17	100
16	100
53	100
158	100
158	100
161	100
2195	100
21	100
13	100
12	100
12	100
13	100
12	100
142	100
159	100
163	100
2196	100
21	100
13	100
13	100
12	100
16	100
13	100
143	100
159	100
162	100
1926	100
59	100
53	100
69	100
53	100
51	100
51	100
170	100
154	100
162	100
1930	100
60	100
54	100
57	100
51	100
51	100
93	100
132	100
159	100
162	100
1926	100
59	100
53	100
53	100
55	100
51	100
92	100
138	100
159	100
162	100
1927	100
60	100
53	100
58	100
51	100
51	100
91	100
135	100
161	100
162	100
1923	100
63	100
53	100
53	100
51	100
50	100
91	100
138	100
161	100
162	100
1925	100
59	100
53	100
53	100
52	100
51	100
95	100
138	100
161	100
162	100
2194	100
21	100
13	100
12	100
12	100
13	100
16	100
147	100
157	100
163	100
1927	100
59	100
53	100
53	100
51	100
50	100
96	100
137	100
161	100
162	100
1922	100
59	100
53	100
57	100
54	100
50	100
92	100
134	100
163	100
162	100
1925	100
59	100
53	100
56	100
51	100
50	100
92	100
137	100
161	100
162	100
1923	100
65	100
53	100
53	100
51	100
50	100
90	100
133	100
175	100
148	100
2193	100
21	100
13	100
12	100
12	100
12	100
12	100
146	100
161	100
162	100
1932	100
59	100
53	100
53	100
52	100
50	100
91	100
139	100
160	100
163	100
1924	100
59	100
54	100
53	100
52	100
50	100
100	100
138	100
158	100
161	100
1921	100
60	100
53	100
53	100
55	100
51	100
89	100
136	100
159	100
162	100
1932	100
59	100
53	100
56	100
55	100
51	100
91	100
134	100
162	100
162	100
2192	100
21	100
13	100
12	100
13	100
12	100
12	100
144	100
160	100
198	100
1897	100
59	100
56	100
53	100
51	100
50	100
106	100
123	100
160	100
162	100
1925	100
59	100
53	100
53	100
52	100
50	100
90	100
141	100
161	100
162	100
1925	100
59	100
58	100
53	100
52	100
51	100
93	100
133	100
159	100
162	100
1926	100
59	100
53	100
53	100
55	100
51	100
89	100
139	100
160	100
162	100
1928	100
59	100
53	100
56	100
52	100
51	100
90	100
139	100
161	100
162	100
2193	100
21	100
13	100
13	100
12	100
16	100
13	100
148	100
160	100
161	100
1923	100
60	100
53	100
53	100
52	100
50	100
88	100
143	100
158	100
162	100
1929	100
60	100
57	100
61	100
52	100
50	100
90	100
130	100
159	100
162	100
1926	100
59	100
53	100
53	100
52	100
55	100
90	100
136	100
161	100
162	100
2184	100
21	100
13	100
13	100
13	100
13	100
12	100
157	100
161	100
158	100
1929	100
59	100
56	100
53	100
51	100
50	100
89	100
139	100
161	100
162	100
1923	100
62	100
53	100
53	100
51	100
51	100
89	100
138	100
164	100
162	100
1920	100
59	100
53	100
53	100
52	100
55	100
94	100
136	100
161	100
161	100
2184	100
21	100
13	100
12	100
12	100
13	100
13	100
160	100
158	100
162	100
1925	100
59	100
53	100
56	100
51	100
53	100
90	100
135	100
162	100
162	100
1918	100
59	100
63	100
54	100
55	100
51	100
89	100
128	100
159	100
162	100
1935	100
62	100
56	100
53	100
51	100
51	100
88	100
137	100
161	100
162	100
1925	100
62	100
53	100
53	100
52	100
51	100
89	100
139	100
161	100
162	100
2189	100
21	100
13	100
13	100
13	100
13	100
13	100
155	100
160	100
161	100
1925	100
59	100
53	100
53	100
51	100
50	100
92	100
138	100
160	100
162	100
1923	100
59	100
53	100
53	100
51	100
53	100
91	100
137	100
162	100
162	100
1923	100
59	100
53	100
53	100
60	100
51	100
91	100
133	100
162	100
162	100
1923	100
58	100
56	100
53	100
51	100
50	100
88	100
139	100
159	100
162	100
2198	100
24	100
13	100
13	100
12	100
12	100
12	100
148	100
160	100
162	100
1925	100
59	100
54	100
53	100
52	100
50	100
90	100
138	100
160	100
162	100
1925	100
59	100
54	100
53	100
52	100
50	100
93	100
140	100
160	100
162	100
1924	100
59	100
53	100
53	100
51	100
54	100
95	100
134	100
162	100
162	100
1922	100
59	100
53	100
53	100
55	100
50	100
91	100
138	100
162	100
162	100
2189	100
21	100
13	100
13	100
16	100
27	100
14	100
134	100
157	100
162	100
1934	100
62	100
53	100
53	100
52	100
50	100
91	100
135	100
164	100
162	100
1923	100
59	100
56	100
53	100
52	100
50	100
100	100
25	100
108	100
157	100
2086	100
59	100
71	100
53	100
52	100
50	100
51	100
171	100
152	100
162	100
1940	100
59	100
54	100
53	100
51	100
50	100
98	100
131	100
163	100
162	100
1922	100
59	100
53	100
53	100
55	100
51	100
91	100
137	100
165	100
163	100
1919	100
59	100
53	100
56	100
52	100
51	100
93	100
137	100
189	100
138	100
1920	100
64	100
53	100
53	100
52	100
54	100
103	100
119	100
158	100
946	100
1149	100
59	100
53	100
53	100
52	100
50	100
90	100
140	100
159	100
164	100
1926	100
59	100
57	100
53	100
51	100
50	100
83	100
145	100
161	100
163	100
1927	100
59	100
53	100
53	100
52	100
50	100
85	100
141	100
161	100
170	100
1922	100
59	100
53	100
53	100
55	100
50	100
81	100
146	100
161	100
162	100
1925	100
59	100
54	100
57	100
51	100
50	100
82	100
142	100
161	100
162	100
1927	100
65	100
53	100
53	100
51	100
51	100
80	100
140	100
164	100
160	100
1928	100
59	100
53	100
53	100
51	100
54	100
81	100
145	100
162	100
161	100
1925	100
69	100
53	100
53	100
51	100
50	100
84	100
133	100
162	100
161	100
1929	100
59	100
53	100
56	100
51	100
50	100
97	100
129	100
162	100
161	100
1927	100
59	100
53	100
53	100
56	100
51	100
80	100
141	100
161	100
162	100
1929	100
62	100
53	100
56	100
51	100
50	100
81	100
139	100
161	100
163	100
1930	100
68	100
53	100
53	100
51	100
53	100
81	100
138	100
161	100
162	100
1930	100
59	100
53	100
53	100
52	100
50	100
81	100
146	100
162	100
162	100
1925	100
59	100
53	100
53	100
52	100
51	100
85	100
144	100
161	100
163	100
1927	100
59	100
53	100
53	100
52	100
51	100
84	100
146	100
162	100
162	100
1922	100
59	100
54	100
57	100
52	100
54	100
81	100
138	100
161	100
162	100
1940	100
59	100
53	100
56	100
54	100
51	100
81	100
141	100
161	100
162	100
1937	100
65	100
53	100
53	100
51	100
50	100
83	100
139	100
161	100
162	100
1932	100
59	100
53	100
53	100
51	100
50	100
81	100
146	100
161	100
165	100
1920	100
59	100
53	100
53	100
52	100
50	100
82	100
149	100
161	100
163	100
2166	100
21	100
13	100
13	100
12	100
13	100
16	100
170	100
159	100
163	100
1925	100
60	100
53	100
53	100
55	100
51	100
81	100
143	100
164	100
159	100
1927	100
59	100
53	100
56	100
55	100
50	100
81	100
140	100
161	100
162	100
1933	100
62	100
53	100
53	100
51	100
50	100
81	100
146	100
164	100
165	100
1925	100
59	100
59	100
53	100
51	100
69	100
51	100
159	100
155	100
161	100
1927	100
59	100
53	100
53	100
52	100
50	100
82	100
148	100
162	100
161	100
1927	100
59	100
54	100
53	100
51	100
51	100
85	100
142	100
162	100
161	100
1928	100
79	100
53	100
53	100
51	100
55	100
51	100
161	100
156	100
162	100
1928	100
59	100
53	100
57	100
52	100
50	100
81	100
143	100
162	100
161	100
1948	100
59	100
56	100
53	100
51	100
53	100
85	100
135	100
162	100
162	100
1929	100
59	100
53	100
53	100
51	100
50	100
81	100
146	100
162	100
163	100
1923	100
59	100
57	100
53	100
51	100
50	100
81	100
142	100
162	100
162	100
1926	100
59	100
53	100
53	100
52	100
50	100
83	100
142	100
162	100
163	100
1933	100
59	100
53	100
53	100
52	100
54	100
81	100
142	100
162	100
163	100
1927	100
59	100
53	100
53	100
55	100
51	100
80	100
143	100
162	100
164	100
1927	100
59	100
56	100
53	100
51	100
50	100
81	100
142	100
162	100
162	100
1933	100
62	100
53	100
53	100
51	100
56	100
81	100
142	100
162	100
163	100
1923	100
59	100
53	100
53	100
52	100
51	100
81	100
153	100
160	100
161	100
1923	100
59	100
53	100
56	100
52	100
50	100
82	100
143	100
160	100
163	100
1931	100
59	100
53	100
53	100
52	100
54	100
81	100
141	100
161	100
162	100
1927	100
62	100
53	100
53	100
55	100
68	100
50	100
159	100
156	100
163	100
1926	100
59	100
57	100
53	100
52	100
51	100
81	100
143	100
162	100
162	100
1929	100
62	100
53	100
53	100
51	100
51	100
82	100
144	100
162	100
161	100
1941	100
59	100
53	100
53	100
51	100
51	100
90	100
136	100
161	100
162	100
2171	100
21	100
13	100
13	100
13	100
13	100
25	100
155	100
162	100
162	100
1928	100
59	100
53	100
53	100
56	100
54	100
82	100
139	100
162	100
162	100
1924	100
59	100
53	100
53	100
55	100
51	100
80	100
143	100
161	100
162	100
2170	100
24	100
13	100
12	100
12	100
12	100
13	100
170	100
159	100
163	100
1929	100
62	100
53	100
53	100
51	100
51	100
82	100
143	100
162	100
162	100
1925	100
59	100
53	100
53	100
52	100
50	100
81	100
149	100
161	100
162	100
1924	100
59	100
53	100
53	100
52	100
51	100
82	100
148	100
160	100
164	100
2171	100
21	100
13	100
12	100
13	100
13	100
26	100
158	100
163	100
163	100
1924	100
59	100
53	100
53	100
57	100
50	100
82	100
141	100
161	100
162	100
1922	100
59	100
56	100
53	100
51	100
50	100
81	100
145	100
160	100
163	100
2179	100
21	100
16	100
13	100
12	100
13	100
13	100
168	100
160	100
161	100
1924	100
59	100
53	100
53	100
51	100
51	100
82	100
146	100
162	100
163	100
1922	100
59	100
53	100
53	100
63	100
51	100
84	100
131	100
162	100
162	100
1929	100
59	100
54	100
59	100
52	100
54	100
81	100
135	100
161	100
163	100
2173	100
21	100
13	100
13	100
13	100
13	100
24	100
158	100
163	100
163	100
1954	100
59	100
57	100
53	100
51	100
54	100
81	100
142	100
161	100
163	100
1923	100
62	100
53	100
53	100
51	100
51	100
81	100
143	100
161	100
163	100
1930	100
59	100
57	100
53	100
52	100
51	100
85	100
141	100
161	100
162	100
1939	100
21	100
228	100
21	100
13	100
13	100
27	100
156	100
163	100
163	100
1930	100
59	100
53	100
53	100
52	100
56	100
81	100
141	100
160	100
163	100
1927	100
59	100
53	100
53	100
56	100
50	100
81	100
144	100
161	100
162	100
2171	100
21	100
13	100
13	100
12	100
13	100
24	100
156	100
163	100
163	100
1928	100
59	100
53	100
53	100
52	100
54	100
82	100
141	100
177	100
147	100
1926	100
59	100
53	100
53	100
51	100
50	100
80	100
149	100
162	100
161	100
1925	100
58	100
53	100
56	100
52	100
50	100
84	100
139	100
162	100
162	100
2170	100
21	100
13	100
12	100
13	100
13	100
24	100
160	100
160	100
162	100
1934	100
62	100
53	100
56	100
51	100
50	100
81	100
142	100
161	100
162	100
1923	100
59	100
57	100
53	100
51	100
50	100
81	100
145	100
161	100
162	100
1927	100
59	100
53	100
65	100
51	100
50	100
81	100
135	100
162	100
161	100
2177	100
21	100
13	100
12	100
12	100
13	100
16	100
166	100
160	100
161	100
1926	100
59	100
53	100
53	100
51	100
51	100
83	100
146	100
161	100
163	100
1921	100
59	100
54	100
54	100
56	100
53	100
80	100
139	100
161	100
162	100
1932	100
59	100
53	100
56	100
51	100
50	100
83	100
144	100
160	100
162	100
2169	100
24	100
13	100
12	100
12	100
12	100
12	100
168	100
159	100
162	100
1933	100
59	100
53	100
53	100
51	100
51	100
80	100
146	100
161	100
163	100
1924	100
65	100
53	100
53	100
51	100
50	100
80	100
140	100
161	100
164	100
1926	100
59	100
53	100
52	100
52	100
50	100
84	100
142	100
163	100
161	100
2170	100
21	100
13	100
13	100
13	100
13	100
25	100
159	100
163	100
163	100
1930	100
61	100
54	100
57	100
56	100
50	100
52	100
164	100
166	100
157	100
1926	100
59	100
59	100
53	100
51	100
50	100
83	100
140	100
161	100
162	100
1929	100
59	100
56	100
53	100
52	100
51	100
82	100
143	100
162	100
163	100
1925	100
59	100
53	100
53	100
52	100
50	100
81	100
148	100
160	100
162	100
1929	100
60	100
54	100
54	100
51	100
51	100
84	100
139	100
161	100
162	100
1928	100
83	100
54	100
54	100
51	100
55	100
51	100
148	100
155	100
162	100
1933	100
53	100
53	100
77	100
51	100
50	100
133	100
77	100
163	100
162	100
1937	100
53	100
56	100
53	100
51	100
53	100
134	100
97	100
163	100
162	100
1926	100
53	100
52	100
52	100
51	100
50	100
136	100
103	100
163	100
162	100
1922	100
52	100
52	100
57	100
51	100
50	100
136	100
98	100
163	100
162	100
1923	100
53	100
52	100
52	100
51	100
50	100
136	100
103	100
163	100
162	100
1926	100
53	100
52	100
52	100
51	100
53	100
133	100
101	100
163	100
162	100
1927	100
53	100
53	100
52	100
55	100
50	100
133	100
98	100
163	100
162	100
1926	100
53	100
55	100
53	100
51	100
50	100
133	100
103	100
163	100
161	100
1923	100
56	100
52	100
52	100
51	100
62	100
139	100
85	100
163	100
162	100
1924	100
53	100
52	100
53	100
51	100
50	100
137	100
103	100
163	100
162	100
1925	100
53	100
52	100
55	100
51	100
50	100
136	100
100	100
165	100
161	100
1923	100
53	100
52	100
52	100
51	100
54	100
133	100
98	100
163	100
162	100
1926	100
56	100
53	100
52	100
54	100
50	100
133	100
96	100
163	100
162	100
1929	100
53	100
59	100
52	100
51	100
50	100
169	100
87	100
160	100
162	100
1908	100
62	100
53	100
52	100
51	100
50	100
81	100
152	100
161	100
161	100
1922	100
58	100
53	100
52	100
51	100
49	100
84	100
151	100
162	100
162	100
1928	100
58	100
66	100
53	100
51	100
50	100
84	100
136	100
161	100
162	100
1932	100
58	100
52	100
52	100
54	100
53	100
80	100
147	100
162	100
161	100
1925	100
58	100
53	100
52	100
54	100
50	100
80	100
150	100
161	100
162	100
1931	100
62	100
56	100
52	100
51	100
50	100
81	100
143	100
161	100
162	100
1922	100
63	100
53	100
53	100
51	100
50	100
80	100
147	100
161	100
163	100
1927	100
59	100
53	100
52	100
51	100
50	100
80	100
150	100
161	100
162	100
1927	100
58	100
52	100
52	100
51	100
50	100
83	100
150	100
161	100
163	100
1924	100
58	100
53	100
53	100
52	100
50	100
82	100
145	100
161	100
162	100
1928	100
59	100
53	100
53	100
58	100
50	100
80	100
142	100
162	100
161	100
1934	100
58	100
52	100
56	100
51	100
50	100
81	100
146	100
161	100
163	100
1925	100
62	100
56	100
52	100
51	100
50	100
79	100
148	100
165	100
157	100
1926	100
58	100
52	100
52	100
51	100
49	100
80	100
154	100
162	100
162	100
1928	100
58	100
52	100
52	100
51	100
50	100
83	100
152	100
162	100
161	100
1926	100
58	100
52	100
52	100
51	100
50	100
97	100
140	100
160	100
162	100
1930	100
58	100
53	100
52	100
55	100
50	100
81	100
146	100
161	100
163	100
1923	100
58	100
53	100
55	100
51	100
53	100
80	100
147	100
161	100
162	100
1922	100
62	100
57	100
52	100
51	100
50	100
80	100
146	100
161	100
162	100
1927	100
58	100
52	100
58	100
50	100
50	100
79	100
147	100
161	100
162	100
1928	100
58	100
52	100
52	100
51	100
50	100
81	100
153	100
161	100
162	100
1923	100
58	100
52	100
52	100
51	100
50	100
83	100
153	100
161	100
163	100
1927	100
65	100
52	100
53	100
63	100
50	100
55	100
166	100
150	100
161	100
1931	100
58	100
53	100
55	100
51	100
50	100
81	100
149	100
162	100
163	100
1925	100
58	100
56	100
52	100
51	100
50	100
84	100
147	100
162	100
161	100
1926	100
59	100
52	100
52	100
51	100
50	100
79	100
153	100
162	100
168	100
1925	100
58	100
52	100
56	100
51	100
50	100
79	100
152	100
162	100
162	100
1923	100
58	100
53	100
52	100
51	100
50	100
83	100
152	100
161	100
162	100
1923	100
62	100
52	100
52	100
51	100
52	100
79	100
150	100
165	100
158	100
1928	100
59	100
52	100
56	100
51	100
50	100
80	100
145	100
161	100
162	100
1929	100
58	100
56	100
52	100
51	100
50	100
80	100
145	100
161	100
162	100
1931	100
58	100
53	100
52	100
51	100
50	100
93	100
136	100
161	100
163	100
1924	100
58	100
53	100
52	100
51	100
50	100
83	100
151	100
161	100
162	100
1930	100
59	100
52	100
52	100
54	100
50	100
82	100
147	100
161	100
162	100
1923	100
63	100
53	100
52	100
51	100
55	100
80	100
144	100
161	100
162	100
1928	100
58	100
56	100
56	100
51	100
50	100
79	100
146	100
162	100
162	100
1931	100
58	100
56	100
53	100
51	100
50	100
79	100
153	100
161	100
162	100
1929	100
58	100
53	100
52	100
51	100
50	100
80	100
149	100
161	100
162	100
1927	100
58	100
53	100
52	100
51	100
50	100
79	100
147	100
161	100
163	100
1934	100
58	100
53	100
52	100
51	100
50	100
85	100
147	100
162	100
163	100
1925	100
58	100
53	100
52	100
51	100
56	100
79	100
145	100
161	100
163	100
1925	100
58	100
53	100
56	100
51	100
50	100
78	100
152	100
161	100
166	100
1926	100
58	100
58	100
52	100
51	100
50	100
79	100
152	100
162	100
161	100
1925	100
58	100
52	100
52	100
51	100
50	100
79	100
155	100
162	100
162	100
1920	100
58	100
53	100
52	100
51	100
50	100
78	100
155	100
163	100
161	100
1930	100
58	100
52	100
52	100
51	100
50	100
85	100
145	100
161	100
163	100
1928	100
59	100
53	100
60	100
51	100
53	100
82	100
135	100
161	100
163	100
1926	100
58	100
54	100
52	100
54	100
53	100
94	100
131	100
162	100
163	100
1928	100
58	100
56	100
52	100
51	100
50	100
80	100
152	100
161	100
163	100
1922	100
61	100
53	100
56	100
51	100
50	100
81	100
147	100
161	100
162	100
1923	100
73	100
53	100
52	100
51	100
50	100
84	100
135	100
161	100
163	100
1940	100
58	100
52	100
52	100
51	100
50	100
82	100
150	100
162	100
161	100
1925	100
58	100
52	100
52	100
51	100
53	100
81	100
152	100
162	100
162	100
2158	100
21	100
13	100
12	100
12	100
13	100
28	100
159	100
162	100
162	100
1929	100
58	100
58	100
53	100
51	100
50	100
83	100
145	100
161	100
163	100
1922	100
61	100
53	100
52	100
51	100
50	100
80	100
150	100
161	100
162	100
1926	100
58	100
52	100
56	100
51	100
50	100
81	100
147	100
161	100
162	100
2107	100
26	100
19	100
17	100
17	100
17	100
61	100
159	100
162	100
166	100
2161	100
24	100
13	100
12	100
12	100
12	100
29	100
159	100
163	100
162	100
2164	100
21	100
13	100
13	100
12	100
13	100
25	100
159	100
163	100
163	100
2163	100
21	100
13	100
12	100
12	100
13	100
26	100
160	100
163	100
161	100
1928	100
58	100
52	100
52	100
51	100
49	100
85	100
149	100
161	100
162	100
1918	100
59	100
52	100
53	100
51	100
50	100
81	100
149	100
160	100
162	100
2169	100
34	100
13	100
12	100
15	100
13	100
13	100
159	100
159	100
163	100
1927	100
58	100
52	100
52	100
51	100
53	100
79	100
152	100
161	100
163	100
1922	100
58	100
56	100
55	100
51	100
50	100
81	100
147	100
162	100
161	100
1942	100
19	100
207	100
21	100
13	100
12	100
48	100
159	100
163	100
162	100
1943	100
60	100
53	100
52	100
50	100
50	100
81	100
147	100
161	100
163	100
2154	100
21	100
13	100
12	100
12	100
12	100
28	100
159	100
163	100
161	100
1932	100
58	100
52	100
52	100
51	100
50	100
84	100
151	100
161	100
162	100
1925	100
58	100
52	100
52	100
54	100
52	100
80	100
147	100
162	100
163	100
2163	100
21	100
13	100
12	100
12	100
12	100
26	100
158	100
162	100
162	100
1930	100
63	100
56	100
52	100
50	100
49	100
81	100
149	100
162	100
163	100
1921	100
58	100
52	100
52	100
51	100
50	100
80	100
152	100
162	100
166	100
2163	100
24	100
13	100
13	100
12	100
13	100
26	100
160	100
162	100
162	100
1939	100
59	100
52	100
52	100
51	100
50	100
88	100
145	100
161	100
161	100
1924	100
58	100
52	100
52	100
54	100
50	100
87	100
234	100
70	100
161	100
1940	100
58	100
52	100
55	100
51	100
53	100
81	100
150	100
161	100
162	100
1924	100
62	100
52	100
52	100
105	100
52	100
50	100
126	100
156	100
161	100
1931	100
58	100
53	100
59	100
63	100
51	100
81	100
130	100
161	100
162	100
1922	100
58	100
52	100
52	100
51	100
50	100
80	100
156	100
160	100
163	100
1923	100
63	100
52	100
52	100
51	100
50	100
83	100
148	100
161	100
163	100
1929	100
58	100
53	100
52	100
51	100
53	100
80	100
151	100
162	100
163	100
1921	100
58	100
52	100
55	100
51	100
50	100
79	100
151	100
162	100
163	100
1927	100
59	100
56	100
53	100
51	100
50	100
84	100
147	100
161	100
162	100
1930	100
58	100
52	100
52	100
51	100
50	100
80	100
155	100
161	100
162	100
1920	100
58	100
59	100
52	100
54	100
49	100
79	100
147	100
162	100
163	100
1922	100
58	100
52	100
52	100
52	100
50	100
94	100
144	100
161	100
163	100
1943	100
62	100
52	100
52	100
51	100
55	100
84	100
144	100
162	100
162	100
1920	100
59	100
52	100
55	100
51	100
50	100
82	100
149	100
161	100
165	100
1926	100
60	100
58	100
52	100
50	100
50	100
87	100
139	100
161	100
163	100
1920	100
58	100
52	100
52	100
50	100
50	100
80	100
154	100
161	100
163	100
1912	100
58	100
53	100
52	100
50	100
50	100
79	100
153	100
162	100
161	100
1921	100
58	100
52	100
52	100
54	100
50	100
82	100
152	100
162	100
163	100
1915	100
58	100
52	100
52	100
50	100
53	100
80	100
149	100
161	100
163	100
1916	100
58	100
56	100
55	100
63	100
50	100
80	100
138	100
162	100
162	100
1913	100
58	100
56	100
52	100
50	100
50	100
79	100
148	100
161	100
163	100
1921	100
58	100
52	100
52	100
50	100
50	100
80	100
148	100
161	100
163	100
1927	100
58	100
52	100
52	100
50	100
49	100
80	100
141	100
162	100
162	100
1928	100
57	100
52	100
52	100
51	100
50	100
85	100
150	100
162	100
162	100
1918	100
58	100
52	100
52	100
50	100
57	100
80	100
146	100
161	100
163	100
1914	100
58	100
52	100
56	100
50	100
49	100
80	100
154	100
162	100
161	100
1910	100
57	100
59	100
52	100
50	100
49	100
79	100
147	100
162	100
163	100
1926	100
58	100
52	100
52	100
50	100
50	100
81	100
150	100
162	100
161	100
1914	100
58	100
52	100
52	100
50	100
49	100
79	100
154	100
162	100
163	100
1915	100
58	100
52	100
52	100
50	100
49	100
85	100
154	100
161	100
164	100
1913	100
58	100
52	100
52	100
50	100
53	100
80	100
154	100
162	100
163	100
1915	100
58	100
53	100
52	100
53	100
53	100
82	100
145	100
162	100
161	100
1910	100
57	100
56	100
52	100
50	100
50	100
79	100
153	100
164	100
160	100
1916	100
62	100
52	100
57	100
50	100
50	100
80	100
144	100
161	100
164	100
1912	100
58	100
52	100
52	100
50	100
50	100
81	100
157	100
162	100
162	100
1910	100
62	100
53	100
52	100
50	100
49	100
82	100
150	100
157	100
161	100
1922	100
58	100
52	100
52	100
50	100
53	100
81	100
152	100
161	100
162	100
1916	100
58	100
52	100
52	100
53	100
50	100
81	100
150	100
161	100
163	100
1911	100
58	100
55	100
56	100
50	100
50	100
83	100
148	100
162	100
161	100
1919	100
61	100
53	100
53	100
50	100
50	100
79	100
150	100
162	100
161	100
1916	100
58	100
52	100
52	100
53	100
50	100
80	100
152	100
162	100
162	100
1914	100
58	100
52	100
52	100
50	100
50	100
82	100
156	100
162	100
161	100
1914	100
63	100
52	100
52	100
50	100
56	100
79	100
141	100
161	100
162	100
1917	100
57	100
53	100
52	100
53	100
50	100
80	100
154	100
161	100
163	100
1912	100
58	100
55	100
52	100
50	100
49	100
80	100
148	100
162	100
161	100
1922	100
61	100
52	100
52	100
50	100
50	100
81	100
150	100
162	100
163	100
1915	100
58	100
52	100
52	100
50	100
50	100
79	100
157	100
162	100
162	100
1911	100
58	100
67	100
53	100
54	100
50	100
91	100
135	100
154	100
161	100
1911	100
58	100
52	100
52	100
50	100
49	100
83	100
153	100
161	100
165	100
1911	100
57	100
55	100
52	100
53	100
50	100
80	100
149	100
161	100
162	100
1915	100
58	100
52	100
55	100
50	100
49	100
80	100
154	100
161	100
163	100
1911	100
61	100
52	100
52	100
50	100
50	100
79	100
150	100
163	100
161	100
1918	100
58	100
52	100
52	100
50	100
49	100
78	100
155	100
161	100
162	100
1916	100
58	100
52	100
52	100
50	100
50	100
81	100
151	100
161	100
162	100
1916	100
58	100
52	100
52	100
50	100
53	100
94	100
134	100
161	100
162	100
1922	100
58	100
52	100
52	100
53	100
50	100
128	100
101	100
162	100
162	100
1917	100
58	100
52	100
58	100
50	100
49	100
80	100
152	100
162	100
162	100
1909	100
61	100
66	100
52	100
51	100
50	100
80	100
135	100
161	100
162	100
1931	100
58	100
52	100
52	100
50	100
50	100
79	100
156	100
161	100
162	100
1914	100
58	100
52	100
52	100
51	100
49	100
80	100
160	100
162	100
161	100
1909	100
57	100
52	100
52	100
50	100
50	100
82	100
150	100
162	100
161	100
2159	100
21	100
13	100
13	100
13	100
12	100
27	100
158	100
163	100
163	100
1915	100
57	100
52	100
55	100
50	100
50	100
80	100
150	100
161	100
162	100
1912	100
63	100
53	100
55	100
51	100
50	100
80	100
146	100
161	100
163	100
1917	100
57	100
52	100
52	100
50	100
50	100
79	100
154	100
161	100
163	100
2150	100
24	100
13	100
12	100
12	100
12	100
26	100
168	100
155	100
163	100
1917	100
58	100
52	100
52	100
50	100
50	100
85	100
150	100
161	100
163	100
1915	100
58	100
52	100
53	100
53	100
50	100
79	100
149	100
162	100
163	100
2154	100
21	100
13	100
12	100
12	100
13	100
28	100
159	100
163	100
162	100
1911	100
61	100
52	100
52	100
50	100
49	100
80	100
150	100
161	100
162	100
1914	100
58	100
52	100
52	100
53	100
49	100
80	100
157	100
160	100
163	100
2146	100
21	100
13	100
12	100
12	100
12	100
31	100
159	100
163	100
163	100
1915	100
61	100
52	100
52	100
50	100
54	100
81	100
145	100
161	100
162	100
1915	100
58	100
52	100
52	100
53	100
62	100
81	100
137	100
161	100
163	100
2153	100
21	100
13	100
12	100
12	100
12	100
26	100
160	100
162	100
162	100
1916	100
62	100
52	100
52	100
50	100
49	100
80	100
152	100
162	100
162	100
1911	100
76	100
52	100
52	100
51	100
50	100
82	100
131	100
162	100
163	100
2119	100
24	100
18	100
17	100
21	100
17	100
64	100
160	100
162	100
163	100
2090	100
24	100
18	100
17	100
17	100
16	100
66	100
162	100
162	100
163	100
2094	100
23	100
22	100
17	100
17	100
16	100
62	100
162	100
163	100
162	100
2151	100
21	100
13	100
12	100
12	100
12	100
29	100
158	100
162	100
163	100
2154	100
21	100
12	100
12	100
13	100
13	100
28	100
159	100
163	100
163	100
2149	100
21	100
13	100
12	100
12	100
13	100
31	100
159	100
163	100
163	100
2147	100
21	100
13	100
12	100
12	100
13	100
27	100
159	100
163	100
169	100
2145	100
21	100
13	100
13	100
12	100
19	100
25	100
157	100
163	100
162	100
2146	100
21	100
13	100
12	100
12	100
12	100
30	100
159	100
164	100
161	100
1915	100
61	100
52	100
55	100
50	100
50	100
79	100
147	100
163	100
161	100
2089	100
24	100
18	100
17	100
17	100
17	100
68	100
162	100
163	100
162	100
2089	100
23	100
18	100
17	100
16	100
17	100
69	100
162	100
163	100
162	100
2153	100
21	100
13	100
12	100
12	100
12	100
26	100
159	100
161	100
163	100
2161	100
21	100
13	100
12	100
12	100
13	100
31	100
159	100
163	100
163	100
2153	100
21	100
13	100
12	100
12	100
12	100
16	100
167	100
159	100
163	100
2077	100
20	100
18	100
17	100
17	100
17	100
84	100
160	100
163	100
162	100
2095	100
24	100
18	100
21	100
17	100
16	100
66	100
162	100
162	100
163	100
2148	100
21	100
13	100
12	100
12	100
12	100
33	100
159	100
163	100
163	100
2153	100
24	100
13	100
12	100
12	100
12	100
27	100
159	100
163	100
162	100
2149	100
21	100
12	100
12	100
12	100
12	100
27	100
159	100
163	100
163	100
2092	100
23	100
18	100
17	100
17	100
17	100
64	100
162	100
163	100
162	100
2090	100
23	100
18	100
17	100
16	100
16	100
69	100
162	100
163	100
163	100
2085	100
23	100
18	100
17	100
17	100
16	100
69	100
162	100
163	100
163	100
2151	100
21	100
13	100
12	100
15	100
13	100
28	100
159	100
163	100
163	100
2154	100
21	100
13	100
12	100
12	100
12	100
31	100
159	100
163	100
163	100
2157	100
21	100
16	100
12	100
12	100
12	100
23	100
158	100
164	100
163	100
2153	100
21	100
13	100
12	100
12	100
12	100
24	100
158	100
163	100
163	100
2117	100
23	100
18	100
17	100
17	100
16	100
47	100
158	100
162	100
162	100
2148	100
21	100
13	100
13	100
13	100
13	100
28	100
157	100
167	100
159	100
2158	100
21	100
13	100
12	100
12	100
13	100
27	100
159	100
164	100
162	100
2153	100
21	100
13	100
12	100
16	100
12	100
28	100
159	100
163	100
162	100
2089	100
24	100
18	100
17	100
17	100
17	100
64	100
160	100
162	100
162	100
2090	100
23	100
23	100
17	100
17	100
17	100
62	100
162	100
162	100
162	100
2150	100
21	100
13	100
12	100
12	100
12	100
31	100
159	100
162	100
163	100
1996	100
19	100
17	100
17	100
17	100
26	100
161	100
162	100
163	100
163	100
2149	100
21	100
13	100
12	100
12	100
12	100
29	100
160	100
163	100
163	100
2092	100
23	100
18	100
17	100
17	100
17	100
69	100
162	100
162	100
162	100
2113	100
23	100
17	100
17	100
17	100
21	100
39	100
159	100
162	100
162	100
2084	100
23	100
18	100
17	100
17	100
17	100
70	100
162	100
162	100
163	100
2154	100
21	100
13	100
16	100
12	100
12	100
24	100
158	100
163	100
163	100
2158	100
21	100
13	100
12	100
12	100
12	100
31	100
159	100
164	100
163	100
2146	100
21	100
13	100
12	100
12	100
13	100
28	100
159	100
163	100
162	100
2096	100
24	100
18	100
17	100
24	100
17	100
56	100
161	100
163	100
162	100
2083	100
23	100
18	100
17	100
17	100
16	100
71	100
162	100
163	100
163	100
2087	100
23	100
18	100
17	100
17	100
17	100
67	100
162	100
165	100
162	100
2152	100
21	100
13	100
12	100
12	100
12	100
28	100
158	100
162	100
161	100
2161	100
21	100
13	100
16	100
13	100
12	100
24	100
157	100
163	100
162	100
2152	100
21	100
13	100
12	100
12	100
12	100
30	100
163	100
158	100
163	100
2148	100
23	100
13	100
12	100
12	100
12	100
12	100
170	100
159	100
163	100
2101	100
24	100
18	100
17	100
17	100
17	100
66	100
162	100
162	100
163	100
2139	100
22	100
13	100
12	100
12	100
12	100
40	100
151	100
162	100
162	100
2156	100
21	100
13	100
12	100
12	100
12	100
28	100
158	100
163	100
163	100
2159	100
21	100
13	100
12	100
12	100
13	100
29	100
159	100
163	100
162	100
2157	100
21	100
13	100
12	100
15	100
13	100
12	100
167	100
159	100
162	100
2095	100
24	100
18	100
17	100
17	100
16	100
64	100
162	100
161	100
162	100
2153	100
21	100
16	100
12	100
12	100
12	100
31	100
160	100
162	100
163	100
2151	100
21	100
13	100
12	100
13	100
12	100
27	100
159	100
163	100
162	100
2149	100
21	100
13	100
13	100
12	100
12	100
28	100
159	100
162	100
163	100
2154	100
21	100
13	100
12	100
12	100
12	100
29	100
159	100
163	100
163	100
2092	100
24	100
18	100
17	100
17	100
17	100
63	100
162	100
163	100
163	100
2146	100
21	100
13	100
12	100
12	100
16	100
25	100
159	100
162	100
178	100
2141	100
21	100
13	100
12	100
12	100
13	100
27	100
159	100
330	100
22	100
2124	100
21	100
16	100
13	100
12	100
12	100
25	100
158	100
160	100
162	100
2153	100
21	100
13	100
12	100
12	100
12	100
29	100
159	100
168	100
157	100
2158	100
21	100
13	100
12	100
12	100
12	100
29	100
159	100
163	100
163	100
2117	100
23	100
18	100
17	100
17	100
17	100
43	100
158	100
162	100
163	100
2146	100
21	100
13	100
12	100
12	100
13	100
27	100
162	100
160	100
161	100
2160	100
21	100
13	100
12	100
12	100
16	100
23	100
158	100
164	100
162	100
2149	100
21	100
13	100
12	100
12	100
12	100
30	100
159	100
164	100
161	100
2083	100
20	100
17	100
21	100
17	100
16	100
75	100
162	100
163	100
163	100
2155	100
21	100
13	100
12	100
12	100
12	100
23	100
158	100
162	100
163	100
2123	100
27	100
18	100
17	100
17	100
17	100
40	100
158	100
162	100
163	100
2157	100
21	100
13	100
12	100
12	100
12	100
29	100
157	100
488	100
23	100
1971	100
21	100
13	100
12	100
12	100
12	100
29	100
158	100
161	100
163	100
2156	100
20	100
13	100
12	100
12	100
17	100
27	100
159	100
163	100
162	100
2147	100
20	100
13	100
12	100
12	100
12	100
29	100
159	100
163	100
163	100
2092	100
25	100
18	100
22	100
16	100
16	100
60	100
162	100
162	100
162	100
2144	100
21	100
13	100
12	100
12	100
12	100
32	100
159	100
162	100
162	100
2154	100
23	100
13	100
12	100
12	100
12	100
27	100
159	100
163	100
163	100
2151	100
20	100
12	100
12	100
12	100
12	100
27	100
159	100
163	100
165	100
1915	100
243	100
21	100
13	100
13	100
12	100
32	100
157	100
163	100
163	100
2156	100
20	100
13	100
12	100
12	100
12	100
17	100
170	100
159	100
162	100
2181	100
24	100
13	100
12	100
12	100
12	100
13	100
474	100
28	100
18	100
2110	100
24	100
13	100
12	100
16	100
13	100
29	100
160	100
158	100
162	100
1906	100
56	100
51	100
50	100
53	100
48	100
79	100
156	100
162	100
163	100
1913	100
60	100
51	100
53	100
49	100
48	100
91	100
144	100
162	100
162	100
1918	100
60	100
51	100
50	100
49	100
48	100
81	100
159	100
160	100
163	100
1931	100
60	100
51	100
50	100
48	100
48	100
79	100
156	100
162	100
161	100
1908	100
58	100
58	100
51	100
53	100
48	100
87	100
136	100
160	100
163	100
1927	100
56	100
50	100
50	100
53	100
49	100
159	100
74	100
162	100
162	100
1931	100
54	100
50	100
50	100
49	100
52	100
128	100
108	100
162	100
161	100
1918	100
52	100
75	100
796	100
52	100
49	100
48	100
53	100
48	100
80	100
1481	100
50	100
53	100
49	100
48	100
47	100
99	100
145	100
3277	100
37	100
33	100
33	100
33	100
33	100
154	100
162	100
161	100
162	100
162	100
162	100
552	100
49	100
47	100
47	100
168	100
109	100
163	100
162	100
162	100
161	100
1670	100
48	100
47	100
51	100
47	100
49	100
124	100
127	100
162	100
161	100
1912	100
48	100
47	100
47	100
50	100
45	100
123	100
134	100
162	100
161	100
1914	100
48	100
51	100
47	100
47	100
45	100
123	100
132	100
162	100
161	100
1916	100
51	100
48	100
47	100
47	100
45	100
128	100
127	100
163	100
163	100
1912	100
47	100
71	100
47	100
47	100
47	100
127	100
106	100
161	100
162	100
1996	100
48	100
47	100
47	100
46	100
47	100
130	100
129	100
162	100
161	100
1972	100
47	100
47	100
47	100
47	100
51	100
129	100
128	100
161	100
161	100
1964	100
48	100
47	100
51	100
49	100
46	100
1213	100
2000	100
133	100
5194	100
