1	0
2	284
3	412
4	564
5	682
6	793
7	901
8	1015
9	1127
10	1248
11	1369
12	1483
13	1615
14	1731
15	1851
16	1961
17	2082
18	2213
19	2340
20	2474
21	2618
22	2750
23	2880
24	3015
25	3150
26	3292
27	3434
28	3580
29	3711
30	3841
31	3971
32	4101
33	4236
34	4366
35	4511
36	4635
37	4749
38	4861
39	4977
40	5089
41	5182
42	5266
43	5355
44	5438
45	5547
46	5639
47	5688
48	5734
49	5779
50	5824
51	5869
52	5914
53	5960
54	6005
55	6050
56	6095
57	6143
58	6189
59	6234
60	6282
61	6327
62	6373
63	6422
64	6467
65	6517
66	6563
67	6608
68	6657
69	6702
70	6748
71	6793
72	6840
73	6887
74	10960
75	11064
76	11130
77	11203
78	11275
79	11339
80	11412
81	11477
82	11557
83	11630
84	11705
85	11780
86	11856
87	11928
88	11993
89	12058
90	12123
91	12192
92	12256
93	12318
94	12382
95	12448
96	12520
97	12584
98	12648
99	12709
100	12774
101	12839
102	12906
103	12968
104	13033
105	13098
106	13164
107	13242
108	13311
109	13378
110	13447
111	13518
112	13586
113	13656
114	13724
115	13791
116	13859
117	13926
118	13994
119	14062
120	14129
121	14192
122	14254
123	14322
124	14387
125	14450
126	14519
127	14583
128	14647
129	14708
130	14770
131	14833
132	14898
133	14961
134	15025
135	15089
136	15152
137	15215
138	15286
139	15355
140	15418
141	15483
142	15570
143	15634
144	15699
145	15761
146	15827
147	15891
148	15954
149	16020
150	16084
151	16147
152	16215
153	16284
154	16354
155	16432
156	16510
157	16578
158	16649
159	16720
160	16792
161	16860
162	16931
163	16998
164	17067
165	17132
166	17200
167	17268
168	17338
169	17409
170	17479
171	17563
172	17628
173	17693
174	17758
175	17824
176	17891
177	17956
178	18017
179	18078
180	18139
181	18201
182	18262
183	18322
184	18385
185	18449
186	18518
187	18583
188	18645
189	18705
190	18768
191	18830
192	18891
193	18956
194	19063
195	19131
196	19198
197	19265
198	19328
199	19392
200	19453
201	19530
202	19593
203	19663
204	19726
205	19791
206	19853
207	19916
208	19982
209	20047
210	20111
211	20181
212	20243
213	20303
214	20364
215	20425
216	20486
217	20559
218	20626
219	20689
220	20748
221	20807
222	20867
223	20926
224	20986
225	21044
226	21101
227	21163
228	21228
229	21292
230	21354
231	21419
232	21480
233	21549
234	21616
235	21690
236	21760
237	21829
238	21891
239	21952
240	22015
241	22080
242	22143
243	22203
244	22263
245	22324
246	22385
247	22447
248	22508
249	22572
250	22637
251	22703
252	22768
253	22832
254	22895
255	22958
256	23023
257	23091
258	23156
259	23219
260	23271
261	23317
262	23365
263	23413
264	23461
265	23512
266	23561
267	23612
268	23659
269	23707
270	23756
271	23803
272	23851
273	23899
274	23948
275	23995
276	24042
277	24090
278	24140
279	24187
280	24235
281	24283
282	24333
283	24383
284	24432
285	24481
286	24539
287	24591
288	24638
289	24686
290	24734
291	24783
292	24829
293	24877
294	24925
295	24973
296	25021
297	25068
298	25135
299	25236
300	25284
301	25330
302	25376
303	25422
304	25468
305	25523
306	25571
307	25617
308	25663
309	25709
310	25755
311	25801
312	25895
313	25941
314	26002
315	26061
316	26120
317	26177
318	26236
319	26296
320	26354
321	26411
322	26467
323	26529
324	26588
325	26645
326	26702
327	26758
328	26816
329	26875
330	26932
331	26992
332	27048
333	27105
334	27162
335	27221
336	27281
337	27339
338	27395
339	27452
340	27513
341	27569
342	27626
343	27690
344	27746
345	27805
346	27865
347	27924
348	27981
349	28039
350	28098
351	28157
352	28216
353	28275
354	28333
355	28393
356	28451
357	28508
358	28565
359	28623
360	28685
361	28748
362	28804
363	28862
364	28919
365	28978
366	29038
367	29094
368	29151
369	29210
370	29271
371	29329
372	29386
373	29444
374	29500
375	29557
376	29616
377	29676
378	29737
379	29797
380	29856
381	29914
382	29970
383	30027
384	30084
385	30141
386	30197
387	30256
388	30317
389	30378
390	30438
391	30498
392	30559
393	30617
394	30675
395	30734
396	30790
397	30847
398	30903
399	30959
400	31016
401	31072
402	31129
403	31186
404	31241
405	31300
406	31359
407	31417
408	31475
409	31536
410	31600
411	31663
412	31721
413	31778
414	31837
415	31899
416	31957
417	32016
418	32073
419	32132
420	32188
421	32244
422	32301
423	32358
424	32415
425	32472
426	32533
427	32592
428	32650
429	32713
430	32776
431	32836
432	32897
433	32954
434	33012
435	33069
436	33126
437	33182
438	33240
439	33296
440	33354
441	33411
442	33469
443	33533
444	33593
445	33654
446	33714
447	33773
448	33853
449	33910
450	33967
451	34023
452	34080
453	34138
454	34196
455	34255
456	34313
457	34371
458	34431
459	34492
460	34554
461	34611
462	34671
463	34729
464	34787
465	34846
466	34904
467	34964
468	35023
469	35082
470	35143
471	35201
472	35261
473	35320
474	35379
475	35440
476	35502
477	35560
478	35617
479	35683
480	35740
481	35797
482	35855
483	35915
484	35973
485	36033
486	36091
487	36149
488	36207
489	36267
490	36325
491	36386
492	36446
493	36503
494	36563
495	36622
496	36682
497	36740
498	36800
499	36860
500	36918
501	36977
502	37041
503	37101
504	37159
505	37217
506	37276
507	37336
508	37395
509	37459
510	37522
511	37580
512	37636
513	37694
514	37751
515	37809
516	37868
517	37926
518	37984
519	38043
520	38101
521	38160
522	38219
523	38280
524	38339
525	38398
526	38457
527	38519
528	38578
529	38637
530	38696
531	38755
532	38813
533	38872
534	38931
535	38990
536	39049
537	39109
538	39168
539	39229
540	39288
541	39346
542	39406
543	39464
544	39527
545	39586
546	39644
547	39704
548	39762
549	39820
550	39879
551	39937
552	39997
553	40056
554	40117
555	40177
556	40236
557	40295
558	40356
559	40415
560	40472
561	40534
562	40593
563	40652
564	40711
565	40769
566	40827
567	40885
568	40945
569	41003
570	41062
571	41123
572	41182
573	41247
574	41304
575	41361
576	41420
577	41479
578	41541
579	41599
580	41657
581	41717
582	41775
583	41856
584	41914
585	41977
586	42030
587	42079
588	42125
589	42170
590	42215
591	42260
592	42307
593	42354
594	42416
595	42459
596	42501
597	42544
598	42592
599	42650
600	42707
601	42752
602	42794
603	42839
604	42882
605	42925
606	42968
607	43011
608	43053
609	43095
610	43138
611	43181
612	43224
613	43264
614	43307
615	43351
616	43393
617	43436
618	43480
619	43530
620	43573
621	43616
622	43660
623	43703
624	43746
625	43789
626	43832
627	43875
628	43918
629	43961
630	44003
631	44046
632	44089
633	44133
634	44175
635	44220
636	44263
637	44306
638	44349
639	44392
640	44434
641	44477
642	44523
643	44566
644	44609
645	44650
646	44693
647	44736
648	44779
649	44822
650	44865
651	44910
652	44952
653	44995
654	45038
655	45083
656	45124
657	45167
658	45210
659	45253
660	45296
661	45338
662	45381
663	45424
664	45466
665	45516
666	45561
667	45606
668	45649
669	45692
670	45734
671	45777
672	45821
673	45864
674	45908
675	45949
676	45992
677	46035
678	46077
679	46120
680	46163
681	46206
682	46247
683	46292
684	46335
685	46388
686	46431
687	46474
688	46521
689	46564
690	46606
691	46649
692	46692
693	46736
694	46778
695	46821
696	46864
697	46907
698	46950
699	46995
700	47038
701	47080
702	47123
703	47166
704	47210
705	47252
706	47294
707	47337
708	47380
709	47422
710	47465
711	47508
712	47550
713	47593
714	47636
715	47683
716	47726
717	47769
718	47812
719	47854
720	47897
721	47940
722	47983
723	48025
724	48068
725	48111
726	48154
727	48197
728	48240
729	48283
730	48325
731	48370
732	48413
733	48455
734	48497
735	48541
736	48584
737	48626
738	48669
739	48712
740	48755
741	48798
742	48841
743	48884
744	48927
745	48969
746	49012
747	49057
748	49100
749	49142
750	49185
751	49228
752	49271
753	49313
754	49356
755	49400
756	49442
757	49484
758	49530
759	49574
760	49616
761	49659
762	49702
763	49747
764	49790
765	49860
766	49920
767	49979
768	50027
769	50069
770	50113
771	50156
772	50199
773	50242
774	50286
775	50328
776	50372
777	50414
778	50457
779	50502
780	50547
781	50590
782	50632
783	50675
784	50717
785	50761
786	50803
787	50845
788	50889
789	50933
790	50976
791	51019
792	51061
793	51102
794	51144
795	51188
796	51230
797	51272
798	51316
799	51360
800	51411
801	51458
802	51501
803	51545
804	51588
805	51630
806	51673
807	51716
808	51758
809	51801
810	51844
811	51888
812	51932
813	51975
814	52018
815	52061
816	52104
817	52147
818	52190
819	52232
820	52275
821	52318
822	52360
823	52403
824	52446
825	52487
826	52532
827	52577
828	52620
829	52663
830	52706
831	52748
832	52791
833	52834
834	52876
835	52920
836	52964
837	53007
838	53050
839	53093
840	53140
841	53183
842	53225
843	53271
844	53314
845	53372
846	53427
847	53481
848	53543
849	53599
850	53659
851	53716
852	53771
853	53828
854	53882
855	53935
856	53990
857	54043
858	54097
859	54153
860	54207
861	54262
862	54318
863	54373
864	54429
865	54485
866	54557
867	54612
868	54671
869	54726
870	54784
871	54841
872	54896
873	54950
874	55004
875	55060
876	55113
877	55167
878	55221
879	55274
880	55329
881	55384
882	55439
883	55502
884	55557
885	55614
886	55674
887	55734
888	55794
889	55851
890	55908
891	55963
892	56018
893	56072
894	56126
895	56179
896	56232
897	56286
898	56339
899	56394
900	56449
901	56504
902	56560
903	56618
904	56675
905	56729
906	56783
907	56838
908	56891
909	56946
910	56999
911	57053
912	57106
913	57161
914	57215
915	57269
916	57324
917	57378
918	57432
919	57486
920	57541
921	57595
922	57648
923	57704
924	57757
925	57842
926	57903
927	57959
928	58010
929	58060
930	58103
931	58144
932	58185
933	58226
934	58267
935	58309
936	58350
937	58392
938	58433
939	58475
940	58523
941	58577
942	58632
943	58687
944	58738
945	58788
946	58835
947	58885
948	58939
949	58996
950	59066
951	59117
952	59172
953	59231
954	59322
955	59406
956	59481
957	59538
958	59593
959	59650
960	59707
961	59764
962	59822
963	59888
964	59943
965	60001
966	60059
967	60116
968	60173
969	60219
970	60277
971	60331
972	60384
973	60438
974	60493
975	60549
976	60603
977	60660
978	60715
979	60770
980	60824
981	60882
982	60939
983	60994
984	61048
985	61101
986	61155
987	61208
988	61262
989	61315
990	61370
991	61424
992	61479
993	61538
994	61593
995	61647
996	61701
997	61760
998	61817
999	61871
1000	61920
