1	0
2	162
3	275
4	382
5	539
6	673
7	809
8	943
9	1075
10	1208
11	1341
12	1485
13	1620
14	1752
15	1884
16	2018
17	2149
18	2281
19	2414
20	2546
21	2679
22	2812
23	2940
24	3076
25	10006
26	10208
27	10345
28	10511
29	10642
30	10764
31	10885
32	11003
33	11123
34	11240
35	11351
36	11466
37	11576
38	11691
39	11801
40	11912
41	12021
42	12128
43	12242
44	12361
45	12486
46	12600
47	12716
48	12833
49	12948
50	13068
51	13188
52	13305
53	13420
54	13531
55	13647
56	13756
57	13863
58	13970
59	14079
60	14188
61	14298
62	14404
63	14510
64	14616
65	14721
66	14827
67	14931
68	15039
69	15153
70	15265
71	15402
72	15511
73	15622
74	15735
75	15845
76	15957
77	16064
78	16172
79	16280
80	16392
81	16498
82	16603
83	16705
84	16810
85	16916
86	17023
87	17129
88	17237
89	17343
90	17458
91	17571
92	17678
93	17784
94	17891
95	18000
96	18102
97	18193
98	18285
99	18376
100	18470
101	18562
102	18652
103	18742
104	18835
105	18926
106	19016
107	19106
108	19196
109	19288
110	19379
111	19473
112	19564
113	19654
114	19745
115	19836
116	19926
117	20016
118	20107
119	20197
120	20290
121	20380
122	20481
123	20578
124	20672
125	20762
126	20855
127	20947
128	21040
129	21133
130	21225
131	21318
132	21412
133	21505
134	21599
135	21693
136	21788
137	21879
138	21979
139	22072
140	22165
141	22267
142	22358
143	22456
144	22592
145	22683
146	22772
147	22871
148	22972
149	23063
150	23152
151	23252
152	23353
153	23457
154	23549
155	23642
156	23733
157	23833
158	23923
159	24012
160	24103
161	24203
162	24295
163	24385
164	24477
165	24568
166	24660
167	24749
168	24842
169	24933
170	25024
171	25114
172	25205
173	25295
174	25387
175	25478
176	25569
177	25660
178	25751
179	25841
180	25932
181	26023
182	26114
183	26204
184	26297
185	26389
186	26506
187	26597
188	26689
189	26780
190	26872
191	26963
192	27054
193	27145
194	27237
195	27327
196	27419
197	27511
198	27602
199	27693
200	27786
201	27878
202	27969
203	28060
204	28151
205	28242
206	28333
207	28424
208	28515
209	28607
210	28697
211	28789
212	28881
213	28973
214	29062
215	29154
216	29247
217	29339
218	29429
219	29521
220	29611
221	29704
222	29793
223	29884
224	29975
225	30067
226	30158
227	30249
228	30340
229	30431
230	30524
231	30615
232	30710
233	30801
234	30892
235	30983
236	31074
237	31165
238	31256
239	31347
240	31439
241	31530
242	31628
243	31722
244	31813
245	31903
246	31994
247	32085
248	32178
249	32268
250	32359
251	32453
252	32545
253	32635
254	32725
255	32816
256	32908
257	32998
258	33089
259	33180
260	33272
261	33362
262	33456
263	33548
264	33641
265	33731
266	33822
267	33913
268	34006
269	34095
270	34186
271	34277
272	34373
273	34471
274	34562
275	34653
276	34745
277	34835
278	34926
279	35017
280	35111
281	35201
282	35293
283	35385
284	35478
285	35568
286	35659
287	35750
288	35843
289	35933
290	36024
291	36115
292	36206
293	36297
294	36388
295	36481
296	36574
297	36666
298	36757
299	36849
300	36940
301	37031
302	37122
303	37214
304	37304
305	37395
306	37487
307	37579
308	37669
309	37760
310	37851
311	37944
312	38036
313	38127
314	38218
315	38311
316	38401
317	38493
318	38584
319	38676
320	38766
321	38858
322	38949
323	39058
324	39149
325	39240
326	39331
327	39422
328	39515
329	39606
330	39697
331	39789
332	39879
333	39970
334	40061
335	40154
336	40243
337	40334
338	40425
339	40518
340	40609
341	40700
342	40791
343	40883
344	40975
345	41066
346	41157
347	41250
348	41340
349	41431
350	41523
351	41618
352	41712
353	41803
354	41894
355	42003
356	42094
357	42186
358	42277
359	42368
360	42465
361	42556
362	42647
363	42740
364	42830
365	42921
366	43012
367	43104
368	43194
369	43285
370	43376
371	43471
372	43562
373	43654
374	43746
375	43838
376	43930
377	44021
378	44113
379	44205
380	44295
381	44386
382	44478
383	44571
384	44661
385	44752
386	44843
387	44936
388	45027
389	45118
390	45209
391	45300
392	45393
393	45485
394	45577
395	45668
396	45759
397	45850
398	45941
399	46033
400	46124
401	46215
402	46307
403	46398
404	46490
405	46582
406	46674
407	46764
408	46857
409	46948
410	47041
411	47131
412	47223
413	47316
414	47408
415	47498
416	47599
417	47699
418	47790
419	47880
420	47979
421	48079
422	48171
423	48264
424	48357
425	48457
426	48549
427	48640
428	48730
429	48822
430	48913
431	49005
432	49095
433	49186
434	49276
435	49368
436	49462
437	49553
438	49644
439	49736
440	49828
441	49918
442	50010
443	50102
444	50192
445	50283
446	50374
447	50473
448	50564
449	50655
450	50763
451	50872
452	50982
453	51096
454	51209
455	51321
456	51438
457	51550
458	51663
459	51776
460	51886
461	51989
462	52095
463	52205
464	52319
465	52432
466	52580
467	52693
468	52807
469	52915
470	53024
471	53134
472	53249
473	53358
474	53470
475	53579
476	53692
477	53800
478	53908
479	54018
480	54125
481	54234
482	54345
483	54459
484	54569
485	54677
486	54788
487	54897
488	55007
489	55113
490	55223
491	55333
492	55441
493	55549
494	55656
495	55766
496	55877
497	55983
498	56090
499	56197
500	56304
501	56412
502	56524
503	56635
504	56760
505	56877
506	56987
507	57096
508	57201
509	57309
510	57417
511	57534
512	57642
513	57748
514	57855
515	57962
516	58070
517	58177
518	58284
519	58390
520	58500
521	58607
522	58717
523	58826
524	58933
525	59041
526	59148
527	59255
528	59362
529	59473
530	59580
531	59687
532	59793
533	59897
534	60004
535	60108
536	60215
537	60324
538	60434
539	60543
540	60650
541	60757
542	60863
543	60969
544	61075
545	61181
546	61289
547	61394
548	61502
549	61608
550	61713
551	61818
552	61928
553	62036
554	62143
555	62248
556	62354
557	62467
558	62577
559	62685
560	62793
561	62904
562	63014
563	63123
564	63211
565	63299
566	63387
567	63475
568	63565
569	63653
570	63741
571	63828
572	63916
573	64004
574	64090
575	64178
576	64266
577	64353
578	64441
579	64529
580	64617
581	64704
582	64791
583	64879
584	64969
585	65056
586	65144
587	65232
588	65333
589	65434
590	65523
591	65611
592	65699
593	65787
594	65875
595	65963
596	66050
597	66137
598	66225
599	66313
600	66403
601	66492
602	66580
603	66667
604	66755
605	66843
606	66930
607	67018
608	67106
609	67193
610	67280
611	67368
612	67467
613	67556
614	67643
615	67731
616	67821
617	67908
618	67996
619	68084
620	68172
621	68259
622	68347
623	68435
624	68524
625	68612
626	68699
627	68788
628	68875
629	68963
630	69050
631	69138
632	69228
633	69316
634	69404
635	69492
636	69580
637	69668
638	69756
639	69843
640	69930
641	70018
642	70105
643	70193
644	70280
645	70368
646	70465
647	70553
648	70643
649	70730
650	70818
651	70906
652	70994
653	71081
654	71168
655	71256
656	71343
657	71431
658	71520
659	71608
660	71695
661	71783
662	71871
663	71959
664	72050
665	72138
666	72226
667	72313
668	72401
669	72489
670	72577
671	72665
672	72753
673	72841
674	72928
675	73015
676	73103
677	73190
678	73278
679	73366
680	73459
681	73546
682	73634
683	73723
684	73812
685	73899
686	73987
687	74075
688	74162
689	74250
690	74338
691	74425
692	74514
693	74602
694	74690
695	74777
696	74867
697	74955
698	75043
699	75131
700	75219
701	75307
702	75394
703	75483
704	75571
705	75658
706	75746
707	75834
708	75922
709	76009
710	76096
711	76185
712	76275
713	76362
714	76454
715	76542
716	76629
717	76717
718	76805
719	76893
720	76981
721	77069
722	77156
723	77243
724	77331
725	77419
726	77508
727	77595
728	77685
729	77773
730	77860
731	77948
732	78035
733	78123
734	78210
735	78298
736	78386
737	78474
738	78562
739	78650
740	78738
741	78825
742	78913
743	79001
744	79090
745	79178
746	79266
747	79354
748	79445
749	79533
750	79622
751	79709
752	79796
753	79884
754	79972
755	80060
756	80148
757	80236
758	80323
759	80411
760	80502
761	80590
762	80678
763	80766
764	80853
765	80940
766	81028
767	81116
768	81202
769	81290
770	81378
771	81470
772	81557
773	81645
774	81736
775	81824
776	81914
777	82003
778	82091
779	82178
780	82266
781	82353
782	82440
783	82528
784	82618
785	82706
786	82793
787	82881
788	82968
789	83056
790	83144
791	83232
792	83322
793	83409
794	83498
795	83586
796	83674
797	83762
798	83850
799	83938
800	84024
801	84112
802	84199
803	84287
804	84375
805	84466
806	84563
807	84651
808	84741
809	84829
810	84916
811	85003
812	85091
813	85179
814	85266
815	85353
816	85441
817	85530
818	85617
819	85705
820	85793
821	85880
822	85968
823	86056
824	86145
825	86233
826	86321
827	86409
828	86497
829	86585
830	86680
831	86769
832	86856
833	86944
834	87032
835	87124
836	87212
837	87300
838	87387
839	87476
840	87566
841	87654
842	87741
843	87829
844	87917
845	88004
846	88092
847	88180
848	88268
849	88355
850	88446
851	88534
852	88623
853	88711
854	88822
855	88910
856	88997
857	89086
858	89174
859	89263
860	89350
861	89438
862	89528
863	89615
864	89704
865	89792
866	89880
867	89968
868	90056
869	90147
870	90234
871	90322
872	90410
873	90517
874	90611
875	90699
876	90786
877	90874
878	90961
879	91049
880	91137
881	91223
882	91311
883	91398
884	91487
885	91583
886	91671
887	91760
888	91846
889	91934
890	92021
891	92108
892	92195
893	92283
894	92370
895	92462
896	92549
897	92639
898	92726
899	92813
900	92919
901	93027
902	93135
903	93243
904	93349
905	93462
906	93565
907	93670
908	93777
909	93879
910	93984
911	94088
912	94191
913	94295
914	94400
915	94505
916	94611
917	94718
918	94823
919	94928
920	95034
921	95139
922	95245
923	95349
924	95459
925	95562
926	95668
927	95772
928	95889
929	95992
930	96095
931	96202
932	96308
933	96412
934	96519
935	96622
936	96723
937	96827
938	96930
939	97034
940	97137
941	97239
942	97341
943	97452
944	97556
945	97658
946	97764
947	97875
948	97982
949	98087
950	98194
951	98301
952	98403
953	98507
954	98609
955	98712
956	98816
957	98919
958	99021
959	99123
960	99224
961	99324
962	99426
963	99528
964	99631
965	99734
966	99836
967	99942
968	100051
969	100161
970	100263
971	100365
972	100479
973	100597
974	100745
975	100849
976	100953
977	101056
978	101158
979	101260
980	101363
981	101469
982	101571
983	101676
984	101779
985	101885
986	101991
987	102093
988	102195
989	102298
990	102400
991	102502
992	102604
993	102705
994	102807
995	102908
996	103009
997	103109
998	103209
999	103314
1000	103419
