1	0
2	565
3	829
4	1051
5	1266
6	1501
7	1729
8	1957
9	2181
10	2407
11	2630
12	2854
13	3077
14	3292
15	3525
16	3743
17	3957
18	4188
19	4425
20	10188
21	10428
22	10606
23	10775
24	10943
25	11126
26	11302
27	11494
28	11683
29	11860
30	12032
31	12207
32	12380
33	12553
34	12735
35	12928
36	13110
37	13292
38	13493
39	13679
40	13861
41	14039
42	14214
43	14390
44	14580
45	14753
46	14923
47	15093
48	15263
49	15431
50	15603
51	15773
52	15942
53	16113
54	16285
55	16484
56	16657
57	16828
58	17001
59	17169
60	17338
61	17508
62	17680
63	17849
64	18015
65	18182
66	18350
67	18516
68	18684
69	18850
70	19018
71	19189
72	19356
73	19525
74	19690
75	19846
76	20001
77	20156
78	20310
79	20465
80	20624
81	20836
82	20991
83	21146
84	21300
85	21454
86	21608
87	21760
88	21915
89	22068
90	22221
91	22374
92	22529
93	22681
94	22835
95	22987
96	23140
97	23293
98	23465
99	23627
100	23780
101	23932
102	24084
103	24237
104	24391
105	24544
106	24697
107	24850
108	25004
109	25156
110	25310
111	25476
112	25637
113	25790
114	25942
115	26095
116	26248
117	26400
118	26553
119	26706
120	26861
121	27013
122	27166
123	27319
124	27483
125	27652
126	27804
127	27957
128	28110
129	28263
130	28416
131	28568
132	28721
133	28874
134	29027
135	29180
136	29335
137	29498
138	29659
139	29812
140	29965
141	30118
142	30270
143	30423
144	30575
145	30729
146	30881
147	31034
148	31187
149	31339
150	31497
151	31659
152	31813
153	31966
154	32119
155	32271
156	32424
157	32576
158	32728
159	32880
160	33032
161	33207
162	33359
163	33511
164	33666
165	33821
166	33973
167	34124
168	34278
169	34430
170	34582
171	34735
172	34887
173	35040
174	35194
175	35349
176	35506
177	35661
178	35815
179	35970
180	36124
181	36278
182	36431
183	36586
184	36742
185	36896
186	37050
187	37204
188	37359
189	37513
190	37667
191	37821
192	37975
193	38129
194	38283
195	38437
196	38591
197	38746
198	38899
199	39054
200	39209
201	39363
202	39519
203	39672
204	39826
205	39981
206	40135
207	40289
208	40443
209	40598
210	40752
211	40906
212	41060
213	41214
214	41368
215	41522
216	41679
217	41834
218	41988
219	42142
220	42296
221	42450
222	42604
223	42758
224	42912
225	43066
226	43220
227	43374
228	43528
229	43683
230	43836
231	43990
232	44146
233	44301
234	44455
235	44609
236	44763
237	44917
238	45074
239	45232
240	45386
241	45540
242	45694
243	45848
244	46002
245	46156
246	46310
247	46464
248	46620
249	46774
250	46928
251	47082
252	47236
253	47390
254	47544
255	47698
256	47852
257	48006
258	48159
259	48314
260	48467
261	48622
262	48776
263	48930
264	49086
265	49240
266	49394
267	49549
268	49703
269	49857
270	50011
271	50166
272	50320
273	50477
274	50631
275	50785
276	50939
277	51093
278	51247
279	51401
280	51557
281	51711
282	51865
283	52019
284	52173
285	52327
286	52484
287	52638
288	52792
289	52946
290	53100
291	53254
292	53408
293	53563
294	53717
295	53871
296	54027
297	54180
298	54334
299	54492
300	54646
301	54800
302	54954
303	55108
304	55263
305	55417
306	55575
307	55732
308	55887
309	56041
310	56195
311	56350
312	56513
313	56667
314	56821
315	56976
316	57130
317	57284
318	57438
319	57593
320	57748
321	57902
322	58057
323	58211
324	58365
325	58520
326	58674
327	58828
328	58984
329	59138
330	59293
331	59447
332	59601
333	59756
334	59910
335	60065
336	60219
337	60373
338	60528
339	60682
340	60836
341	60991
342	61145
343	61299
344	61455
345	61610
346	61764
347	61919
348	62073
349	62227
350	62382
351	62536
352	62690
353	62845
354	62999
355	63153
356	63308
357	63462
358	63617
359	63772
360	63928
361	64083
362	64237
363	64391
364	64546
365	64700
366	64855
367	65009
368	65163
369	65318
370	65475
371	65629
372	65784
373	65938
374	66093
375	66247
376	66403
377	66559
378	66714
379	66868
380	67023
381	67177
382	67357
383	67526
384	67697
385	67867
386	68036
387	68205
388	68375
389	68545
390	68716
391	68882
392	69053
393	69225
394	69389
395	69557
396	69722
397	69891
398	70056
399	70225
400	70391
401	70558
402	70739
403	70906
404	71073
405	71241
406	71407
407	71572
408	71744
409	71908
410	72074
411	72238
412	72406
413	72574
414	72741
415	72910
416	73076
417	73242
418	73407
419	73572
420	73736
421	73902
422	74066
423	74231
424	74404
425	74570
426	74740
427	74904
428	75069
429	75233
430	75399
431	75562
432	75724
433	75886
434	76050
435	76216
436	77501
437	77705
438	77904
439	78101
440	78306
441	78511
442	78692
443	78848
444	79005
445	79159
446	79313
447	79464
448	79614
449	79765
450	79915
451	80066
452	80216
453	80366
454	80517
455	80668
456	80820
457	80971
458	81121
459	81272
460	81422
461	81573
462	81723
463	81874
464	82024
465	82175
466	82325
467	82479
468	82630
469	82780
470	82930
471	83080
472	83233
473	83383
474	83534
475	83685
476	83835
477	83986
478	84136
479	84286
480	84437
481	84587
482	84738
483	84888
484	85039
485	85189
486	85340
487	85493
488	85651
489	85802
490	85952
491	86102
492	86253
493	86403
494	86555
495	86706
496	86858
497	87009
498	87160
499	87312
500	87463
501	87615
502	87766
503	87918
504	88072
505	88223
506	88374
507	88527
508	88678
509	88829
510	88981
511	89132
512	89284
513	89435
514	89586
515	89738
516	89891
517	90042
518	90193
519	90345
520	90502
521	90653
522	90805
523	90956
524	91108
525	91259
526	91410
527	91562
528	91713
529	91865
530	92016
531	92167
532	92319
533	92474
534	92625
535	92777
536	92930
537	93082
538	93233
539	93385
540	93536
541	93687
542	93840
543	93991
544	94142
545	94294
546	94446
547	94598
548	94749
549	94900
550	95052
551	95204
552	95357
553	95508
554	95660
555	95811
556	95962
557	96113
558	96264
559	96415
560	96566
561	96719
562	96870
563	97021
564	97173
565	97325
566	97479
567	97630
568	97783
569	97934
570	98086
571	98237
572	98388
573	98539
574	98692
575	98843
576	98994
577	99146
578	99298
579	99449
580	99601
581	99752
582	99903
583	100055
584	100209
585	100360
586	100512
587	100664
588	100815
589	100966
590	101118
591	101270
592	101421
593	101573
594	101725
595	101876
596	102035
597	102187
598	102338
599	102493
600	102647
601	102798
602	102949
603	103100
604	103253
605	103404
606	103556
607	103707
608	103858
609	104010
610	104161
611	104313
612	104464
613	104617
614	104768
615	104919
616	105073
617	105226
618	105377
619	105528
620	105680
621	105831
622	105983
623	106134
624	106293
625	106444
626	106597
627	106748
628	106899
629	107051
630	107204
631	107355
632	107509
633	107660
634	107813
635	107964
636	108116
637	108267
638	108418
639	108570
640	108722
641	108873
642	109024
643	109177
644	109328
645	109482
646	109634
647	109787
648	109940
649	110091
650	110243
651	110395
652	110546
653	110698
654	110849
655	111001
656	111152
657	111303
658	111455
659	111606
660	111759
661	111910
662	112061
663	112213
664	112370
665	112522
666	112673
667	112824
668	112977
669	113129
670	113282
671	113442
672	113594
673	113746
674	113897
675	114048
676	114200
677	114352
678	114507
679	114658
680	114812
681	114964
682	115116
683	115267
684	115419
685	115571
686	115723
687	115874
688	116026
689	116178
690	116329
691	116488
692	116641
693	116792
694	116944
695	117096
696	117251
697	117404
698	117556
699	117708
700	117861
701	118013
702	118165
703	118325
704	118479
705	118631
706	118783
707	118934
708	119086
709	119238
710	119390
711	119541
712	119695
713	119846
714	119997
715	120148
716	120300
717	120451
718	120602
719	120753
720	120904
721	121055
722	121206
723	121357
724	121509
725	121660
726	121811
727	121962
728	122115
729	122266
730	122417
731	122568
732	122719
733	122870
734	123021
735	123173
736	123324
737	123478
738	123629
739	123780
740	123931
741	124082
742	124233
743	124385
744	124538
745	124689
746	124840
747	124991
748	125142
749	125293
750	125444
751	125596
752	125748
753	125899
754	126050
755	126201
756	126392
757	126561
758	126727
759	126892
760	127056
761	127220
762	127380
763	127543
764	127704
765	127866
766	128028
767	128191
768	128357
769	128521
770	128683
771	128844
772	129008
773	129171
774	129332
775	129500
776	129666
777	129828
778	129987
779	130147
780	130308
781	130467
782	130628
783	130788
784	130951
785	131114
786	131278
787	131441
788	131601
789	131760
790	131923
791	132736
792	132948
793	133143
794	133338
795	133536
796	133734
797	133931
798	134129
799	134326
800	134525
801	134722
802	134916
803	135114
804	135309
805	135507
806	135705
807	135899
808	136100
809	136297
810	136500
811	136702
812	136898
813	137092
814	137287
815	137442
816	137592
817	137742
818	137892
819	138042
820	138191
821	138341
822	138494
823	138644
824	138795
825	138945
826	139094
827	139244
828	139393
829	139543
830	139693
831	139842
832	139991
833	140141
834	140290
835	140440
836	140590
837	140740
838	140889
839	141039
840	141190
841	141340
842	141493
843	141642
844	141792
845	141941
846	142091
847	142242
848	142392
849	142543
850	142695
851	142845
852	142995
853	143146
854	143298
855	143448
856	143600
857	143751
858	143902
859	144053
860	144203
861	144355
862	144506
863	144662
864	144812
865	144963
866	145114
867	145278
868	145443
869	145594
870	145747
871	145898
872	146051
873	146202
874	146359
875	146512
876	146674
877	146825
878	146977
879	147128
880	147280
881	147439
882	147590
883	147742
884	147893
885	148043
886	148194
887	148346
888	148502
889	148652
890	148803
891	148954
892	149105
893	149255
894	149406
895	149556
896	149707
897	149857
898	150008
899	150158
900	150310
901	150460
902	150611
903	150762
904	150914
905	151065
906	151215
907	151366
908	151517
909	151669
910	151819
911	151970
912	152121
913	152272
914	152423
915	152573
916	152729
917	152879
918	153032
919	153183
920	153335
921	153489
922	153640
923	153790
924	153941
925	154092
926	154242
927	154392
928	154543
929	154694
930	154846
931	154996
932	155147
933	155297
934	155448
935	155598
936	155749
937	155899
938	156050
939	156202
940	156352
941	156509
942	156660
943	156812
944	156962
945	157113
946	157263
947	157414
948	157564
949	157715
950	157865
951	158018
952	158170
953	158321
954	158474
955	158625
956	158775
957	158925
958	159078
959	159228
960	159379
961	159529
962	159680
963	159830
964	159980
965	160131
966	160281
967	160431
968	160582
969	160733
970	160883
971	161033
972	161184
973	161334
974	161491
975	161641
976	161791
977	161941
978	162092
979	162242
980	162393
981	162543
982	162693
983	162844
984	162994
985	163144
986	163295
987	163445
988	163596
989	163746
990	163898
991	164048
992	164199
993	164350
994	164503
995	164653
996	164804
997	164954
998	165104
999	165254
1000	165405
