-12853
1814847
7432207
9142307
10784787
12458627
14101107
15783767
17487987
19268647
20911127
22569287
24203927
25838567
27473207
29106867
30742487
32376147
34010787
35645427
37283007
38916667
40551307
42220247
43879387
45518927
47156507
48792127
50425787
52060427
53694087
55328727
56962387
58597027
60231667
61865327
63498987
65133627
66777087
68411727
70045387
71679047
73315647
74950287
76583947
78218587
79854207
81488847
83122507
84758127
86392767
88027407
89662047
91295707
92930347
94564987
96199627
97834267
99467927
101103547
102738187
104372827
106007467
107641127
109275767
110909427
112544067
114178707
115813347
117447007
119081647
120715307
122349947
123984587
125618247
127253867
128889487
130524127
132157787
133792427
135426087
137060727
138695367
140329027
141963667
143597327
145230987
146865627
148499287
150133927
151767587
153404187
155037847
156672487
158306147
159939807
161574447
163208107
164843727
166477387
168112027
169745687
171380327
173014967
174648627
176283267
177917907
179557447
181207767
182842407
184477047
186110707
187745347
189379007
191013647
192648287
194282927
195917567
197551227
199184887
200819527
202454167
204088807
205725407
207360047
208993707
210628347
212262987
213897627
215531287
217165927
218800567
220435207
222069847
223704487
225338147
226973767
228608407
230242067
231878667
233513307
235147947
236782587
238416247
240050887
241685527
243320167
244954807
246589447
248223107
249857747
251492387
253127027
254760687
256395327
258031927
259665587
261300227
262934867
264568527
266203167
267837807
269471467
271106107
272740747
274375387
276010027
277644667
279279307
280913947
282547607
284184207
285817867
287452507
289087147
290721787
292357407
293993027
295627667
297262307
298896947
300531587
302166227
303800867
305435507
307070147
308704787
310340407
311975047
313609687
315244327
316878967
318513607
320148247
321782887
323417527
325052167
326686807
328326347
329960987
331595627
333230267
334864907
336500527
338135167
339769807
341404447
343039087
344673727
346308367
347943007
349578627
351213267
352846927
354481567
356116207
357750847
359385487
361020127
362659667
364294307
365927967
367564567
369200187
370833847
372471427
374106067
375740707
377377307
379011947
380646587
382283187
383917827
385552467
387188087
388825667
390460307
392094947
393729587
395363247
396997887
398633507
400268147
401902787
403536447
405171087
406805727
408440367
410075007
411709647
413344287
414980887
416615527
418249187
419884807
421519447
423153107
424787747
426422387
428057027
429691667
431326307
432959967
434595587
436230227
437864867
439499507
441135127
442769767
444404407
446039047
447673687
449308327
450942967
452577607
454212247
455846887
457486427
459121067
460755707
462390347
464025967
465660607
467296227
468931847
470566487
472201127
473835767
475470407
477105047
478740667
480375307
482009947
483644587
485279227
486913867
488548507
490183147
491817787
493454387
495088047
496723667
498358307
499992947
501628567
503263207
504897847
506532487
508167127
509801767
511436407
513071047
514705687
516340327
517974967
519610587
521245227
522879867
524514507
526150127
527784767
529420387
531056007
532691627
534341947
535975607
537608287
539241947
540874627
542507307
544139987
545774627
547407307
549039987
550672667
552305347
553938027
555570707
557203387
558836067
560468747
562101427
563734107
565366787
566999467
568632147
570264827
571899467
573532147
575163847
576794567
578426267
580056987
581687707
583318427
584950127
586580847
588211567
589842287
591473007
593103727
594735427
596366147
597998827
599629547
601261247
602891967
604523667
606154387
607785107
609416807
611047527
612678247
614308967
615940667
617571387
619203087
620834787
622465507
624098187
625728907
627359627
628993287
630624987
632255707
633887407
635518127
637148847
638779567
640417147
642047867
643678587
645309307
646941007
648571727
650204407
651836107
653466827
655097547
656728267
658358987
659990687
661621407
663252127
664882847
666513567
668145267
669775987
671406707
673037427
674668147
676308667
677940367
679571087
681203767
682847227
684957167
686592787
688245067
689884607
691517287
693149967
694782647
696413367
698045067
699675787
701307487
702940167
704571867
706202587
707833307
709465007
711095727
712726447
714357167
715988867
717619587
719251287
720882007
722519587
724150307
725782007
727413707
729046387
730677107
732308807
733939527
735571227
737201947
738832667
740464367
742095087
743726787
745357507
746989207
748619927
750250647
751882347
753513067
755146727
756777447
758409147
760039867
761671567
763302287
764933007
766564707
768195427
769826147
771457847
773088567
774720267
776350987
777981707
779613407
781246087
782876807
784508507
786139227
787770927
789401647
791032367
792664067
794294787
795926487
797557207
799189887
800822567
802455247
804086947
805717667
807350347
808981067
810612767
812244467
813876167
815507867
817139567
818770287
820401987
822032707
823663427
825294147
826924867
828555587
830187287
831818007
833450687
835081407
836713107
838343827
839974547
841606247
843236967
844867687
846498407
848130107
849760827
851391547
853023247
854653967
856284687
857916387
859549067
861180767
862811487
864443187
866074887
867705607
869338287
870969007
872600707
874233387
875864107
877500707
879133387
880764107
882395807
884028487
885661167
887299727
888933387
890564107
892199727
893832407
895464107
897099727
898733387
900364107
902000707
903633387
905264107
906898747
908532407
910164107
911799727
913433387
915064107
916699727
918332407
919964107
921603647
923236327
924867047
926498747
928131427
929762147
931399727
933032407
934663127
936293847
937930447
939561167
941191887
942831427
944462147
946092867
947725547
949356267
950986987
952620647
954250387
955881107
957522607
959153327
960790907
962423587
964056267
965686987
967327507
968959207
970589927
972222607
973853327
975484047
977124567
978755287
980386007
982018687
983649407
985280127
986921627
988552347
990184047
991817707
993448427
995079147
996720647
998351367
999982087
1001612807
1003243527
1004874247
1006513787
1008144507
1009775227
1011406927
1013037647
1014671307
1016312807
1017943527
1019575227
1021205947
1022874887
1024511487
1026147107
1027778807
1029410507
1031043187
1032673907
1034306587
1035939267
1037569987
1039201687
1040834367
1042467047
1044097767
1045731427
1047362147
1048992867
1050626527
1052256267
1053887967
1055521627
1057152347
1058783067
1060413787
1062044507
1063675227
1065306927
1066938627
1068571307
1070202027
1071832747
1073463467
1075110847
1076741567
1078372287
1080011827
1081643527
1083275227
1084917707
1086548427
1088179147
1089812807
1091444507
1093076207
1094710847
1096342547
1097972287
1099602027
1101232747
1102862487
1104492227
1106122947
1107752687
1109383407
1111013147
1112642887
1114281447
1115911187
1117540927
1119179487
1120812167
1122442887
1124080467
1125711187
1127341907
1128980467
1130610207
1132239947
1133870667
1135501387
1137132107
1138761847
1140391587
1142021327
1143652047
1145281787
1146913487
1148544207
1150173947
1151804667
1153434407
1155065127
1156694867
1158324607
1159954347
1161585067
1163214807
1164845527
1166475267
1168105007
1169734747
1171367427
1173000107
1174629847
1176260567
1177890307
1179522007
1181151747
1182782467
1184412207
1186041947
1187672667
1189302407
1190933127
1192562867
1194192607
1195823327
1197453067
1199084767
1200715487
1202345227
1203974967
1205605687
1207235427
1208865167
1210495887
1212125627
1213756347
1215387067
1217016807
1218646547
1220276287
1221907007
1223537727
1225173347
1226804067
1228433807
1230064527
1231694267
1233324987
1234954727
1236585447
1238215187
1239845907
1241475647
1243106367
1244736107
1246365847
1247996567
1249626307
1251258007
1252888727
1254518467
1256151147
1257781867
1259412587
1261043307
1262673047
1264302787
1265933507
1267565207
1269196907
1270827627
1272457367
1274087107
1275717827
1277349527
1278983187
1280612927
1282242667
1283875347
1285505087
1287135807
1288767507
1290398227
1292027967
1293660647
1295291367
1296921107
1298550847
1300181567
1301811307
1303443987
1305074707
1306704447
1308334187
1309964907
1311594647
1313225367
1314855107
1316484847
1318118507
1319749227
1321379947
1323010667
1324640407
1326271127
1327900867
1329533547
1331164267
1332794007
1334423747
1336055447
1337685187
1339315907
1340946627
1342576367
1344206107
1345836827
1347466567
1349104147
1350733887
1352364607
1353994347
1355633887
1357292047
1358924727
1360556427
1362187147
1363817867
1365448587
1367100867
1368736487
1370366227
1371996947
1373627667
1375257407
1376890087
1378521787
1380153487
1381783227
1383412967
1385076027
1386706747
1388337467
1389968187
1391598907
1393228647
1394859367
1396489107
1398119827
1399749567
1401380287
1403010027
1404640747
1406272447
1407903167
1409532907
1411162647
1412793367
1414425067
1416054807
1417685527
1419315267
1420946967
1422579647
1424211347
1425843047
1427472787
1429103507
1430733247
1432364947
1433994687
1435625407
1437256127
1438885867
1440516587
1442146327
1443777047
1445406787
1447037507
1448667247
1450296987
1451926727
1453557447
1455187187
1456817907
1458450587
1460081307
1461711047
1463340787
1464971507
1466601247
1468231967
1469861707
1471492427
1473122167
1474751907
1476382627
1478012367
1479643087
1481272827
1482902567
1484535247
1486164987
1487795707
1489426427
1491056167
1492685907
1494316627
1495947347
1497577087
1499206827
1500837547
1502468267
1504098007
1505728727
1507358467
1508988207
1510620887
1512250627
1513880367
1515511087
1517141807
1518771547
1520402267
1522046707
1523677427
1525307167
1526937887
1528567627
1530197367
1531827107
1533457827
1535089527
1536723187
1538353907
1539983647
1541616327
1543246067
1544875807
1546508487
1548138227
1549767967
1551400647
1553030387
1554660127
1556290847
1557920587
1559551307
1561183007
1562815687
1564445427
1566076147
1567705887
1569335627
1570966347
1572600007
1574230727
1575861447
1577491187
1579120927
1580751647
1582381387
1584012107
1585641847
1587271587
1588902307
1590532047
1592161787
1593792507
1595422247
1597051987
1598684667
1600314407
1601944147
1603574867
1605204607
1606834347
1608472907
1610103627
1611733367
1613364087
1615012447
1616643167
1618275847
1619906567
1621539247
1623170947
1624801667
1626430427
1628061147
1629689907
1631319647
1632950367
1634581087
1636210827
1637840567
1639470307
1641101027
1642730767
1644360507
1645990247
1647619987
1649251687
1650881427
1652511167
1654140907
1655770647
1657400387
1659030127
1660660847
1662289607
1663920327
1665550067
1667179807
1668809547
1670439287
1672071967
1673701707
1675333407
1676963147
1678592887
1680222627
1681852367
1683483087
1685112827
1686742567
1688372307
1690002047
1691632767
1693263487
1694893227
1696522967
1698152707
1699783427
1701415127
1703044867
1704674607
1706305327
1707935067
1709564807
1711194547
1712824287
1714455007
1716085727
1717715467
1719345207
1720974947
1722604687
1724234427
1725865147
1727496847
1729126587
1730761227
1732391947
1734021687
1735653387
1737285087
1738924627
1740563187
1742242907
1743894207
1745535707
1747168387
1748799107
1750437667
1752068387
1753701067
1755332767
1756962507
1758594207
1760234727
1761865447
1763497147
1765127867
1766758587
1768389307
1770021007
1771664467
1773350067
1774995487
1776635027
1778267707
1779899407
1781529147
1783209847
1784838607
1786498727
1788137287
1789779767
1791413427
1793042187
1794671927
1796299707
1797928467
1799556247
1801185987
1802813767
1804442527
1806071287
1807708867
1809341547
1810971287
1812599067
1814226847
1815853647
1817480447
1819108227
1820736987
1822364767
1823992547
1825619347
1827246147
1828873927
1830500727
1832130467
1833759227
1835389947
1837020667
1838650407
1840279167
1841907927
1843538647
1845167407
1846796167
1848424927
1850053687
1851681467
1853309247
1854937027
1856565787
1858196507
1859824287
1861453047
1863080827
1864709587
1866345207
1867976907
1869611547
1871241287
1872869067
1874496847
1876125607
1877759267
1879388027
1881016787
1882646527
1884277247
1885905027
1887534767
1889164507
1890793267
1892421047
1894049807
1895677587
1897306347
1898934127
1900562887
1902190667
1903818447
1905447207
1907074987
1908704727
1910334467
1911962247
1913591007
1915218787
1916846567
1918475327
1920104087
1921731867
1923359647
1924988407
1926616187
1928244947
1929873707
1931500507
1933129267
1934757047
1936386787
1938015547
1939644307
1941272087
1942899867
1944528627
1946156407
1947785167
1949413927
1951041707
1952669487
1954297267
1955929947
1957559687
1959187467
1960816227
1962446947
1964075707
1965703487
1967331267
1968959047
1970586827
1972214607
1973842387
1975469187
1977097947
1978725727
1980353507
1981980307
1983608087
1985234887
1986861687
1988493387
1990120187
1991746007
1993372807
1994999607
1996626407
1998253207
1999880007
2001506807
2003159087
2004796667
2006426407
2008054187
2009680987
2011307787
2012935567
2014564327
2016192107
2017818907
2019447667
2021074467
2022702247
2024330027
2025958787
2027586567
2029214347
2030842127
2032468927
2034096707
2035726447
2037355207
2038982987
2040612727
2042240507
2043867307
2045495087
2047126787
2048766327
2050402927
2052034627
2053666327
2055293127
2056918947
2058542807
2060168627
2061793467
2063418307
2065048047
2066673867
2068300667
2069925507
2071550347
2073175187
2074801007
2076425847
2078050687
2079675527
2081300367
2082925207
2084552987
2086178807
2087803647
2089432407
2091059207
2092685027
2094311827
2095937647
2097563467
2099190267
2100815107
2102440927
2104066747
2105692567
2107317407
2108942247
2110569047
2112193887
2113820687
2115445527
2117073307
2118699127
2120323967
2121949787
2123576587
2125202407
2126828227
2128454047
2130079867
2131705687
2133331507
2134957327
2136583147
2138208967
2139834787
2141460607
2143088387
2144714207
2146340027
2147964867
2149591667
2151217487
2152843307
2154468147
2156092987
2157718807
2159344627
2160972407
2162599207
2164224047
2165848887
2167473727
2169100527
2170726347
2172352167
2173977007
2175601847
2177226687
2178851527
2180477347
2182105127
2183729967
2185355787
2186981607
2188606447
2190243047
2191869847
2193498607
2195124427
2196750247
2198376067
2200001887
2201627707
2203253527
2204879347
2206504187
2208130007
2209755827
2211381647
2213007467
2214632307
2216258127
2217883947
2219510747
2221137547
2222763367
2224389187
2226014027
2227639847
2229265667
2230891487
2232518287
2234144107
2235769927
2237394767
2239020587
2240646407
2242272227
2243898047
2245525827
2247151647
2248777467
2250404267
2252029107
2253653947
2255278787
2256903627
2258529447
2260156247
2261781087
2263407887
2265032727
2266657567
2268282407
2269908227
2271536987
2273162807
2274787647
2276412487
2278037327
2279662167
2281287007
2282911847
2284541587
2286168387
2287793227
2289420027
2291045847
2292670687
2294296507
2295922327
2297550107
2299175927
2300801747
2302426587
2304054367
2305680187
2307305027
2308929867
2310555687
2312180527
2313806347
2315432167
2317057007
2318681847
2320306687
2321932507
2323558327
2325185127
2326810947
2328435787
2330062587
2331688407
2333313247
2334939067
2336563907
2338189727
2339815547
2341441367
2343066207
2344693007
2346318827
2347943667
2349572427
2351197267
2352822107
2354446947
2356072767
2357698587
2359324407
2360949247
2362574087
2364198927
2365823767
2367448607
2369073447
2370700247
2372326067
2373952867
2375582607
2377207447
2378834247
2380460067
2382084907
2383710727
2385335567
2386961387
2388588187
2390214007
2391838847
2393473487
2395098327
2396724147
2398350947
2399975787
2401603567
2403229387
2404854227
2406480047
2408105867
2409731687
2411355547
2412980387
2414605227
2416231047
2417857847
2419482687
2421107527
2422732367
2424356227
2425981067
2427608847
2429235647
2430861467
2432486307
2434112127
2435736967
2437363767
2438988607
2440614427
2442241227
2443868027
2445493847
2447126527
2448753327
2450379147
2452004967
2453641567
2455267387
2456894187
2458519027
2460143867
2461770667
2463396487
2465021327
2466647147
2468271987
2469896827
2471521667
2473146507
2474771347
2476397167
2478022007
2479648807
2481274627
2482901427
2484526267
2486153067
2487778887
2489404707
2491029547
2492656347
2494281187
2495907987
2497532827
2499158647
2500783487
2502408327
2504033167
2505660947
2507285787
2508910627
2510535467
2512160307
2513784167
2515409987
2517035807
2518662607
2520287447
2521911307
2523536147
2525161967
2526786807
2528411647
2530036487
2531663287
2533287147
2534912967
2536541727
2538166567
2539791407
2541416247
2543041087
2544666907
2546291747
2547915607
2549539467
2551163327
2552789147
2554414967
2556038827
2557666607
2559290467
2560914327
2562538187
2564163027
2565788847
2567414667
2569039507
2570664347
2572288207
2573914027
2575538867
2577162727
2578787567
2580414367
2582039207
2583666007
2585291827
2586915687
2588541507
2590166347
2591790207
2593418967
2595044787
2596671587
2598298387
2599923227
2601548067
2603175847
2604799707
2606423567
2608047427
2609674227
2611298087
2612924887
2614549727
2616173587
2617798427
2619422287
2621047127
2622672947
2624296807
2625921647
2627546487
2629171327
2630795187
2632421007
2634045847
2635672647
2637297487
2638922327
2640548147
2642172987
2643798807
2645422667
2647049467
2648673327
2650299147
2651923007
2653548827
2655172687
2656796547
2658420407
2660044267
2661671067
2663295907
2664919767
2666543627
2668167487
2669791347
2671416187
2673042007
2674666847
2676291687
2677916527
2679540387
2681165227
2682791047
2684415887
2686041707
2687668507
2689294327
2690918187
2692544007
2694168847
2695797607
2697422447
2699050227
2700679967
2702305787
2703930627
2705555467
2707179327
2708804167
2710429007
2712053847
2713682607
2715307447
2716932287
2718557127
2720181967
2721806807
2723431647
2725056487
2726681327
2728306167
2729931007
2731555847
2733180687
2734805527
2736430367
2738055207
2739682007
2741307827
2742932667
2744556527
2746180387
2747804247
2749430067
2751055887
2752679747
2754303607
2755928447
2757553287
2759178127
2760802967
2762427807
2764051667
2765678467
2767304287
2768929127
2770553967
2772177827
2773802667
2775428487
2777051367
2778675227
2780300067
2781923927
2783547787
2785173607
2786798447
2788423287
2790049107
2791675907
2793299767
2794924607
2796552387
2798176247
2799802067
2801426907
2803051747
2804676587
2806300447
2807926267
2809551107
2811175947
2812800787
2814425627
2816050467
2817676287
2819301127
2820924987
2822550807
2824175647
2825799507
2827423367
2829048207
2830674027
2832297887
2833922727
2835548547
2837175347
2838801167
2840426007
2842049867
2843675687
2845299547
2846924387
2848550207
2850174067
2851797927
2853421787
2855045647
2856669507
2858294347
2859918207
2861542067
2863165927
2864789787
2866413647
2868040447
2869668227
2871293067
2872916927
2874541767
2876166607
2877791447
2879416287
2881041127
2882665967
2884290807
2885915647
2887540487
2889166307
2890791147
2892415987
2894040827
2895667627
2897292467
2898919267
2900543127
2902167967
2903792807
2905417647
2907043467
2908668307
2910292167
2911917007
2913541847
2915166687
2916791527
2918416367
2920041207
2921668987
2923293827
2924918667
2926544487
2928169327
2929793187
2931418027
2933042867
2934667707
2936293527
2937918367
2939543207
2941167067
2942790927
2944416747
2946041587
2947668387
2949292247
2950916107
2952539967
2954164807
2955790627
2957415467
2959040307
2960665147
2962289987
2963914827
2965543587
2967169407
2968794247
2970419087
2972043927
2973670727
2975295567
2976920407
2978545247
2980170087
2981811587
2983459947
2985087727
2986714527
2988338387
2989963227
2991588067
2993211927
2994835787
2996460627
2998085467
2999711287
3001337107
3002960967
3004584827
3006209667
3007834507
3009458367
3011082227
3012706087
3014329947
3015956747
3017581587
3019206427
3020831267
3022456107
3024080947
3025711667
3027336507
3028961347
3030586187
3032221807
3033846647
3035471487
3037098287
3038722147
3040346987
3041970847
3043595687
3045221507
3046846347
3048470207
3050094067
3051719887
3053343747
3054968587
3056592447
3058216307
3059840167
3061464027
3063087887
3064712727
3066336587
3067960447
3069584307
3071208167
3072833007
3074458827
3076082687
3077710467
3079335307
3080961127
3082585967
3084214727
3085841527
3087468327
3089093167
3090718007
3092341867
3093967687
3095592527
3097216387
3098841227
3100466067
3102090907
3103719667
3105343527
3106969347
3108593207
3110217067
3111840927
3113465767
3115089627
3116713487
3118338327
3119964147
3121588987
3123213827
3124838667
3126463507
3128088347
3129715147
3131339987
3132964827
3134591627
3136215487
3137839347
3139464187
3141088047
3142713867
3144338707
3145963547
3147587407
3149211267
3150835127
3152458987
3154083827
3155709647
3157333507
3158957367
3160581227
3162205087
3163830907
3165458687
3167083527
3168707387
3170332227
3171958047
3173582887
3175206747
3176831587
3178458387
3180083227
3181711007
3183335847
3184960687
3186585527
3188209387
3189834227
3191460047
3193083907
3194708747
3196333587
3197958427
3199583267
3201208107
3202832947
3204457787
3206082627
3207709427
3209334267
3210960087
3212584927
3214208787
3215833627
3217458467
3219083307
3220708147
3222332987
3223957827
3225582667
3227209467
3228835287
3230460127
3232090847
3233719607
3235344447
3236969287
3238594127
3240219947
3241844787
3243468647
3245092507
3246716367
3248340227
3249965067
3251588927
3253212787
3254836647
3256459527
3258083387
3259712147
3261337967
3262962807
