-11056
1817804
8261144
9988004
11654684
13355024
15020684
16818944
18542744
20278784
21965864
23598884
25237004
26870024
28502024
30137084
31769084
33401084
35033084
36666104
38298104
39931124
41563124
43195124
44828144
46461164
48095204
49727204
51359204
52991204
54623204
56255204
57888224
59520224
61160384
62793404
64426424
66058424
67691444
69331604
70963604
72596624
74230664
75862664
77498744
79130744
80765804
82397804
84029804
85662824
87295844
88927844
90561884
92193884
93825884
95457884
97090904
98723924
100355924
101989964
103621964
105253964
106885964
108518984
110150984
111784004
113416004
115048004
116680004
118313024
119945024
121577024
123209024
124841024
126473024
128110124
129744164
131376164
133013264
134646284
136278284
137910284
139543304
141178364
142811384
144443384
146075384
147707384
149342444
150978524
152610524
154244564
155877584
157510604
159143624
160775624
162407624
164040644
165674684
167306684
168939704
170571704
172204724
173837744
175469744
177102764
178736804
180371864
182003864
183637904
185270924
186902924
188535944
190168964
191810144
193442144
195075164
196707164
198340184
199973204
201606224
203238224
204871244
206506304
208138304
209772344
211404344
213037364
214670384
216303404
217936424
219569444
221202464
222834464
224467484
226100504
227736584
229373684
231010784
232649924
234288044
235923104
237558164
239191184
240825224
242458244
244091264
245725304
247358324
248991344
250625384
252258404
253892444
255525464
257158484
258794564
260427584
262067744
263709944
265343984
266979044
268611044
270244064
271878104
273511124
275143124
276776144
278409164
280041164
281676224
283309244
284945324
286578344
288210344
289843364
291476384
293109404
294741404
296374424
298007444
299640464
301272464
302905484
304538504
306170504
307803524
309436544
311070584
312704624
314337644
315969644
317602664
319235684
320868704
322502744
324135764
325767764
327400784
329038904
330670904
332306984
333950204
335584244
337222364
338855384
340487384
342127544
343759544
345392564
347025584
348657584
350292644
351925664
353558684
355190684
356823704
358457744
360090764
361722764
363360884
364993904
366625904
368258924
369890924
371523944
373156964
374789984
376421984
378055004
379688024
381321044
382956104
384589124
386222144
387856184
389491244
391124264
392757284
394390304
396023324
397656344
399289364
400921364
402554384
404187404
405820424
407452424
409085444
410717444
412350464
413983484
415618544
417251564
418883564
420516584
422149604
423782624
425415644
427048664
428680664
430313684
431945684
433580744
435213764
436846784
438480824
440113844
441748904
443381924
445014944
446646944
448279964
449911964
451544984
453176984
454810004
456443024
458080124
459715184
461348204
462980204
464614244
466247264
467882324
469514324
471147344
472780364
474413384
476047424
477679424
479312444
480944444
482577464
484209464
485844524
487477544
489111584
490744604
492376604
494011664
495645704
497278724
498910724
500543744
502175744
503808764
505441784
507074804
508707824
510340844
511973864
513605864
515238884
516871904
518504924
520138964
521771984
523405004
525038024
526698584
528358124
530015624
531673124
533328584
534982004
536640524
538271504
539901464
541533464
543164444
544794404
546426404
548064524
549695504
551325464
552955424
554584364
556215344
557846324
559475264
561105224
562735184
564365144
565994084
567625064
569254004
570883964
572515964
574144904
575774864
577404824
579034784
580663724
582293684
583922624
585552584
587184584
588814544
590443484
592074464
593704424
595334384
596964344
598596344
600226304
601856264
603486224
605115164
606745124
608376104
610007084
611636024
613265984
614894924
616524884
618153824
619783784
621412724
623042684
624675704
626304644
627935624
629567624
631197584
632829584
634459544
636088484
637720484
639350444
640987544
642618524
644248484
645877424
647507384
649140404
650771384
652402364
654031304
655660244
657292244
658923224
660562364
662192324
663821264
665453264
667082204
668712164
670342124
671971064
673601024
675229964
676861964
678490904
680120864
681750824
683388944
685018904
686648864
688277804
689909804
691538744
693170744
694800704
696429644
698059604
699689564
701320544
702952544
704592704
706235924
707906684
709553984
711183944
712813904
714444884
716074844
717704804
719334764
720967784
722612024
724243004
725875004
727505984
729142064
730775084
732416264
734047244
735683324
737313284
738967724
740619104
742250084
743933084
745566104
747218504
748850504
750481484
752112464
753741404
755374424
757005404
758634344
760264304
761894264
763524224
765154184
766784144
768413084
770043044
771673004
773302964
774932924
776561864
778191824
779821784
781453784
783083744
784713704
786343664
787973624
789602564
791234564
792864524
794494484
796125464
797755424
799385384
801015344
802645304
804275264
805905224
807537224
809166164
810796124
812426084
814056044
815686004
817315964
818944904
820574864
822204824
823834784
825463724
827093684
828724664
830360744
831992744
833649224
835279184
836908124
838538084
840168044
841796984
843428984
845058944
846690944
848320904
849949844
851579804
853210784
854840744
856469684
858099644
859731644
861360584
862991564
864620504
866250464
867880424
869510384
871140344
872770304
874400264
876030224
877659164
879289124
880919084
882554144
884186144
885818144
887448104
889078064
890708024
892336964
893968964
895598924
897227864
898859864
900489824
902119784
903749744
905379704
907008644
908638604
910270604
911910764
913541744
915173744
916803704
918434684
920064644
921694604
923324564
924954524
926586524
928218524
929849504
931479464
933111464
934745504
936375464
938009504
939639464
941269424
942901424
944535464
946164404
947793344
949424324
951056324
952686284
954316244
955945184
957574124
959204084
960843224
962473184
964106204
965736164
967365104
968995064
970626044
972256004
973884944
975514904
977145884
978774824
980404784
982033724
983662664
985292624
986922584
988551524
990183524
991812464
993441404
995072384
996703364
998334344
999965324
1001595284
1003224224
1004854184
1006484144
1008113084
1009742024
1011371984
1013000924
1014630884
1016263904
1017893864
1019522804
1021152764
1022781704
1024411664
1026041624
1027670564
1029300524
1030929464
1032559424
1034188364
1035818324
1037447264
1039076204
1040705144
1042337144
1043967104
1045596044
1047227024
1048856984
1050486944
1052117924
1053746864
1055376824
1057006784
1058635724
1060264664
1061894624
1063523564
1065153524
1066783484
1068416504
1070046464
1071675404
1073304344
1074934304
1076564264
1078193204
1079823164
1081452104
1083082064
1084712024
1086340964
1087970924
1089600884
1091229824
1092859784
1094490764
1096145204
1097797604
1099443884
1101077924
1102709924
1104341924
1105971884
1107601844
1109229764
1110858704
1112489684
1114117604
1115746544
1117375484
1119004424
1120636424
1122265364
1123894304
1125522224
1127153204
1128783164
1130411084
1132040024
1133668964
1135297904
1136925824
1138558844
1140188804
1141816724
1143445664
1145073584
1146706604
1148336564
1149965504
1151593424
1153222364
1154850284
1156479224
1158108164
1159737104
1161366044
1162996004
1164624944
1166253884
1167882824
1169511764
1171140704
1172772704
1174400624
1176029564
1177657484
1179287444
1180915364
1182544304
1184172224
1185801164
1187430104
1189060064
1190690024
1192318964
1193947904
1195577864
1197206804
1198838804
1200468764
1202098724
1203735824
1205365784
1206994724
1208623664
1210254644
1211883584
1213514564
1215144524
1216773464
1218405464
1220035424
1221665384
1223294324
1224926324
1226558324
1228187264
1229821304
1231450244
1233080204
1234711184
1236340124
1237970084
1239600044
1241233064
1242865064
1244495024
1246123964
1247778404
1249420604
1251057704
1252686644
1254316604
1255946564
1257575504
1259207504
1260838484
1262467424
1264096364
1265727344
1267360364
1268989304
1270620284
1272249224
1273879184
1275510164
1277142164
1278771104
1280401064
1282031024
1283660984
1285289924
1286919884
1288548824
1290178784
1291808744
1293438704
1295067644
1296697604
1298326544
1299955484
1301585444
1303217444
1304847404
1306476344
1308104264
1309733204
1311362144
1312991084
1314620024
1316251004
1317878924
1319507864
1321135784
1322765744
1324394684
1326023624
1327651544
1329282524
1330911464
1332540404
1334169344
1335797264
1337426204
1339054124
1340683064
1342312004
1343944004
1345572944
1347201884
1348837964
1350466904
1352095844
1353724784
1355368004
1356997964
1358626904
1360256864
1361885804
1363515764
1365144704
1366777724
1368407684
1370036624
1371664544
1373294504
1374923444
1376552384
1378180304
1379809244
1381440224
1383069164
1384733804
1386363764
1387992704
1389621644
1391249564
1392881564
1394511524
1396140464
1397770424
1399399364
1401028304
1402656224
1404286184
1405915124
1407546104
1409175044
1410803984
1412431904
1414061864
1415690804
1417318724
1418948684
1420577624
1422206564
1423835504
1425466484
1427095424
1428724364
1430352284
1431981224
1433620364
1435249304
1436878244
1438507184
1440136124
1441767104
1443396044
1445026004
1446659024
1448287964
1449916904
1451545844
1453173764
1454803724
1456432664
1458062624
1459693604
1461322544
1462950464
1464579404
1466208344
1467837284
1469468264
1471097204
1472726144
1474355084
1475984024
1477612964
1479241904
1480870844
1482499784
1484128724
1485759704
1487388644
1489017584
1490646524
1492275464
1493904404
1495533344
1497162284
1498791224
1500419144
1502048084
1503677024
1505305964
1506934904
1508563844
1510192784
1511823764
1513451684
1515080624
1516709564
1518338504
1519969484
1521598424
1523227364
1524855284
1526485244
1528113164
1529742104
1531370024
1532998964
1534627904
1536256844
1537884764
1539513704
1541142644
1542771584
1544399504
1546029464
1547662484
1549290404
1550921384
1552549304
1554178244
1555807184
1557436124
1559068124
1560697064
1562328044
1563959024
1565587964
1567216904
1568845844
1570473764
1572104744
1573735724
1575363644
1576993604
1578622544
1580250464
1581879404
1583508344
1585136264
1586765204
1588394144
1590022064
1591651004
1593278924
1594907864
1596535784
1598165744
1599795704
1601424644
1603053584
1604681504
1606309424
1607939384
1609567304
1611196244
1612825184
1614453104
1616081024
1617709964
1619338904
1620966824
1622597804
1624225724
1625856704
1627485644
1629114584
1630742504
1632371444
1633999364
1635627284
1637256224
1638885164
1640514104
1642143044
1643770964
1645399904
1647027824
1648656764
1650288764
1651920764
1653549704
1655177624
1656805544
1658435504
1660066484
1661694404
1663323344
1664951264
1666580204
1668214244
1669843184
1671471104
1673102084
1674730004
1676358944
1677989924
1679619884
1681247804
1682876744
1684504664
1686133604
1687762544
1689391484
1691019404
1692648344
1694276264
1695913364
1697541284
1699170224
1700799164
1702428104
1704067244
1705695164
1707324104
1708952024
1710580964
1712219084
1713847004
1715475944
1717104884
1718735864
1720372964
1722001904
1723629824
1725259784
1726894844
1728532964
1730163944
1731791864
1733420804
1735054844
1736691944
1738320884
1739949824
1741577744
1743206684
1744851944
1746479864
1748107784
1749736724
1751365664
1753013984
1754642924
1756273904
1757902844
1759534844
1761172964
1762801904
1764429824
1766057744
1767686684
1769331944
1770960884
1772588804
1774221824
1775854844
1777491944
1779120884
1780749824
1782380804
1784014844
1785651944
1787280884
1788908804
1790537744
1792166684
1793811944
1795440884
1797069824
1798697744
1800326684
1801971944
1803600884
1805228804
1806863864
1808495864
1810133984
1811762924
1813390844
1815019784
1816654844
1818292964
1819920884
1821549824
1823178764
1824806684
1826453984
1828082924
1829710844
1831339784
1832974844
1834615004
1836243944
1837871864
1839500804
1841134844
1842772964
1844400884
1846029824
1847658764
1849286684
1850931944
1852560884
1854192884
1855821824
1857454844
1859092964
1860722924
1862352884
1863980804
1865614844
1867252964
1868880884
1870509824
1872137744
1873766684
1875411944
1877041904
1878670844
1880298764
1881934844
1883573984
1885201904
1886832884
1888461824
1890094844
1891731944
1893361904
1894989824
1896618764
1898254844
1899891944
1901520884
1903149824
1904778764
1906414844
1908051944
1909680884
1911309824
1912948964
1914577904
1916216024
1917843944
1919472884
1921101824
1922735864
1924372964
1926001904
1927629824
1929260804
1930894844
1932532964
1934161904
1935789824
1937418764
1939054844
1940691944
1942320884
1943949824
1945578764
1947206684
1948851944
1950480884
1952109824
1953737744
1955374844
1957016024
1958644964
1960274924
1961903864
1963534844
1965167864
1966796804
1968424724
1970053664
1971681584
1973326844
1974955784
1976584724
1978213664
1979843624
1981505204
1983135164
1984765124
1986396104
1988024024
1989652964
1991280884
1992909824
1994537744
1996167704
1997796644
1999424564
2001052484
2002680404
2004309344
2005938284
2007567224
2009195144
2010824084
2012454044
2014082984
2015711924
2017340864
2018968784
2020597724
2022226664
2023854584
2025483524
2027112464
2028740384
2030370344
2031999284
2033627204
2035256144
2036885084
2038516064
2040145004
2041772924
2043401864
2045030804
2046659744
2048305004
2049943124
2051577164
2053211204
2054839124
2056466024
2058095984
2059722884
2061348764
2062975664
2064604604
2066231504
2067858404
2069485304
2071114244
2072740124
2074367024
2075993924
2077620824
2079247724
2080874624
2082502544
2084129444
2085757364
2087385284
2089012184
2090641124
2092267004
2093893904
2095519784
2097146684
2098773584
2100399464
2102026364
2103654284
2105281184
2106909104
2108534984
2110160864
2111788784
2113414664
2115040544
2116669484
2118297404
2119923284
2121549164
2123175044
2124800924
2126427824
2128056764
2129683664
2131310564
2132939504
2134566404
2136194324
2137821224
2139450164
2141076044
2142704984
2144333924
2145960824
2147586704
2149214624
2150841524
2152467404
2154093284
2155719164
2157345044
2158972964
2160602924
2162229824
2163855704
2165482604
2167108484
2168739464
2170366364
2171992244
2173618124
2175245024
2176870904
2178497804
2180123684
2181750584
2183379524
2185005404
2186632304
2188258184
2189906504
2191533404
2193162344
2194788224
2196415124
2198041004
2199668924
2201295824
2202921704
2204548604
2206174484
2207803424
2209430324
2211057224
2212684124
2214310004
2215936904
2217563804
2219192744
2220819644
2222446544
2224073444
2225700344
2227326224
2228953124
2230581044
2232207944
2233833824
2235461744
2237088644
2238715544
2240342444
2241969344
2243595224
2245224164
2246851064
2248477964
2250104864
2251731764
2253357644
2254984544
2256610424
2258237324
2259864224
2261491124
2263121084
2264749004
2266374884
2268019124
2269647044
2271278024
2272905944
2274533864
2276169944
2277796844
2279423744
2281050644
2282676524
2284305464
2285933384
2287564364
2289191264
2290818164
2292447104
2294074004
2295700904
2297328824
2298955724
2300582624
2302209524
2303836424
2305463324
2307091244
2308717124
2310344024
2311971944
2313598844
2315225744
2316851624
2318478524
2320104404
2321731304
2323360244
2324987144
2326614044
2328239924
2329865804
2331493724
2333119604
2334746504
2336372384
2338000304
2339627204
2341254104
2342882024
2344507904
2346134804
2347761704
2349390644
2351017544
2352646484
2354273384
2355900284
2357526164
2359153064
2360778944
2362406864
2364032744
2365663724
2367290624
2368916504
2370543404
2372170304
2373797204
2375426144
2377052024
2378678924
2380305824
2381931704
2383559624
2385185504
2386812404
2388440324
2390067224
2391694124
2393321024
2394947924
2396574824
2398200704
2399827604
2401456544
2403083444
2404711364
2406339284
2407965164
2409592064
2411217944
2412845864
2414472764
2416099664
2417725544
2419352444
2420980364
2422607264
2424234164
2425861064
2427490004
2429116904
2430743804
2432370704
2433997604
2435624504
2437251404
2438880344
2440507244
2442133124
2443760024
2445387944
2447013824
2448639704
2450265584
2451892484
2453534684
2455161584
2456788484
2458414364
2460042284
2461668164
2463294044
2464920944
2466546824
2468178824
2469805724
2471431604
2473057484
2474685404
2476312304
2477939204
2479568144
2481194024
2482820924
2484447824
2486073704
2487700604
2489328524
2490957464
2492584364
2494212284
2495839184
2497470164
2499097064
2500723964
2502349844
2503975724
2505604664
2507249924
2508875804
2510502704
2512128584
2513754464
2515380344
2517006224
2518632104
2520257984
2521882844
2523508724
2525134604
2526761504
2528387384
2530016324
2531642204
2533268084
2534893964
2536520864
2538146744
2539772624
2541400544
2543026424
2544651284
2546278184
2547904064
2549529944
2551154804
2552780684
2554406564
2556035504
2557663424
2559288284
2560914164
2562540044
2564165924
2565791804
2567418704
2569043564
2570672504
2572298384
2573924264
2575550144
2577177044
2578802924
2580428804
2582056724
2583683624
2585309504
2586935384
2588561264
2590187144
2591815064
2593439924
2595065804
2596692704
2598317564
2599943444
2601569324
2603197244
2604823124
2606449004
2608077944
2609702804
2611328684
2612954564
2614580444
2616205304
2617834244
2619460124
2621086004
2622711884
2624337764
2625962624
2627590544
2629216424
2630842304
2632468184
2634095084
2635721984
2637347864
2638973744
2640599624
2642224484
2643852404
2645478284
2647103144
2648730044
2650355924
2651980784
2653606664
2655231524
2656857404
2658483284
2660111204
2661737084
2663361944
2664987824
2666613704
2668240604
2669867504
2671496444
2673121304
2674747184
2676373064
2677998944
2679624824
2681250704
2682876584
2684502464
2686130384
2687755244
2689382144
2691008024
2692633904
2694260804
2695890764
2697517664
2699146604
2700776564
2702402444
2704028324
2705654204
2707279064
2708905964
2710531844
2712159764
2713785644
2715411524
2717037404
2718662264
2720289164
2721915044
2723539904
2725165784
2726791664
2728417544
2730045464
2731671344
2733297224
2734923104
2736548984
2738176904
2739803804
2741428664
2743054544
2744680424
2746307324
2747933204
2749559084
2751184964
2752810844
2754436724
2756061584
2757687464
2759313344
2760940244
2762566124
2764194044
2765819924
2767445804
2769070664
2770697564
2772323444
2773952384
2775578264
2777204144
2778830024
2780455904
2782081784
2783707664
2785333544
2786959424
2788585304
2790218324
2791845224
2793470084
2795095964
2796723884
2798349764
2799978704
2801604584
2803230464
2804856344
2806482224
2808108104
2809732964
2811359864
2812985744
2814610604
2816238524
2817864404
2819490284
2821117184
2822743064
2824368944
2825994824
2827619684
2829245564
2830871444
2832497324
2834123204
2835749084
2837374964
2838999824
2840625704
2842254644
2843880524
2845506404
2847134324
2848760204
2850388124
2852014004
2853639884
2855265764
2856891644
2858516504
2860142384
2861769284
2863395164
2865021044
2866646924
2868273824
2869899704
2871525584
2873152484
2874778364
2876406284
2878033184
2879659064
2881284944
2882910824
2884544864
2886170744
2887796624
2889422504
2891048384
2892674264
2894304224
2895930104
2897554964
2899181864
2900808764
2902434644
2904060524
2905686404
2907312284
2908938164
2910566084
2912190944
2913817844
2915443724
2917069604
2918695484
2920323404
2921949284
2923575164
2925201044
2926826924
2928452804
2930078684
2931704564
2933331464
2935642784
2937273764
2938901684
2940526544
2942152424
2943778304
2945404184
2947033124
2948660024
2950289984
2951917904
2953543784
2955170684
2956796564
2958422444
2960048324
2961674204
2963302124
2964931064
2966555924
2968182824
2969808704
2971434584
2973063524
2974689404
2976317324
2977946264
2979574184
2981201084
2982827984
2984454884
2986080764
2987707664
2989333544
2990960444
2992587344
2994216284
2995842164
2997469064
2999098004
3000726944
3002352824
3003978704
3005606624
3007233524
3008859404
3010485284
3012111164
3013737044
3015361904
3016988804
3018614684
3020240564
3021865424
3023491304
3025119224
3026746124
3028372004
3030018284
3031644164
3033270044
3034895924
3036521804
3038147684
3039774584
3041400464
3043026344
3044653244
3046279124
3047905004
3049531904
3051159824
3052787744
3054413624
3056039504
3057666404
3059291264
3060917144
3062545064
3064172984
3065799884
3067424744
3069050624
3070677524
3072306464
3073933364
3075558224
3077188184
3078815084
3080445044
3082081124
3083707004
3085332884
3086960804
3088594844
3090228884
3091854764
3093481664
3095107544
3096735464
3098370524
3099996404
3101623304
3103254284
3104880164
3106507064
3108133964
3109759844
3111386744
3113012624
3114637484
3116263364
3117889244
3119515124
3121141004
3122767904
3124393784
3126018644
3127645544
3129273464
3130901384
3132527264
3134153144
3135778004
3137404904
3139030784
3140655644
3142281524
3143907404
3145533284
3147158144
3148785044
3150410924
3152036804
3153664724
3155292644
3156918524
3158545424
3160171304
3161797184
3163423064
3165047924
3166673804
3168300704
3169926584
3171551444
3173177324
3174803204
3176429084
3178054964
3179680844
3181308764
3182937704
3184563584
3186189464
3187815344
3189442244
3191070164
3192696044
3194321924
3195947804
3197573684
3199199564
3200825444
3202451324
3204077204
3205704104
3207332024
3208958924
3210584804
3212209664
3213835544
3215461424
3217087304
3218713184
3220339064
3221964944
3223590824
3225215684
3226841564
3228467444
3230093324
3231719204
3233347124
3234973004
3236598884
3238224764
3239851664
3241477544
3243104444
3244730324
3246356204
3247981064
3249607964
3251232824
3252858704
3254484584
3256112504
3257738384
3259367324
3260993204
3262619084
3264244964
