-23219
1834781
9308781
11040781
12697781
14352781
16008781
17725781
19508781
21330781
22977781
24614781
26249781
27894781
29530781
31164781
32798781
34432781
36066781
37701781
39335781
40968781
42602781
44236781
45871781
47505781
49140781
50774781
52408781
54042781
55676781
57310781
58943781
60578781
62212781
63847781
65481781
67115781
68749781
70383781
72017781
73651781
75288781
76922781
78556781
80191781
81825781
83458781
85092781
86726781
88360781
89994781
91628781
93262781
94897781
96533781
98167781
99801781
101435781
103071781
104705781
106340781
107974781
109608781
111242781
112876781
114510781
116144781
117778781
119412781
121045781
122679781
124313781
125948781
127582781
129218781
130853781
132486781
134120781
135754781
137388781
139022781
140655781
142289781
143923781
145557781
147191781
148825781
150459781
152093781
153726781
155362781
156996781
158630781
160265781
161898781
163534781
165168781
166802781
168436781
170070781
171704781
173338781
174973781
176607781
178241781
179875781
181511781
183145781
184779781
186414781
188047781
189681781
191315781
192949781
194583781
196218781
197852781
199486781
201120781
202754781
204388781
206022781
207658781
209292781
210926781
212560781
214194781
215829781
217463781
219097781
220731781
222365781
223999781
225634781
227269781
228904781
230540781
232174781
233810781
235444781
237079781
238713781
240347781
241981781
243615781
245250781
246885781
248521781
250155781
251789781
253423781
255057781
256692781
258328781
259964781
261599781
263232781
264867781
266501781
268135781
269781781
271418781
273055781
274691781
276328781
277963781
279598781
281233781
282868781
284503781
286140781
287775781
289409781
291044781
292682781
294319781
295955781
297591781
299227781
300861781
302496781
304131781
305767781
307402781
309037781
310672781
312309781
313944781
315579781
317214781
318849781
320484781
322118781
323753781
325389781
327024781
328659781
330295781
331930781
333564781
335200781
336835781
338472781
340107781
341742781
343377781
345012781
346647781
348282781
349917781
351552781
353187781
354822781
356458781
358093781
359736781
361371781
363007781
364645781
366281781
367916781
369551781
371186781
372821781
374456781
376091781
377727781
379362781
380997781
382632781
384268781
385903781
387540781
389175781
390811781
392446781
394081781
395716781
397352781
398987781
400622781
402257781
403892781
405530781
407165781
408800781
410435781
412070781
413705781
415340781
416977781
418612781
420246781
421881781
423519781
425155781
426790781
428425781
430060781
431695781
433330781
434965781
436600781
438235781
439870781
441505781
443142781
444777781
446412781
448047781
449682781
451317781
452952781
454588781
456223781
457866781
459506781
461141781
462776781
464411781
466047781
467682781
469319781
470954781
472589781
474225781
475861781
477496781
479132781
480767781
482402781
484037781
485676781
487313781
488950781
490585781
492220781
493856781
495493781
497128781
498764781
500399781
502034781
503669781
505304781
506939781
508574781
510209781
511844781
513480781
515115781
516750781
518385781
520020781
521657781
523292781
524928781
526563781
528223781
529878781
531538781
533190781
534876781
536563781
538219781
539852781
541484781
543115781
544748781
546381781
548016781
549648781
551280781
552912781
554549781
556181781
557814781
559446781
561078781
562710781
564342781
565975781
567607781
569239781
570871781
572503781
574137781
575777781
577411781
579043781
580676781
582308781
583940781
585573781
587205781
588837781
590469781
592101781
593733781
595366781
596998781
598630781
600265781
601917781
603553781
605188781
606822781
608466781
610099781
611733781
613365781
614997781
616630781
618263781
619895781
621530781
623162781
624794781
626429781
628062781
629694781
631330781
632962781
634643781
636279781
637912781
639547781
641179781
642815781
644447781
646079781
647712781
649344781
650976781
652610781
654242781
655875781
657507781
659139781
660771781
662404781
664036781
665668781
667301781
668933781
670565781
672197781
673829781
675462781
677095781
678730781
680363781
681995781
683627781
685268781
686901781
688535781
690167781
691800781
693432781
695065781
696697781
698329781
699961781
701593781
703225781
704859781
706492781
708124781
709756781
711388781
713020781
714653781
716285781
717917781
719549781
721181781
722814781
724450781
726083781
727716781
729349781
730983781
732701781
734420781
736140781
737882781
739568781
741256781
742977781
744652781
746286781
747919781
749551781
751183781
752816781
754448781
756081781
757715781
759347781
760979781
762611781
764243781
765875781
767508781
769140781
770772781
772404781
774036781
775669781
777301781
778934781
780567781
782199781
783834781
785467781
787099781
788731781
790363781
791995781
793627781
795260781
796892781
798526781
800158781
801790781
803423781
805055781
806687781
808328781
809962781
811595781
813227781
814859781
816491781
818123781
819756781
821388781
823020781
824652781
826285781
827917781
829550781
831182781
832814781
834446781
836080781
837712781
839344781
840976781
842608781
844240781
845875781
847514781
849147781
850779781
852410781
854043781
855678781
857312781
858950781
860585781
862219781
863851781
865484781
867116781
868748781
870381781
872013781
873647781
875279781
876913781
878547781
880179781
881810781
883443781
885075781
886707781
888341781
889974781
891605781
893236781
894869781
896500781
898133781
899765781
901398781
903030781
904662781
906294781
907926781
909558781
911190781
912821781
914457781
916089781
917721781
919352781
920984781
922616781
924249781
925883781
927518781
929150781
930783781
932415781
934046781
935678781
937310781
939010781
940645781
942277781
943908781
945543781
947174781
948806781
950438781
952069781
953701781
955333781
956965781
958597781
960229781
961862781
963508781
965140781
966772781
968404781
970035781
971666781
973297781
974929781
976563781
978195781
979827781
981458781
983090781
984722781
986354781
987987781
989619781
991251781
992883781
994514781
996147781
997778781
999410781
1001042781
1002674781
1004305781
1005937781
1007568781
1009199781
1010831781
1012462781
1014100781
1015748781
1017381781
1019014781
1020649781
1022284781
1023917781
1025551781
1027185781
1028819781
1030454781
1032087781
1033723781
1035359781
1036994781
1038629781
1040268781
1041902781
1043537781
1045172781
1046805781
1048438781
1050072781
1051705781
1053338781
1054972781
1056605781
1058239781
1059872781
1061505781
1063139781
1064780781
1066417781
1068052781
1069686781
1071328781
1072964781
1074602781
1076243781
1077880781
1079519781
1081158781
1082796781
1084433781
1086071781
1087712781
1089349781
1090983781
1092618781
1094254781
1096167781
1097977781
1099730781
1101478781
1103225781
1104983781
1106643781
1108287781
1109930781
1111632781
1113334781
1115051781
1116749781
1118409781
1120065781
1121727781
1123387781
1125043781
1126702781
1128339781
1129973781
1131606781
1133239781
1134871781
1136502781
1138133781
1139764781
1141395781
1143027781
1144658781
1146291781
1147922781
1149553781
1151185781
1152815781
1154446781
1156078781
1157709781
1159340781
1160971781
1162602781
1164233781
1165865781
1167496781
1169127781
1170758781
1172391781
1174023781
1175654781
1177286781
1178917781
1180549781
1182180781
1183811781
1185442781
1187073781
1188705781
1190335781
1191966781
1193598781
1195229781
1196860781
1198493781
1200124781
1201755781
1203387781
1205018781
1206649781
1208280781
1209911781
1211543781
1213174781
1214806781
1216437781
1218067781
1219699781
1221330781
1222961781
1224595781
1226227781
1227858781
1229489781
1231125781
1232757781
1234388781
1236019781
1237650781
1239282781
1240913781
1242546781
1244177781
1245809781
1247440781
1249071781
1250703781
1252334781
1253965781
1255597781
1257228781
1258867781
1260498781
1262129781
1263760781
1265391781
1267022781
1268653781
1270286781
1271919781
1273550781
1275182781
1276815781
1278446781
1280087781
1281718781
1283349781
1284981781
1286613781
1288244781
1289875781
1291506781
1293139781
1294770781
1296401781
1298033781
1299664781
1301295781
1302963781
1304602781
1306233781
1307864781
1309496781
1311127781
1312758781
1314389781
1316020781
1317651781
1319282781
1320913781
1322545781
1324176781
1325808781
1327439781
1329074781
1330705781
1332336781
1333967781
1335599781
1337231781
1338868781
1340508781
1342182781
1343836781
1345468781
1347099781
1348731781
1350363781
1351995781
1353635781
1355269781
1356901781
1358536781
1360180781
1361814781
1363446781
1365081781
1366724781
1368356781
1369989781
1371643781
1373278781
1374922781
1376556781
1378241781
1379887781
1381523781
1383185781
1384818781
1386482781
1388115781
1389748781
1391381781
1393013781
1394646781
1396278781
1397911781
1399545781
1401178781
1402810781
1404443781
1406077781
1407710781
1409341781
1410972781
1412603781
1414234781
1415866781
1417497781
1419128781
1420760781
1422391781
1424023781
1425655781
1427287781
1428919781
1430551781
1432185781
1433825781
1435457781
1437088781
1438723781
1440354781
1441986781
1443618781
1445250781
1446882781
1448514781
1450145781
1451777781
1453408781
1455040781
1456671781
1458305781
1459936781
1461567781
1463198781
1464830781
1466462781
1468102781
1469743781
1471392781
1473024781
1474657781
1476290781
1477922781
1479555781
1481186781
1482817781
1484450781
1486082781
1487714781
1489345781
1490976781
1492608781
1494239781
1495871781
1497503781
1499134781
1500766781
1502397781
1504029781
1505660781
1507292781
1508923781
1510556781
1512188781
1513819781
1515451781
1517083781
1518715781
1520347781
1521978781
1523610781
1525247781
1526880781
1528512781
1530144781
1531775781
1533407781
1535038781
1536670781
1538301781
1539932781
1541563781
1543195781
1544826781
1546458781
1548089781
1549720781
1551351781
1552983781
1554614781
1556246781
1557877781
1559508781
1561143781
1562774781
1564406781
1566037781
1567669781
1569300781
1570931781
1572564781
1574195781
1575826781
1577458781
1579090781
1580722781
1582355781
1583986781
1585618781
1587250781
1588881781
1590512781
1592143781
1593774781
1595406781
1597037781
1598670781
1600301781
1601934781
1603567781
1605199781
1606831781
1608463781
1610094781
1611725781
1613356781
1614988781
1616619781
1618251781
1619906781
1621540781
1623173781
1624804781
1626435781
1628067781
1629698781
1631329781
1632960781
1634591781
1636223781
1637854781
1639485781
1641116781
1642747781
1644378781
1646010781
1647641781
1649273781
1650904781
1652537781
1654168781
1655799781
1657431781
1659062781
1660693781
1662324781
1663955781
1665587781
1667218781
1668849781
1670480781
1672111781
1673742781
1675377781
1677009781
1678640781
1680272781
1681903781
1683536781
1685167781
1686799781
1688430781
1690061781
1691692781
1693323781
1694955781
1696586781
1698217781
1699848781
1701481781
1703112781
1704744781
1706375781
1708006781
1709637781
1711269781
1712900781
1714538781
1716169781
1717800781
1719431781
1721062781
1722693781
1724324781
1725956781
1727589781
1729220781
1730852781
1732483781
1734114781
1735745781
1737378781
1739009781
1740640781
1742271781
1743903781
1745537781
1747169781
1748800781
1750432781
1752063781
1753696781
1755328781
1756959781
1758590781
1760221781
1761852781
1763483781
1765114781
1766746781
1768377781
1770008781
1771639781
1773271781
1774902781
1776535781
1778170781
1779804781
1781435781
1783066781
1784698781
1786329781
1787960781
1789591781
1791224781
1792855781
1794487781
1796118781
1797750781
1799381781
1801012781
1802643781
1804274781
1805907781
1807540781
1809171781
1810802781
1812439781
1814071781
1815702781
1817333781
1818965781
1820596781
1822227781
1823858781
1825489781
1827121781
1828752781
1830384781
1832017781
1833648781
1835279781
1836910781
1838543781
1840174781
1841805781
1843436781
1845068781
1846699781
1848330781
1849961781
1851592781
1853223781
1854854781
1856486781
1858118781
1859749781
1861380781
1863011781
1864643781
1866274781
1867905781
1869538781
1871169781
1872800781
1874431781
1876062781
1877694781
1879325781
1880957781
1882588781
1884221781
1885852781
1887483781
1889115781
1890746781
1892377781
1894008781
1895639781
1897271781
1898902781
1900536781
1902167781
1903799781
1905430781
1907062781
1908693781
1910328781
1911958781
1913589781
1915220781
1916852781
1918483781
1920114781
1921745781
1923376781
1925008781
1926639781
1928272781
1929903781
1931537781
1933168781
1934800781
1936433781
1938064781
1939695781
1941326781
1942957781
1944588781
1946219781
1947850781
1949481781
1951112781
1952744781
1954375781
1956006781
1957638781
1959269781
1960901781
1962536781
1964167781
1965798781
1967429781
1969060781
1970691781
1972322781
1973953781
1975585781
1977216781
1978847781
1980478781
1982110781
1983740781
1985372781
1987036781
1988686781
1990324781
1991957781
1993588781
1995220781
1996851781
1998482781
2000113781
2001744781
2003376781
2005007781
2006639781
2008271781
2009904781
2011537781
2013168781
2014800781
2016431781
2018062781
2019693781
2021325781
2022956781
2024587781
2026220781
2027852781
2029484781
2031116781
2032747781
2034378781
2036012781
2037643781
2039274781
2040905781
2042539781
2044171781
2045802781
2047433781
2049064781
2050695781
2052326781
2053975781
2055632781
2057271781
2058909781
2060541781
2062172781
2063802781
2065432781
2067062781
2068691781
2070321781
2071950781
2073579781
2075209781
2076839781
2078469781
2080099781
2081728781
2083358781
2084988781
2086618781
2088249781
2089879781
2091509781
2093139781
2094769781
2096399781
2098029781
2099658781
2101288781
2102919781
2104549781
2106179781
2107808781
2109438781
2111068781
2112697781
2114328781
2115958781
2117588781
2119217781
2120847781
2122477781
2124106781
2125737781
2127368781
2128997781
2130627781
2132258781
2133887781
2135520781
2137149781
2138779781
2140410781
2142040781
2143669781
2145299781
2146928781
2148558781
2150187781
2151817781
2153446781
2155076781
2156705781
2158335781
2159964781
2161593781
2163223781
2164853781
2166484781
2168114781
2169743781
2171372781
2173002781
2174631781
2176262781
2177892781
2179524781
2181153781
2182783781
2184412781
2186042781
2187672781
2189301781
2190930781
2192562781
2194191781
2195845781
2197480781
2199107781
2200733781
2202360781
2203987781
2205613781
2207239781
2208865781
2210490781
2212117781
2213743781
2215370781
2216999781
2218625781
2220251781
2221877781
2223503781
2225130781
2226756781
2228384781
2230010781
2231638781
2233264781
2234891781
2236519781
2238146781
2239773781
2241400781
2243028781
2244656781
2246283781
2247908781
2249536781
2251162781
2252788781
2254414781
2256041781
2257667781
2259293781
2260919781
2262546781
2264172781
2265799781
2267425781
2269053781
2270679781
2272308781
2273934781
2275561781
2277188781
2278815781
2280441781
2282071781
2283697781
2285324781
2286951781
2288578781
2290204781
2291834781
2293461781
2295091781
2296718781
2298343781
2299969781
2301596781
2303224781
2304854781
2306482781
2308109781
2309735781
2311361781
2312987781
2314614781
2316240781
2317866781
2319492781
2321121781
2322747781
2324372781
2326000781
2327628781
2329254781
2330880781
2332508781
2334134781
2335761781
2337387781
2339014781
2340639781
2342265781
2343891781
2345521781
2347149781
2348775781
2350401781
2352026781
2353652781
2355279781
2356905781
2358533781
2360159781
2361784781
2363410781
2365037781
2366663781
2368289781
2369916781
2371542781
2373170781
2374796781
2376423781
2378050781
2379676781
2381304781
2382930781
2384557781
2386183781
2387809781
2389435781
2391061781
2392687781
2394313781
2395940781
2397566781
2399195781
2400821781
2402447781
2404073781
2405700781
2407326781
2408952781
2410578781
2412204781
2413830781
2415456781
2417082781
2418708781
2420334781
2421960781
2423586781
2425215781
2426841781
2428468781
2430094781
2431722781
2433348781
2434975781
2436601781
2438227781
2439852781
2441478781
2443104781
2444731781
2446357781
2447983781
2449609781
2451237781
2452863781
2454489781
2456116781
2457742781
2459376781
2461003781
2462628781
2464254781
2465880781
2467507781
2469133781
2470759781
2472385781
2474011781
2475638781
2477266781
2478894781
2480522781
2482150781
2483776781
2485403781
2487029781
2488655781
2490281781
2491907781
2493534781
2495161781
2496787781
2498413781
2500039781
2501665781
2503318781
2504965781
2506611781
2508247781
2509874781
2511500781
2513145781
2514772781
2516397781
2518023781
2519648781
2521274781
2522899781
2524530781
2526155781
2527784781
2529410781
2531035781
2532661781
2534286781
2535912781
2537539781
2539164781
2540790781
2542415781
2544040781
2545666781
2547291781
2548916781
2550541781
2552166781
2553794781
2555420781
2557045781
2558670781
2560294781
2561919781
2563544781
2565170781
2566795781
2568420781
2570046781
2571672781
2573297781
2574922781
2576548781
2578174781
2579802781
2581429781
2583054781
2584680781
2586305781
2587930781
2589555781
2591180781
2592806781
2594441781
2596069781
2597695781
2599320781
2600945781
2602572781
2604201781
2605832781
2607461781
2609092781
2610717781
2612343781
2613968781
2615593781
2617218781
2618843781
2620468781
2622093781
2623718781
2625344781
2626969781
2628596781
2630220781
2631849781
2633475781
2635100781
2636726781
2638350781
2639975781
2641600781
2643225781
2644850781
2646475781
2648100781
2649725781
2651350781
2652975781
2654601781
2656226781
2657853781
2659478781
2661103781
2662728781
2664352781
2665978781
2667603781
2669228781
2670853781
2672478781
2674103781
2675729781
2677353781
2678980781
2680605781
2682232781
2683861781
2685487781
2687112781
2688737781
2690361781
2691986781
2693611781
2695236781
2696861781
2698486781
2700111781
2701740781
2703366781
2704994781
2706623781
2708249781
2709876781
2711502781
2713126781
2714752781
2716377781
2718002781
2719627781
2721252781
2722877781
2724502781
2726128781
2727753781
2729380781
2731005781
2732631781
2734256781
2735884781
2737509781
2739135781
2740759781
2742384781
2744009781
2745635781
2747260781
2748885781
2750510781
2752134781
2753759781
2755385781
2757010781
2758635781
2760260781
2761888781
2763513781
2765139781
2766764781
2768389781
2770014781
2771639781
2773264781
2774891781
2776518781
2778145781
2779771781
2781396781
2783022781
2784648781
2786273781
2787901781
2789528781
2791153781
2792778781
2794402781
2796028781
2797653781
2799278781
2800903781
2802530781
2804159781
2805784781
2807409781
2809034781
2810659781
2812284781
2813911781
2815539781
2817164781
2818789781
2820413781
2822038781
2823663781
2825289781
2826914781
2828542781
2830167781
2831794781
2833419781
2835045781
2836670781
2838295781
2839922781
2841548781
2843173781
2844798781
2846423781
2848048781
2849673781
2851298781
2852923781
2854549781
2856174781
2857799781
2859424781
2861049781
2862674781
2864299781
2865927781
2867552781
2869177781
2870802781
2872427781
2874052781
2875678781
2877303781
2878930781
2880555781
2882182781
2883807781
2885432781
2887057781
2888683781
2890308781
2891936781
2893561781
2895187781
2896812781
2898437781
2900062781
2901687781
2903312781
2904938781
2906563781
2908188781
2909813781
2911438781
2913063781
2914689781
2916314781
2917941781
2919566781
2921191781
2922816781
2924441781
2926066781
2927692781
2929318781
2930943781
2932570781
2934195781
2935821781
2937446781
2939071781
2940696781
2942321781
2943948781
2945573781
2947199781
2948827781
2950454781
2952082781
2953707781
2955333781
2956960781
2958585781
2960210781
2961836781
2963460781
2965086781
2966712781
2968337781
2969964781
2971589781
2973214781
2974840781
2976465781
2978091781
2979721781
2981346781
2982973781
2984599781
2986225781
2987850781
2989480781
2991109781
2992738781
2994366781
2995998781
2997627781
2999256781
3000885781
3002514781
3004143781
3005772781
3007401781
3009030781
3010659781
3012288781
3013916781
3015545781
3017173781
3018801781
3020430781
3022058781
3023683781
3025309781
3026935781
3028562781
3030187781
3031816781
3033444781
3035089781
3036717781
3038345781
3039974781
3041602781
3043231781
3044860781
3046489781
3048120781
3049749781
3051377781
3053006781
3054635781
3056264781
3057893781
3059523781
3061152781
3062781781
3064406781
3066031781
3067656781
3069281781
3070906781
3072532781
3074159781
3075785781
3077411781
3079037781
3080663781
3082289781
3083915781
3085542781
3087167781
3088792781
3090417781
3092042781
3093667781
3095292781
3096918781
3098543781
3100170781
3101795781
3103420781
3105046781
3106672781
3108297781
3109922781
3111547781
3113172781
3114798781
3116423781
3118048781
3119673781
3121298781
3122923781
3124549781
3126177781
3127802781
3129429781
3131054781
3132681781
3134306781
3135931781
3137557781
3139182781
3140807781
3142432781
3144057781
3145682781
3147307781
3148932781
3150557781
3152185781
3153810781
3155435781
3157061781
3158686781
3160311781
3161936781
3163561781
3165186781
3166812781
3168436781
3170061781
3171686781
3173311781
3174937781
3176562781
3178189781
3179816781
3181441781
3183068781
3184694781
3186319781
3187944781
3189569781
3191194781
3192819781
3194444781
3196069781
3197695781
3199319781
3200945781
3202570781
3204197781
3205823781
3207449781
3209074781
3210699781
3212323781
3213948781
3215574781
3217199781
3218824781
3220450781
3222074781
3223699781
3225325781
3226950781
3228577781
3230204781
3231830781
3233456781
3235082781
3236707781
3238332781
3239957781
3241583781
3243209781
3244835781
3246460781
3248085781
3249710781
3251335781
3252960781
3254591781
3256221781
3257849781
3259475781
3261100781
3262735781
3264361781
3265987781
3267612781
3269237781
