-10750
6295190
8032530
9695670
11359870
13018770
14694630
17354170
18999290
20641230
22299070
23935710
25612630
27282130
28921950
30558590
32194170
33829750
35468510
37105150
40251230
42001290
43644290
45281990
46918630
48555270
50194030
51830670
53467310
55102890
56738470
58374050
60010690
61689730
63328490
64965130
66602830
68243710
69880350
71528650
73215110
74861290
76502170
78166370
79871910
81547770
83258610
84958850
86601850
88239550
89875130
91550990
93187630
94824270
96461970
98099670
99747970
101383550
103020190
104660010
106299830
107938590
109575230
111210810
112849570
114486210
116121790
117761610
119397190
121032770
122668350
124304990
125943750
127580390
129217030
130854730
132491370
134126950
135762530
137400230
139036870
140676690
142314390
143974350
145613110
147250810
148889570
150528330
152167090
153807970
155443550
157081250
158718950
160356650
161992230
163628870
165264450
166902150
168539850
170175430
171818430
173454010
175090650
176726230
178361810
179999510
181635090
183274910
184911550
186548190
188183770
189819350
191455990
193091570
194727150
196363790
198027990
199663570
201300210
202935790
204574550
206210130
207846770
209486590
211124290
212759870
214398630
216034210
217669790
219306430
220942010
222578650
224214230
225850870
227486450
229122030
230757610
232396370
234035130
235674950
237311590
238950350
240588050
242223630
243859210
245495850
247132490
248768070
250403650
252039230
253675870
255313570
256949150
258585790
260222430
261860130
263496770
265132350
266770050
268407750
270044390
271679970
273316610
274954310
276592010
278228650
279865290
281501930
283142810
284780510
286419270
288059090
289695730
291332370
292970070
294606710
296242290
297878930
299516630
301156450
302795210
304430790
306074850
307710430
309349190
310986890
312623530
314261230
315897870
317533450
319172210
320807790
322444430
324080010
325715590
327352230
328987810
330623390
332264270
333900910
335536490
337175250
338814010
340453830
342090470
343726050
345361630
346998270
348639150
350276850
351913490
353550130
355185710
356822350
358460050
360095630
361732270
363368910
365004490
366643250
368279890
369915470
371552110
373187690
374824330
376460970
378096550
379732130
381368770
383004350
384640990
386276570
387913210
389548790
391185430
392823130
394459770
396095350
397730930
399368630
401005270
402645090
404282790
405921550
407560310
409196950
410833590
412469170
414104750
415743510
417381210
419019970
420655550
422292190
423928830
425567590
427204230
428839810
430477510
432114150
433750790
435387430
437024070
438661770
440298410
441933990
443572750
445214690
446850270
448498570
450134150
451770790
453406370
455043010
456678590
458315230
459956110
461594870
463231510
464869210
466506910
468146730
469783370
471421070
473057710
474694350
476329930
477966570
479603210
481238790
482875430
484514190
486150830
487786410
489423050
491059690
492695270
494331910
495967490
497606250
499241830
500878470
502515110
504159170
505794750
507430330
509066970
510702550
512339190
513975830
515611410
517248050
518883630
520520270
522156910
523794610
525431250
527067890
528704530
530371910
532030810
533691830
535351790
537019170
538660050
540300930
541934390
543567850
545201310
546834770
548470350
550111230
551759530
553397230
555031750
556673690
558309270
559942730
561576190
563210710
564845230
566478690
568112150
569745610
571380130
573013590
574664010
576299590
577937290
579570750
581204210
582837670
584470070
586103530
587736990
589370450
591003910
592639490
594271890
595905350
597538810
599172270
600804670
602440250
604073710
605707170
607341690
608975150
610608610
612248430
613891430
615524890
617160470
618794990
620429510
622064030
623697490
625330950
626964410
628599990
630233450
631877510
633514150
635146550
636780010
638413470
640046930
641680390
643312790
644952610
646586070
648219530
649852990
651486450
653127330
654762910
656399550
658033010
659667530
661300990
662934450
664578510
666210910
667844370
669478890
671113410
672745810
674379270
676012730
677646190
679280710
680916290
682549750
684183210
685816670
687453310
689086770
690720230
692354750
693987150
695621670
697255130
698887530
700520990
702154450
703788970
705422430
707059070
708692530
710342950
711976410
713609870
715243330
716876790
718510250
720143710
721777170
723410630
725044090
726677550
728313130
729946590
731580050
733215630
734849090
736489970
738123430
739756890
741407310
743046070
744678470
746307690
747937970
749567190
751196410
752825630
754455910
756086190
757715410
759347810
760977030
762612610
764242890
765874230
767504510
769133730
770764010
772393230
774023510
775653790
777284070
778918590
780548870
782179150
783808370
785440770
787071050
788700270
790331610
791961890
793592170
795221390
796851670
798483010
800113290
801743570
803372790
805003070
806633350
808263630
809893910
811526310
813155530
814784750
816413970
818046370
819676650
821305870
822936150
824565370
826195650
827824870
829455150
831084370
832717830
834352350
835983690
837616090
839246370
840877710
842506930
844137210
845767490
847397770
849028050
850658330
852288610
853918890
855548110
857178390
858808670
860438950
862069230
863701630
865330850
866961130
868591410
870225930
871857270
873486490
875116770
876747050
878377330
880006550
881635770
883266050
884895270
886524490
888153710
889788230
891418510
893050910
894682250
896312530
897941750
899572030
901201250
902831530
904461810
906092090
907722370
909351590
910981870
912612150
914242430
915873770
917502990
919134330
920765670
922395950
924025170
925655450
927284670
928913890
930545230
932175510
933805790
935436070
937067410
938697690
940330090
941961430
943591710
945220930
946851210
948480430
950110710
951738870
953368090
954997310
956627590
958256810
959886030
961517370
963146590
964783230
966414570
968048030
969677250
971306470
972936750
974565970
976200490
977830770
979461050
981090270
982722670
984351890
985981110
987610330
989240610
990869830
992499050
994130390
995759610
997387770
999018050
1000647270
1002276490
1003905710
1005533870
1007164150
1008792310
1010422590
1012051810
1013681030
1015310250
1016939470
1018568690
1020200030
1021830310
1023459530
1025088750
1026719030
1028349310
1029979590
1031609870
1033239090
1034869370
1036499650
1038129930
1039760210
1041390490
1043020770
1044652110
1046284510
1047913730
1049542950
1051172170
1052803510
1054433790
1056063010
1057692230
1059321450
1060950670
1062583070
1064212290
1065842570
1067471790
1069101010
1070731290
1072362630
1073992910
1075623190
1077252410
1078880570
1080509790
1082144310
1083775650
1085405930
1087035150
1088664370
1090294650
1091923870
1093553090
1095183370
1096812590
1098443930
1100073150
1101702370
1103359150
1104992610
1106623950
1108253170
1109882390
1111512670
1113144010
1114773230
1116403510
1118031670
1119659830
1121287990
1122917210
1124547490
1126178830
1127808050
1129437270
1131066490
1132694650
1134323870
1135953090
1137583370
1139211530
1140840750
1142469970
1144099190
1145727350
1147362930
1148992150
1150624550
1152253770
1153884050
1155514330
1157143550
1158773830
1160401990
1162031210
1163660430
1165296010
1166925230
1168555510
1170184730
1171813950
1173443170
1175071330
1176705850
1178335070
1179965350
1181593510
1183222730
1184851950
1186480110
1188113570
1189743850
1191373070
1193002290
1194630450
1196259670
1197888890
1199517050
1201146270
1202780790
1204410010
1206039230
1207668450
1209296610
1210925830
1212555050
1214183210
1215811370
1217439530
1219069810
1220699030
1222328250
1223957470
1225586690
1227215910
1228847250
1230476470
1232106750
1233735970
1235368370
1236997590
1238626810
1240256030
1241885250
1243515530
1245143690
1246773970
1248402130
1250031350
1251660570
1253290850
1254922190
1256552470
1258181690
1259810910
1261439070
1263067230
1264699630
1266328850
1267958070
1269586230
1271215450
1272844670
1274473890
1276104170
1277732330
1279361550
1280992890
1282622110
1284251330
1285883730
1287512950
1289142170
1290770330
1292399550
1294027710
1295662230
1297291450
1298920670
1300548830
1302178050
1303807270
1305436490
1307068890
1308699170
1310328390
1311957610
1313586830
1315214990
1316845270
1318474490
1320102650
1321730810
1323360030
1324988190
1326616350
1328245570
1329874790
1331502950
1333133230
1334763510
1336392730
1338023010
1339652230
1341280390
1342909610
1344538830
1346175470
1347803630
1349432850
1351062070
1352697650
1354325810
1355953970
1357582130
1359217710
1360895690
1362525970
1364154130
1365784410
1367413630
1369041790
1370696450
1372325670
1373953830
1375581990
1377210150
1378838310
1380467530
1382096750
1383728090
1385357310
1386985470
1388613630
1390244970
1391877370
1393506590
1395135810
1396765030
1398394250
1400022410
1401656930
1403286150
1404915370
1406544590
1408173810
1409806210
1411435430
1413064650
1414693870
1416322030
1417950190
1419581530
1421210750
1422841030
1424469190
1426098410
1427726570
1429354730
1430985010
1432614230
1434244510
1435875850
1437505070
1439134290
1440763510
1442392730
1444021950
1445652230
1447281450
1448910670
1450539890
1452169110
1453798330
1455428610
1457057830
1458687050
1460316270
1461947610
1463575770
1465206050
1466835270
1468466610
1470094770
1471725050
1473354270
1474983490
1476612710
1478242990
1479873270
1481501430
1483130650
1484758810
1486388030
1488018310
1489647530
1491275690
1492903850
1494535190
1496164410
1497794690
1499423910
1501056310
1502685530
1504314750
1505943970
1507577430
1509206650
1510835870
1512465090
1514096430
1515725650
1517354870
1518985150
1520614370
1522244650
1523881290
1525510510
1527139730
1528770010
1530399230
1532027390
1533656610
1535285830
1536913990
1538543210
1540173490
1541802710
1543431930
1545061150
1546689310
1548318530
1549948810
1551576970
1553206190
1554835410
1556464630
1558092790
1559722010
1561352290
1562981510
1564612850
1566244190
1567873410
1569501570
1571131850
1572761070
1574391350
1576021630
1577650850
1579279010
1580909290
1582539570
1584168790
1585796950
1587427230
1589057510
1590686730
1592315950
1593944110
1595572270
1597200430
1598828590
1600457810
1602088090
1603717310
1605345470
1606973630
1608601790
1610232070
1611860230
1613491570
1615120790
1616748950
1618377110
1620005270
1621633430
1623261590
1624889750
1626517910
1628149250
1629777410
1631405570
1633033730
1634661890
1636291110
1637919270
1639546370
1641174530
1642802690
1644430850
1646060070
1647690350
1649319570
1650947730
1652576950
1654208290
1655841750
1657470970
1659100190
1660728350
1662357570
1663985730
1665614950
1667244170
1668873390
1670502610
1672131830
1673759990
1675389210
1677029030
1678659310
1680291710
1681919870
1683549090
1685177250
1686806470
1688435690
1690064910
1691693070
1693322290
1694951510
1696579670
1698214190
1699843410
1701472630
1703100790
1704730010
1706360290
1707989510
1709618730
1711247950
1712877170
1714506390
1716134550
1717763770
1719397230
1721026450
1722655670
1724284890
1725913050
1727542270
1729170430
1730798590
1732429930
1734060210
1735687310
1737315470
1738946810
1740579210
1742211610
1743842950
1745475350
1747106690
1748739090
1750370430
1752002830
1753634170
1755266570
1756898970
1758533490
1760165890
1761797230
1763429630
1765062030
1766694430
1768325770
1769958170
1771590570
1773222970
1774854310
1776486710
1778119110
1779751510
1781386030
1783023730
1784657190
1786289590
1787928350
1789560750
1791194210
1792826610
1794459010
1796091410
1797723810
1799357270
1800992850
1802630550
1804264010
1805897470
1807529870
1809163330
1810806330
1812439790
1814072190
1815704590
1817336990
1818969390
1820601790
1822236310
1823869770
1825540330
1827175910
1828810430
1830443890
1832078410
1833712930
1835346390
1836983030
1838614370
1840252070
1841883410
1843515810
1845148210
1846781670
1848414070
1850046470
1851678870
1853311270
1854942610
1856576070
1858207410
1859839810
1861473270
1863107790
1864739130
1866371530
1868003930
1869635270
1871267670
1872899010
1874531410
1876163810
1877795150
1879427550
1881058890
1882691290
1884323690
1885955030
1887586370
1889220890
1890853290
1892485690
1894117030
1895749430
1897381830
1899013170
1900645570
1902277970
1903909310
1905541710
1907174110
1908806510
1910438910
1912070250
1913702650
1915336110
1916968510
1918600910
1920232250
1921864650
1923498110
1925129450
1926761850
1928394250
1930025590
1931676010
1933310530
1934945050
1936578510
1938213030
1939846490
1941484190
1943118710
1944751110
1946382450
1948014850
1949646190
1951278590
1952912050
1954552930
1956185330
1957816670
1959449070
1961081470
1962714930
1964349450
1965983970
1967617430
1969248770
1970881170
1972512510
1974145970
1975777310
1977409710
1979042110
1980674510
1982309030
1983940370
1985599270
1987231670
1988866190
1990498590
1992130990
1993763390
1995394730
1997027130
1998659530
2000291930
2001923270
2003555670
2005187010
2006819410
2008451810
2010083150
2011715550
2013346890
2014981410
2016613810
2018245150
2019877550
2021513130
2023144470
2024776870
2026411390
2028043790
2029675130
2031307530
2032939930
2034571270
2036203670
2037847730
2039481190
2041114650
2042747050
2044379450
2046011850
2047643190
2049275590
2050907990
2052539330
2054198230
2055836990
2057475750
2059108150
2060742670
2062375070
2064007470
2065640930
2067273330
2068905730
2070536010
2072166290
2073796570
2075426850
2077058190
2078688470
2080318750
2081951150
2083581430
2085211710
2086840930
2088472270
2090102550
2091734950
2093365230
2094995510
2096625790
2098256070
2099886350
2101516630
2103149030
2104779310
2106409590
2108039870
2109670150
2111300430
2112930710
2114560990
2116192330
2117825790
2119456070
2121086350
2122717690
2124350090
2125980370
2127610650
2129240930
2130871210
2132501490
2134131770
2135763110
2137393390
2139023670
2140655010
2142285290
2143933590
2145582950
2147215350
2148847750
2150480150
2152110430
2153741770
2155372050
2157003390
2158633670
2160266070
2161896350
2163526630
2165157970
2166797790
2168428070
2170060470
2171690750
2173322090
2174953430
2176586890
2178218230
2179850630
2181480910
2183112250
2184744650
2186379170
2188009450
2189640790
2191271070
2192901350
2194554950
2196187350
2197820810
2199452150
2201085610
2202716950
2204347230
2205979630
2207612030
2209244430
2210876830
2212509230
2214139510
2215769790
2217400070
2219030350
2220663810
2222294090
2223924370
2225557830
2227205070
2228835350
2230465630
2232095910
2233726190
2235356470
2236987810
2238618090
2240248370
2241878650
2243508930
2245139210
2246771610
2248411430
2250058670
2251692130
2253323470
2254955870
2256588270
2258217490
2259847770
2261478050
2263108330
2264738610
2266374190
2268006590
2269636870
2271267150
2272899550
2274529830
2276160110
2277790390
2279420670
2281050950
2282681230
2284311510
2285941790
2287575250
2289205530
2290835810
2292466090
2294101670
2295735130
2297365410
2298997810
2300628090
2302258370
2303889710
2305519990
2307150270
2308791150
2310421430
2312051710
2313681990
2315313330
2316943610
2318573890
2320204170
2321834450
2323464730
2325097130
2326727410
2328357690
2329999630
2331628850
2333259130
2334890470
2336520750
2338151030
2339781310
2341411590
2343041870
2344672150
2346302430
2347933770
2349564050
2351207050
2352837330
2354467610
2356097890
2357731350
2359362690
2360995090
2362627490
2364257770
2365888050
2367518330
2369148610
2370778890
2372428250
2374058530
2375687750
2377321210
2378951490
2380581770
2382212050
2383842330
2385472610
2387102890
2388733170
2390363450
2391993730
2393632490
2395262770
2396893050
2398523330
2400153610
2401783890
2403415230
2405045510
2406675790
2408306070
2409936350
2411567690
2413197970
2414836730
2416467010
2418099410
2419729690
2421359970
2422990250
2424621590
2426253990
2427884270
2429516670
2431146950
2432778290
2434408570
2436047330
2437677610
2439306830
2440938170
2442568450
2444198730
2445829010
2447458230
2449089570
2450719850
2452350130
2453980410
2455619170
2457249450
2458888210
2460518490
2462148770
2463782230
2465414630
2467047030
2468678370
2470309710
2471939990
2473570270
2475203730
2476834010
2478465350
2480095630
2481729090
2483359370
2484989650
2486619930
2488250210
2489881550
2491511830
2493142110
2494774510
2496407970
2498529030
2500159310
2501790650
2503423050
2505054390
2506684670
2508317070
2509948410
2511579750
2513211090
2514841370
2516473770
2518118890
2519752350
2521382630
2523010790
2524637890
2526266050
2527894210
2529521310
2531150530
2532777630
2534408970
2536037130
2537662110
2539288150
2540916310
2542543410
2544173690
2545800790
2547427890
2549054990
2550681030
2552306010
2553932050
2555558090
2557184130
2558810170
2560437270
2562063310
2563690410
2565327050
2566954150
2568585490
2570212590
2571840750
2573467850
2575094950
2576722050
2578350210
2579976250
2581603350
2583231510
2584858610
2586487830
2588114930
2589743090
2591371250
2592998350
2594624390
2596250430
2597877530
2599505690
2601131730
2602759890
2604386990
2606014090
2607639070
2609272530
2610900690
2612530970
2614155950
2615781990
2617406970
2619031950
2620657990
2622284030
2623910070
2625535050
2627160030
2628787130
2630414230
2632042390
2633668430
2635305070
2636932170
2638561390
2640188490
2641816650
2643442690
2645069790
2646696890
2648325050
2649951090
2651578190
2653206350
2654834510
2656470090
2658097190
2659724290
2661352450
2662979550
2664607710
2666234810
2667861910
2669490070
2671116110
2672743210
2674370310
2676000590
2677626630
2679253730
2680881890
2682507930
2684136090
2685762130
2687389230
2689016330
2690646610
2692271590
2693898690
2695526850
2697153950
2698779990
2700407090
2702040550
2703668710
2705300050
2706935630
2708561670
2710187710
2711812690
2713439790
2715066890
2716699290
2718327450
2719957730
2721588010
2723217230
2724846450
2726484150
2728113370
2729742590
2731371810
2733001030
2734630250
2736261590
2737890810
2739521090
2741150310
2742781650
2744410870
2746041150
2747678850
2749308070
2750937290
2752567570
2754196790
2755826010
2757455230
2759084450
2760713670
2762342890
2763972110
2765601330
2767230550
2768871430
2770500650
2772129870
2773759090
2775388310
2777017530
2778646750
2780275970
2781908370
2783539710
2785171050
2786801330
2788432670
2790071430
2791700650
2793329870
2794961210
2796590430
2798219650
2799850990
2801480210
2803109430
2804739710
2806368930
2807998150
2809629490
2811268250
2812897470
2814526690
2816155910
2817785130
2819414350
2821045690
2822674910
2824305190
2825934410
2827563630
2829192850
2830827370
2832466130
2834095350
2835726690
2837361210
2838991490
2840620710
2842249930
2843879150
2845508370
2847140770
2848769990
2850399210
2852028430
2853666130
2855295350
2856925630
2858554850
2860185130
2861820710
2863454170
2865085510
2866716850
2868348190
2869979530
2871608750
2873241150
2874879910
2876509130
2878138350
2879769690
2881398910
2883029190
2884659470
2886289750
2887921090
2889550310
2891179530
2892809810
2894441150
2896080970
2897712310
2899344710
2900974990
2902605270
2904235550
2905864770
2907496110
2909125330
2910754550
2912383770
2914012990
2915642210
2917279910
2918910190
2920539410
2922168630
2923797850
2925429190
2927058410
2928687630
2930316850
2931946070
2933575290
2935204510
2936836910
2938477790
2940109130
2941740470
2943371810
2945003150
2946633430
2948264770
2949896110
2951527450
2953157730
2954786950
2956415110
2958045390
2959683090
2961312310
2962940470
2964571810
2966201030
2967832370
2969463710
2971095050
2972724270
2974354550
2975983770
2977615110
2979244330
2980882030
2982512310
2984141530
2985773930
2987403150
2989033430
2990661590
2992291870
2993924270
2995555610
2997188010
2998819350
3000450690
3002089450
3003722910
3005356370
3006985590
3008619050
3010248270
3011932610
3013581970
3015215430
3016846770
3018483410
3020115810
3021746090
3023388030
3025017250
3026646470
3028275690
3029928230
3031560630
3033193030
3034824370
3036479030
3038114610
3039742770
3041378350
3043007570
3044641030
3046299930
3047959890
3049593350
3051224690
3052864510
3054493730
3056134610
3057765950
3059396230
3061026510
3062656790
3064288130
3065919470
3067548690
3069178970
3070808190
3072437410
3074066630
3075695850
3077325070
3078954290
3080583510
3082214850
3083844070
3085473290
3087102510
3088731730
3090360950
3091990170
3093619390
3095248610
3096882070
3098511290
3100142630
3101771850
3103401070
3105030290
3106659510
3108290850
3109920070
3111549290
3113178510
3114807730
3116436950
3118066170
3119697510
3121325670
3122954890
3124584110
3126213330
3127842550
3129472830
3131102050
3132731270
3134361550
3135990770
3137619990
3139249210
3140880550
3142509770
3144138990
3145768210
3147397430
3149026650
3150655870
3152285090
3153914310
3155543530
3157172750
3158801970
3160432250
3162062530
3163690690
3165319910
3166949130
3168578350
3170207570
3171836790
3173467070
3175095230
3176724450
3178353670
3179981830
3181611050
3183241330
3184870550
3186500830
3188130050
3189759270
3191388490
3193017710
3194646930
3196276150
3197905370
3199533530
3201162750
3202791970
3204420130
3206051470
3207680690
3209309910
3210938070
3212570470
3214199690
3215829970
3217459190
3219088410
3220717630
3222346850
3223976070
3225606350
3227235570
3228874330
3230503550
3232133830
3233763050
3235392270
3237022550
3238653890
3240283110
3241912330
3243541550
3245170770
3246801050
3248430270
3250062670
3251691890
3253321110
3254950330
3256579550
3258208770
3259837990
3261467210
3263096430
3264727770
3266361230
3267990450
3269619670
3271252070
