-12472
6771448
8486408
10126488
11764488
13427448
15083128
16763768
18466248
20258168
21907608
23544568
25179448
26813288
28447128
30080968
31714808
33349688
34983528
36616328
38249128
39892328
41526168
43160008
44792808
46426648
48061528
49694328
51328168
52960968
54594808
56229688
57862488
59495288
61128088
62760888
64394728
66027528
67661368
69294168
70928008
72560808
74196728
75830568
77463368
79096168
80728968
82362808
83995608
85629448
87263288
88896088
90529928
92163768
93796568
95430408
97064248
98697048
100329848
101965768
103598568
105231368
106865208
108500088
110133928
111766728
113400568
115033368
116667208
118300008
119932808
121566648
123200488
124833288
126467128
128103048
129735848
131368648
133002488
134635288
136268088
137901928
139534728
141168568
142803448
144436248
146071128
147704968
149338808
150972648
152605448
154240328
155874168
157508008
159140808
160775688
162408488
164042328
165675128
167308968
168942808
170576648
172209448
173843288
175476088
177108888
178743768
180378648
182012488
183645288
185279128
186911928
188545768
190179608
191813448
193446248
195081128
196714968
198347768
199982648
201616488
203250328
204883128
206520088
208152888
209786728
211422648
213056488
214690328
216323128
217956968
219590808
221224648
222858488
224498568
226133448
227768328
229402168
231037048
232674008
234308888
235941688
237575528
239209368
240843208
242477048
244110888
245744728
247378568
249012408
250646248
252280088
253913928
255547768
257181608
258816488
260451368
262085208
263721128
265354968
266988808
268621608
270255448
271890328
273524168
275156968
276790808
278423608
280057448
281691288
283325128
284961048
286594888
288228728
289861528
291495368
293129208
294763048
296396888
298029688
299663528
301297368
302931208
304565048
306198888
307835848
309479048
311114968
312748808
314382648
316017528
317651368
319285208
320918008
322551848
324185688
325819528
327453368
329086168
330720008
332353848
333987688
335621528
337257448
338891288
340524088
342156888
343790728
345424568
347058408
348692248
350326088
351958888
353592728
355226568
356860408
358494248
360127048
361760888
363397848
365031688
366665528
368300408
369934248
371568088
373201928
374834728
376469608
378103448
379736248
381370088
383003928
384637768
386271608
387905448
389541368
391175208
392809048
394459528
396092328
397727208
399361048
400993848
402639128
404272968
405906808
407541688
409175528
410808328
412442168
414074968
415710888
417344728
418978568
420614488
422249368
423885288
425520168
427152968
428786808
430420648
432054488
433687288
435321128
436953928
438588808
440222648
441858568
443492408
445126248
446759048
448391848
450025688
451660568
453293368
454927208
456560008
458199048
459832888
461466728
463100568
464734408
466367208
468003128
469636968
471270808
472906728
474540568
476173368
477806168
479440008
481073848
482706648
484340488
485974328
487607128
489240968
490874808
492507608
494143528
495776328
497410168
499042968
500677848
502329368
503963208
505597048
507229848
508863688
510497528
512131368
513764168
515399048
517031848
518665688
520300568
521934408
523568248
525204168
526854648
528490568
530125448
531759288
533395208
535030088
536660808
538291528
539922248
541551928
543182648
544813368
546445128
548075848
549705528
551335208
552965928
554595608
556227368
557859128
559489848
561120568
562751288
564382008
566011688
567642408
569283528
570913208
572544968
574175688
575806408
577438168
579068888
580701688
582331368
583962088
585592808
587222488
588853208
590482888
592120888
593751608
595382328
597014088
598645848
600275528
601905208
603535928
605166648
606796328
608427048
610057768
611688488
613318168
614948888
616579608
618209288
619840008
621469688
623101448
624741528
626375368
628009208
629670088
631306008
632936728
634567448
636201288
637833048
639465848
641103848
642733528
644364248
645994968
647626728
649258488
650891288
652524088
654155848
655787608
657419368
659049048
660680808
662312568
663944328
665584408
667217208
668850008
670481768
672113528
673746328
675379128
677012968
678676968
680313928
681945688
683734488
685398488
687046888
688682808
690315608
691946328
693577048
695207768
696838488
698469208
700099928
701730648
703366568
704996248
706626968
708256648
709888408
711519128
713148808
714779528
716409208
718039928
719670648
721301368
722941448
724572168
726201848
727832568
729465368
731096088
732728888
734359608
735990328
737620008
739250728
740882488
742512168
744142888
745772568
747403288
749034008
750664728
752297528
753928248
755561048
757190728
758821448
760451128
762082888
763712568
765343288
766974008
768603688
770235448
771869288
773501048
775151528
776782248
778411928
780042648
781676488
783307208
784938968
786569688
788200408
789830088
791460808
793091528
794722248
796351928
797982648
799613368
801243048
802873768
804504488
806135208
807768008
809398728
811029448
812660168
814290888
815921608
817552328
819183048
820813768
822443448
824076248
825706968
827337688
828967368
830607448
832238168
833872008
835504808
837136568
838767288
840398008
842028728
843658408
845289128
846919848
848550568
850181288
851810968
853441688
855072408
856703128
858332808
859965608
861596328
863227048
864857768
866488488
868119208
869748888
871379608
873010328
874640008
876270728
877901448
879532168
881162888
882792568
884423288
886056088
887686808
889318568
890949288
892580008
894213848
895844568
897475288
899106008
900735688
902366408
903997128
905626808
907260648
908890328
910521048
912152808
913783528
915414248
917044968
918675688
920305368
921936088
923566808
925197528
926827208
928457928
930088648
931719368
933349048
934979768
936610488
938244328
939875048
941507848
943138568
944768248
946398968
948030728
949660408
951290088
952919768
954550488
956180168
957809848
959440568
961078568
962709288
964350408
965991528
967640968
969273768
970904488
972535208
974164888
975796648
977426328
979057048
980686728
982316408
983947128
985576808
987206488
988837208
990481448
992112168
993743928
995374648
997004328
998635048
1000265768
1001915208
1003553208
1005183928
1006813608
1008444328
1010074008
1011704728
1013354168
1014983848
1016616648
1018246328
1019877048
1021507768
1023137448
1024768168
1026400968
1028031688
1029661368
1031292088
1032922808
1034552488
1036182168
1037812888
1039442568
1041072248
1042706088
1044336808
1045968568
1047599288
1049228968
1050858648
1052489368
1054120088
1055749768
1057383608
1059022648
1060652328
1062283048
1063913768
1065543448
1067174168
1068808008
1070438728
1072068408
1073700168
1075329848
1076960568
1078590248
1080219928
1081850648
1083481368
1085113128
1086743848
1088373528
1090003208
1091633928
1093263608
1094896408
1096528168
1098158888
1099810408
1101441128
1103070808
1104703608
1106335368
1107966088
1109595768
1111225448
1112855128
1114486888
1116118648
1117748328
1119378008
1121009768
1122638408
1124268088
1125897768
1127527448
1129157128
1130786808
1132416488
1134046168
1135675848
1137305528
1138934168
1140563848
1142192488
1143822168
1145451848
1147083608
1148714328
1150344008
1151972648
1153602328
1155232008
1156864808
1158494488
1160124168
1161753848
1163382488
1165012168
1166641848
1168271528
1169901208
1171529848
1173161608
1174791288
1176419928
1178050648
1179680328
1181310008
1182938648
1184569368
1186198008
1187827688
1189457368
1191087048
1192715688
1194345368
1195975048
1197605768
1199236488
1200868248
1202496888
1204126568
1205758328
1207388008
1209017688
1210647368
1212277048
1213906728
1215536408
1217165048
1218794728
1220424408
1222054088
1223683768
1225315528
1226945208
1228573848
1230204568
1231838408
1233468088
1235096728
1236727448
1238357128
1239986808
1241616488
1243246168
1244874808
1246504488
1248133128
1249763848
1251395608
1253026328
1254656008
1256285688
1257914328
1259544008
1261173688
1262803368
1264433048
1266064808
1267693448
1269323128
1270952808
1272582488
1274211128
1275840808
1277472568
1279102248
1280731928
1282360568
1283990248
1285619928
1287248568
1288879288
1290507928
1292138648
1293767288
1295396968
1297026648
1298655288
1300284968
1301915688
1303546408
1305177128
1306806808
1308436488
1310065128
1311694808
1313324488
1314955208
1316584888
1318214568
1319843208
1321472888
1323102568
1324732248
1326361928
1327991608
1329622328
1331252008
1332881688
1334511368
1336140008
1337769688
1339399368
1341029048
1342658728
1344288408
1345918088
1347546728
1349182648
1350812328
1352442008
1354072728
1355714888
1357347688
1358977368
1360608088
1362237768
1363868488
1365498168
1367129928
1368759608
1370389288
1372017928
1373647608
1375279368
1376908008
1378537688
1380166328
1381798088
1383427768
1385093848
1386723528
1388353208
1389982888
1391612568
1393243288
1394872968
1396502648
1398135448
1399764088
1401393768
1403023448
1404653128
1406282808
1407915608
1409547368
1411177048
1412806728
1414435368
1416066088
1417695768
1419325448
1420955128
1422583768
1424213448
1425843128
1427472808
1429102488
1430732168
1432361848
1433993608
1435623288
1437252968
1438882648
1440512328
1442140968
1443770648
1445401368
1447036248
1448664888
1450294568
1451924248
1453553928
1455182568
1456812248
1458441928
1460074728
1461705448
1463334088
1464963768
1466593448
1468224168
1469852808
1471482488
1473113208
1474742888
1476371528
1478001208
1479630888
1481260568
1482890248
1484519928
1486150648
1487780328
1489411048
1491039688
1492670408
1494300088
1495939128
1497576088
1499205768
1500835448
1502465128
1504093768
1505723448
1507355208
1508983848
1510614568
1512245288
1513876008
1515505688
1517135368
1518765048
1520409288
1522038968
1523668648
1525297288
1526926968
1528556648
1530185288
1531814968
1533444648
1535074328
1536704008
1538332648
1539962328
1541592008
1543221688
1544851368
1546480008
1548110728
1549739368
1551369048
1552998728
1554628408
1556257048
1557886728
1559515368
1561145048
1562777848
1564409608
1566040328
1567671048
1569300728
1570930408
1572560088
1574191848
1575820488
1577450168
1579079848
1580709528
1582339208
1583968888
1585597528
1587227208
1588855848
1590485528
1592114168
1593743848
1595373528
1597003208
1598632888
1600264648
1601894328
1603525048
1605154728
1606784408
1608413048
1610042728
1611672408
1613301048
1614930728
1616560408
1618192168
1619821848
1621450488
1623080168
1624710888
1626341608
1627973368
1629602008
1631231688
1632860328
1634491048
1636119688
1637749368
1639378008
1641007688
1642637368
1644266008
1645895688
1647525368
1649154008
1650783688
1652415448
1654045128
1655674808
1657303448
1658933128
1660561768
1662191448
1663821128
1665450808
1667079448
1668709128
1670339848
1671969528
1673598168
1675227848
1676859608
1678491368
1680121048
1681750728
1683379368
1685008008
1686637688
1688267368
1689897048
1691526728
1693158488
1694787128
1696415768
1698046488
1699675128
1701304808
1702934488
1704565208
1706194888
1707824568
1709453208
1711082888
1712711528
1714341208
1715969848
1717599528
1719229208
1720857848
1722488568
1724118248
1725751048
1727379688
1729010408
1730641128
1732270808
1733899448
1735529128
1737157768
1738788488
1740417128
1742046808
1743675448
1745305128
1746933768
1748562408
1750192088
1751821768
1753451448
1755080088
1756711848
1758341528
1759971208
1761599848
1763229528
1764858168
1766487848
1768117528
1769746168
1771375848
1773005528
1774637288
1776270088
1777898728
1779528408
1781158088
1782790888
1784419528
1786067928
1787697608
1789326248
1790955928
1792585608
1794214248
1795843928
1797472568
1799102248
1800731928
1802361608
1803991288
1805619928
1807255848
1808886568
1810516248
1812145928
1813775608
1815404248
1817033928
1818663608
1820293288
1821921928
1823551608
1825180248
1826810968
1828441688
1830070328
1831700008
1833330728
1834970808
1836599448
1838229128
1839858808
1841487448
1843118168
1844747848
1846396248
1848025928
1849654568
1851284248
1852913928
1854542568
1856172248
1857800888
1859430568
1861061288
1862690968
1864320648
1865950328
1867578968
1869208648
1870838328
1872468008
1874097688
1875726328
1877356008
1878986728
1880616408
1882245048
1883875768
1885504408
1887136168
1888764808
1890394488
1892023128
1893652808
1895290808
1896919448
1898549128
1900178808
1901808488
1903437128
1905066808
1906715208
1908344888
1909974568
1911603208
1913234968
1914864648
1916494328
1918124008
1919753688
1921382328
1923012008
1924641688
1926271368
1927900008
1929535928
1931164568
1932794248
1934422888
1936052568
1937682248
1939312968
1940942648
1942572328
1944200968
1945830648
1947460328
1949090008
1950718648
1952356648
1953986328
1955616008
1957245688
1958875368
1960504008
1962133688
1963762328
1965394088
1967028968
1968658648
1970288328
1971916968
1973546648
1975175288
1976804968
1978442968
1980071608
1981727288
1983356968
1984986648
1986618408
1988248088
1989878808
1991507448
1993136088
1994765768
1996394408
1998023048
1999652728
2001282408
2002911048
2004540728
2006172488
2007811528
2009442248
2011072968
2012707848
2014337528
2015967208
2017595848
2019227608
2020856248
2022485928
2024114568
2025744248
2027372888
2029002568
2030632248
2032261928
2033892648
2035522328
2037152008
2038785848
2040415528
2042045208
2043674888
2045304568
2046933208
2048581608
2050226888
2051860728
2053495608
2055123208
2056749768
2058377368
2060003928
2061632568
2063260168
2064889848
2066516408
2068144008
2069771608
2071399208
2073025768
2074653368
2076280968
2077907528
2079535128
2081162728
2082790328
2084417928
2086047608
2087676248
2089303848
2090933528
2092561128
2094188728
2095815288
2097442888
2099070488
2100698088
2102325688
2103953288
2105579848
2107207448
2108834008
2110461608
2112089208
2113716808
2115344408
2116974088
2118600648
2120228248
2121855848
2123483448
2125113128
2126739688
2128367288
2129994888
2131621448
2133249048
2134876648
2136504248
2138132888
2139760488
2141388088
2143018808
2144646408
2146274008
2147901608
2149529208
2151155768
2152783368
2154410968
2156038568
2157665128
2159292728
2160920328
2162548968
2164176568
2165804168
2167430728
2169060408
2170686968
2172314568
2173941128
2175569768
2177196328
2178823928
2180451528
2182079128
2183706728
2185333288
2186961928
2188588488
2190236888
2191864488
2193494168
2195121768
2196749368
2198376968
2200004568
2201632168
2203258728
2204886328
2206513928
2208141528
2209769128
2211395688
2213023288
2214649848
2216277448
2217905048
2219534728
2221162328
2222789928
2224416488
2226044088
2227671688
2229299288
2230926888
2232553448
2234181048
2235808648
2237440408
2239068008
2240695608
2242324248
2243950808
2245580488
2247208088
2248836728
2250463288
2252089848
2253717448
2255344008
2256970568
2258598168
2260225768
2261852328
2263479928
2265107528
2266734088
2268361688
2269989288
2271618968
2273246568
2274875208
2276502808
2278130408
2279758008
2281384568
2283012168
2284639768
2286266328
2287893928
2289524648
2291152248
2292779848
2294408488
2296036088
2297665768
2299292328
2300919928
2302547528
2304175128
2305802728
2307430328
2309056888
2310684488
2312314168
2313940728
2315568328
2317195928
2318822488
2320450088
2322077688
2323707368
2325334968
2326962568
2328589128
2330216728
2331844328
2333471928
2335099528
2336726088
2338353688
2339983368
2341610968
2343237528
2344865128
2346493768
2348121368
2349753128
2351380728
2353008328
2354635928
2356262488
2357890088
2359517688
2361144248
2362772888
2364400488
2366027048
2367654648
2369281208
2370908808
2372536408
2374164008
2375793688
2377420248
2379047848
2380675448
2382302008
2383930648
2385557208
2387186888
2388814488
2390441048
2392068648
2393696248
2395323848
2396950408
2398579048
2400206648
2401836328
2403463928
2405091528
2406719128
2408346728
2409973288
2411599848
2413227448
2414855048
2416482648
2418110248
2419736808
2421364408
2422992008
2424624808
2426252408
2427882088
2429508648
2431136248
2432762808
2434390408
2436018008
2437645608
2439272168
2440899768
2442527368
2444153928
2445781528
2447409128
2449035688
2450665368
2452291928
2453929928
2455557528
2457186168
2458813768
2460440328
2462070008
2463697608
2465325208
2466952808
2468580408
2470206968
2471834568
2473461128
2475088728
2476717368
2478343928
2479973608
2481601208
2483228808
2484856408
2486482968
2488111608
2489739208
2491365768
2492993368
2494620968
2496248568
2497877208
2499507928
2501135528
2502765208
2504390728
2506020408
2507646968
2509273528
2510899048
2512525608
2514152168
2515777688
2517404248
2519030808
2520657368
2522282888
2523909448
2525534968
2527161528
2528788088
2530414648
2532042248
2533668808
2535296408
2536921928
2538548488
2540176088
2541802648
2543428168
2545054728
2546680248
2548306808
2549934408
2551559928
2553186488
2554815128
2556441688
2558069288
2559695848
2561322408
2562951048
2564576568
2566203128
2567828648
2569455208
2571081768
2572708328
2574334888
2575962488
2577588008
2579214568
2580842168
2582468728
2584098408
2585724968
2587350488
2588984328
2590611928
2592239528
2593866088
2595492648
2597119208
2598745768
2600374408
2602000968
2603630648
2605257208
2606884808
2608510328
2610140008
2611766568
2613393128
2615019688
2616645208
2618271768
2619898328
2621524888
2623151448
2624778008
2626404568
2628031128
2629656648
2631283208
2632910808
2634537368
2636164968
2637791528
2639418088
2641044648
2642671208
2644298808
2645926408
2647551928
2649177448
2650804008
2652429528
2654056088
2655682648
2657308168
2658935768
2660562328
2662190968
2663822728
2665449288
2667075848
2668702408
2670330008
2671955528
2673581048
2675208648
2676835208
2678461768
2680087288
2681713848
2683340408
2684966968
2686594568
2688222168
2689848728
2691476328
2693102888
2694730488
2696362248
2697988808
2699619528
2701253368
2702880968
2704507528
2706136168
2707761688
2709388248
2711016888
2712642408
2714272088
2715901768
2717528328
2719154888
2720782488
2722409048
2724044968
2725673608
2727302248
2728929848
2730556408
2732184008
2733811608
2735439208
2737067848
2738695448
2740326168
2741951688
2743580328
2745206888
2746833448
2748461048
2750087608
2751714168
2753340728
2754967288
2756593848
2758221448
2759848008
2761474568
2763103208
2764729768
2766358408
2767986008
2769612568
2771239128
2772865688
2774493288
2776119848
2777746408
2779374008
2781000568
2782627128
2784253688
2785880248
2787506808
2789134408
2790762008
2792390648
2794017208
2795642728
2797270328
2798896888
2800523448
2802156248
2803782808
2805410408
2807038008
2808664568
2810292168
2811919768
2813546328
2815174968
2816801528
2818430168
2820058808
2821686408
2823311928
2824939528
2826567128
2828194728
2829820248
2831448888
2833076488
2834703048
2836330648
2837957208
2839585848
2841213448
2842840008
2844468648
2846095208
2847722808
2849348328
2850975928
2852603528
2854230088
2855855608
2857483208
2859109768
2860740488
2862368088
2863994648
2865622248
2867249848
2868877448
2870507128
2872134728
2873761288
2875388888
2877017528
2878644088
2880270648
2881897208
2883524808
2885152408
2886777928
2888405528
2890032088
2891658648
2893286248
2894913848
2896542488
2898169048
2899795608
2901422168
2903050808
2904678408
2906306008
2907931528
2909560168
2911187768
2912814328
2914441928
2916069528
2917698168
2919326808
2920954408
2922583048
2924211688
2925837208
2927464808
2929092408
2930718968
2932346568
2933973128
2935600728
2937229368
2938854888
2940483528
2942111128
2943738728
2945365288
2946992888
2948620488
2950248088
2951877768
2953505368
2955132968
2956759528
2958386088
2960013688
2961641288
2963267848
2964894408
2966522008
2968148568
2969775128
2971403768
2973030328
2974658968
2976286568
2977916248
2979543848
2981170408
2982798008
2984423528
2986051128
2987679768
2989306328
2990933928
2992561528
2994188088
2995814648
2997442248
2999068808
3000697448
3002326088
3003953688
3005580248
3007207848
3008834408
3010462008
3012088568
3013715128
3015344808
3016970328
3018598968
3020226568
3021852088
3023480728
3025108328
3026736968
3028365608
3029993208
3031631208
3033259848
3034885368
3036511928
3038139528
3039766088
3041392648
3043020248
3044646808
3046274408
3047903048
3049531688
3051159288
3052792088
3054419688
3056045208
3057672808
3059300408
3060926968
3062553528
3064180088
3065806648
3067433208
3069060808
3070689448
3072316008
3073943608
3075571208
3077197768
3078828488
3080455048
3082082648
3083710248
3085336808
3086964408
3088590968
3090222728
3091850328
3093476888
3095103448
3096730008
3098355528
3099982088
3101609688
3103237288
3104865928
3106492488
3108119048
3109746648
3111374248
3113000808
3114628408
3116256008
3117881528
3119509128
3121135688
3122764328
3124391928
3126019528
3127652328
3129278888
3130908568
3132536168
3134163768
3135790328
3137418968
3139045528
3140672088
3142298648
3143926248
3145553848
3147181448
3148809048
3150435608
3152062168
3153690808
3155317368
3156946008
3158573608
3160200168
3161828808
3163456408
3165086088
3166712648
3168340248
3169965768
3171593368
3173219928
3174848568
3176476168
3178102728
3179731368
3181358968
3182988648
3184617288
3186244888
3187872488
3189512568
3191142248
3192768808
3194398488
3196028168
3197657848
3199286488
3200917208
3202545848
3204174488
3205803128
3207431768
3209074968
3210703608
3212332248
3213999368
3215631128
3217258728
3218908168
3220537848
3222166488
3223796168
3225430008
3227058648
3228687288
3230315928
3231944568
3233572168
3235203928
3236835688
3238463288
3240090888
3241718488
3243346088
3244974728
3246602328
3248230968
3249858568
3251486168
3253113768
3254741368
3256368968
3257997608
3259625208
3261255928
3262883528
3264520488
