-11747
1856653
9427453
11740813
13442893
15110413
16773613
18431413
20076253
21716773
23397253
25033453
26670733
28304773
29940973
31578253
33215533
34849573
36484693
38118733
39753853
41388973
43023013
44657053
46291093
47926213
49562413
51197533
52831573
54465613
56099653
57734773
59373133
61007173
62642293
64276333
65911453
67545493
69179533
70813573
72455173
74090293
75727573
77361613
78996733
80631853
82265893
83904253
85540453
87179893
88815013
90449053
92083093
93718213
95353333
96987373
98622493
100256533
101891653
103527853
105162973
106798093
108432133
110067253
111702373
113336413
114971533
116606653
118240693
119874733
121509853
123144973
124779013
126413053
128048173
129684373
131319493
132953533
134587573
136222693
137857813
139494013
141129133
142765333
144401533
146036653
147671773
149305813
150939853
152574973
154210093
155847373
157481413
159116533
160751653
162385693
164020813
165654853
167288893
168924013
170559133
172193173
173828293
175462333
177098533
178733653
180368773
182004973
183640093
185274133
186909253
188543293
190178413
191813533
193448653
195084853
196746973
198385333
200020453
201655573
203292853
204927973
206563093
208200373
209837653
211474933
213111133
214745173
216380293
218015413
219650533
221302933
222941293
224578573
226213693
227848813
229482853
231117973
232753093
234391453
236026573
237661693
239296813
240931933
242567053
244202173
245837293
247472413
249108613
250745893
252384253
254019373
255654493
257289613
258923653
260563093
262197133
263832253
265467373
267102493
268737613
270372733
272007853
273641893
275286733
276921853
278565613
280200733
281835853
283469893
285105013
286742293
288378493
290012533
291647653
293282773
294917893
296551933
298187053
299822173
301457293
303093493
304729693
306364813
307999933
309640453
311275573
312912853
314546893
316182013
317817133
319455493
321091693
322728973
324364093
325999213
327634333
329268373
330903493
332539693
334174813
335809933
337443973
339081253
340716373
342352573
343986613
345621733
347256853
348891973
350527093
352163293
353799493
355433533
357070813
358707013
360342133
361977253
363617773
365256133
366891253
368526373
370161493
371796613
373431733
375069013
376704133
378339253
379974373
381610573
383245693
384880813
386517013
388152133
389787253
391424533
393059653
394694773
396329893
397965013
399600133
401235253
402870373
404508733
406143853
407780053
409415173
411051373
412687573
414322693
415957813
417595093
419231293
420872893
422512333
424147453
425785813
427420933
429057133
430692253
432327373
433962493
435597613
437232733
438866773
440502973
442138093
443775373
445410493
447045613
448680733
450316933
451952053
453587173
455222293
456857413
458492533
460130893
461767093
463402213
465039493
466675693
468311893
469949173
471584293
473220493
474857773
476492893
478128013
479763133
481398253
483034453
484669573
486304693
487939813
489574933
491210053
492845173
494480293
496118653
497753773
499387813
501022933
502658053
504294253
505929373
507563413
509198533
510833653
512468773
514103893
515740093
517374133
519011413
520648693
522285973
523921093
525556213
527191333
528862093
530524213
532185253
533846293
535506253
537162973
538819693
540478573
542119093
543752053
545386093
547017973
548655253
550286053
551919013
553551973
555184933
556816813
558449773
560082733
561714613
563346493
564979453
566612413
568244293
569876173
571506973
573142093
574777213
576406933
578039893
579672853
581304733
582935533
584566333
586196053
587826853
589456573
591088453
592718173
594348973
595979773
597611653
599244613
600879733
602520253
604152133
605784013
607423453
609056413
610687213
612320173
613953133
615585013
617215813
618848773
620480653
622112533
623744413
625377373
627014653
628649773
630280573
631915693
633548653
635181613
636812413
638445373
640077253
641709133
643348573
644981533
646614493
648246373
649877173
651510133
653145253
654777133
656409013
658041973
659673853
661306813
662937613
664569493
666202453
667834333
669473773
671105653
672738613
674370493
676012093
677643973
679275853
680908813
682540693
684171493
685813093
687446053
689079013
690708733
692339533
693969253
695600053
697230853
698861653
700492453
702123253
703752973
705388093
707021053
708654013
710284813
711917773
713551813
715184773
716815573
718447453
720080413
721713373
723344173
724981453
726613333
728246293
729877093
731513293
733145173
734779213
736413253
738046213
739679173
741312133
742954813
744585613
746218573
747850453
749482333
751114213
752747173
754380133
756012013
757646053
759279013
760910893
762543853
764174653
765807613
767440573
769072453
770704333
772336213
773973493
775608613
777241573
778874533
780510733
782142613
783776653
785408533
787039333
788671213
790304173
791934973
793564693
795195493
796828453
798459253
800090053
801719773
803350573
804982453
806612173
808242973
809885653
811517533
813147253
814782373
816413173
818043973
819674773
821305573
822935293
824566093
826196893
827827693
829458493
831089293
832720093
834349813
835982773
837613573
839244373
840875173
842507053
844140013
845769733
847400533
849030253
850662133
852292933
853924813
855554533
857187493
858818293
860451253
862084213
863717173
865350133
866982013
868614973
870245773
871878733
873511693
875143573
876776533
878408413
880041373
881674333
883313773
884946733
886578613
888213733
889854253
891486133
893119093
894752053
896383933
898014733
899646613
901279573
902911453
904543333
906173053
907803853
909433573
911065453
912695173
914328133
915960013
917591893
919224853
920861053
922494013
924126973
925761013
927397213
929029093
930660973
932292853
933925813
935557693
937189573
938822533
940479253
942112213
943743013
945375973
947008933
948640813
950280253
951914293
953548333
955183453
956815333
958447213
960078013
961712053
963351493
964982293
966614173
968244973
969876853
971508733
973139533
974770333
976402213
978034093
979665973
981296773
982928653
984559453
986190253
987825373
989456173
991088053
992718853
994351813
995983693
997614493
999245293
1000877173
1002509053
1004139853
1005772813
1007405773
1009036573
1010668453
1012300333
1013934373
1015565173
1017197053
1018827853
1020458653
1022090533
1023731053
1025362933
1026993733
1028624533
1030256413
1031887213
1033519093
1035153133
1036783933
1038414733
1040048773
1041679573
1043311453
1044943333
1046574133
1048204933
1049835733
1051467613
1053098413
1054729213
1056361093
1057991893
1059624853
1061257813
1062888613
1064520493
1066154533
1067788573
1069419373
1071050173
1072680973
1074312853
1075943653
1077575533
1079206333
1080837133
1082469013
1084099813
1085730613
1087362493
1088994373
1090625173
1092259213
1093890013
1095521893
1097152693
1098783493
1100415373
1102046173
1103676973
1105312093
1106943973
1108601773
1110258493
1111913053
1113568693
1115216773
1116855133
1118494573
1120130773
1121765893
1123402093
1125036133
1126670173
1128306373
1129940413
1131574453
1133208493
1134841453
1136475493
1138109533
1139743573
1141377613
1143011653
1144647853
1146281893
1147914853
1149548893
1151182933
1152815893
1154449933
1156083973
1157716933
1159350973
1160985013
1162617973
1164252013
1165886053
1167519013
1169153053
1170788173
1172422213
1174056253
1175690293
1177323253
1178957293
1180590253
1182224293
1183858333
1185492373
1187126413
1188760453
1190393413
1192029613
1193662573
1195296613
1196932813
1198566853
1200199813
1201833853
1203467893
1205101933
1206735973
1208375413
1210010533
1211644573
1213277533
1214912653
1216546693
1218180733
1219814773
1221448813
1223085013
1224719053
1226353093
1227987133
1229621173
1231257373
1232891413
1234525453
1236158413
1237795693
1239429733
1241063773
1242697813
1244330773
1245964813
1247598853
1249233973
1250868013
1252505293
1254139333
1255773373
1257407413
1259040373
1260674413
1262308453
1263941413
1265575453
1267209493
1268842453
1270476493
1272110533
1273744573
1275380773
1277014813
1278647773
1280281813
1281915853
1283548813
1285182853
1286816893
1288450933
1290084973
1291717933
1293351973
1294986013
1296620053
1298253013
1299895693
1301531893
1303165933
1304799973
1306434013
1308068053
1309702093
1311335053
1312971253
1314605293
1316239333
1317872293
1319506333
1321146853
1322780893
1324414933
1326048973
1327685173
1329319213
1330953253
1332587293
1334221333
1335855373
1337489413
1339125613
1340759653
1342393693
1344027733
1345660693
1347294733
1348928773
1350561733
1352203333
1353839533
1355473573
1357107613
1358755693
1360391893
1362025933
1363659973
1365295093
1366930213
1368564253
1370201533
1371835573
1373471773
1375120933
1376758213
1378392253
1380029533
1381663573
1383297613
1384931653
1386565693
1388237533
1389873733
1391507773
1393141813
1394776933
1396410973
1398043933
1399677973
1401312013
1402946053
1404581173
1406217373
1407851413
1409485453
1411119493
1412753533
1414387573
1416022693
1417657813
1419290773
1420924813
1422559933
1424192893
1425826933
1427464213
1429098253
1430732293
1432367413
1434001453
1435635493
1437269533
1438903573
1440537613
1442171653
1443805693
1445439733
1447075933
1448709973
1450344013
1451978053
1453612093
1455246133
1456880173
1458516373
1460149333
1461783373
1463417413
1465051453
1466685493
1468319533
1469953573
1471587613
1473220573
1474854613
1476488653
1478122693
1479756733
1481389693
1483023733
1484659933
1486293973
1487930173
1489564213
1491198253
1492840933
1494474973
1496107933
1497743053
1499376013
1501010053
1502644093
1504278133
1505912173
1507546213
1509180253
1510816453
1512449413
1514083453
1515717493
1517351533
1518985573
1520619613
1522252573
1523886613
1525520653
1527154693
1528788733
1530422773
1532056813
1533689773
1535323813
1536956773
1538590813
1540224853
1541857813
1543491853
1545134533
1546768573
1548402613
1550035573
1551675013
1553307973
1554945253
1556578213
1558213333
1559847373
1561483573
1563119773
1564753813
1566387853
1568021893
1569655933
1571291053
1572926173
1574561293
1576194253
1577828293
1579462333
1581095293
1582729333
1584363373
1585997413
1587631453
1589265493
1590898453
1592532493
1594166533
1595800573
1597433533
1599069733
1600703773
1602336733
1603970773
1605604813
1607238853
1608871813
1610505853
1612142053
1613776093
1615410133
1617043093
1618677133
1620310093
1621944133
1623582493
1625225173
1626863533
1628522413
1630156453
1631791573
1633425613
1635060733
1636693693
1638327733
1639961773
1641594733
1643228773
1644862813
1646502253
1648137373
1649772493
1651408693
1653041653
1654675693
1656310813
1657944853
1659578893
1661212933
1662846973
1664483173
1666117213
1667751253
1669387453
1671020413
1672654453
1674288493
1675921453
1677557653
1679190613
1680824653
1682458693
1684092733
1685726773
1687359733
1688993773
1690626733
1692260773
1693894813
1695528853
1697161813
1698795853
1700429893
1702062853
1703697973
1705332013
1706966053
1708599013
1710231973
1711866013
1713500053
1715133013
1716767053
1718401093
1720034053
1721668093
1723301053
1724935093
1726569133
1728202093
1729837213
1731471253
1733107453
1734740413
1736374453
1738008493
1739642533
1741275493
1742909533
1744543573
1746177613
1747811653
1749444613
1751078653
1752712693
1754346733
1755982933
1757616973
1759251013
1760885053
1762519093
1764153133
1765787173
1767420133
1769054173
1770688213
1772324413
1773958453
1775592493
1777226533
1778859493
1780493533
1782129733
1783767013
1785399973
1787034013
1788666973
1790301013
1791935053
1793571253
1795205293
1796839333
1798472293
1800107413
1801741453
1803374413
1805008453
1806642493
1808278693
1809912733
1811553253
1813187293
1814821333
1816455373
1818089413
1819722373
1821356413
1822990453
1824623413
1826257453
1827891493
1829525533
1831159573
1832793613
1834429813
1836062773
1837696813
1839330853
1840964893
1842597853
1844231893
1845865933
1847499973
1849132933
1850766973
1852401013
1854035053
1855669093
1857305293
1858939333
1860574453
1862208493
1863842533
1865475493
1867109533
1868743573
1870377613
1872011653
1873645693
1875279733
1876913773
1878547813
1880184013
1881818053
1883452093
1885086133
1886722333
1888360693
1889994733
1891628773
1893262813
1894896853
1896529813
1898163853
1899796813
1901430853
1903063813
1904697853
1906331893
1907964853
1909598893
1911232933
1912868053
1914502093
1916135053
1917771253
1919405293
1921039333
1922672293
1924312813
1925947933
1927592773
1929226813
1930860853
1932494893
1934128933
1935762973
1937405653
1939041853
1940684533
1942318573
1943952613
1945585573
1947219613
1948853653
1950487693
1952121733
1953755773
1955388733
1957022773
1958656813
1960290853
1961923813
1963558933
1965194053
1966828093
1968461053
1970095093
1971729133
1973362093
1974996133
1976630173
1978265293
1979899333
1981532293
1983166333
1984800373
1986461413
1988099773
1989734893
1991367853
1993001893
1994645653
1996278613
1997921293
1999555333
2001189373
2002823413
2004457453
2006090413
2007724453
2009358493
2010992533
2012627653
2014261693
2015894653
2017528693
2019162733
2020795693
2022429733
2024063773
2025697813
2027331853
2028964813
2030598853
2032232893
2033866933
2035503133
2037137173
2038773373
2040432253
2042073853
2043708973
2045343013
2046978133
2048612173
2050246213
2051878093
2053530493
2055182893
2056825573
2058492013
2060129293
2061762253
2063395213
2065029253
2066661133
2068294093
2069925973
2071558933
2073190813
2074822693
2076454573
2078086453
2079717253
2081350213
2082982093
2084613973
2086248013
2087879893
2089513933
2091147973
2092779853
2094411733
2096043613
2097678733
2099310613
2100942493
2102575453
2104207333
2105840293
2107471093
2109102973
2110737013
2112368893
2114001853
2115633733
2117268853
2118899653
2120531533
2122163413
2123795293
2125427173
2127059053
2128690933
2130322813
2131954693
2133585493
2135218453
2136850333
2138481133
2140113013
2141745973
2143382173
2145014053
2146645933
2148277813
2149926973
2151558853
2153190733
2154822613
2156459893
2158091773
2159723653
2161355533
2162987413
2164619293
2166251173
2167883053
2169516013
2171148973
2172779773
2174411653
2176043533
2177675413
2179307293
2180939173
2182569973
2184201853
2185835893
2187467773
2189099653
2190732613
2192364493
2193997453
2195654173
2197286053
2198916853
2200549813
2202181693
2203812493
2205446533
2207078413
2208710293
2210342173
2211974053
2213605933
2215236733
2216868613
2218500493
2220133453
2221765333
2223397213
2225029093
2226663133
2228295013
2229926893
2231557693
2233189573
2234821453
2236453333
2238085213
2239717093
2241348973
2242981933
2244613813
2246246773
2247878653
2249509453
2251141333
2252773213
2254405093
2256036973
2257667773
2259299653
2260930453
2262562333
2264194213
2265826093
2267457973
2269088773
2270720653
2272353613
2273985493
2275617373
2277249253
2278880053
2280511933
2282142733
2283774613
2285406493
2287037293
2288669173
2290301053
2291932933
2293563733
2295195613
2296826413
2298463693
2300105293
2301737173
2303369053
2304999853
2306631733
2308263613
2309894413
2311526293
2313160333
2314792213
2316424093
2318055973
2319687853
2321319733
2322951613
2324584573
2326216453
2327848333
2329480213
2331112093
2332745053
2335499053
2337135253
2338768213
2340401173
2342033053
2343666013
2345298973
2346930853
2348563813
2350195693
2351829733
2353461613
2355093493
2356725373
2358356173
2359988053
2361619933
2363251813
2364886933
2366518813
2368153933
2369785813
2371417693
2373049573
2374681453
2376313333
2377947373
2379579253
2381212213
2382844093
2384477053
2386110013
2387741893
2389373773
2391005653
2392637533
2394269413
2395900213
2397532093
2399163973
2400795853
2402427733
2404061773
2405692573
2407324453
2408956333
2410588213
2412220093
2413851973
2415483853
2417115733
2418747613
2420379493
2422013533
2423645413
2425278373
2426912413
2428545373
2430179413
2431810213
2433442093
2435073973
2436705853
2438343133
2439975013
2441606893
2443237693
2444878213
2446510093
2448141973
2449772773
2451406813
2453038693
2454670573
2456304613
2457935413
2459567293
2461214293
2462845093
2464476973
2466108853
2467740733
2469372613
2471004493
2472636373
2474267173
2475899053
2477530933
2479162813
2480794693
2482429813
2484061693
2485693573
2487325453
2488957333
2490589213
2492220013
2493852973
2495484853
2497116733
2498748613
2500380493
2502012373
2503644253
2505277213
2506910173
2508547453
2510191213
2511831733
2513462533
2515095493
2516727373
2518359253
2519991133
2521623013
2523253813
2524885693
2526516493
2528147293
2529781333
2531413213
2533046173
2534678053
2536308853
2537939653
2539571533
2541202333
2542833133
2544463933
2546096893
2547728773
2549359573
2550991453
2552621173
2554251973
2555882773
2557513573
2559146533
2560777333
2562408133
2564038933
2565669733
2567300533
2568931333
2570562133
2572192933
2573824813
2575455613
2577086413
2578717213
2580349093
2581982053
2583612853
2585245813
2586876613
2588517133
2590147933
2591778733
2593409533
2595040333
2596692733
2598323533
2599955413
2601588373
2603220253
2604851053
2606481853
2608112653
2609743453
2611381813
2613012613
2614642333
2616273133
2617903933
2619534733
2621165533
2622795253
2624426053
2626057933
2627688733
2629319533
2630950333
2632581133
2634211933
2635844893
2637481093
2639111893
2640743773
2642374573
2644005373
2645636173
2647266973
2648897773
2650528573
2652160453
2653791253
2655424213
2657055013
2658686893
2660323093
2661954973
2663589013
2665224133
2666865733
2668497613
2670127333
2671760293
2673393253
2675026213
2676658093
2678292133
2679928333
2681561293
2683194253
2684870413
2686512013
2688182773
2689830853
2691464893
2693097853
2694732973
2696365933
2697998893
2699632933
2701269133
2702902093
2704544773
2706288973
2707961893
2709603493
2711237533
2712885613
2714518573
2716155853
2717788813
2719436893
2721069853
2722701733
2724333613
2725968733
2727602773
2729234653
2730867613
2732499493
2734132453
2735764333
2737396213
2739025933
2740657813
2742290773
2743921573
2745552373
2747184253
2748815053
2750456653
2752088533
2753720413
2755352293
2756983093
2758614973
2760246853
2761877653
2763509533
2765141413
2766771133
2768405173
2770035973
2771672173
2773304053
2774934853
2776565653
2778195373
2779826173
2781456973
2783087773
2784718573
2786349373
2787980173
2789610973
2791241773
2792871493
2794504453
2796135253
2797766053
2799396853
2801027653
2802658453
2804289253
2805920053
2807550853
2809182733
2810813533
2812444333
2814078373
2815709173
2817341053
2818972933
2820605893
2822236693
2823867493
2825498293
2827134493
2828765293
2830397173
2832027973
2833658773
2835288493
2836919293
2838550093
2840180893
2841811693
2843442493
2845073293
2846707333
2848338133
2849968933
2851599733
2853230533
2854861333
2856492133
2858121853
2859753733
2861384533
2863016413
2864647213
2866276933
2867907733
2869538533
2871169333
2872802293
2874433093
2876062813
2877693613
2879324413
2880955213
2882586013
2884216813
2885847613
2887477333
2889116773
2890746493
2892377293
2894008093
2895639973
2897271853
2898906973
2900537773
2902168573
2903811253
2905442053
2907082573
2908714453
2910353893
2911984693
2913615493
2915246293
2916877093
2918507893
2920138693
2921769493
2923400293
2925033253
2926662973
2928293773
2929924573
2931557533
2933188333
2934819133
2936449933
2938081813
2939712613
2941343413
2942974213
2944605013
2946235813
2947866613
2949497413
2951131453
2952762253
2954391973
2956022773
2957654653
2959285453
2960915173
2962545973
2964176773
2965807573
2967438373
2969069173
2970699973
2972330773
2973961573
2975592373
2977225333
2978856133
2980489093
2982119893
2983757173
2985387973
2987018773
2988656053
2990286853
2991917653
2993548453
2995179253
2996810053
2998440853
3000071653
3001702453
3003335413
3004966213
3006597013
3008227813
3009858613
3011489413
3013120213
3014751013
3016381813
3018012613
3019643413
3021273133
3022905013
3024534733
3026165533
3027795253
3029428213
3031059013
3032689813
3034320613
3035976253
3037607053
3039237853
3040868653
3042498373
3044129173
3045759973
3047390773
3049021573
3050652373
3052283173
3053912893
3055545853
3057178813
3058809613
3060441493
3062072293
3063702013
3065334973
3066965773
3068595493
3070226293
3071857093
3073487893
3075118693
3076749493
3078380293
3080010013
3081642973
3083273773
3084904573
3086535373
3088166173
3089795893
3091426693
3093057493
3094687213
3096318013
3097948813
3099579613
3101210413
3102841213
3104470933
3106102813
3107734693
3109366573
3110997373
3112627093
3114257893
3115888693
3117519493
3119150293
3120781093
3122410813
3124041613
3125672413
3127303213
3128934013
3130564813
3132195613
3133827493
3135458293
3137093413
3138727453
3140376613
3142013893
3143644693
3145274413
3146905213
3148536013
3150166813
3151797613
3153428413
3155059213
3156690013
3158320813
3159953773
3161583493
3163215373
3164846173
3166475893
3168106693
3169737493
3171368293
3172999093
3174629893
3176259613
3177890413
3179521213
3181152013
3182781733
3184413613
3186046573
3187686013
3189316813
3190947613
3192578413
3194209213
3195840013
3197470813
3199101613
3200732413
3202362133
3203994013
3205624813
3207255613
3208886413
3210516133
3212150173
3213783133
3215413933
3217044733
3218675533
3220314973
3221945773
3223575493
3225206293
3226837093
3228468973
3230099773
3231729493
3233360293
3234992173
3236622973
3238255933
3239886733
3241516453
3243148333
3244779133
3246408853
3248040733
3249671533
3251302333
3252933133
3254562853
3256193653
3257824453
3259454173
3261084973
3262715773
3264348733
3265990333
3267623293
3269254093
3270884893
3272515693
3274146493
