1	0	10460
2	5949	16229
3	7588	17737
4	9157	19269
5	10727	20833
6	12292	22498
7	13873	24165
8	16382	26468
9	17934	28012
10	19483	29583
11	21047	31123
12	22591	32731
13	24173	34291
14	25748	35848
15	27295	38045
16	28839	38917
17	30382	40469
18	31925	42003
19	33471	43545
20	35015	45088
21	37983	48131
22	39634	49715
23	41184	51260
24	42729	52802
25	44273	54347
26	45817	55892
27	47363	57442
28	48907	58987
29	50451	60525
30	51994	62068
31	53537	63614
32	55080	65153
33	56624	66758
34	58208	68323
35	59754	69834
36	61298	71373
37	62843	73028
38	64391	74541
39	65935	76044
40	67490	77624
41	69081	79189
42	70634	80716
43	72182	82310
44	73752	83962
45	75361	85531
46	76942	87169
47	78556	88762
48	80160	90247
49	81710	91813
50	83255	93356
51	84798	94966
52	86379	96480
53	87923	97994
54	89467	99561
55	91012	101086
56	92557	102670
57	94112	104211
58	95655	105755
59	97199	107302
60	98746	108841
61	100293	110398
62	101839	111930
63	103383	113473
64	104926	115020
65	106472	116573
66	108016	118116
67	109559	119664
68	111106	121207
69	112649	122740
70	114192	124293
71	115735	125826
72	117279	127356
73	118825	128900
74	120369	130442
75	121913	131997
76	123458	133578
77	125002	135086
78	126545	136617
79	128088	138161
80	129633	139709
81	131177	141253
82	132724	142800
83	134269	144394
84	135835	145938
85	137381	147473
86	138926	149001
87	140472	150577
88	142018	152123
89	143564	153670
90	145112	155212
91	146655	156729
92	148200	158293
93	149745	159844
94	151290	161391
95	152833	162934
96	154377	164478
97	155920	166023
98	157465	167559
99	159010	169109
100	160553	170656
101	162103	172175
102	163646	173745
103	165190	175289
104	166733	176832
105	168276	178379
106	169821	179923
107	171364	181469
108	172911	183013
109	174455	184559
110	175999	186099
111	177542	187644
112	179085	189185
113	180629	190729
114	182172	192265
115	183715	193806
116	185259	195375
117	186829	196900
118	188372	198442
119	189916	199990
120	191459	201534
121	193005	203105
122	194548	204650
123	196092	206196
124	197639	207742
125	199184	209284
126	200727	210831
127	202273	212374
128	203816	213917
129	205359	215445
130	206903	217003
131	208446	218538
132	209990	220060
133	211533	221635
134	213077	223177
135	214620	224694
136	216163	226233
137	217706	227811
138	219252	229359
139	220798	230905
140	222345	232449
141	223889	233992
142	225435	235532
143	226980	237080
144	228523	238623
145	230066	240166
146	231610	241712
147	233154	243254
148	234697	244798
149	236240	246343
150	237783	247884
151	239327	249439
152	240872	250944
153	242415	252526
154	243959	254060
155	245503	255606
156	247048	257149
157	248592	258664
158	250135	260206
159	251680	261784
160	253225	263300
161	254769	264843
162	256312	266382
163	257856	267928
164	259401	269475
165	260946	271017
166	262490	272593
167	264034	274136
168	265578	275653
169	267126	277228
170	268671	278775
171	270217	280313
172	271764	281836
173	273308	283377
174	274852	284924
175	276397	286498
176	277941	288041
177	279484	289576
178	281028	291101
179	282573	292678
180	284120	294223
181	285666	295766
182	287209	297318
183	288760	298860
184	290303	300407
185	291849	301952
186	293394	303504
187	294938	305040
188	296483	306585
189	298027	308127
190	299570	309673
191	301116	311217
192	302659	312761
193	304203	314303
194	305746	315846
195	307289	317389
196	308833	318933
197	310376	320477
198	311919	322025
199	313467	323569
200	315011	325117
201	316554	326657
202	318100	328203
203	319646	329761
204	321193	331294
205	322737	332838
206	324280	334380
207	325823	335897
208	327367	337441
209	328915	339007
210	330460	340562
211	332004	342106
212	333548	343649
213	335091	345192
214	336635	346738
215	338180	348280
216	339723	349824
217	341267	351369
218	342811	352912
219	344354	354458
220	345900	356001
221	347444	357545
222	348987	359088
223	350531	360632
224	352074	362176
225	353618	363719
226	355162	365262
227	356705	366807
228	358248	368349
229	359792	369892
230	361335	371446
231	362879	372980
232	364422	374522
233	365966	376037
234	367509	377601
235	369053	379129
236	370598	380669
237	372142	382213
238	373685	383758
239	375228	385331
240	376773	386875
241	378317	388422
242	379864	389967
243	381409	391505
244	382955	393059
245	384501	394602
246	386045	396147
247	387589	397690
248	389132	399222
249	390675	400779
250	392221	402324
251	393766	403870
252	395312	405413
253	396855	406957
254	398399	408504
255	399943	410046
256	401489	411592
257	403033	413104
258	404576	414678
259	406121	416222
260	407665	417765
261	409209	419311
262	410753	420854
263	412297	422400
264	413842	423943
265	415386	425476
266	416929	427024
267	418475	428582
268	420024	430127
269	421567	431689
270	423122	433223
271	424665	434766
272	426209	436309
273	427752	437851
274	429296	439399
275	430839	440940
276	432383	442489
277	433931	444034
278	435477	445580
279	437021	447124
280	438566	448668
281	440111	450218
282	441658	451760
283	443202	453295
284	444747	454838
285	446291	456381
286	447835	457925
287	449378	459469
288	450922	461013
289	452466	462568
290	454009	464110
291	455553	465672
292	457099	467200
293	458643	468743
294	460186	470287
295	461730	471832
296	463274	473374
297	464817	474917
298	466361	476462
299	467904	478007
300	469450	479554
301	470993	481094
302	472537	482642
303	474081	484184
304	475632	485732
305	477175	487275
306	478718	488819
307	480262	490362
308	481805	491907
309	483349	493450
310	484893	494993
311	486436	496539
312	487980	498081
313	489523	499625
314	491067	501161
315	492611	502685
316	494156	504228
317	495700	505775
318	497244	507317
319	498788	508935
320	500361	510513
321	501926	512049
322	503493	513620
323	505059	515179
324	506632	516712
325	508180	518256
326	509728	519827
327	511269	521341
328	512810	522881
329	514351	524435
330	515892	525990
331	517435	527543
332	518983	529112
333	520538	530656
334	522083	532184
335	523625	533732
336	525174	535259
337	526717	536814
338	528258	538355
339	529799	539897
340	531341	541441
341	532883	542981
342	534424	544532
343	535965	546064
344	537506	547613
345	539048	549146
346	540589	550703
347	542146	552247
348	543689	553793
349	545234	555333
350	546775	556873
351	548316	558414
352	549857	559955
353	551397	561498
354	552938	563037
355	554479	564578
356	556020	566118
357	557561	567676
358	559104	569202
359	560644	570743
360	562185	572283
361	563726	573824
362	565267	575365
363	566807	576911
364	568350	578450
365	569891	579991
366	571432	581528
367	572974	583059
368	574515	584611
369	576056	586141
370	577603	587700
371	579153	589241
372	580694	590785
373	582237	592327
374	583779	593878
375	585321	595422
376	586863	596962
377	588404	598503
378	589945	600044
379	591486	601589
380	593029	603127
381	594570	604686
382	596121	606222
383	597665	607763
384	599205	609304
385	600746	610845
386	602287	612386
387	603828	613926
388	605369	615467
389	606909	617014
390	608456	618555
391	609997	620097
392	611538	621657
393	613079	623177
394	614620	624724
395	616168	626267
396	617711	627812
397	619255	629355
398	620796	630895
399	622338	632444
400	623879	633987
401	625420	635530
402	626971	637068
403	628511	638617
404	630052	640152
405	631594	641695
406	633136	643234
407	634676	644775
408	636217	646315
409	637758	647856
410	639299	649399
411	640841	650946
412	642384	652485
413	643925	654024
414	645466	655565
415	647007	657109
416	648551	658660
417	650092	660191
418	651633	661733
419	653175	663273
420	654715	664816
421	656257	666355
422	657798	667896
423	659338	669439
424	660879	670978
425	662420	672531
426	663962	674061
427	665503	675613
428	667047	677145
429	668588	678702
430	670145	680245
431	671686	681785
432	673227	683325
433	674768	684867
434	676309	686407
435	677850	687948
436	679391	689490
437	680932	691030
438	682473	692573
439	684014	694084
440	685555	695656
441	687098	697171
442	688639	698713
443	690180	700277
444	691723	701818
445	693264	703368
446	694812	704909
447	696353	706451
448	697894	708071
449	699451	709546
450	700997	711110
451	702537	712654
452	704074	714189
453	705612	715726
454	707149	717257
455	708686	718771
456	710223	720306
457	711761	721846
458	713299	723382
459	714836	724922
460	716376	726467
461	717913	727988
462	719456	729523
463	720994	731061
464	722533	732599
465	724071	734135
466	725608	735673
467	727146	737237
468	728683	738775
469	730221	740313
470	731759	741852
471	733297	743394
472	734839	744904
473	736377	746445
474	737915	748010
475	739452	749550
476	740992	751088
477	742530	752626
478	744067	754135
479	745606	755670
480	747144	757207
481	748682	758745
482	750219	760285
483	751757	761822
484	753296	763387
485	754834	764925
486	756372	766464
487	757909	768001
488	759447	769516
489	760985	771049
490	762523	772618
491	764061	774187
492	765601	775725
493	767138	777262
494	768675	778790
495	770212	780309
496	771752	781845
497	773290	783405
498	774827	784942
499	776365	786473
500	777902	787997
501	779440	789535
502	780977	791072
503	782515	792611
504	784052	794136
505	785593	795682
506	787135	797200
507	788674	798740
508	790214	800278
509	791752	801817
510	793291	803354
511	794828	804891
512	796366	806435
513	797904	807967
514	799442	809507
515	800980	811043
516	802518	812583
517	804056	814119
518	805594	815656
519	807131	817196
520	808669	818732
521	810207	820270
522	811745	821809
523	813283	823348
524	814823	824886
525	816360	826424
526	817898	827961
527	819436	829510
528	820978	831070
529	822517	832608
530	824054	834145
531	825592	835688
532	827130	837196
533	828668	838731
534	830205	840269
535	831742	841839
536	833280	843374
537	834817	844912
538	836354	846453
539	837891	847959
540	839433	849499
541	840971	851036
542	842511	852577
543	844050	854112
544	845588	855650
545	847125	857188
546	848663	858726
547	850200	860263
548	851738	861804
549	853276	863369
550	854814	864905
551	856352	866437
552	857889	867953
553	859427	869491
554	860965	871028
555	862503	872630
556	864042	874156
557	865579	875686
558	867118	877184
559	868657	878720
560	870195	880260
561	871732	881828
562	873270	883357
563	874807	884890
564	876344	886409
565	877883	887948
566	879421	889485
567	880959	891023
568	882497	892563
569	884036	894100
570	885574	895639
571	887114	897216
572	888653	898747
573	890191	900282
574	891728	901821
575	893266	903357
576	894803	904895
577	896341	906464
578	897877	907992
579	899414	909533
580	900951	911048
581	902489	912586
582	904026	914121
583	905563	915659
584	907102	917196
585	908639	918729
586	910183	920248
587	911722	921788
588	913263	923325
589	914800	924863
590	916337	926400
591	917875	927966
592	919412	929511
593	920954	931046
594	922492	932585
595	924030	934121
596	925567	935661
597	927107	937231
598	928644	938767
599	930181	940305
600	931718	941843
601	933256	943379
602	934793	944915
603	936330	946455
604	937869	947992
605	939406	949531
606	940942	951066
607	942480	952606
608	944017	954145
609	945554	955676
610	947091	957214
611	948627	958751
612	950165	960301
613	951701	961827
614	953239	963362
615	954776	964899
616	956313	966446
617	957850	967945
618	959387	969482
619	960924	971020
620	962463	972560
621	964001	974095
622	965538	975642
623	967075	977142
624	968613	978677
625	970151	980216
626	971689	981752
627	973227	983290
628	974764	984826
629	976302	986394
630	977840	987932
631	979378	989461
632	980916	990981
633	982454	992518
634	983992	994055
635	985531	995625
636	987071	997185
637	988608	998724
638	990145	1000229
639	991682	1001747
640	993221	1003284
641	994759	1004821
642	996296	1006390
643	997833	1007915
644	999370	1009462
645	1000907	1010972
646	1002447	1012512
647	1003984	1014047
648	1005522	1015613
649	1007059	1017151
650	1008596	1018678
651	1010134	1020199
652	1011673	1021737
653	1013211	1023273
654	1014749	1024870
655	1016286	1026407
656	1017822	1027934
657	1019359	1029457
658	1020901	1030996
659	1022440	1032535
660	1023978	1034099
661	1025515	1035636
662	1027052	1037147
663	1028590	1038712
664	1030127	1040250
665	1031664	1041789
666	1033202	1043300
667	1034739	1044838
668	1036278	1046375
669	1037815	1047912
670	1039352	1049476
671	1040915	1051042
672	1042456	1052560
673	1043995	1054095
674	1045532	1055632
675	1047069	1057169
676	1048607	1058707
677	1050146	1060242
678	1051683	1061778
679	1053221	1063313
680	1054757	1064849
681	1056293	1066386
682	1057829	1067922
683	1059366	1069472
684	1060904	1070968
685	1062443	1072508
686	1063980	1074041
687	1065517	1075579
688	1067054	1077115
689	1068590	1078651
690	1070127	1080194
691	1071664	1081727
692	1073202	1083264
693	1074738	1084799
694	1076275	1086337
695	1077812	1087873
696	1079349	1089410
697	1080885	1090955
698	1082428	1092491
699	1083965	1094030
700	1085505	1095568
701	1087042	1097105
702	1088580	1098643
703	1090118	1100180
704	1091655	1101718
705	1093193	1103254
706	1094729	1104790
707	1096266	1106330
708	1097803	1107870
709	1099346	1109407
710	1100883	1110945
711	1102421	1112484
712	1103958	1114020
713	1105495	1115557
714	1107032	1117093
715	1108568	1118635
716	1110110	1120172
717	1111647	1121710
718	1113185	1123246
719	1114721	1124783
720	1116258	1126319
721	1117795	1127856
722	1119331	1129426
723	1120872	1130966
724	1122410	1132493
725	1123947	1134009
726	1125484	1135546
727	1127020	1137082
728	1128557	1138648
729	1130094	1140215
730	1131630	1141753
731	1133167	1143264
732	1134709	1144799
733	1136246	1146328
734	1137783	1147846
735	1139320	1149413
736	1140856	1150954
737	1142393	1152488
738	1143930	1154023
739	1145466	1155551
740	1147002	1157083
741	1148538	1158602
742	1150076	1160138
743	1151613	1161676
744	1153150	1163212
745	1154687	1164748
746	1156224	1166285
747	1157761	1167824
748	1159300	1169362
749	1160837	1170899
750	1162375	1172437
751	1163912	1173977
752	1165452	1175514
753	1166989	1177050
754	1168526	1178588
755	1170063	1180127
756	1171600	1181663
757	1173138	1183200
758	1174674	1184736
759	1176212	1186273
760	1177748	1187838
761	1179285	1189375
762	1180822	1190904
763	1182360	1192425
764	1183899	1193961
765	1185437	1195501
766	1186974	1197067
767	1188511	1198604
768	1190047	1200131
769	1191583	1201649
770	1193123	1203185
771	1194660	1204721
772	1196197	1206258
773	1197733	1207795
774	1199270	1209331
775	1200807	1210869
776	1202344	1212406
777	1203882	1213943
778	1205418	1215480
779	1206955	1217018
780	1208494	1218556
781	1210031	1220092
782	1211568	1221633
783	1213108	1223169
784	1214645	1224706
785	1216182	1226243
786	1217718	1227784
787	1219255	1229317
788	1220791	1230861
789	1222333	1232397
790	1223870	1233933
791	1225407	1235470
792	1226943	1237007
793	1228480	1238542
794	1230017	1240079
795	1231554	1241619
796	1233094	1243187
797	1234632	1244723
798	1236169	1246262
799	1237706	1247796
800	1239243	1249333
801	1240779	1250870
802	1242317	1252408
803	1243854	1253967
804	1245390	1255504
805	1246926	1257021
806	1248463	1258557
807	1249999	1260092
808	1251535	1261630
809	1253072	1263165
810	1254609	1264690
811	1256145	1266228
812	1257683	1267746
813	1259221	1269310
814	1260758	1270848
815	1262296	1272385
816	1263833	1273923
817	1265369	1275465
818	1266906	1276996
819	1268443	1278571
820	1269987	1280110
821	1271523	1281648
822	1273060	1283228
823	1274597	1284726
824	1276140	1286271
825	1277676	1287807
826	1279212	1289331
827	1280748	1290876
828	1282291	1292460
829	1283874	1293997
830	1285412	1295536
831	1286948	1297069
832	1288486	1298606
833	1290023	1300141
834	1291559	1301702
835	1293120	1303242
836	1294657	1304777
837	1296193	1306314
838	1297729	1307850
839	1299265	1309386
840	1300801	1310896
841	1302338	1312437
842	1303875	1313970
843	1305414	1315510
844	1306951	1317043
845	1308487	1318580
846	1310023	1320090
847	1311562	1321627
848	1313102	1323164
849	1314639	1324700
850	1316176	1326237
851	1317713	1327774
852	1319250	1329310
853	1320786	1330855
854	1322328	1332392
855	1323865	1333956
856	1325402	1335493
857	1326939	1337021
858	1328476	1338542
859	1330016	1340076
860	1331553	1341616
861	1333090	1343183
862	1334627	1344748
863	1336163	1346284
864	1337699	1347783
865	1339238	1349300
866	1340775	1350836
867	1342313	1352375
868	1343849	1353942
869	1345386	1355480
870	1346922	1357006
871	1348458	1358522
872	1349996	1360057
873	1351533	1361596
874	1353071	1363135
875	1354610	1364671
876	1356147	1366208
877	1357684	1367745
878	1359221	1369282
879	1360758	1370820
880	1362295	1372357
881	1363833	1373894
882	1365370	1375439
883	1366907	1376968
884	1368444	1378514
885	1369981	1380045
886	1371518	1381583
887	1373056	1383120
888	1374593	1384656
889	1376130	1386193
890	1377667	1387731
891	1379206	1389267
892	1380742	1390805
893	1382280	1392342
894	1383817	1393880
895	1385356	1395446
896	1386892	1396984
897	1388430	1398521
898	1389967	1400057
899	1391504	1401596
900	1393041	1403133
901	1394579	1404703
902	1396117	1406230
903	1397653	1407765
904	1399190	1409283
905	1400726	1410820
906	1402263	1412358
907	1403801	1413894
908	1405338	1415422
909	1406874	1416955
910	1408410	1418475
911	1409949	1420010
912	1411486	1421549
913	1413024	1423085
914	1414561	1424625
915	1416101	1426162
916	1417638	1427699
917	1419175	1429236
918	1420712	1430781
919	1422253	1432315
920	1423790	1433853
921	1425327	1435388
922	1426864	1436928
923	1428403	1438465
924	1429940	1440003
925	1431477	1441541
926	1433015	1443076
927	1434552	1444615
928	1436090	1446162
929	1437634	1447697
930	1439171	1449232
931	1440708	1450770
932	1442246	1452307
933	1443783	1453843
934	1445319	1455380
935	1446856	1456916
936	1448393	1458459
937	1449929	1459991
938	1451466	1461530
939	1453004	1463065
940	1454541	1464603
941	1456078	1466139
942	1457615	1467676
943	1459151	1469214
944	1460688	1470750
945	1462226	1472287
946	1463762	1473824
947	1465299	1475360
948	1466836	1476897
949	1468373	1478434
950	1469909	1479970
951	1471446	1481516
952	1472984	1483045
953	1474521	1484613
954	1476060	1486152
955	1477599	1487689
956	1479136	1489199
957	1480672	1490734
958	1482210	1492272
959	1483747	1493837
960	1485285	1495408
961	1486823	1496944
962	1488360	1498479
963	1489896	1499988
964	1491434	1501528
965	1492972	1503062
966	1494509	1504630
967	1496045	1506139
968	1497583	1507705
969	1499121	1509242
970	1500658	1510779
971	1502195	1512316
972	1503731	1513852
973	1505267	1515388
974	1506803	1516924
975	1508339	1518462
976	1509876	1519998
977	1511414	1521542
978	1512951	1523072
979	1514487	1524599
980	1516023	1526144
981	1517559	1527680
982	1519097	1529218
983	1520633	1530759
984	1522172	1532294
985	1523709	1533822
986	1525245	1535366
987	1526781	1536902
988	1528317	1538439
989	1529853	1539975
990	1531389	1541512
991	1532925	1543047
992	1534461	1544586
993	1536000	1546121
994	1537536	1547657
995	1539072	1549193
996	1540608	1550729
997	1542144	1552258
998	1543681	1553774
999	1545217	1555308
1000	1546752	1556845
1001	1548288	1558380
1002	1549824	1559917
1003	1551360	1561460
1004	1552897	1562961
1005	1554435	1564498
1006	1555972	1566032
1007	1557508	1567570
1008	1559045	1569108
1009	1560584	1570650
1010	1562125	1572187
1011	1563662	1573723
1012	1565199	1575259
1013	1566735	1576799
1014	1568272	1578333
1015	1569808	1579872
1016	1571345	1581410
1017	1572882	1582950
1018	1574419	1584483
1019	1575956	1586017
1020	1577493	1587554
1021	1579029	1589090
1022	1580566	1590641
1023	1582113	1592176
1024	1583651	1593733
1025	1585191	1595253
1026	1586727	1596789
1027	1588264	1598325
1028	1589800	1599861
1029	1591337	1601398
1030	1592874	1602936
1031	1594411	1604472
1032	1595947	1606008
1033	1597484	1607546
1034	1599021	1609082
1035	1600557	1610618
1036	1602099	1612161
1037	1603636	1613697
1038	1605173	1615234
1039	1606709	1616770
1040	1608246	1618308
1041	1609784	1619845
1042	1611321	1621384
1043	1612858	1622920
1044	1614395	1624460
1045	1615932	1625992
1046	1617469	1627530
1047	1619005	1629066
1048	1620542	1630639
1049	1622083	1632174
1050	1623620	1633683
1051	1625157	1635246
1052	1626694	1636783
1053	1628230	1638310
1054	1629767	1639888
1055	1631303	1641425
1056	1632839	1642956
1057	1634378	1644471
1058	1635916	1646037
1059	1637451	1647566
1060	1638987	1649093
1061	1640526	1650624
1062	1642066	1652163
1063	1643606	1653701
1064	1645145	1655241
1065	1646685	1656780
1066	1648224	1658320
1067	1649764	1659859
1068	1651303	1661399
1069	1652843	1662939
1070	1654382	1664479
1071	1655922	1666020
1072	1657462	1667561
1073	1659004	1669100
1074	1660544	1670641
1075	1662083	1672180
1076	1663623	1673719
1077	1665163	1675258
1078	1666703	1676798
1079	1668242	1678337
1080	1669782	1679878
1081	1671322	1681420
1082	1672862	1682958
1083	1674401	1684499
1084	1675941	1686037
1085	1677481	1687552
1086	1679021	1689088
1087	1680563	1690663
1088	1682108	1692206
1089	1683649	1693745
1090	1685189	1695273
1091	1686735	1696802
1092	1688275	1698350
1093	1689816	1699913
1094	1691356	1701428
1095	1692896	1702965
1096	1694436	1704508
1097	1695976	1706061
1098	1697517	1707614
1099	1699060	1709164
1100	1700605	1710694
1101	1702146	1712233
1102	1703687	1713774
1103	1705227	1715315
1104	1706768	1716865
1105	1708318	1718405
1106	1709859	1719925
1107	1711399	1721467
1108	1712939	1723005
1109	1714479	1724545
1110	1716019	1726084
1111	1717559	1727626
1112	1719101	1729168
1113	1720642	1730719
1114	1722218	1732289
1115	1723761	1733849
1116	1725303	1735372
1117	1726844	1736944
1118	1728386	1738485
1119	1729928	1740026
1120	1731469	1741543
1121	1733013	1743109
1122	1734552	1744652
1123	1736097	1746196
1124	1737636	1747732
1125	1739176	1749272
1126	1740716	1750814
1127	1742257	1752355
1128	1743797	1753894
1129	1745337	1755443
1130	1746877	1756973
1131	1748417	1758521
1132	1749956	1760053
1133	1751497	1761595
1134	1753036	1763132
1135	1754576	1764674
1136	1756117	1766215
1137	1757659	1767755
1138	1759198	1769294
1139	1760738	1770835
1140	1762278	1772374
1141	1763817	1773913
1142	1765357	1775453
1143	1766896	1776992
1144	1768436	1778535
1145	1769976	1780072
1146	1771515	1781614
1147	1773055	1783151
1148	1774594	1784691
1149	1776134	1786219
1150	1777674	1787759
1151	1779213	1789298
1152	1780752	1790840
1153	1782294	1792380
1154	1783834	1793920
1155	1785374	1795460
1156	1786913	1796999
1157	1788453	1798550
1158	1789993	1800089
1159	1791532	1801630
1160	1793072	1803170
1161	1794612	1804708
1162	1796151	1806247
1163	1797691	1807787
1164	1799231	1809327
1165	1800771	1810867
1166	1802311	1812417
1167	1803850	1813947
1168	1805390	1815488
1169	1806931	1817027
1170	1808471	1818568
1171	1810011	1820108
1172	1811550	1821623
1173	1813090	1823157
1174	1814631	1824695
1175	1816170	1826235
1176	1817710	1827775
1177	1819250	1829315
1178	1820789	1830875
1179	1822346	1832413
1180	1823888	1833986
1181	1825430	1835531
1182	1826971	1837069
1183	1828513	1838612
1184	1830054	1840157
1185	1831599	1841697
1186	1833141	1843236
1187	1834681	1844775
1188	1836220	1846314
1189	1837760	1847855
1190	1839299	1849395
1191	1840839	1850908
1192	1842380	1852454
1193	1843928	1853993
1194	1845468	1855554
1195	1847007	1857093
1196	1848547	1858633
1197	1850087	1860174
1198	1851628	1861728
1199	1853170	1863268
1200	1854712	1864809
1201	1856253	1866351
1202	1857792	1867888
1203	1859332	1869427
1204	1860871	1870967
1205	1862412	1872482
1206	1863951	1874048
1207	1865491	1875588
1208	1867031	1877127
1209	1868571	1878675
1210	1870113	1880209
1211	1871652	1881777
1212	1873217	1883315
1213	1874757	1884855
1214	1876299	1886394
1215	1877839	1887934
1216	1879379	1889475
1217	1880919	1891014
1218	1882458	1892556
1219	1883998	1894093
1220	1885538	1895633
1221	1887078	1897174
1222	1888617	1898713
1223	1890157	1900253
1224	1891696	1901793
1225	1893236	1903331
1226	1894776	1904888
1227	1896315	1906413
1228	1897855	1907950
1229	1899394	1909492
1230	1900936	1911034
1231	1902476	1912573
1232	1904015	1914111
1233	1905555	1915652
1234	1907098	1917194
1235	1908637	1918733
1236	1910177	1920274
1237	1911719	1921821
1238	1913259	1923352
1239	1914798	1924883
1240	1916338	1926421
1241	1917878	1927960
1242	1919417	1929508
1243	1920957	1931053
1244	1922508	1932594
1245	1924049	1934133
1246	1925590	1935684
1247	1927130	1937198
1248	1928670	1938737
1249	1930210	1940285
1250	1931749	1941812
1251	1933289	1943349
1252	1934829	1944889
1253	1936368	1946455
1254	1937933	1948000
1255	1939479	1949545
1256	1941025	1951085
1257	1942565	1952662
1258	1944107	1954199
1259	1945647	1955742
1260	1947187	1957279
1261	1948728	1958819
1262	1950268	1960359
1263	1951808	1961897
1264	1953346	1963444
1265	1954884	1964972
1266	1956422	1966521
1267	1957960	1968050
1268	1959499	1969588
1269	1961037	1971126
1270	1962575	1972667
1271	1964115	1974194
1272	1965653	1975731
1273	1967191	1977269
1274	1968728	1978817
1275	1970267	1980355
1276	1971805	1981898
1277	1973345	1983444
1278	1974883	1984972
1279	1976421	1986517
1280	1977959	1988048
1281	1979497	1989587
1282	1981035	1991124
1283	1982573	1992664
1284	1984113	1994202
1285	1985651	1995740
1286	1987189	1997278
1287	1988727	1998815
1288	1990265	2000354
1289	1991803	2001893
1290	1993341	2003439
1291	1994879	2004968
1292	1996418	2006518
1293	1997959	2008047
1294	1999497	2009586
1295	2001035	2011124
1296	2002574	2012666
1297	2004114	2014203
1298	2005652	2015740
1299	2007190	2017279
1300	2008728	2018817
1301	2010266	2020355
1302	2011804	2021868
1303	2013342	2023401
1304	2014881	2024939
1305	2016419	2026484
1306	2017957	2028016
1307	2019496	2029590
1308	2021034	2031142
1309	2022589	2032698
1310	2024145	2034237
1311	2025685	2035776
1312	2027225	2037315
1313	2028765	2038853
1314	2030303	2040391
1315	2031842	2041922
1316	2033380	2043459
1317	2034919	2045011
1318	2036457	2046555
1319	2037997	2048089
1320	2039535	2049623
1321	2041073	2051161
1322	2042612	2052682
1323	2044159	2054217
1324	2045697	2055788
1325	2047237	2057324
1326	2048775	2058862
1327	2050314	2060404
1328	2051853	2061945
1329	2053394	2063485
1330	2054933	2065014
1331	2056473	2066552
1332	2058011	2068091
1333	2059550	2069614
1334	2061090	2071149
1335	2062632	2072691
1336	2064170	2074228
1337	2065709	2075767
1338	2067247	2077306
1339	2068785	2078897
1340	2070345	2080438
1341	2071885	2081969
1342	2073426	2083496
1343	2074965	2085027
1344	2076506	2086567
1345	2078045	2088134
1346	2079583	2089771
1347	2081123	2091215
1348	2082663	2092758
1349	2084203	2094294
1350	2085743	2095833
1351	2087283	2097371
1352	2088821	2098909
1353	2090359	2100448
1354	2091897	2101987
1355	2093435	2103529
1356	2094976	2105065
1357	2096514	2106611
1358	2098052	2108145
1359	2099593	2109697
1360	2101147	2111235
1361	2102685	2112775
1362	2104223	2114312
1363	2105761	2115851
1364	2107299	2117387
1365	2108837	2118925
1366	2110376	2120464
1367	2111914	2121977
1368	2113452	2123512
1369	2114990	2125048
1370	2116528	2126587
1371	2118066	2128126
1372	2119606	2129703
1373	2121153	2131261
1374	2122707	2132799
1375	2124248	2134328
1376	2125787	2135878
1377	2127327	2137390
1378	2128867	2138924
1379	2130404	2140494
1380	2131942	2142032
1381	2133480	2143571
1382	2135018	2145107
1383	2136556	2146660
1384	2138099	2148190
1385	2139639	2149727
1386	2141177	2151266
1387	2142715	2152806
1388	2144255	2154343
1389	2145793	2155881
1390	2147331	2157419
1391	2148869	2158957
1392	2150407	2160496
1393	2151945	2162034
1394	2153483	2163573
1395	2155021	2165110
1396	2156559	2166661
1397	2158100	2168188
1398	2159638	2169727
1399	2161176	2171265
1400	2162714	2172808
1401	2164257	2174349
1402	2165798	2175887
1403	2167336	2177426
1404	2168876	2178965
1405	2170414	2180504
1406	2171952	2182043
1407	2173491	2183581
1408	2175029	2185118
1409	2176567	2186674
1410	2178115	2188203
1411	2179653	2189742
1412	2181191	2191281
1413	2182729	2192819
1414	2184268	2194356
1415	2185806	2195895
1416	2187344	2197442
1417	2188882	2198972
1418	2190420	2200517
1419	2191958	2202050
1420	2193498	2203588
1421	2195036	2205125
1422	2196574	2206681
1423	2198123	2208211
1424	2199660	2209749
1425	2201198	2211288
1426	2202737	2212826
1427	2204275	2214363
1428	2205813	2215902
1429	2207351	2217440
1430	2208889	2218978
1431	2210427	2220523
1432	2211965	2222029
1433	2213503	2223563
1434	2215042	2225100
1435	2216580	2226658
1436	2218130	2228188
1437	2219668	2229756
1438	2221206	2231297
1439	2222744	2232837
1440	2224285	2234375
1441	2225824	2235915
1442	2227364	2237455
1443	2228904	2238993
1444	2230442	2240533
1445	2231980	2242070
1446	2233518	2243608
1447	2235056	2245147
1448	2236594	2246703
1449	2238150	2248239
1450	2239688	2249777
1451	2241225	2251317
1452	2242766	2252855
1453	2244304	2254392
1454	2245842	2255930
1455	2247380	2257469
1456	2248918	2259006
1457	2250456	2260545
1458	2251994	2262084
1459	2253532	2263621
1460	2255070	2265159
1461	2256608	2266705
1462	2258154	2268243
1463	2259692	2269780
1464	2261230	2271320
1465	2262768	2272857
1466	2264306	2274394
1467	2265844	2275934
1468	2267383	2277472
1469	2268921	2279010
1470	2270459	2280548
1471	2271997	2282088
1472	2273535	2283625
1473	2275074	2285162
1474	2276612	2286680
1475	2278158	2288246
1476	2279696	2289789
1477	2281236	2291325
1478	2282774	2292864
1479	2284312	2294401
1480	2285850	2295940
1481	2287389	2297481
1482	2288929	2299017
1483	2290467	2300559
1484	2292007	2302097
1485	2293545	2303636
1486	2295084	2305173
1487	2296622	2306719
1488	2298168	2308256
1489	2299706	2309794
1490	2301243	2311332
1491	2302782	2312871
1492	2304320	2314408
1493	2305858	2315946
1494	2307396	2317484
1495	2308933	2319023
1496	2310472	2320561
1497	2312010	2322073
1498	2313548	2323607
1499	2315086	2325146
1500	2316632	2326690
1501	2318170	2328236
1502	2319716	2329805
1503	2321254	2331345
1504	2322792	2332886
1505	2324333	2334424
1506	2325873	2335963
1507	2327413	2337475
1508	2328952	2339041
1509	2330491	2340580
1510	2332029	2342108
1511	2333567	2343658
1512	2335108	2345196
1513	2336646	2346736
1514	2338185	2348274
1515	2339723	2349815
1516	2341264	2351353
1517	2342802	2352869
1518	2344340	2354402
1519	2345878	2355940
1520	2347416	2357486
1521	2348955	2359016
1522	2350493	2361061
1523	2352031	2362095
1524	2353571	2363636
1525	2355112	2365664
1526	2357113	2367201
1527	2358651	2368738
1528	2360190	2370277
1529	2361730	2371847
1530	2363269	2373331
1531	2364807	2374899
1532	2366347	2376425
1533	2367886	2377948
1534	2369425	2379494
1535	2370964	2381025
1536	2372502	2382570
1537	2374042	2384190
1538	2375594	2385686
1539	2377135	2387211
1540	2378673	2388730
1541	2380209	2390264
1542	2381744	2391830
1543	2383280	2393364
1544	2384816	2394891
1545	2386351	2396408
1546	2387888	2397945
1547	2389423	2399483
1548	2390962	2401045
1549	2392498	2402586
1550	2394031	2404107
1551	2395565	2405656
1552	2397101	2407184
1553	2398636	2408722
1554	2400174	2410257
1555	2401709	2411824
1556	2403244	2413330
1557	2404779	2414891
1558	2406313	2416424
1559	2407846	2417932
1560	2409380	2419468
1561	2410914	2421000
1562	2412448	2422534
1563	2413982	2424069
1564	2415517	2425610
1565	2417051	2427113
1566	2418586	2428658
1567	2420130	2430185
1568	2421665	2431726
1569	2423204	2433259
1570	2424739	2434794
1571	2426275	2436328
1572	2427810	2437864
1573	2429345	2439400
1574	2430880	2440936
1575	2432416	2442470
1576	2433950	2444005
1577	2435485	2445540
1578	2437021	2447076
1579	2438556	2448623
1580	2440093	2450148
1581	2441628	2451685
1582	2443164	2453219
1583	2444700	2454754
1584	2446235	2456287
1585	2447769	2457831
1586	2449303	2459360
1587	2450838	2460895
1588	2452374	2462427
1589	2453908	2463991
1590	2455444	2465529
1591	2456979	2467062
1592	2458514	2468595
1593	2460047	2470136
1594	2461588	2471674
1595	2463124	2473210
1596	2464662	2474766
1597	2466195	2476298
1598	2467729	2477814
1599	2469262	2479347
1600	2470795	2480882
1601	2472329	2482416
1602	2473863	2483948
1603	2475397	2485472
1604	2476930	2487003
1605	2478463	2488518
1606	2479998	2490053
1607	2481533	2491589
1608	2483069	2493124
1609	2484603	2494667
1610	2486147	2496201
1611	2487682	2497739
1612	2489219	2499273
1613	2490754	2500810
1614	2492290	2502343
1615	2493824	2503879
1616	2495359	2505414
1617	2496894	2506949
1618	2498430	2508483
1619	2499964	2510019
1620	2501499	2511554
1621	2503035	2513090
1622	2504571	2514642
1623	2506114	2516168
1624	2507649	2517703
1625	2509184	2519240
1626	2510720	2520776
1627	2512255	2522310
1628	2513791	2523846
1629	2515326	2525380
1630	2516861	2526915
1631	2518397	2528461
1632	2519931	2529989
1633	2521466	2531524
1634	2523001	2533060
1635	2524539	2534606
1636	2526073	2536136
1637	2527608	2537663
1638	2529144	2539198
1639	2530678	2540735
1640	2532214	2542267
1641	2533748	2543803
1642	2535283	2545338
1643	2536818	2546875
1644	2538356	2548408
1645	2539889	2549944
1646	2541424	2551481
1647	2542960	2553025
1648	2544495	2554577
1649	2546029	2556111
1650	2547564	2557636
1651	2549105	2559162
1652	2550641	2560701
1653	2552180	2562243
1654	2553723	2563837
1655	2555257	2565372
1656	2556791	2566896
1657	2558324	2568408
1658	2559859	2569943
1659	2561394	2571492
1660	2562934	2573024
1661	2564470	2574560
1662	2566008	2576096
1663	2567546	2577634
1664	2569083	2579172
1665	2570620	2580716
1666	2572165	2582254
1667	2573702	2583790
1668	2575239	2585327
1669	2576776	2586865
1670	2578313	2588401
1671	2579850	2589941
1672	2581389	2591479
1673	2582926	2593015
1674	2584464	2594553
1675	2586001	2596091
1676	2587540	2597628
1677	2589077	2599165
1678	2590615	2600712
1679	2592160	2602248
1680	2593697	2603785
1681	2595234	2605322
1682	2596772	2606860
1683	2598309	2608398
1684	2599846	2609934
1685	2601383	2611472
1686	2602920	2613008
1687	2604457	2614546
1688	2605994	2616082
1689	2607531	2617619
1690	2609068	2619156
1691	2610605	2620705
1692	2612153	2622215
1693	2613690	2623748
1694	2615227	2625284
1695	2616764	2626822
1696	2618301	2628358
1697	2619838	2629896
1698	2621375	2631464
1699	2622912	2633006
1700	2624452	2634543
1701	2625991	2636081
1702	2627530	2637619
1703	2629068	2639158
1704	2630607	2640705
1705	2632153	2642241
1706	2633690	2643779
1707	2635227	2645317
1708	2636766	2646855
1709	2638303	2648391
1710	2639840	2649930
1711	2641379	2651468
1712	2642916	2653005
1713	2644453	2654542
1714	2645991	2656079
1715	2647528	2657616
1716	2649065	2659156
1717	2650604	2660702
1718	2652150	2662238
1719	2653687	2663775
1720	2655224	2665313
1721	2656761	2666849
1722	2658298	2668387
1723	2659835	2669925
1724	2661374	2671464
1725	2662911	2672973
1726	2664449	2674510
1727	2665986	2676074
1728	2667523	2677611
1729	2669060	2679152
1730	2670602	2680691
1731	2672148	2682227
1732	2673685	2683767
1733	2675224	2685316
1734	2676766	2686845
1735	2678304	2688381
1736	2679841	2689929
1737	2681378	2691467
1738	2682915	2693003
1739	2684452	2694544
1740	2685992	2696079
1741	2687529	2697723
1742	2689066	2699126
1743	2690603	2700670
1744	2692148	2702206
1745	2693685	2703743
1746	2695223	2705280
1747	2696760	2706819
1748	2698298	2708396
1749	2699841	2709932
1750	2701382	2711473
1751	2702921	2713010
1752	2704460	2714550
1753	2705999	2716080
1754	2707538	2717614
1755	2709075	2719154
1756	2710615	2720684
1757	2712161	2722251
1758	2713698	2723787
1759	2715235	2725325
1760	2716774	2726851
1761	2718311	2728369
1762	2719849	2729938
1763	2721387	2731467
1764	2722925	2732987
1765	2724464	2734523
1766	2726001	2736062
1767	2727538	2737627
1768	2729076	2739164
1769	2730615	2740712
1770	2732162	2742253
1771	2733701	2743793
1772	2735241	2745331
1773	2736779	2746870
1774	2738317	2748407
1775	2739855	2749944
1776	2741392	2751484
1777	2742931	2753019
1778	2744468	2754556
1779	2746005	2756093
1780	2747542	2757648
1781	2749079	2759167
1782	2750616	2760715
1783	2752161	2762250
1784	2753699	2763787
1785	2755236	2765324
1786	2756773	2766834
1787	2758310	2768373
1788	2759849	2769911
1789	2761386	2771446
1790	2762923	2772981
1791	2764460	2774518
1792	2765997	2776055
1793	2767534	2777592
1794	2769071	2779133
1795	2770611	2780680
1796	2772159	2782220
1797	2773698	2783788
1798	2775237	2785326
1799	2776776	2786865
1800	2778315	2788403
1801	2779853	2789942
1802	2781392	2791483
1803	2782931	2793021
1804	2784470	2794558
1805	2786008	2796096
1806	2787545	2797622
1807	2789081	2799140
1808	2790619	2800685
1809	2792164	2802250
1810	2793701	2803787
1811	2795237	2805329
1812	2796776	2806863
1813	2798313	2808403
1814	2799852	2809941
1815	2801391	2811482
1816	2802930	2812990
1817	2804467	2814527
1818	2806005	2816062
1819	2807542	2817631
1820	2809081	2819168
1821	2810618	2820714
1822	2812163	2822242
1823	2813701	2823762
1824	2815238	2825302
1825	2816778	2826836
1826	2818315	2828372
1827	2819853	2829910
1828	2821389	2831448
1829	2822927	2832993
1830	2824467	2834531
1831	2826006	2836071
1832	2827546	2837617
1833	2829085	2839180
1834	2830624	2840705
1835	2832170	2842236
1836	2833711	2843780
1837	2835252	2845314
1838	2836789	2846856
1839	2838330	2848392
1840	2839867	2850023
1841	2841456	2851550
1842	2843012	2853078
1843	2844553	2854622
1844	2846092	2856185
1845	2847636	2857714
1846	2849176	2859239
1847	2850714	2860797
1848	2852263	2862325
1849	2853800	2863862
1850	2855337	2865398
1851	2856874	2866985
1852	2858433	2868507
1853	2859973	2870038
1854	2861513	2871576
1855	2863052	2873333
1856	2864613	2874682
1857	2866156	2876226
1858	2867692	2877766
1859	2869235	2879297
1860	2870772	2880865
1861	2872313	2882437
1862	2873878	2884013
1863	2875444	2885541
1864	2876985	2887075
1865	2878524	2888596
1866	2880071	2890130
1867	2881608	2891689
1868	2883156	2893236
1869	2884695	2894784
1870	2886233	2896322
1871	2887771	2897861
1872	2889309	2899398
1873	2890848	2900938
1874	2892387	2902475
1875	2893924	2904011
1876	2895462	2905551
1877	2896999	2907086
1878	2898536	2908623
1879	2900073	2910160
1880	2901610	2911698
1881	2903147	2913235
1882	2904684	2914772
1883	2906221	2916310
1884	2907760	2917848
1885	2909297	2919384
1886	2910834	2920922
1887	2912371	2922461
1888	2913908	2923996
1889	2915445	2925535
1890	2916982	2927069
1891	2918519	2928607
1892	2920056	2930143
1893	2921597	2931686
1894	2923134	2933226
1895	2924673	2934762
1896	2926210	2936298
1897	2927747	2937835
1898	2929284	2939372
1899	2930821	2940912
1900	2932360	2942451
1901	2933897	2943985
1902	2935434	2945522
1903	2936971	2947059
1904	2938508	2948596
1905	2940045	2950133
1906	2941582	2951672
1907	2943121	2953209
1908	2944657	2954747
1909	2946194	2956282
1910	2947731	2957819
1911	2949268	2959356
1912	2950805	2960894
1913	2952343	2962440
1914	2953880	2963957
1915	2955417	2965506
1916	2956955	2967033
1917	2958492	2968580
1918	2960029	2970117
1919	2961566	2971657
1920	2963105	2973193
1921	2964642	2974730
1922	2966179	2976267
1923	2967716	2977804
1924	2969253	2979341
1925	2970790	2980880
1926	2972327	2982417
1927	2973864	2983942
1928	2975401	2985479
1929	2976938	2987015
1930	2978475	2988554
1931	2980012	2990091
1932	2981550	2991629
1933	2983088	2993205
1934	2984624	2994731
1935	2986161	2996268
1936	2987698	2997804
1937	2989235	2999341
1938	2990772	3000878
1939	2992309	3002426
1940	2993847	3003963
1941	2995383	3005501
1942	2996920	3007037
1943	2998457	3008574
1944	2999993	3010111
1945	3001530	3011648
1946	3003068	3013183
1947	3004605	3014721
1948	3006143	3016257
1949	3007680	3017795
1950	3009217	3019331
1951	3010754	3020855
1952	3012291	3022426
1953	3013828	3023908
1954	3015365	3025442
1955	3016902	3026978
1956	3018438	3028516
1957	3019975	3030051
1958	3021512	3031589
1959	3023048	3033157
1960	3024587	3034694
1961	3026124	3036230
1962	3027661	3037776
1963	3029197	3039316
1964	3030737	3040852
1965	3032274	3042390
1966	3033812	3043927
1967	3035349	3045464
1968	3036886	3047001
1969	3038423	3048548
1970	3039960	3050077
1971	3041497	3051625
1972	3043035	3053149
1973	3044572	3054698
1974	3046118	3056233
1975	3047655	3057770
1976	3049193	3059308
1977	3050730	3060845
1978	3052267	3062388
1979	3053805	3063894
1980	3055344	3065441
1981	3056881	3066967
1982	3058418	3068512
1983	3059955	3070041
1984	3061492	3071581
1985	3063030	3073117
1986	3064567	3074655
1987	3066107	3076193
1988	3067644	3077723
1989	3069181	3079256
1990	3070718	3080777
1991	3072255	3082343
1992	3073792	3083878
1993	3075329	3085415
1994	3076866	3086923
1995	3078403	3088463
1996	3079942	3090003
1997	3081483	3091540
1998	3083020	3093095
1999	3084557	3094634
2000	3086097	3096173
