1	0	10659
2	1793	12027
3	8110	18724
4	9803	19966
5	11437	21625
6	13104	23233
7	14737	25083
8	16500	26731
9	18190	28448
10	19892	30025
11	21546	31618
12	23147	33228
13	24753	34825
14	26354	36424
15	27954	38027
16	29557	39626
17	31157	41227
18	32757	42826
19	34357	44428
20	35958	46028
21	37558	47629
22	39159	49229
23	40759	50829
24	42359	52430
25	43960	54031
26	45561	55633
27	47163	57233
28	48763	58834
29	50363	60433
30	51963	62033
31	53563	63633
32	55163	65234
33	56764	66834
34	58364	68434
35	59972	70045
36	61573	71644
37	63174	73244
38	64774	74845
39	66375	76453
40	67983	78054
41	69583	79654
42	71184	81256
43	72786	82856
44	74386	84460
45	75990	86061
46	77590	87663
47	79193	89263
48	80793	90863
49	82393	92464
50	83994	94065
51	85595	95665
52	87195	97266
53	88797	98870
54	90397	100467
55	91997	102067
56	93597	103667
57	95198	105269
58	96799	106869
59	98399	108471
60	100001	110071
61	101601	111671
62	103201	113273
63	104801	114872
64	106402	116473
65	108002	118072
66	109603	119673
67	111203	121274
68	112803	122875
69	114403	124474
70	116004	126074
71	117604	127674
72	119204	129274
73	120804	130874
74	122404	132474
75	124004	134079
76	125609	135682
77	127211	137281
78	128811	138886
79	130416	140486
80	132017	142086
81	133617	143686
82	135217	145292
83	136818	146896
84	138421	148492
85	140022	150092
86	141622	151692
87	143222	153292
88	144822	154895
89	146425	156504
90	148029	158098
91	149629	159699
92	151231	161299
93	152832	162907
94	154433	164502
95	156034	166102
96	157634	167701
97	159234	169324
98	160835	170941
99	162437	172541
100	164037	174142
101	165638	175742
102	167238	177343
103	168839	178944
104	170440	180544
105	172040	182145
106	173641	183747
107	175243	185350
108	176846	186951
109	178446	188552
110	180048	190153
111	181649	191756
112	183249	193354
113	184850	194955
114	186451	196556
115	188060	198164
116	189660	199765
117	191261	201365
118	192861	202966
119	194462	204568
120	196063	206168
121	197664	207768
122	199264	209369
123	200865	210971
124	202468	212573
125	204068	214176
126	205670	215776
127	207270	217376
128	208871	218976
129	210472	220578
130	212073	222210
131	213674	223754
132	215275	225346
133	216876	226945
134	218476	228546
135	220077	230168
136	221678	231764
137	223282	233358
138	224887	234959
139	226492	236576
140	228099	238174
141	229705	239775
142	231308	241378
143	232911	243002
144	234512	244604
145	236114	246204
146	237715	247821
147	239316	249421
148	240918	251023
149	242519	252624
150	244120	254226
151	245722	255827
152	247323	257429
153	248925	259030
154	250526	260631
155	252127	262234
156	253731	263836
157	255332	265444
158	256940	267056
159	258550	268656
160	260152	270258
161	261755	271860
162	263355	273460
163	264956	275062
164	266558	276663
165	268159	278263
166	269759	279864
167	271360	281465
168	272961	283065
169	274561	284668
170	276164	286269
171	277765	287873
172	279369	289474
173	280970	291074
174	282570	292675
175	284171	294276
176	285772	295877
177	287373	297478
178	288973	299078
179	290574	300679
180	292175	302279
181	293776	303883
182	295376	305482
183	296977	307082
184	298578	308683
185	300178	310284
186	301779	311885
187	303380	313495
188	304982	315089
189	306584	316690
190	308185	318290
191	309785	319890
192	311386	321458
193	312987	324043
194	314588	325451
195	316190	326268
196	317791	327862
197	319391	329462
198	320992	331067
199	322598	332692
200	324198	334281
201	325802	335887
202	327413	337484
203	329015	339097
204	330621	340690
205	332222	342290
206	333822	343898
207	335430	345499
208	337030	347121
209	338631	348721
210	340232	350337
211	341832	351939
212	343435	353540
213	345036	355142
214	346637	356742
215	348237	358343
216	349838	359945
217	351440	361545
218	353041	363145
219	354641	364751
220	356247	366353
221	357848	367953
222	359448	369553
223	361049	371154
224	362649	372755
225	364250	374355
226	365851	375957
227	367452	377556
228	369052	379157
229	370653	380758
230	372254	382359
231	373855	383962
232	375458	385563
233	377059	387164
234	378660	388766
235	380262	390369
236	381865	391971
237	383466	393571
238	385067	395173
239	386668	396784
240	388269	398374
241	389870	399975
242	391471	401576
243	393071	403176
244	394672	404778
245	396273	406378
246	397874	407979
247	399474	409579
248	401075	411180
249	402675	412780
250	404276	414382
251	405877	415984
252	407480	417585
253	409081	419185
254	410681	420787
255	412282	422387
256	413883	423982
257	415484	425576
258	417085	427176
259	418686	428777
260	420286	430377
261	421887	431977
262	423487	433579
263	425090	435180
264	426691	436789
265	428292	438397
266	429894	439999
267	431495	441602
268	433098	443203
269	434699	444804
270	436300	446405
271	437900	448005
272	439501	449610
273	441101	451209
274	442702	452806
275	444302	454407
276	445903	456008
277	447504	457612
278	449109	459215
279	450712	460816
280	452313	462416
281	453913	464020
282	455515	465620
283	457116	467223
284	458719	468824
285	460319	470424
286	461920	472025
287	463521	473625
288	465122	475227
289	466724	476828
290	468324	478429
291	469925	480030
292	471525	481629
293	473126	483230
294	474726	484833
295	476329	486434
296	477930	488037
297	479532	489637
298	481133	491237
299	482733	492841
300	484336	494442
301	485938	496044
302	487539	497646
303	489139	499244
304	490740	500844
305	492340	502445
306	493941	504051
307	495542	505647
308	497143	507248
309	498744	508849
310	500345	510450
311	501946	512053
312	503546	513651
313	505147	515255
314	506748	516854
315	508349	518456
316	509951	520057
317	511552	521658
318	513153	523259
319	514754	524880
320	516382	526478
321	518009	528100
322	519634	529725
323	521259	531348
324	522882	532970
325	524503	534597
326	526129	536196
327	527728	537830
328	529326	539431
329	530926	541030
330	532525	542626
331	534123	544231
332	535723	545805
333	537329	547432
334	538928	549029
335	540526	550626
336	542124	552225
337	543721	553824
338	545320	555423
339	546919	557020
340	548516	558619
341	550114	560216
342	551712	561813
343	553310	563411
344	554907	565010
345	556506	566607
346	558103	568205
347	559701	569805
348	561301	571403
349	562898	573000
350	564496	574599
351	566094	576196
352	567692	577793
353	569289	579391
354	570887	580988
355	572484	582586
356	574082	584187
357	575682	585784
358	577280	587382
359	578877	588980
360	580476	590578
361	582074	592176
362	583672	593774
363	585270	595375
364	586870	596973
365	588468	598571
366	590066	600168
367	591664	601766
368	593261	603364
369	594859	604963
370	596458	606535
371	598057	608133
372	599654	609720
373	601252	611317
374	602849	612914
375	604447	614513
376	606044	616109
377	607642	617708
378	609239	619305
379	610837	620942
380	612438	622540
381	614035	624138
382	615634	625738
383	617234	627322
384	618832	628913
385	620432	630533
386	622030	632131
387	623627	633717
388	625227	635315
389	626825	636926
390	628430	638519
391	630029	640135
392	631627	641729
393	633224	643327
394	634822	644928
395	636423	646527
396	638022	648102
397	639621	649725
398	641218	651316
399	642815	652915
400	644415	654493
401	646014	656126
402	647621	657723
403	649219	659320
404	650816	660923
405	652416	662518
406	654013	664116
407	655611	665714
408	657209	667310
409	658806	668918
410	660404	670505
411	662001	672109
412	663601	673702
413	665198	675301
414	666796	676917
415	668394	678505
416	670000	680102
417	671598	681700
418	673196	683284
419	674793	684884
420	676393	686485
421	677990	688080
422	679590	689697
423	681188	691301
424	682785	692898
425	684383	694494
426	685981	696092
427	687580	697662
428	689180	699280
429	690788	700879
430	692399	702544
431	694037	704148
432	695652	705757
433	697250	707354
434	698848	708928
435	700447	710525
436	702045	712117
437	703643	713723
438	705241	715323
439	706842	716931
440	708454	718528
441	710053	720140
442	711653	721730
443	713252	723359
444	714856	724947
445	716457	726542
446	718066	728157
447	719665	729760
448	721269	731358
449	722867	732986
450	724489	734610
451	726108	736188
452	727707	737881
453	729357	739439
454	730958	741077
455	732578	742656
456	734178	744251
457	735777	745845
458	737376	747477
459	738973	749092
460	740574	750676
461	742173	752272
462	743770	753870
463	745368	755471
464	746966	757084
465	748564	758667
466	750162	760264
467	751760	761861
468	753357	763460
469	754955	765066
470	756553	766655
471	758151	768254
472	759749	769850
473	761346	771448
474	762944	773055
475	764542	774646
476	766142	776244
477	767740	777842
478	769338	779441
479	770936	781048
480	772534	782636
481	774131	784236
482	775731	785833
483	777329	787431
484	778927	789030
485	780526	790628
486	782124	792233
487	783722	793825
488	785320	795423
489	786918	797020
490	788516	798621
491	790114	800218
492	791714	801816
493	793311	803413
494	794909	805012
495	796507	806610
496	798105	808207
497	799703	809805
498	801301	811404
499	802898	813004
500	804496	814603
501	806094	816203
502	807692	817794
503	809289	819392
504	810887	820962
505	812486	822580
506	814090	824173
507	815690	825804
508	817314	827416
509	818912	829013
510	820509	830610
511	822107	832215
512	823705	833804
513	825302	835407
514	826902	837004
515	828500	838603
516	830100	840202
517	831698	841799
518	833295	843396
519	834893	845000
520	836492	846594
521	838090	848191
522	839687	849789
523	841285	851388
524	842885	852986
525	844482	854585
526	846081	856182
527	847678	857780
528	849276	859378
529	850874	860977
530	852472	862574
531	854070	864173
532	855668	865770
533	857266	867367
534	858864	868966
535	860461	870563
536	862059	872161
537	863657	873763
538	865260	875364
539	866860	876964
540	868460	878563
541	870058	880159
542	871656	881757
543	873254	883355
544	874851	884955
545	876451	886646
546	878049	888152
547	879646	889750
548	881246	891350
549	882844	892946
550	884442	894545
551	886040	896142
552	887638	897739
553	889235	899337
554	890833	900937
555	892433	902546
556	894041	904144
557	895640	905744
558	897240	907343
559	898838	908942
560	900437	910539
561	902035	912137
562	903633	913734
563	905231	915335
564	906829	916934
565	908429	918532
566	910029	920105
567	911628	921731
568	913226	923332
569	914826	924932
570	916428	926528
571	918026	928112
572	919628	929731
573	921226	931326
574	922824	932926
575	924424	934528
576	926026	936127
577	927623	937724
578	929220	939323
579	930819	940926
580	932419	942521
581	934017	944120
582	935615	945716
583	937212	947313
584	938809	948920
585	940407	950518
586	942014	952116
587	943612	953716
588	945213	955315
589	946811	956921
590	948408	958510
591	950006	960109
592	951605	961706
593	953203	963304
594	954800	964911
595	956398	966501
596	957997	968098
597	959594	969695
598	961192	971293
599	962789	972890
600	964386	974489
601	965984	976086
602	967582	977683
603	969179	979283
604	970779	980880
605	972376	982477
606	973973	984076
607	975572	985675
608	977171	987277
609	978770	988873
610	980369	990471
611	981967	992068
612	983564	993666
613	985162	995265
614	986760	996860
615	988357	998458
616	989954	1000056
617	991552	1001652
618	993149	1003251
619	994747	1004825
620	996348	1006414
621	997946	1008033
622	999543	1009630
623	1001141	1011227
624	1002738	1012839
625	1004336	1014438
626	1005934	1016035
627	1007531	1017632
628	1009129	1019229
629	1010726	1020827
630	1012324	1022424
631	1013921	1024022
632	1015519	1025612
633	1017116	1027202
634	1018713	1028799
635	1020310	1030399
636	1021910	1031997
637	1023508	1033595
638	1025105	1035193
639	1026704	1036805
640	1028302	1038403
641	1029900	1040002
642	1031499	1041600
643	1033096	1043197
644	1034694	1044795
645	1036292	1046393
646	1037889	1047989
647	1039486	1049587
648	1041084	1051185
649	1042681	1052775
650	1044279	1054366
651	1045877	1055967
652	1047478	1057565
653	1049076	1059176
654	1050673	1060773
655	1052270	1062372
656	1053868	1063969
657	1055466	1065567
658	1057063	1067164
659	1058661	1068762
660	1060258	1070359
661	1061856	1071957
662	1063454	1073556
663	1065051	1075153
664	1066649	1076751
665	1068247	1078348
666	1069844	1079946
667	1071442	1081545
668	1073041	1083166
669	1074663	1084785
670	1076283	1086381
671	1077897	1087981
672	1079499	1089577
673	1081099	1091177
674	1082699	1092800
675	1084297	1094399
676	1085895	1095996
677	1087491	1097592
678	1089088	1099190
679	1090687	1100787
680	1092283	1102383
681	1093880	1103984
682	1095477	1105579
683	1097074	1107178
684	1098674	1108774
685	1100271	1110372
686	1101868	1111969
687	1103464	1113567
688	1105063	1115166
689	1106661	1116762
690	1108257	1118359
691	1109854	1119955
692	1111451	1121551
693	1113048	1123148
694	1114644	1124742
695	1116245	1126313
696	1117843	1127911
697	1119439	1129503
698	1121036	1131136
699	1122632	1132736
700	1124233	1134335
701	1125831	1135933
702	1127428	1137514
703	1129024	1139124
704	1130621	1140722
705	1132217	1142318
706	1133814	1143902
707	1135411	1145501
708	1137008	1147094
709	1138605	1148707
710	1140203	1150303
711	1141800	1151901
712	1143397	1153497
713	1144994	1155095
714	1146591	1156706
715	1148188	1158290
716	1149788	1159891
717	1151384	1161485
718	1152981	1163082
719	1154577	1164679
720	1156175	1166276
721	1157771	1167885
722	1159368	1169469
723	1160964	1171065
724	1162561	1172664
725	1164158	1174270
726	1165756	1175860
727	1167354	1177457
728	1168951	1179056
729	1170548	1180652
730	1172146	1182248
731	1173743	1183849
732	1175343	1185446
733	1176941	1187045
734	1178539	1188648
735	1180144	1190247
736	1181742	1191848
737	1183339	1193442
738	1184936	1195041
739	1186535	1196637
740	1188132	1198236
741	1189731	1199833
742	1191329	1201432
743	1192926	1203031
744	1194526	1204629
745	1196124	1206228
746	1197722	1207825
747	1199319	1209425
748	1200919	1211025
749	1202519	1212622
750	1204116	1214223
751	1205718	1215822
752	1207315	1217419
753	1208913	1219019
754	1210512	1220615
755	1212109	1222213
756	1213707	1223811
757	1215305	1225385
758	1216906	1226974
759	1218506	1228573
760	1220104	1230170
761	1221701	1231829
762	1223323	1233411
763	1224933	1235043
764	1226538	1236640
765	1228135	1238238
766	1229733	1239835
767	1231331	1241434
768	1232928	1243033
769	1234528	1244632
770	1236127	1246229
771	1237724	1247827
772	1239321	1249425
773	1240920	1251027
774	1242521	1252623
775	1244118	1254222
776	1245717	1255819
777	1247314	1257418
778	1248912	1259017
779	1250511	1260617
780	1252111	1262214
781	1253708	1263811
782	1255306	1265409
783	1256904	1267360
784	1258502	1268605
785	1260099	1270201
786	1261697	1271799
787	1263294	1273396
788	1264892	1274995
789	1266490	1276592
790	1268088	1278189
791	1269685	1279787
792	1271283	1281384
793	1272880	1282983
794	1274477	1284580
795	1276075	1286181
796	1277675	1287780
797	1279273	1289374
798	1280870	1290970
799	1282466	1292567
800	1284063	1294164
801	1285660	1295761
802	1287257	1297358
803	1288854	1298957
804	1290453	1300552
805	1292049	1302150
806	1293646	1303746
807	1295242	1305344
808	1296840	1306942
809	1298437	1308538
810	1300034	1310134
811	1301630	1311733
812	1303229	1313330
813	1304826	1314928
814	1306423	1316524
815	1308020	1318120
816	1309616	1319717
817	1311213	1321318
818	1312809	1322911
819	1314406	1324516
820	1316003	1326107
821	1317603	1327703
822	1319200	1329352
823	1320797	1330914
824	1322401	1332518
825	1323998	1334111
826	1325595	1335698
827	1327192	1337311
828	1328803	1338916
829	1330401	1340503
830	1331998	1342099
831	1333596	1343697
832	1335193	1345295
833	1336791	1346887
834	1338388	1348492
835	1339989	1350089
836	1341587	1351686
837	1343184	1353283
838	1344780	1354891
839	1346378	1356479
840	1347975	1358075
841	1349572	1359672
842	1351168	1361268
843	1352765	1362872
844	1354364	1364466
845	1355961	1366084
846	1357593	1367681
847	1359191	1369291
848	1360788	1370891
849	1362385	1372485
850	1363981	1374077
851	1365581	1375649
852	1367179	1377243
853	1368776	1378840
854	1370374	1380477
855	1371971	1382071
856	1373568	1383667
857	1375164	1385265
858	1376762	1386848
859	1378359	1388462
860	1379958	1390058
861	1381555	1391654
862	1383152	1393252
863	1384748	1394850
864	1386346	1396445
865	1387943	1398043
866	1389539	1399640
867	1391137	1401237
868	1392734	1402834
869	1394331	1404432
870	1395928	1406031
871	1397527	1407627
872	1399124	1409224
873	1400721	1410821
874	1402317	1412418
875	1403914	1414024
876	1405521	1415623
877	1407118	1417220
878	1408715	1418817
879	1410312	1420412
880	1411909	1422011
881	1413508	1423608
882	1415105	1425207
883	1416703	1426780
884	1418304	1428369
885	1419901	1429965
886	1421498	1431598
887	1423095	1433195
888	1424691	1434792
889	1426289	1436389
890	1427886	1437953
891	1429484	1439585
892	1431083	1441182
893	1432680	1442779
894	1434276	1444378
895	1435873	1445974
896	1437470	1447571
897	1439067	1449169
898	1440666	1450766
899	1442263	1452363
900	1443860	1453961
901	1445457	1455558
902	1447054	1457154
903	1448651	1458751
904	1450248	1460348
905	1451845	1461945
906	1453442	1463542
907	1455039	1465142
908	1456638	1466739
909	1458235	1468335
910	1459832	1469933
911	1461429	1471530
912	1463026	1473125
913	1464623	1474723
914	1466220	1476319
915	1467817	1477919
916	1469414	1479513
917	1471010	1481110
918	1472607	1482707
919	1474204	1484305
920	1475801	1485902
921	1477398	1487498
922	1478995	1489095
923	1480592	1490694
924	1482191	1492294
925	1483787	1493891
926	1485384	1495486
927	1486981	1497082
928	1488578	1498680
929	1490177	1500277
930	1491774	1501886
931	1493371	1503471
932	1494967	1505070
933	1496565	1506665
934	1498161	1508261
935	1499758	1509858
936	1501354	1511454
937	1502951	1513053
938	1504548	1514648
939	1506145	1516246
940	1507741	1517842
941	1509338	1519438
942	1510935	1521035
943	1512532	1522634
944	1514128	1524229
945	1515726	1525803
946	1517327	1527392
947	1518923	1528991
948	1520522	1530622
949	1522118	1532218
950	1523715	1533814
951	1525312	1535414
952	1526909	1537011
953	1528509	1538577
954	1530106	1540209
955	1531705	1541807
956	1533304	1543404
957	1534901	1545001
958	1536498	1546599
959	1538095	1548195
960	1539691	1549793
961	1541290	1551392
962	1542889	1552988
963	1544485	1554586
964	1546083	1556183
965	1547680	1557779
966	1549276	1559376
967	1550873	1560973
968	1552470	1562569
969	1554066	1564166
970	1555663	1565763
971	1557260	1567359
972	1558856	1568956
973	1560453	1570552
974	1562049	1572149
975	1563646	1573746
976	1565242	1575343
977	1566840	1576942
978	1568438	1578540
979	1570035	1580134
980	1571632	1581732
981	1573228	1583327
982	1574824	1584926
983	1576422	1586522
984	1578018	1588118
985	1579615	1589714
986	1581212	1591311
987	1582808	1592911
988	1584404	1594505
989	1586001	1596101
990	1587598	1597697
991	1589194	1599296
992	1590793	1600894
993	1592389	1602493
994	1593988	1604089
995	1595585	1605685
996	1597182	1607284
997	1598778	1608888
998	1600375	1610475
999	1601971	1612071
1000	1603567	1613668
1001	1605164	1615265
1002	1606761	1616864
1003	1608358	1618460
1004	1609955	1620055
1005	1611551	1621651
1006	1613148	1623248
1007	1614744	1624854
1008	1616341	1626437
1009	1617941	1628011
1010	1619541	1629640
1011	1621138	1631237
1012	1622734	1632833
1013	1624330	1634435
1014	1625928	1636030
1015	1627527	1637627
1016	1629123	1639223
1017	1630720	1640819
1018	1632316	1642416
1019	1633913	1644018
1020	1635515	1645616
1021	1637112	1647211
1022	1638708	1648810
1023	1640307	1650406
1024	1641903	1652003
1025	1643500	1653602
1026	1645099	1655200
1027	1646697	1656797
1028	1648293	1658393
1029	1649890	1659989
1030	1651486	1661586
1031	1653083	1663183
1032	1654680	1664780
1033	1656277	1666377
1034	1657873	1667974
1035	1659470	1669570
1036	1661066	1671174
1037	1662671	1672771
1038	1664267	1674368
1039	1665864	1675965
1040	1667461	1677561
1041	1669058	1679167
1042	1670665	1680768
1043	1672261	1682361
1044	1673858	1683958
1045	1675454	1685555
1046	1677051	1687160
1047	1678657	1688757
1048	1680253	1690354
1049	1681850	1691951
1050	1683447	1693546
1051	1685046	1695155
1052	1686651	1696751
1053	1688248	1698347
1054	1689844	1699946
1055	1691442	1701542
1056	1693045	1703154
1057	1694651	1704753
1058	1696250	1706350
1059	1697846	1707947
1060	1699443	1709543
1061	1701045	1711153
1062	1702650	1712750
1063	1704247	1714347
1064	1705844	1715944
1065	1707440	1717540
1066	1709037	1719153
1067	1710650	1720749
1068	1712246	1722346
1069	1713842	1723942
1070	1715439	1725540
1071	1717036	1727158
1072	1718652	1728752
1073	1720249	1730351
1074	1721848	1731948
1075	1723445	1733545
1076	1725045	1735155
1077	1726651	1736751
1078	1728248	1738347
1079	1729844	1739944
1080	1731440	1741540
1081	1733037	1743153
1082	1734650	1744750
1083	1736247	1746347
1084	1737843	1747947
1085	1739444	1749545
1086	1741045	1751153
1087	1742650	1752750
1088	1744247	1754348
1089	1745844	1755947
1090	1747443	1757543
1091	1749045	1759153
1092	1750650	1760750
1093	1752247	1762346
1094	1753843	1763944
1095	1755440	1765541
1096	1757037	1767154
1097	1758650	1768751
1098	1760247	1770352
1099	1761844	1771951
1100	1763440	1773544
1101	1765037	1775154
1102	1766650	1776750
1103	1768247	1778346
1104	1769843	1779950
1105	1771446	1781550
1106	1773046	1783155
1107	1774652	1784752
1108	1776249	1786349
1109	1777845	1787946
1110	1779442	1789542
1111	1781045	1791154
1112	1782651	1792750
1113	1784247	1794348
1114	1785844	1795944
1115	1787441	1797540
1116	1789037	1799155
1117	1790652	1800752
1118	1792249	1802348
1119	1793845	1803945
1120	1795442	1805543
1121	1797045	1807156
1122	1798653	1808753
1123	1800250	1810350
1124	1801846	1811946
1125	1803443	1813542
1126	1805045	1815155
1127	1806651	1816751
1128	1808247	1818347
1129	1809844	1819944
1130	1811441	1821540
1131	1813037	1823157
1132	1814650	1824750
1133	1816247	1826350
1134	1817847	1827948
1135	1819444	1829544
1136	1821045	1831154
1137	1822651	1832753
1138	1824249	1834350
1139	1825847	1835947
1140	1827443	1837543
1141	1829045	1839155
1142	1830651	1840750
1143	1832247	1842347
1144	1833844	1843944
1145	1835440	1845541
1146	1837037	1847154
1147	1838650	1848751
1148	1840248	1850348
1149	1841845	1851945
1150	1843441	1853541
1151	1845045	1855156
1152	1846652	1856752
1153	1848248	1858350
1154	1849847	1859948
1155	1851444	1861543
1156	1853045	1863153
1157	1854650	1864755
1158	1856248	1866348
1159	1857844	1867945
1160	1859441	1869544
1161	1861045	1871154
1162	1862650	1872750
1163	1864247	1874348
1164	1865844	1875945
1165	1867441	1877541
1166	1869045	1879154
1167	1870650	1880751
1168	1872247	1882347
1169	1873844	1883955
1170	1875451	1885552
1171	1877048	1887158
1172	1878654	1888753
1173	1880250	1890369
1174	1881847	1891948
1175	1883444	1893544
1176	1885046	1895154
1177	1886651	1896751
1178	1888248	1898347
1179	1889844	1899947
1180	1891443	1901543
1181	1893045	1903154
1182	1894651	1904751
1183	1896248	1906347
1184	1897844	1907945
1185	1899441	1909543
1186	1901045	1911153
1187	1902650	1912751
1188	1904247	1914349
1189	1905844	1915945
1190	1907441	1917540
1191	1909037	1919153
1192	1910650	1920749
1193	1912247	1922320
1194	1913844	1923911
1195	1915440	1925540
1196	1917045	1927156
1197	1918654	1928753
1198	1920251	1930352
1199	1921849	1931949
1200	1923446	1933545
1201	1925045	1935128
1202	1926646	1936746
1203	1928243	1938342
1204	1929839	1939940
1205	1931436	1941536
1206	1933032	1943149
1207	1934645	1944746
1208	1936242	1946342
1209	1937839	1947940
1210	1939436	1949538
1211	1941034	1951154
1212	1942663	1952741
1213	1944261	1954362
1214	1945859	1955961
1215	1947458	1957557
1216	1949054	1959153
1217	1950651	1960750
1218	1952247	1962347
1219	1953844	1963944
1220	1955440	1965540
1221	1957038	1967138
1222	1958635	1968734
1223	1960231	1970330
1224	1961827	1971928
1225	1963423	1973523
1226	1965020	1975139
1227	1966617	1976717
1228	1968214	1978313
1229	1969810	1979910
1230	1971407	1981512
1231	1973005	1983105
1232	1974602	1984702
1233	1976199	1986299
1234	1977796	1987896
1235	1979392	1989496
1236	1980989	1991088
1237	1982586	1992685
1238	1984182	1994280
1239	1985779	1995890
1240	1987376	1997472
1241	1988972	1999070
1242	1990570	2000667
1243	1992167	2002262
1244	1993763	2003860
1245	1995360	2005456
1246	1996957	2007055
1247	1998556	2008654
1248	2000153	2010251
1249	2001749	2011846
1250	2003346	2013442
1251	2004943	2015040
1252	2006540	2016654
1253	2008153	2018244
1254	2009759	2019835
1255	2011361	2021436
1256	2012963	2023055
1257	2014559	2024652
1258	2016154	2026250
1259	2017752	2027833
1260	2019347	2029425
1261	2020941	2031019
1262	2022536	2032617
1263	2024133	2034212
1264	2025728	2035807
1265	2027323	2037401
1266	2028918	2039000
1267	2030515	2040608
1268	2032109	2042202
1269	2033704	2043797
1270	2035299	2045393
1271	2036894	2046988
1272	2038489	2048583
1273	2040084	2050179
1274	2041680	2051773
1275	2043275	2053344
1276	2044871	2054935
1277	2046467	2056524
1278	2048062	2058120
1279	2049659	2059715
1280	2051253	2061315
1281	2052848	2062914
1282	2054442	2064500
1283	2056037	2066094
1284	2057632	2067687
1285	2059226	2069319
1286	2060821	2070915
1287	2062417	2072493
1288	2064012	2074071
1289	2065608	2075664
1290	2067202	2077294
1291	2068796	2078889
1292	2070392	2080481
1293	2071986	2082065
1294	2073580	2083661
1295	2075177	2085242
1296	2076773	2086831
1297	2078367	2088423
1298	2079961	2090017
1299	2081555	2091656
1300	2083149	2093243
1301	2084744	2094824
1302	2086341	2096399
1303	2087936	2097992
1304	2089531	2099590
1305	2091128	2101222
1306	2092723	2102815
1307	2094319	2104410
1308	2095914	2106009
1309	2097511	2107606
1310	2099105	2109193
1311	2100702	2110764
1312	2102299	2112356
1313	2103894	2113972
1314	2105488	2115568
1315	2107084	2117147
1316	2108679	2118735
1317	2110273	2120329
1318	2111867	2121924
1319	2113461	2123518
1320	2115055	2125134
1321	2116651	2126715
1322	2118249	2128306
1323	2119844	2129900
1324	2121438	2131494
1325	2123033	2133087
1326	2124627	2134709
1327	2126226	2136304
1328	2127821	2137899
1329	2129415	2139493
1330	2131009	2141102
1331	2132604	2142695
1332	2134198	2144291
1333	2135793	2145886
1334	2137387	2147481
1335	2138982	2149076
1336	2140579	2150671
1337	2142173	2152266
1338	2143768	2153860
1339	2145362	2155479
1340	2146978	2157070
1341	2148573	2158666
1342	2150170	2160262
1343	2151764	2161857
1344	2153359	2163451
1345	2154953	2165048
1346	2156549	2166641
1347	2158144	2168236
1348	2159738	2169833
1349	2161333	2171425
1350	2162927	2173021
1351	2164524	2174617
1352	2166119	2176212
1353	2167714	2177806
1354	2169309	2179401
1355	2170903	2180995
1356	2172498	2182590
1357	2174093	2184188
1358	2175690	2185783
1359	2177285	2187377
1360	2178880	2188975
1361	2180475	2190567
1362	2182070	2192162
1363	2183664	2193756
1364	2185259	2195352
1365	2186855	2196949
1366	2188450	2198542
1367	2190044	2200138
1368	2191640	2201732
1369	2193235	2203327
1370	2194830	2204924
1371	2196425	2206517
1372	2198020	2208112
1373	2199614	2209709
1374	2201211	2211304
1375	2202806	2212900
1376	2204401	2214495
1377	2205996	2216092
1378	2207591	2217684
1379	2209185	2219278
1380	2210780	2220884
1381	2212374	2222468
1382	2213969	2224063
1383	2215564	2225658
1384	2217159	2227256
1385	2218757	2228817
1386	2220353	2230446
1387	2221947	2232058
1388	2223559	2233653
1389	2225155	2235253
1390	2226754	2236820
1391	2228350	2238411
1392	2229946	2240045
1393	2231550	2241638
1394	2233145	2243234
1395	2234740	2244824
1396	2236335	2246424
1397	2237929	2248023
1398	2239526	2249620
1399	2241122	2251219
1400	2242721	2252814
1401	2244316	2254410
1402	2245911	2256006
1403	2247508	2257602
1404	2249103	2259196
1405	2250698	2260793
1406	2252294	2262386
1407	2253889	2263981
1408	2255484	2265577
1409	2257079	2267171
1410	2258674	2268744
1411	2260269	2270332
1412	2261865	2271944
1413	2263459	2273538
1414	2265054	2275135
1415	2266650	2276730
1416	2268245	2278325
1417	2269840	2279920
1418	2271434	2281513
1419	2273029	2283121
1420	2274623	2284716
1421	2276218	2286313
1422	2277815	2287911
1423	2279410	2289503
1424	2281005	2291097
1425	2282599	2292691
1426	2284193	2294287
1427	2285789	2295891
1428	2287383	2297476
1429	2288978	2299070
1430	2290572	2300667
1431	2292168	2302261
1432	2293763	2303856
1433	2295358	2305451
1434	2296954	2307047
1435	2298548	2308641
1436	2300143	2310237
1437	2301738	2311840
1438	2303335	2313428
1439	2304930	2315025
1440	2306527	2316620
1441	2308122	2318214
1442	2309717	2319809
1443	2311311	2321401
1444	2312906	2322997
1445	2314500	2324593
1446	2316096	2326188
1447	2317690	2327789
1448	2319289	2329382
1449	2320884	2330977
1450	2322478	2332571
1451	2324073	2334166
1452	2325668	2335761
1453	2327263	2337357
1454	2328860	2338953
1455	2330454	2340546
1456	2332049	2342141
1457	2333644	2343735
1458	2335238	2345331
1459	2336834	2346927
1460	2338428	2348521
1461	2340023	2350117
1462	2341619	2351713
1463	2343214	2353307
1464	2344809	2354911
1465	2346404	2356498
1466	2347999	2358092
1467	2349594	2359686
1468	2351188	2361281
1469	2352783	2362895
1470	2354380	2364475
1471	2355975	2366043
1472	2357571	2367629
1473	2359167	2369222
1474	2360761	2370856
1475	2362356	2372448
1476	2363950	2374052
1477	2365546	2375637
1478	2367141	2377232
1479	2368736	2378829
1480	2370330	2380422
1481	2371925	2382018
1482	2373521	2383615
1483	2375116	2385209
1484	2376711	2386805
1485	2378306	2388402
1486	2379903	2389972
1487	2381498	2391592
1488	2383093	2393185
1489	2384688	2394782
1490	2386283	2396377
1491	2387878	2397944
1492	2389473	2399533
1493	2391070	2401127
1494	2392665	2402721
1495	2394259	2404339
1496	2395854	2405918
1497	2397450	2407507
1498	2399044	2409099
1499	2400638	2410694
1500	2402232	2412311
1501	2403827	2413913
1502	2405437	2415495
1503	2407032	2417089
1504	2408627	2418683
1505	2410221	2420282
1506	2411817	2421879
1507	2413411	2423466
1508	2415005	2425061
1509	2416600	2426655
1510	2418194	2428259
1511	2419794	2429851
1512	2421389	2431445
1513	2422983	2433041
1514	2424577	2434658
1515	2426173	2436253
1516	2427768	2437830
1517	2429363	2439422
1518	2430960	2441017
1519	2432554	2442610
1520	2434149	2444206
1521	2435744	2445805
1522	2437338	2447432
1523	2438933	2449027
1524	2440529	2450627
1525	2442126	2452218
1526	2443721	2453787
1527	2445317	2455374
1528	2446912	2456986
1529	2448511	2458574
1530	2450106	2460166
1531	2451701	2461791
1532	2453295	2463385
1533	2454889	2464984
1534	2456486	2466584
1535	2458099	2468191
1536	2459693	2469760
1537	2461288	2471368
1538	2462882	2472961
1539	2464476	2474556
1540	2466070	2476149
1541	2467664	2477742
1542	2469258	2479336
1543	2470852	2480931
1544	2472445	2482524
1545	2474039	2484118
1546	2475633	2485712
1547	2477228	2487319
1548	2478822	2488918
1549	2480419	2490513
1550	2482013	2492105
1551	2483607	2493699
1552	2485201	2495294
1553	2486796	2496888
1554	2488390	2498481
1555	2489984	2500077
1556	2491580	2501671
1557	2493174	2503265
1558	2494767	2504860
1559	2496362	2506453
1560	2497956	2508049
1561	2499550	2509641
1562	2501143	2511234
1563	2502737	2512828
1564	2504331	2514426
1565	2505928	2516024
1566	2507524	2517615
1567	2509117	2519209
1568	2510711	2520803
1569	2512305	2522397
1570	2513899	2523990
1571	2515493	2525586
1572	2517088	2527179
1573	2518681	2528768
1574	2520278	2530357
1575	2521872	2531951
1576	2523466	2533545
1577	2525060	2535138
1578	2526655	2536734
1579	2528249	2538341
1580	2529843	2539938
1581	2531439	2541504
1582	2533034	2543090
1583	2534628	2544684
1584	2536222	2546300
1585	2537816	2547895
1586	2539410	2549489
1587	2541006	2551082
1588	2542599	2552676
1589	2544193	2554271
1590	2545788	2555889
1591	2547381	2557473
1592	2548975	2559066
1593	2550569	2560663
1594	2552165	2562260
1595	2553759	2563851
1596	2555353	2565447
1597	2556950	2567042
1598	2558543	2568635
1599	2560137	2570229
1600	2561731	2571822
1601	2563325	2573416
1602	2564918	2575014
1603	2566515	2576606
1604	2568109	2578201
1605	2569703	2579794
1606	2571297	2581388
1607	2572891	2582982
1608	2574484	2584576
1609	2576080	2586172
1610	2577674	2587765
1611	2579268	2589359
1612	2580862	2590956
1613	2582457	2592549
1614	2584052	2594144
1615	2585646	2595737
1616	2587240	2597331
1617	2588834	2598926
1618	2590427	2600521
1619	2592023	2602115
1620	2593617	2603708
1621	2595210	2605303
1622	2596805	2606898
1623	2598399	2608490
1624	2599992	2610084
1625	2601586	2611677
1626	2603179	2613271
1627	2604773	2614876
1628	2606367	2616461
1629	2607963	2618055
1630	2609557	2619648
1631	2611150	2621242
1632	2612744	2622836
1633	2614338	2624430
1634	2615933	2626026
1635	2617528	2627615
1636	2619125	2629202
1637	2620718	2630795
1638	2622312	2632389
1639	2623906	2633983
1640	2625500	2635578
1641	2627094	2637172
1642	2628688	2638765
1643	2630282	2640359
1644	2631876	2641970
1645	2633472	2643564
1646	2635065	2645158
1647	2636660	2646761
1648	2638254	2648347
1649	2639848	2649941
1650	2641443	2651550
1651	2643041	2653134
1652	2644636	2654731
1653	2646233	2656330
1654	2647831	2657924
1655	2649425	2659516
1656	2651019	2661111
1657	2652613	2662704
1658	2654206	2664298
1659	2655801	2665893
1660	2657395	2667489
1661	2658991	2669083
1662	2660585	2670677
1663	2662179	2672270
1664	2663773	2673877
1665	2665366	2675459
1666	2666961	2677054
1667	2668555	2678646
1668	2670148	2680240
1669	2671742	2681833
1670	2673336	2683428
1671	2674930	2685024
1672	2676526	2686618
1673	2678120	2688212
1674	2679714	2689807
1675	2681308	2691399
1676	2682902	2692995
1677	2684498	2694591
1678	2686093	2696184
1679	2687686	2697779
1680	2689280	2699372
1681	2690874	2700968
1682	2692469	2702560
1683	2694063	2704159
1684	2695657	2705749
1685	2697251	2707343
1686	2698845	2708938
1687	2700439	2710531
1688	2702032	2712125
1689	2703626	2713718
1690	2705220	2715313
1691	2706815	2716914
1692	2708409	2718503
1693	2710005	2720096
1694	2711599	2721691
1695	2713193	2723284
1696	2714786	2724890
1697	2716381	2726474
1698	2717975	2728062
1699	2719572	2729649
1700	2721166	2731243
1701	2722760	2732837
1702	2724354	2734432
1703	2725948	2736025
1704	2727542	2737619
1705	2729136	2739213
1706	2730730	2740807
1707	2732324	2742416
1708	2733918	2744017
1709	2735519	2745612
1710	2737114	2747207
1711	2738707	2748799
1712	2740301	2750394
1713	2741897	2751988
1714	2743491	2753585
1715	2745088	2755180
1716	2746682	2756774
1717	2748276	2758368
1718	2749870	2759962
1719	2751464	2761555
1720	2753058	2763149
1721	2754651	2764744
1722	2756246	2766338
1723	2757840	2767932
1724	2759433	2769527
1725	2761029	2771122
1726	2762623	2772715
1727	2764217	2774310
1728	2765812	2775912
1729	2767406	2777499
1730	2769000	2779092
1731	2770594	2780685
1732	2772187	2782279
1733	2773781	2783884
1734	2775375	2785469
1735	2776969	2787061
1736	2778563	2788655
1737	2780157	2790249
1738	2781751	2791842
1739	2783344	2793436
1740	2784938	2795033
1741	2786535	2796627
1742	2788129	2798222
1743	2789723	2799816
1744	2791319	2801411
1745	2792913	2803007
1746	2794509	2804602
1747	2796103	2806195
1748	2797697	2807789
1749	2799291	2809383
1750	2800885	2810977
1751	2802478	2812570
1752	2804072	2814165
1753	2805667	2815762
1754	2807261	2817353
1755	2808855	2818947
1756	2810449	2820542
1757	2812044	2822136
1758	2813638	2823730
1759	2815232	2825325
1760	2816827	2826920
1761	2818421	2828508
1762	2820017	2830096
1763	2821612	2831689
1764	2823206	2833284
1765	2824800	2834879
1766	2826394	2836495
1767	2827996	2838089
1768	2829590	2839685
1769	2831184	2841276
1770	2832778	2842879
1771	2834372	2844465
1772	2835966	2846062
1773	2837564	2847656
1774	2839158	2849249
1775	2840751	2850844
1776	2842346	2852438
1777	2843941	2854033
1778	2845535	2855628
1779	2847129	2857221
1780	2848723	2858815
1781	2850317	2860408
1782	2851911	2862007
1783	2853507	2863599
1784	2855100	2865194
1785	2856695	2866788
1786	2858289	2868381
1787	2859883	2869975
1788	2861477	2871572
1789	2863073	2873166
1790	2864667	2874763
1791	2866261	2876354
1792	2867855	2877940
1793	2869449	2879528
1794	2871043	2881122
1795	2872637	2882716
1796	2874231	2884309
1797	2875826	2886590
1798	2878092	2888189
1799	2879691	2889756
1800	2881287	2891349
1801	2882880	2892957
1802	2884474	2894567
1803	2886068	2896158
1804	2887662	2897758
1805	2889259	2899353
1806	2890854	2900952
1807	2892452	2902545
1808	2894048	2904139
1809	2895642	2905735
1810	2897237	2907330
1811	2898831	2908926
1812	2900425	2910517
1813	2902019	2912097
1814	2903613	2913707
1815	2905209	2915302
1816	2906806	2916899
1817	2908399	2918492
1818	2909994	2920087
1819	2911588	2921681
1820	2913182	2923278
1821	2914779	2924882
1822	2916373	2926467
1823	2917969	2928066
1824	2919566	2929660
1825	2921162	2931255
1826	2922757	2932816
1827	2924352	2934444
1828	2925947	2936041
1829	2927541	2937634
1830	2929136	2939229
1831	2930730	2940824
1832	2932325	2942417
1833	2933920	2944016
1834	2935517	2945610
1835	2937111	2947204
1836	2938706	2948801
1837	2940303	2950397
1838	2941900	2951999
1839	2943494	2953586
1840	2945088	2955182
1841	2946684	2956777
1842	2948279	2958371
1843	2949873	2959981
1844	2951467	2961560
1845	2953061	2963153
1846	2954655	2964747
1847	2956248	2966341
1848	2957843	2967936
1849	2959437	2969528
1850	2961031	2971122
1851	2962624	2972716
1852	2964218	2974312
1853	2965814	2975910
1854	2967409	2977511
1855	2969003	2979109
1856	2970617	2980710
1857	2972211	2982304
1858	2973805	2983898
1859	2975399	2985492
1860	2976993	2987247
1861	2978587	2988782
1862	2980182	2990408
1863	2981776	2991932
1864	2983370	2993516
1865	2984965	2995111
1866	2986559	2996717
1867	2988153	2998309
1868	2989748	2999913
1869	2991344	3001502
1870	2992940	3003096
1871	2994534	3004693
1872	2996128	3006286
1873	2997723	3007876
1874	2999316	3009431
1875	3000910	3011024
1876	3002506	3012621
1877	3004102	3014216
1878	3005697	3015810
1879	3007290	3017419
1880	3008884	3018948
1881	3010479	3020537
1882	3012076	3022134
1883	3013671	3023727
1884	3015264	3025324
1885	3016862	3026920
1886	3018457	3028574
1887	3020055	3030163
1888	3021659	3031737
1889	3023253	3033331
1890	3024847	3034927
1891	3026443	3036521
1892	3028045	3038152
1893	3029647	3039748
1894	3031241	3041323
1895	3032836	3042919
1896	3034430	3044513
1897	3036026	3046123
1898	3037629	3047710
1899	3039223	3049312
1900	3040818	3050949
1901	3042417	3052543
1902	3044011	3054136
1903	3045606	3055731
1904	3047201	3057326
1905	3048795	3058927
1906	3050390	3060479
1907	3051984	3062089
1908	3053577	3063666
1909	3055171	3065261
1910	3056765	3066855
1911	3058359	3068448
1912	3059953	3070052
1913	3061548	3071638
1914	3063142	3073232
1915	3064735	3074826
1916	3066330	3076422
1917	3067926	3078018
1918	3069522	3079612
1919	3071116	3081205
1920	3072710	3082799
1921	3074303	3084394
1922	3075898	3085988
1923	3077492	3087581
1924	3079085	3089175
1925	3080679	3090769
1926	3082273	3092363
1927	3083867	3093956
1928	3085460	3095551
1929	3087055	3097145
1930	3088649	3098738
1931	3090243	3100334
1932	3091839	3101932
1933	3093435	3103525
1934	3095029	3105120
1935	3096624	3106714
1936	3098218	3108307
1937	3099812	3109909
1938	3101406	3111496
1939	3102999	3113089
1940	3104593	3114683
1941	3106188	3116278
1942	3107782	3117882
1943	3109375	3119466
1944	3110969	3121059
1945	3112563	3122653
1946	3114157	3124248
1947	3115751	3125841
1948	3117345	3127437
1949	3118941	3129026
1950	3120538	3130614
1951	3122132	3132208
1952	3123726	3133801
1953	3125320	3135396
1954	3126915	3136993
1955	3128511	3138587
1956	3130105	3140180
1957	3131699	3141775
1958	3133293	3143383
1959	3134887	3144977
1960	3136481	3146571
1961	3138075	3148165
1962	3139669	3149758
1963	3141263	3151354
1964	3142858	3152950
1965	3144454	3154545
1966	3146049	3156139
1967	3147643	3157733
1968	3149236	3159325
1969	3150830	3160921
1970	3152424	3162517
1971	3154018	3164109
1972	3155612	3165702
1973	3157206	3167296
1974	3158800	3168891
1975	3160394	3170484
1976	3161987	3172077
1977	3163581	3173670
1978	3165175	3175265
1979	3166769	3176867
1980	3168363	3178455
1981	3169959	3180049
1982	3171553	3181643
1983	3173147	3183237
1984	3174741	3184832
1985	3176336	3186425
1986	3177930	3188021
1987	3179525	3189615
1988	3181119	3191209
1989	3182713	3192803
1990	3184306	3194397
1991	3185901	3195990
1992	3187494	3197584
1993	3189088	3199178
1994	3190682	3200773
1995	3192278	3202368
1996	3193872	3203972
1997	3195469	3205559
1998	3197063	3207153
1999	3198657	3208749
2000	3200251	3210339
