1	0	10485
2	6523	18995
3	8172	19091
4	9749	19844
5	11324	21469
6	12923	23030
7	14515	24674
8	16131	26315
9	17768	28048
10	19491	29600
11	21077	31154
12	22651	32726
13	24223	34295
14	25794	35866
15	27365	37436
16	28936	39006
17	30507	40578
18	32079	42150
19	33650	43719
20	35220	45291
21	36790	46903
22	38370	48477
23	39941	50047
24	41512	51617
25	43082	53188
26	44653	54761
27	46225	56330
28	47795	57900
29	49366	59471
30	50936	61042
31	52507	62614
32	54079	64184
33	55649	65755
34	57219	67325
35	58789	68894
36	60359	70465
37	61930	72036
38	63500	73606
39	65071	75176
40	66641	76747
41	68212	78317
42	69782	79890
43	71355	81462
44	72926	83031
45	74496	84601
46	76066	86173
47	77636	87743
48	79207	89313
49	80777	90883
50	82348	92454
51	83919	94024
52	85489	95569
53	87060	97168
54	88631	98736
55	90201	100307
56	91772	101878
57	93343	103448
58	94913	105019
59	96483	106591
60	98056	108161
61	99626	109732
62	101196	111302
63	102767	112875
64	104339	114445
65	105910	116015
66	107480	117586
67	109051	119156
68	110621	120726
69	112192	122297
70	113762	123868
71	115332	125438
72	116903	127009
73	118474	128579
74	120044	130150
75	121615	131723
76	123188	133293
77	124758	134864
78	126328	136435
79	127899	138005
80	129469	139575
81	131039	141146
82	132610	142721
83	134180	144287
84	135751	145832
85	137323	147427
86	138893	148977
87	140465	150548
88	142036	152140
89	143607	153713
90	145178	155284
91	146748	156856
92	148320	158426
93	149891	159996
94	151462	161567
95	153032	163139
96	154604	164709
97	156174	166280
98	157745	167851
99	159315	169421
100	160886	170992
101	162457	172563
102	164028	174133
103	165598	175704
104	167169	177274
105	168739	178845
106	170309	180416
107	171881	181989
108	173453	183560
109	175024	185129
110	176594	186701
111	178165	188273
112	179735	189842
113	181306	191412
114	182877	192982
115	184448	194553
116	186018	196098
117	187590	197694
118	189161	199266
119	190731	200839
120	192303	202409
121	193874	203980
122	195445	205550
123	197015	207123
124	198589	208694
125	200159	210265
126	201730	211839
127	203303	213409
128	204874	214980
129	206445	216551
130	208015	218121
131	209586	219692
132	211157	221263
133	212728	222836
134	214299	224411
135	215876	225983
136	217448	227555
137	219020	229126
138	220591	230698
139	222163	232273
140	223737	233847
141	225309	235416
142	226879	236987
143	228450	238556
144	230021	240127
145	231592	241698
146	233163	243269
147	234734	244841
148	236305	246384
149	237876	247981
150	239447	249553
151	241018	251124
152	242589	252695
153	244160	254266
154	245731	255837
155	247302	257410
156	248874	258981
157	250446	260552
158	252017	262125
159	253590	263696
160	255161	265267
161	256732	266839
162	258302	268408
163	259873	269980
164	261445	271551
165	263016	273121
166	264586	274692
167	266157	276263
168	267727	277834
169	269298	279404
170	270869	280975
171	272440	282548
172	274013	284119
173	275584	285690
174	277155	287260
175	278725	288832
176	280296	290402
177	281867	291973
178	283438	293543
179	285009	295116
180	286579	296685
181	288150	298260
182	289721	299829
183	291292	301398
184	292863	302970
185	294434	304539
186	296008	306120
187	297588	307696
188	299161	309265
189	300732	310837
190	302303	312411
191	303875	313981
192	305446	315552
193	307017	317123
194	308587	318693
195	310158	320265
196	311729	321836
197	313300	323405
198	314871	324976
199	316441	326547
200	318012	328123
201	319583	329689
202	321154	331260
203	322725	332842
204	324298	334404
205	325869	335974
206	327439	337545
207	329009	339115
208	330580	340686
209	332151	342257
210	333722	343829
211	335293	345399
212	336864	346970
213	338434	348540
214	340005	350111
215	341576	351682
216	343147	353253
217	344718	354826
218	346288	356394
219	347859	357969
220	349433	359539
221	351004	361110
222	352575	362682
223	354147	364253
224	355718	365826
225	357289	367395
226	358860	368965
227	360430	370537
228	362002	372109
229	363573	373679
230	365143	375249
231	366714	376823
232	368285	378391
233	369856	379962
234	371427	381533
235	372998	383072
236	374571	384662
237	376142	386247
238	377713	387834
239	379300	389405
240	380870	390976
241	382442	392547
242	384013	394118
243	385583	395697
244	387165	397274
245	388736	398843
246	390307	400414
247	391879	401984
248	393450	403555
249	395020	405126
250	396591	406698
251	398161	408270
252	399734	409840
253	401305	411413
254	402876	412985
255	404449	414558
256	406021	416132
257	407594	417699
258	409166	419269
259	410736	420845
260	412307	422414
261	413878	423985
262	415449	425556
263	417019	427126
264	418590	428696
265	420160	430268
266	421732	431809
267	423303	433376
268	424876	434946
269	426447	436517
270	428018	438088
271	429588	439658
272	431158	441232
273	432729	442803
274	434301	444371
275	435871	445943
276	437442	447513
277	439012	449090
278	440588	450659
279	442159	452229
280	443730	453800
281	445301	455371
282	446872	456944
283	448442	458515
284	450015	460085
285	451586	461656
286	453157	463229
287	454730	464804
288	456301	466371
289	457871	467941
290	459441	469511
291	461012	471082
292	462583	472653
293	464153	474224
294	465724	475796
295	467295	477365
296	468865	478935
297	470436	480506
298	472007	482076
299	473577	483649
300	475150	485220
301	476720	486790
302	478291	488361
303	479861	489931
304	481433	491542
305	483021	493126
306	484592	494696
307	486163	496269
308	487733	497841
309	489304	499397
310	490875	500969
311	492446	502539
312	494016	504089
313	495588	505658
314	497158	507228
315	498729	508802
316	500301	510371
317	501872	511942
318	503443	513515
319	505016	515110
320	506603	516689
321	508176	518260
322	509748	519833
323	511319	521403
324	512892	522976
325	514464	524537
326	516032	526101
327	517600	527667
328	519168	529235
329	520735	530804
330	522303	532371
331	523871	533941
332	525440	535507
333	527008	537074
334	528575	538640
335	530142	540208
336	531710	541777
337	533277	543344
338	534846	544931
339	536415	546489
340	537983	548085
341	539551	549653
342	541119	551222
343	542687	552791
344	544254	554357
345	545822	555920
346	547400	557489
347	548967	559057
348	550536	560640
349	552104	562208
350	553672	563786
351	555241	565343
352	556809	566913
353	558379	568480
354	559946	570049
355	561514	571617
356	563082	573185
357	564649	574752
358	566217	576320
359	567784	577903
360	569359	579462
361	570927	581030
362	572495	582570
363	574064	584134
364	575633	585720
365	577200	587267
366	578767	588870
367	580335	590437
368	581903	592005
369	583470	593560
370	585038	595106
371	586606	596707
372	588174	598276
373	589741	599847
374	591309	601414
375	592877	602998
376	594444	604546
377	596012	606102
378	597579	607684
379	599148	609266
380	600725	610823
381	602296	612376
382	603867	613989
383	605464	615549
384	607037	617139
385	608605	618705
386	610173	620276
387	611744	621853
388	613313	623415
389	614883	624989
390	616458	626560
391	618025	628133
392	619593	629697
393	621161	631265
394	622730	632835
395	624299	634404
396	625869	635977
397	627439	637546
398	629008	639087
399	630577	640680
400	632146	642262
401	633713	643821
402	635282	645371
403	636851	646963
404	638420	648505
405	639997	650077
406	641567	651688
407	643137	653213
408	644706	654793
409	646275	656372
410	647845	657938
411	649415	659533
412	650986	661137
413	652586	662680
414	654160	664241
415	655729	665932
416	657449	667561
417	659049	669167
418	660634	670715
419	662207	672279
420	663777	673849
421	665345	675447
422	666913	677015
423	668481	678582
424	670049	680151
425	671617	681713
426	673185	683274
427	674753	684861
428	676326	686429
429	677893	687996
430	679461	689563
431	681028	691132
432	682597	692700
433	684165	694269
434	685732	695837
435	687300	697404
436	688867	698972
437	690435	700539
438	692003	702108
439	693571	703657
440	695148	705217
441	696716	706784
442	698283	708351
443	699851	709920
444	701421	711488
445	702989	713059
446	704559	714662
447	706127	716231
448	707695	717798
449	709262	719368
450	710830	720934
451	712399	722502
452	713966	724070
453	715534	725636
454	717101	727204
455	718669	728782
456	720237	730340
457	721805	731910
458	723375	733479
459	724943	735047
460	726513	736615
461	728080	738184
462	729648	739760
463	731215	741321
464	732784	742897
465	734351	744461
466	735919	746027
467	737487	747577
468	739054	749160
469	740623	750711
470	742194	752276
471	743763	753901
472	745350	755452
473	746918	757019
474	748485	758587
475	750053	760157
476	751624	761724
477	753192	763297
478	754761	764865
479	756329	766432
480	757897	768000
481	759464	769567
482	761032	771136
483	762600	772704
484	764168	774271
485	765735	775839
486	767303	777406
487	768871	778973
488	770438	780542
489	772006	782110
490	773574	783681
491	775142	785247
492	776712	786818
493	778280	788383
494	779848	789952
495	781416	791519
496	782984	793088
497	784552	794655
498	786120	796222
499	787688	797791
500	789256	799358
501	790823	800929
502	792393	802497
503	793961	804064
504	795529	805631
505	797096	807208
506	798673	808787
507	800241	810347
508	801812	811918
509	803382	813487
510	804951	815055
511	806519	816623
512	808087	818190
513	809655	819757
514	811222	821326
515	812790	822893
516	814358	824462
517	815926	826029
518	817494	827596
519	819061	829167
520	820629	830732
521	822197	832300
522	823765	833868
523	825332	835437
524	826902	837005
525	828470	838572
526	830038	840140
527	831606	841709
528	833174	843277
529	834742	844845
530	836309	846412
531	837877	847979
532	839445	849547
533	841012	851116
534	842580	852683
535	844148	854251
536	845716	855821
537	847284	857387
538	848851	858954
539	850419	860524
540	851989	862093
541	853557	863661
542	855126	865230
543	856694	866799
544	858262	868365
545	859833	869936
546	861401	871504
547	862969	873072
548	864537	874645
549	866104	876207
550	867672	877785
551	869240	879342
552	870807	880913
553	872378	882481
554	873945	884048
555	875513	885618
556	877082	887185
557	878650	888753
558	880218	890320
559	881786	891889
560	883354	893457
561	884921	895024
562	886489	896591
563	888057	898160
564	889625	899727
565	891192	901297
566	892760	902865
567	894328	904431
568	895896	905999
569	897463	907566
570	899031	909135
571	900599	910708
572	902170	912267
573	903738	913813
574	905308	915396
575	906876	916964
576	908443	918532
577	910011	920079
578	911580	921645
579	913147	923214
580	914714	924781
581	916281	926385
582	917849	927953
583	919416	929520
584	920983	931088
585	922551	932663
586	924126	934229
587	925694	935817
588	927272	937386
589	928850	939009
590	930436	940541
591	932006	942109
592	933574	943686
593	935142	945244
594	936709	946821
595	938278	948377
596	939845	949932
597	941413	951516
598	942980	953083
599	944547	954649
600	946115	956218
601	947682	957788
602	949249	959353
603	950817	960934
604	952398	962502
605	953966	964071
606	955535	965638
607	957103	967204
608	958670	968779
609	960238	970339
610	961806	971934
611	963392	973483
612	964967	975072
613	966535	976638
614	968102	978204
615	969670	979776
616	971237	981327
617	972805	982911
618	974391	984480
619	975958	986063
620	977528	987630
621	979095	989198
622	980663	990776
623	982231	992333
624	983798	993900
625	985366	995471
626	986936	997038
627	988504	998605
628	990071	1000174
629	991639	1001742
630	993207	1003309
631	994774	1004876
632	996341	1006443
633	997909	1008010
634	999476	1009578
635	1001043	1011149
636	1002614	1012717
637	1004182	1014289
638	1005751	1015853
639	1007319	1017420
640	1008886	1018988
641	1010453	1020556
642	1012021	1022124
643	1013589	1023690
644	1015156	1025261
645	1016727	1026821
646	1018303	1028405
647	1019870	1029973
648	1021438	1031540
649	1023006	1033108
650	1024573	1034675
651	1026141	1036246
652	1027712	1037817
653	1029280	1039382
654	1030847	1040951
655	1032416	1042519
656	1033983	1044085
657	1035551	1045652
658	1037118	1047220
659	1038685	1048788
660	1040253	1050355
661	1041821	1051931
662	1043390	1053493
663	1044958	1055060
664	1046525	1056628
665	1048092	1058195
666	1049660	1059773
667	1051227	1061333
668	1052797	1062901
669	1054366	1064469
670	1055934	1066058
671	1057522	1067604
672	1059090	1069168
673	1060657	1070737
674	1062227	1072305
675	1063796	1073897
676	1065364	1075465
677	1066931	1077032
678	1068498	1078599
679	1070065	1080169
680	1071634	1081730
681	1073203	1083291
682	1074770	1084858
683	1076337	1086435
684	1077906	1087994
685	1079472	1089559
686	1081039	1091127
687	1082606	1092694
688	1084173	1094261
689	1085740	1095842
690	1087307	1097382
691	1088874	1098974
692	1090441	1100544
693	1092008	1102109
694	1093575	1103675
695	1095141	1105242
696	1096708	1106811
697	1098274	1108376
698	1099841	1109942
699	1101408	1111512
700	1102977	1113080
701	1104545	1114646
702	1106112	1116213
703	1107678	1117791
704	1109245	1119346
705	1110812	1120917
706	1112382	1122484
707	1113949	1124054
708	1115516	1125617
709	1117083	1127184
710	1118649	1128751
711	1120216	1130318
712	1121783	1131885
713	1123350	1133451
714	1124917	1135018
715	1126483	1136587
716	1128052	1138153
717	1129619	1139720
718	1131185	1141288
719	1132753	1142855
720	1134320	1144422
721	1135887	1145987
722	1137453	1147528
723	1139021	1149122
724	1140587	1150689
725	1142154	1152256
726	1143721	1153824
727	1145288	1155390
728	1146854	1156956
729	1148421	1158523
730	1149988	1160090
731	1151556	1161659
732	1153124	1163227
733	1154693	1164796
734	1156259	1166360
735	1157826	1167930
736	1159395	1169500
737	1160962	1171064
738	1162529	1172631
739	1164096	1174197
740	1165663	1175774
741	1167230	1177331
742	1168797	1178898
743	1170363	1180466
744	1171930	1182032
745	1173497	1183599
746	1175064	1185166
747	1176631	1186736
748	1178200	1188302
749	1179767	1189869
750	1181333	1191436
751	1182901	1193007
752	1184472	1194573
753	1186039	1196140
754	1187605	1197681
755	1189173	1199275
756	1190740	1200855
757	1192307	1202409
758	1193874	1203975
759	1195441	1205542
760	1197007	1207109
761	1198574	1208675
762	1200140	1210243
763	1201708	1211815
764	1203277	1213379
765	1204845	1214947
766	1206412	1216513
767	1207979	1218080
768	1209545	1219646
769	1211112	1221214
770	1212679	1222791
771	1214246	1224347
772	1215813	1225916
773	1217382	1227483
774	1218948	1229049
775	1220515	1230616
776	1222082	1232183
777	1223649	1233751
778	1225215	1235317
779	1226782	1236886
780	1228351	1238452
781	1229918	1240020
782	1231485	1241586
783	1233051	1243153
784	1234618	1244719
785	1236185	1246286
786	1237751	1247826
787	1239319	1249419
788	1240885	1250988
789	1242453	1252554
790	1244019	1254120
791	1245586	1255687
792	1247153	1257255
793	1248719	1258823
794	1250286	1260389
795	1251854	1261957
796	1253422	1263529
797	1254990	1265091
798	1256557	1266658
799	1258124	1268225
800	1259690	1269792
801	1261257	1271360
802	1262824	1272933
803	1264392	1274494
804	1265959	1276060
805	1267526	1277627
806	1269092	1279193
807	1270659	1280761
808	1272226	1282327
809	1273793	1283894
810	1275360	1285461
811	1276927	1287031
812	1278495	1288596
813	1280062	1290163
814	1281629	1291730
815	1283196	1293297
816	1284762	1294863
817	1286329	1296434
818	1287896	1297970
819	1289463	1299564
820	1291030	1301132
821	1292597	1302699
822	1294164	1304308
823	1295730	1305838
824	1297303	1307420
825	1298870	1308982
826	1300437	1310539
827	1302005	1312119
828	1303584	1313692
829	1305154	1315255
830	1306721	1316825
831	1308289	1318390
832	1309856	1319958
833	1311424	1321525
834	1312991	1323094
835	1314560	1324661
836	1316127	1326227
837	1317694	1327795
838	1319260	1329361
839	1320827	1330930
840	1322396	1332496
841	1323962	1334063
842	1325529	1335629
843	1327095	1337200
844	1328664	1338776
845	1330231	1340367
846	1331833	1341935
847	1333400	1343501
848	1334967	1345068
849	1336534	1346635
850	1338101	1348175
851	1339669	1349780
852	1341236	1351337
853	1342803	1352906
854	1344373	1354477
855	1345939	1356040
856	1347506	1357607
857	1349073	1359174
858	1350640	1360741
859	1352207	1362312
860	1353777	1363880
861	1355346	1365447
862	1356913	1367013
863	1358480	1368580
864	1360046	1370148
865	1361614	1371715
866	1363181	1373281
867	1364748	1374849
868	1366315	1376415
869	1367881	1377981
870	1369448	1379549
871	1371015	1381116
872	1372582	1382683
873	1374149	1384249
874	1375716	1385819
875	1377283	1387386
876	1378852	1388952
877	1380419	1390519
878	1381986	1392087
879	1383553	1393654
880	1385120	1395220
881	1386686	1396788
882	1388253	1398322
883	1389821	1399933
884	1391393	1401494
885	1392959	1403060
886	1394526	1404627
887	1396093	1406193
888	1397660	1407761
889	1399226	1409327
890	1400793	1410895
891	1402360	1412464
892	1403930	1414032
893	1405498	1415598
894	1407064	1417165
895	1408631	1418732
896	1410198	1420300
897	1411766	1421867
898	1413332	1423433
899	1414899	1425001
900	1416467	1426567
901	1418034	1428134
902	1419600	1429701
903	1421167	1431269
904	1422734	1432836
905	1424301	1434402
906	1425868	1435969
907	1427435	1437538
908	1429003	1439104
909	1430570	1440671
910	1432138	1442238
911	1433704	1443819
912	1435272	1445373
913	1436839	1446932
914	1438415	1448522
915	1439989	1450090
916	1441556	1451657
917	1443123	1453224
918	1444690	1454791
919	1446256	1456357
920	1447823	1457932
921	1449392	1459492
922	1450958	1461060
923	1452526	1462628
924	1454094	1464200
925	1455662	1465775
926	1457229	1467330
927	1458796	1468897
928	1460363	1470471
929	1461944	1472046
930	1463511	1473612
931	1465078	1475178
932	1466644	1476746
933	1468211	1478312
934	1469778	1479879
935	1471344	1481445
936	1472911	1483012
937	1474478	1484579
938	1476045	1486146
939	1477612	1487713
940	1479178	1489279
941	1480745	1490848
942	1482312	1492413
943	1483879	1493983
944	1485446	1495547
945	1487012	1497087
946	1488580	1498679
947	1490146	1500247
948	1491713	1501817
949	1493280	1503381
950	1494847	1504947
951	1496413	1506513
952	1497980	1508080
953	1499546	1509647
954	1501113	1511217
955	1502683	1512787
956	1504252	1514354
957	1505820	1515930
958	1507388	1517490
959	1508955	1519055
960	1510522	1520624
961	1512089	1522192
962	1513658	1523759
963	1515224	1525325
964	1516791	1526891
965	1518358	1528459
966	1519925	1530025
967	1521492	1531593
968	1523059	1533159
969	1524625	1534725
970	1526192	1536292
971	1527758	1537860
972	1529325	1539425
973	1530891	1540993
974	1532458	1542559
975	1534025	1544126
976	1535592	1545692
977	1537159	1547236
978	1538728	1548829
979	1540295	1550397
980	1541863	1551966
981	1543430	1553532
982	1544997	1555098
983	1546563	1556664
984	1548130	1558230
985	1549697	1559799
986	1551263	1561359
987	1552830	1562899
988	1554397	1564466
989	1555966	1566030
990	1557533	1567619
991	1559099	1569185
992	1560666	1570733
993	1562234	1572299
994	1563802	1573867
995	1565371	1575473
996	1566937	1577038
997	1568504	1578604
998	1570070	1580171
999	1571638	1581738
1000	1573204	1583304
1001	1574771	1584872
1002	1576337	1586437
1003	1577904	1588006
1004	1579471	1589571
1005	1581037	1591138
1006	1582604	1592705
1007	1584171	1594271
1008	1585737	1595839
1009	1587304	1597381
1010	1588873	1598972
1011	1590440	1600542
1012	1592007	1602107
1013	1593573	1603676
1014	1595140	1605241
1015	1596706	1606818
1016	1598273	1608373
1017	1599840	1609941
1018	1601407	1611507
1019	1602973	1613074
1020	1604540	1614642
1021	1606108	1616208
1022	1607675	1617793
1023	1609241	1619342
1024	1610808	1620912
1025	1612377	1622481
1026	1613946	1624047
1027	1615513	1625615
1028	1617080	1627181
1029	1618646	1628747
1030	1620212	1630314
1031	1621779	1631881
1032	1623346	1633448
1033	1624913	1634988
1034	1626480	1636549
1035	1628049	1638115
1036	1629615	1639716
1037	1631181	1641283
1038	1632749	1642851
1039	1634315	1644416
1040	1635882	1645983
1041	1637449	1647551
1042	1639017	1649123
1043	1640584	1650685
1044	1642151	1652252
1045	1643717	1653829
1046	1645284	1655384
1047	1646850	1656951
1048	1648417	1658517
1049	1649983	1660085
1050	1651550	1661651
1051	1653117	1663217
1052	1654683	1664787
1053	1656251	1666352
1054	1657818	1667922
1055	1659388	1669489
1056	1660954	1671056
1057	1662522	1672625
1058	1664090	1674191
1059	1665657	1675758
1060	1667223	1677325
1061	1668790	1678890
1062	1670356	1680458
1063	1671924	1682025
1064	1673490	1683591
1065	1675057	1685157
1066	1676623	1686724
1067	1678190	1688290
1068	1679756	1689857
1069	1681322	1691423
1070	1682889	1692990
1071	1684456	1694560
1072	1686023	1696124
1073	1687589	1697692
1074	1689158	1699259
1075	1690725	1700836
1076	1692292	1702393
1077	1693858	1703959
1078	1695425	1705526
1079	1696991	1707092
1080	1698558	1708659
1081	1700125	1710226
1082	1701691	1711793
1083	1703258	1713359
1084	1704825	1714930
1085	1706394	1716498
1086	1707964	1718064
1087	1709530	1719630
1088	1711097	1721198
1089	1712664	1722778
1090	1714234	1724334
1091	1715800	1725920
1092	1717385	1727487
1093	1718952	1729052
1094	1720518	1730619
1095	1722085	1732187
1096	1723652	1733753
1097	1725218	1735319
1098	1726785	1736891
1099	1728351	1738459
1100	1729918	1740023
1101	1731485	1741586
1102	1733052	1743154
1103	1734619	1744719
1104	1736185	1746292
1105	1737758	1747872
1106	1739326	1749426
1107	1740893	1750997
1108	1742460	1752561
1109	1744027	1754127
1110	1745593	1755694
1111	1747160	1757260
1112	1748727	1758829
1113	1750294	1760395
1114	1751860	1761961
1115	1753427	1763527
1116	1754993	1765095
1117	1756561	1766662
1118	1758129	1768230
1119	1759695	1769798
1120	1761262	1771364
1121	1762830	1772941
1122	1764407	1774507
1123	1765973	1776074
1124	1767540	1777641
1125	1769107	1779207
1126	1770673	1780785
1127	1772241	1782342
1128	1773808	1783933
1129	1775393	1785494
1130	1776960	1787060
1131	1778526	1788629
1132	1780093	1790194
1133	1781660	1791761
1134	1783226	1793339
1135	1784793	1794893
1136	1786359	1796460
1137	1787926	1798028
1138	1789494	1799594
1139	1791061	1801163
1140	1792628	1802729
1141	1794195	1804295
1142	1795761	1805870
1143	1797328	1807428
1144	1798895	1808995
1145	1800462	1810562
1146	1802029	1812130
1147	1803595	1813696
1148	1805162	1815264
1149	1806730	1816835
1150	1808297	1818398
1151	1809863	1819965
1152	1811431	1821532
1153	1812997	1823099
1154	1814566	1824666
1155	1816132	1826233
1156	1817699	1827800
1157	1819265	1829366
1158	1820832	1830941
1159	1822407	1832508
1160	1823973	1834077
1161	1825540	1835641
1162	1827107	1837208
1163	1828674	1838784
1164	1830240	1840341
1165	1831807	1841933
1166	1833392	1843493
1167	1834959	1845060
1168	1836526	1846626
1169	1838092	1848195
1170	1839661	1849772
1171	1841228	1851330
1172	1842795	1852896
1173	1844362	1854464
1174	1845929	1856029
1175	1847495	1857596
1176	1849062	1859162
1177	1850629	1860729
1178	1852196	1862297
1179	1853762	1863871
1180	1855335	1865436
1181	1856901	1867002
1182	1858468	1868568
1183	1860034	1870136
1184	1861601	1871702
1185	1863168	1873271
1186	1864736	1874838
1187	1866303	1876404
1188	1867870	1877970
1189	1869436	1879537
1190	1871003	1881104
1191	1872570	1882670
1192	1874137	1884236
1193	1875703	1885787
1194	1877278	1887377
1195	1878845	1888946
1196	1880412	1890513
1197	1881979	1892079
1198	1883546	1893646
1199	1885112	1895212
1200	1886679	1896789
1201	1888245	1898350
1202	1889814	1899919
1203	1891386	1901487
1204	1892953	1903054
1205	1894520	1904621
1206	1896086	1906187
1207	1897653	1907753
1208	1899219	1909319
1209	1900786	1910876
1210	1902361	1912462
1211	1903927	1914055
1212	1905519	1915601
1213	1907086	1917180
1214	1908653	1918743
1215	1910222	1920309
1216	1911789	1921857
1217	1913357	1923420
1218	1914923	1924986
1219	1916489	1926554
1220	1918056	1928121
1221	1919622	1929723
1222	1921188	1931290
1223	1922755	1932857
1224	1924322	1934421
1225	1925888	1935987
1226	1927455	1937555
1227	1929024	1939141
1228	1930600	1940676
1229	1932168	1942260
1230	1933736	1943830
1231	1935308	1945394
1232	1936875	1946960
1233	1938442	1948528
1234	1940008	1950094
1235	1941577	1951660
1236	1943143	1953229
1237	1944710	1954797
1238	1946276	1956362
1239	1947843	1957935
1240	1949409	1959494
1241	1950976	1961061
1242	1952543	1962642
1243	1954110	1964209
1244	1955678	1965786
1245	1957245	1967327
1246	1958812	1968898
1247	1960383	1970468
1248	1961950	1972034
1249	1963517	1973582
1250	1965084	1975369
1251	1966651	1976742
1252	1968217	1978332
1253	1969802	1979890
1254	1971384	1981462
1255	1972955	1983030
1256	1974527	1984590
1257	1976092	1986149
1258	1977656	1987735
1259	1979221	1989302
1260	1980785	1990865
1261	1982351	1992430
1262	1983916	1994011
1263	1985483	1995575
1264	1987047	1997141
1265	1988612	1998699
1266	1990177	2000271
1267	1991742	2001836
1268	1993306	2003399
1269	1994871	2004964
1270	1996436	2006528
1271	1998000	2008093
1272	1999565	2009658
1273	2001130	2011224
1274	2002695	2012791
1275	2004260	2014355
1276	2005827	2015921
1277	2007393	2017486
1278	2008958	2019053
1279	2010525	2020619
1280	2012090	2022184
1281	2013655	2023747
1282	2015219	2025311
1283	2016784	2026876
1284	2018349	2028442
1285	2019914	2030007
1286	2021479	2031572
1287	2023044	2033137
1288	2024608	2034701
1289	2026173	2036265
1290	2027737	2037831
1291	2029302	2039395
1292	2030867	2040960
1293	2032432	2042525
1294	2033997	2044092
1295	2035564	2045657
1296	2037128	2047221
1297	2038693	2048780
1298	2040258	2050351
1299	2041823	2051917
1300	2043390	2053483
1301	2044954	2055047
1302	2046519	2056611
1303	2048084	2058176
1304	2049648	2059741
1305	2051213	2061306
1306	2052778	2062871
1307	2054343	2064437
1308	2055909	2066002
1309	2057474	2067566
1310	2059039	2069135
1311	2060607	2070700
1312	2062172	2072265
1313	2063737	2073831
1314	2065302	2075394
1315	2066867	2076959
1316	2068431	2078524
1317	2069996	2080089
1318	2071561	2081654
1319	2073126	2083221
1320	2074690	2084784
1321	2076255	2086348
1322	2077820	2087914
1323	2079386	2089479
1324	2080951	2091045
1325	2082516	2092608
1326	2084080	2094175
1327	2085647	2095739
1328	2087211	2097304
1329	2088776	2098862
1330	2090340	2100434
1331	2091906	2101999
1332	2093470	2103563
1333	2095035	2105128
1334	2096600	2106693
1335	2098165	2108257
1336	2099730	2109824
1337	2101294	2111389
1338	2102860	2112953
1339	2104424	2114539
1340	2106009	2116102
1341	2107574	2117669
1342	2109141	2119234
1343	2110706	2120800
1344	2112271	2122365
1345	2113836	2123929
1346	2115401	2125493
1347	2116966	2127058
1348	2118530	2128626
1349	2120095	2130188
1350	2121660	2131754
1351	2123225	2133318
1352	2124790	2134882
1353	2126354	2136447
1354	2127919	2138011
1355	2129483	2139576
1356	2131048	2141141
1357	2132613	2142708
1358	2134180	2144273
1359	2135745	2145838
1360	2137310	2147403
1361	2138874	2148960
1362	2140439	2150532
1363	2142004	2152097
1364	2143569	2153661
1365	2145134	2155227
1366	2146698	2156792
1367	2148263	2158357
1368	2149828	2159934
1369	2151397	2161491
1370	2152962	2163056
1371	2154527	2164622
1372	2156093	2166186
1373	2157657	2167753
1374	2159224	2169285
1375	2160789	2170848
1376	2162355	2172410
1377	2163919	2173976
1378	2165483	2175540
1379	2167048	2177103
1380	2168612	2178667
1381	2170176	2180233
1382	2171741	2181835
1383	2173306	2183399
1384	2174870	2184964
1385	2176435	2186528
1386	2178000	2188093
1387	2179564	2189657
1388	2181129	2191222
1389	2182694	2192791
1390	2184261	2194355
1391	2185826	2195921
1392	2187392	2197486
1393	2188957	2199043
1394	2190522	2200614
1395	2192087	2202180
1396	2193651	2203744
1397	2195216	2205308
1398	2196781	2206873
1399	2198345	2208437
1400	2199910	2210007
1401	2201478	2211571
1402	2203043	2213136
1403	2204608	2214702
1404	2206174	2216267
1405	2207739	2217835
1406	2209306	2219398
1407	2210870	2220964
1408	2212435	2222528
1409	2214000	2224093
1410	2215565	2225658
1411	2217130	2227223
1412	2218695	2228789
1413	2220259	2230352
1414	2221824	2231919
1415	2223391	2233484
1416	2224955	2235048
1417	2226520	2236612
1418	2228085	2238177
1419	2229649	2239743
1420	2231214	2241308
1421	2232779	2242874
1422	2234346	2244439
1423	2235911	2246004
1424	2237476	2247568
1425	2239040	2249127
1426	2240605	2250698
1427	2242170	2252265
1428	2243735	2253837
1429	2245300	2255393
1430	2246864	2256957
1431	2248429	2258523
1432	2249996	2260089
1433	2251561	2261654
1434	2253125	2263219
1435	2254690	2264786
1436	2256256	2266349
1437	2257821	2267918
1438	2259390	2269483
1439	2260955	2271048
1440	2262520	2272613
1441	2264085	2274177
1442	2265649	2275742
1443	2267214	2277307
1444	2268779	2278867
1445	2270343	2280437
1446	2271909	2282002
1447	2273474	2283569
1448	2275038	2285131
1449	2276603	2286695
1450	2278167	2288260
1451	2279732	2289826
1452	2281297	2291391
1453	2282862	2292957
1454	2284429	2294521
1455	2285993	2296086
1456	2287558	2297651
1457	2289123	2299209
1458	2290687	2300782
1459	2292253	2302346
1460	2293817	2303912
1461	2295384	2305477
1462	2296949	2307041
1463	2298513	2308606
1464	2300078	2310171
1465	2301643	2311736
1466	2303208	2313300
1467	2304772	2314867
1468	2306338	2316431
1469	2307903	2317998
1470	2309470	2319563
1471	2311035	2321128
1472	2312600	2322694
1473	2314165	2324257
1474	2315730	2325823
1475	2317294	2327387
1476	2318858	2328955
1477	2320423	2330516
1478	2321988	2332081
1479	2323553	2333646
1480	2325118	2335210
1481	2326682	2336786
1482	2328247	2338340
1483	2329812	2339910
1484	2331382	2341475
1485	2332947	2343042
1486	2334514	2344607
1487	2336078	2346171
1488	2337643	2347736
1489	2339207	2349293
1490	2340772	2350867
1491	2342337	2352430
1492	2343902	2353994
1493	2345466	2355559
1494	2347031	2357124
1495	2348596	2358688
1496	2350160	2360253
1497	2351725	2361821
1498	2353290	2363383
1499	2354854	2364949
1500	2356421	2366513
1501	2357985	2368088
1502	2359560	2369653
1503	2361125	2371220
1504	2362691	2372785
1505	2364256	2374349
1506	2365820	2375915
1507	2367387	2377481
1508	2368952	2379046
1509	2370517	2380610
1510	2372082	2382175
1511	2373647	2383739
1512	2375211	2385304
1513	2376776	2386869
1514	2378340	2388433
1515	2379905	2389998
1516	2381471	2391563
1517	2383035	2393130
1518	2384602	2394695
1519	2386167	2396259
1520	2387732	2397825
1521	2389297	2399382
1522	2390861	2400958
1523	2392427	2402520
1524	2393992	2404085
1525	2395556	2405649
1526	2397121	2407215
1527	2398686	2408780
1528	2400251	2410348
1529	2401817	2411915
1530	2403385	2413481
1531	2404950	2415019
1532	2406517	2416575
1533	2408080	2418140
1534	2409647	2419703
1535	2411211	2421267
1536	2412775	2422841
1537	2414338	2424396
1538	2415902	2425958
1539	2417466	2427522
1540	2419029	2429085
1541	2420593	2430649
1542	2422157	2432213
1543	2423721	2433778
1544	2425284	2435340
1545	2426848	2436904
1546	2428411	2438468
1547	2429975	2440031
1548	2431539	2441597
1549	2433103	2443161
1550	2434668	2444724
1551	2436232	2446289
1552	2437797	2447853
1553	2439360	2449418
1554	2440924	2450983
1555	2442489	2452545
1556	2444053	2454109
1557	2445616	2455672
1558	2447180	2457236
1559	2448743	2458801
1560	2450307	2460364
1561	2451872	2461935
1562	2453435	2463491
1563	2454999	2465058
1564	2456565	2466621
1565	2458129	2468188
1566	2459694	2469751
1567	2461258	2471315
1568	2462822	2472880
1569	2464388	2474443
1570	2465951	2476010
1571	2467515	2477571
1572	2469078	2479135
1573	2470642	2480699
1574	2472206	2482263
1575	2473770	2483828
1576	2475334	2485391
1577	2476899	2486954
1578	2478462	2488554
1579	2480026	2490118
1580	2481591	2491683
1581	2483155	2493216
1582	2484722	2494779
1583	2486286	2496341
1584	2487849	2497950
1585	2489420	2499485
1586	2490985	2501079
1587	2492550	2502642
1588	2494114	2504206
1589	2495678	2505780
1590	2497242	2507333
1591	2498806	2508900
1592	2500372	2510464
1593	2501936	2512031
1594	2503503	2513598
1595	2505067	2515160
1596	2506632	2516723
1597	2508195	2518290
1598	2509762	2519854
1599	2511326	2521419
1600	2512890	2522982
1601	2514454	2524545
1602	2516017	2526110
1603	2517581	2527673
1604	2519145	2529236
1605	2520709	2530802
1606	2522273	2532366
1607	2523837	2533929
1608	2525401	2535492
1609	2526965	2537056
1610	2528528	2538620
1611	2530092	2540185
1612	2531657	2541750
1613	2533221	2543315
1614	2534786	2544879
1615	2536350	2546444
1616	2537914	2548007
1617	2539478	2549571
1618	2541042	2551139
1619	2542607	2552672
1620	2544172	2554227
1621	2545735	2555792
1622	2547298	2557353
1623	2548862	2558917
1624	2550425	2560481
1625	2551989	2562045
1626	2553553	2563631
1627	2555116	2565196
1628	2556681	2566784
1629	2558245	2568339
1630	2559811	2569908
1631	2561380	2571473
1632	2562944	2573037
1633	2564508	2574631
1634	2566072	2576135
1635	2567637	2577692
1636	2569200	2579291
1637	2570763	2580875
1638	2572328	2582420
1639	2573892	2583956
1640	2575456	2585512
1641	2577019	2587112
1642	2578583	2588675
1643	2580147	2590239
1644	2581711	2591777
1645	2583276	2593340
1646	2584841	2594933
1647	2586405	2596480
1648	2587970	2598063
1649	2589534	2599597
1650	2591099	2601206
1651	2592668	2602764
1652	2594232	2604295
1653	2595800	2605874
1654	2597371	2607440
1655	2598936	2609028
1656	2600500	2610591
1657	2602066	2612157
1658	2603629	2613721
1659	2605193	2615287
1660	2606759	2616851
1661	2608322	2618417
1662	2609889	2619984
1663	2611456	2621549
1664	2613020	2623117
1665	2614584	2624677
1666	2616149	2626242
1667	2617713	2627792
1668	2619286	2629379
1669	2620852	2630948
1670	2622418	2632512
1671	2623983	2634076
1672	2625547	2635641
1673	2627112	2637205
1674	2628677	2638773
1675	2630242	2640310
1676	2631808	2641870
1677	2633373	2643436
1678	2634941	2644997
1679	2636504	2646563
1680	2638070	2648163
1681	2639634	2649726
1682	2641198	2651291
1683	2642763	2652859
1684	2644327	2654419
1685	2645891	2655984
1686	2647455	2657548
1687	2649019	2659111
1688	2650583	2660676
1689	2652148	2662241
1690	2653712	2663807
1691	2655276	2665370
1692	2656842	2666935
1693	2658406	2668500
1694	2659972	2670065
1695	2661537	2671629
1696	2663101	2673194
1697	2664665	2674767
1698	2666229	2676322
1699	2667794	2677886
1700	2669358	2679450
1701	2670922	2681015
1702	2672487	2682579
1703	2674051	2684144
1704	2675615	2685707
1705	2677179	2687272
1706	2678743	2688836
1707	2680307	2690402
1708	2681872	2691965
1709	2683437	2693531
1710	2685003	2695095
1711	2686567	2696659
1712	2688130	2698223
1713	2689695	2699788
1714	2691259	2701353
1715	2692823	2702921
1716	2694393	2704486
1717	2695957	2706050
1718	2697522	2707615
1719	2699087	2709180
1720	2700651	2710748
1721	2702216	2712284
1722	2703781	2713861
1723	2705345	2715426
1724	2706911	2716990
1725	2708475	2718556
1726	2710041	2720105
1727	2711607	2721665
1728	2713172	2723227
1729	2714735	2724793
1730	2716300	2726356
1731	2717865	2727933
1732	2719430	2729486
1733	2720993	2731051
1734	2722559	2732618
1735	2724124	2734180
1736	2725688	2735750
1737	2727253	2737345
1738	2728817	2738911
1739	2730383	2740476
1740	2731948	2742041
1741	2733512	2743605
1742	2735078	2745171
1743	2736642	2746735
1744	2738207	2748299
1745	2739770	2749863
1746	2741335	2751429
1747	2742900	2752992
1748	2744464	2754556
1749	2746027	2756120
1750	2747592	2757671
1751	2749156	2759247
1752	2750724	2760824
1753	2752289	2762384
1754	2753853	2763946
1755	2755418	2765511
1756	2756983	2767076
1757	2758548	2768643
1758	2760115	2770208
1759	2761680	2771782
1760	2763244	2773338
1761	2764809	2774903
1762	2766375	2776468
1763	2767939	2778032
1764	2769503	2779595
1765	2771067	2781161
1766	2772632	2782725
1767	2774197	2784289
1768	2775760	2785854
1769	2777325	2787417
1770	2778889	2788982
1771	2780453	2790547
1772	2782018	2792084
1773	2783583	2793642
1774	2785149	2795228
1775	2786713	2796793
1776	2788277	2798356
1777	2789841	2799906
1778	2791407	2801467
1779	2792972	2803029
1780	2794537	2804593
1781	2796100	2806158
1782	2797666	2807731
1783	2799231	2809287
1784	2800795	2810854
1785	2802360	2812420
1786	2803925	2813983
1787	2805491	2815554
1788	2807057	2817115
1789	2808622	2818680
1790	2810188	2820246
1791	2811754	2821812
1792	2813317	2823380
1793	2814882	2824943
1794	2816447	2826505
1795	2818011	2828070
1796	2819576	2829631
1797	2821140	2831197
1798	2822705	2832770
1799	2824271	2834326
1800	2825834	2835891
1801	2827400	2837457
1802	2828965	2839026
1803	2830530	2840622
1804	2832094	2842187
1805	2833659	2843753
1806	2835224	2845317
1807	2836789	2846872
1808	2838356	2848415
1809	2839921	2850014
1810	2841486	2851578
1811	2843050	2853146
1812	2844614	2854709
1813	2846179	2856245
1814	2847744	2857802
1815	2849308	2859399
1816	2850872	2860965
1817	2852437	2862531
1818	2854001	2864087
1819	2855565	2865646
1820	2857131	2867210
1821	2858695	2868778
1822	2860261	2870341
1823	2861826	2871892
1824	2863393	2873451
1825	2864958	2875014
1826	2866522	2876579
1827	2868087	2878142
1828	2869650	2879712
1829	2871215	2881273
1830	2872781	2882837
1831	2874345	2884401
1832	2875910	2885967
1833	2877475	2887531
1834	2879039	2889095
1835	2880603	2890696
1836	2882168	2892261
1837	2883732	2893829
1838	2885298	2895365
1839	2886864	2896921
1840	2888429	2898486
1841	2889993	2900086
1842	2891558	2901652
1843	2893122	2903216
1844	2894687	2904780
1845	2896251	2906344
1846	2897815	2907911
1847	2899382	2909475
1848	2900945	2911014
1849	2902511	2912569
1850	2904076	2914132
1851	2905639	2915698
1852	2907205	2917262
1853	2908770	2918834
1854	2910336	2920394
1855	2911902	2921959
1856	2913467	2923572
1857	2915042	2925107
1858	2916608	2926700
1859	2918171	2928264
1860	2919735	2929830
1861	2921300	2931392
1862	2922864	2932944
1863	2924428	2934488
1864	2925993	2936055
1865	2927557	2937651
1866	2929122	2939193
1867	2930688	2940762
1868	2932254	2942345
1869	2933819	2943890
1870	2935389	2945452
1871	2936954	2947013
1872	2938517	2948583
1873	2940082	2950181
1874	2941647	2951732
1875	2943211	2953292
1876	2944775	2954854
1877	2946339	2956417
1878	2947903	2957982
1879	2949467	2959531
1880	2951032	2961091
1881	2952598	2962654
1882	2954162	2964218
1883	2955727	2965821
1884	2957292	2967378
1885	2958856	2968918
1886	2960424	2970480
1887	2961988	2972044
1888	2963553	2973647
1889	2965118	2975369
1890	2966682	2976778
1891	2968247	2978339
1892	2969811	2979909
1893	2971380	2981473
1894	2972945	2983038
1895	2974509	2984601
1896	2976073	2986166
1897	2977637	2987729
1898	2979200	2989293
1899	2980764	2990902
1900	2982329	2992427
1901	2983894	2993988
1902	2985460	2995552
1903	2987024	2997119
1904	2988588	2998682
1905	2990153	3000242
1906	2991718	3001964
1907	2993282	3003445
1908	2994847	3005076
1909	2996412	3006565
1910	2997975	3008127
1911	2999540	3009691
1912	3001104	3011254
1913	3002670	3012810
1914	3004235	3014382
1915	3005800	3015952
1916	3007370	3017512
1917	3008934	3019078
1918	3010501	3020645
1919	3012066	3022227
1920	3013631	3023751
1921	3015195	3025312
1922	3016761	3026868
1923	3018325	3028430
1924	3019889	3030007
1925	3021453	3031595
1926	3023018	3033110
1927	3024583	3034645
1928	3026148	3036208
1929	3027713	3037779
1930	3029277	3039338
1931	3030841	3040901
1932	3032407	3042529
1933	3033971	3044091
1934	3035537	3045643
1935	3037102	3047219
1936	3038666	3048756
1937	3040232	3050331
1938	3041797	3051937
1939	3043364	3053448
1940	3044928	3055076
1941	3046493	3057551
1942	3048056	3058238
1943	3049621	3059793
1944	3051185	3061303
1945	3052751	3062857
1946	3054316	3064492
1947	3055880	3065995
1948	3057446	3067586
1949	3059011	3069140
1950	3060578	3070675
1951	3062144	3072281
1952	3063709	3073775
1953	3065274	3075380
1954	3066851	3076933
1955	3068418	3078494
1956	3069982	3080059
1957	3071549	3081628
1958	3073116	3083212
1959	3074683	3084763
1960	3076249	3086330
1961	3077817	3087884
1962	3079383	3089494
1963	3080949	3091024
1964	3082515	3092580
1965	3084081	3094185
1966	3085661	3095727
1967	3087227	3097293
1968	3088793	3098943
1969	3090396	3100468
1970	3091965	3102037
1971	3093530	3103631
1972	3095116	3105183
1973	3096683	3106747
1974	3098249	3108313
1975	3099816	3109889
1976	3101387	3111452
1977	3102953	3113016
1978	3104519	3114581
1979	3106085	3116148
1980	3107651	3117713
1981	3109216	3119284
1982	3110785	3120853
1983	3112354	3122417
1984	3113919	3123982
1985	3115484	3125547
1986	3117049	3127111
1987	3118614	3128677
1988	3120180	3130243
1989	3121745	3131809
1990	3123311	3133373
1991	3124876	3134938
1992	3126441	3136503
1993	3128006	3138069
1994	3129571	3139635
1995	3131136	3141217
1996	3132702	3142774
1997	3134267	3144365
1998	3135835	3145901
1999	3137400	3147474
2000	3138974	3149040
