1	0	10701
2	1730	12036
3	8740	18987
4	10882	21054
5	12458	22580
6	14002	24110
7	15542	25640
8	17077	27162
9	18600	28681
10	20119	30240
11	21675	31748
12	23190	33271
13	24706	34776
14	26219	36290
15	27734	37808
16	29250	39322
17	30766	40836
18	32279	42349
19	33793	43862
20	35306	45377
21	36820	46894
22	38334	48405
23	39847	49952
24	41360	51466
25	42873	52978
26	44387	54496
27	45902	56009
28	47416	57522
29	48929	59035
30	50442	60548
31	51955	62060
32	53469	63551
33	54986	65056
34	56499	66569
35	58013	68081
36	59526	69594
37	61040	71108
38	62553	72658
39	64066	74171
40	65579	75691
41	67099	77205
42	68613	78720
43	70129	80234
44	71642	81748
45	73156	83262
46	74670	84774
47	76183	86292
48	77700	87807
49	79215	89325
50	80733	90838
51	82247	92351
52	83760	93864
53	85273	95382
54	86787	96892
55	88301	98408
56	89814	99919
57	91328	101432
58	92841	102946
59	94355	104462
60	95870	105976
61	97384	107489
62	98898	109003
63	100411	110516
64	101925	112030
65	103439	113543
66	104952	115057
67	106466	116572
68	107980	118085
69	109493	119598
70	111006	121112
71	112520	122625
72	114034	124138
73	115547	125652
74	117060	127166
75	118574	128681
76	120089	130194
77	121603	131708
78	123116	133208
79	124629	134720
80	126143	136234
81	127657	137764
82	129172	139292
83	130686	140792
84	132201	142308
85	133716	143807
86	135230	145336
87	136744	146849
88	138257	148362
89	139770	149876
90	141284	151389
91	142798	152904
92	144314	154419
93	145827	155933
94	147341	157446
95	148855	158959
96	150368	160473
97	151882	161986
98	153395	163499
99	154908	165013
100	156422	166527
101	157936	168040
102	159449	169554
103	160963	171069
104	162476	172582
105	163991	174096
106	165505	175610
107	167019	177126
108	168534	178639
109	170048	180152
110	171561	181666
111	173075	183182
112	174588	184693
113	176102	186208
114	177616	187723
115	179130	189236
116	180645	190776
117	182184	192292
118	183701	193806
119	185215	195321
120	186729	196837
121	188245	198351
122	189759	199851
123	191273	201368
124	192789	202883
125	194305	204422
126	195821	205927
127	197336	207457
128	198849	208955
129	200363	210479
130	201877	211997
131	203391	213506
132	204921	215026
133	206438	216545
134	207954	218059
135	209468	219573
136	210982	221087
137	212495	222600
138	214009	224114
139	215523	225631
140	217040	227148
141	218554	228659
142	220068	230173
143	221582	231688
144	223096	233201
145	224610	234714
146	226124	236229
147	227638	237744
148	229152	239260
149	230667	240774
150	232183	242291
151	233700	243805
152	235214	245319
153	236728	246834
154	238242	248347
155	239755	249864
156	241273	251377
157	242786	252892
158	244300	254414
159	245814	255920
160	247328	257450
161	248842	258947
162	250356	260475
163	251870	261975
164	253383	263491
165	254906	265011
166	256420	266533
167	257942	268047
168	259456	269561
169	260970	271075
170	262483	272589
171	263997	274104
172	265513	275619
173	267028	277133
174	268541	278646
175	270055	280159
176	271569	281674
177	273083	283187
178	274596	284701
179	276110	286216
180	277624	287729
181	279138	289247
182	280653	290760
183	282168	292283
184	283682	293792
185	285196	295308
186	286715	296824
187	288229	298337
188	289745	299850
189	291258	301362
190	292772	302876
191	294286	304373
192	295803	305885
193	297318	307397
194	298834	308938
195	300348	310452
196	301862	311966
197	303376	313474
198	304889	314994
199	306403	316510
200	307918	318028
201	309432	319537
202	310946	321051
203	312459	322576
204	313975	324081
205	315489	325595
206	317004	327108
207	318517	328623
208	320031	330136
209	321545	331650
210	323059	333167
211	324573	334680
212	326088	336195
213	327603	337709
214	329116	339223
215	330632	340739
216	332147	342253
217	333661	343766
218	335175	345291
219	336694	346801
220	338211	348316
221	339725	349830
222	341239	351344
223	342753	352857
224	344267	354372
225	345781	355888
226	347297	357404
227	348811	358915
228	350325	360431
229	351839	361944
230	353354	363459
231	354868	364973
232	356382	366489
233	357897	368002
234	359411	369516
235	360925	371032
236	362441	372546
237	363955	374060
238	365469	375575
239	366983	377088
240	368497	378602
241	370011	380117
242	371525	381631
243	373039	383120
244	374556	384662
245	376070	386176
246	377585	387693
247	379099	389208
248	380614	390721
249	382129	392235
250	383643	393750
251	385157	395281
252	386673	396789
253	388188	398301
254	389708	399818
255	391226	401332
256	392740	402848
257	394257	404362
258	395771	405877
259	397286	407391
260	398800	408905
261	400314	410420
262	401828	411933
263	403342	413447
264	404856	414961
265	406369	416476
266	407884	417990
267	409398	419506
268	410914	421020
269	412428	422534
270	413942	424048
271	415456	425563
272	416971	427079
273	418485	428593
274	419999	430104
275	421513	431618
276	423027	433132
277	424541	434649
278	426058	436166
279	427573	437679
280	429087	439194
281	430603	440709
282	432118	442224
283	433633	443740
284	435149	445255
285	436663	446769
286	438178	448285
287	439694	449799
288	441208	451314
289	442722	452827
290	444236	454342
291	445750	455857
292	447265	457370
293	448779	458884
294	450293	460400
295	451807	461912
296	453321	463426
297	454835	464941
298	456349	466455
299	457863	467971
300	459380	469485
301	460894	470999
302	462407	472516
303	463921	474027
304	465435	475542
305	466950	477055
306	468464	478569
307	469977	480082
308	471491	481596
309	473005	483110
310	474519	484624
311	476033	486140
312	477548	487653
313	479061	489169
314	480577	490684
315	482093	492200
316	483609	493714
317	485123	495228
318	486637	496743
319	488151	498281
320	489698	499827
321	491237	501365
322	492775	502948
323	494313	504435
324	495850	505958
325	497384	507490
326	498918	509026
327	500454	510539
328	501973	512042
329	503485	513555
330	504998	515064
331	506509	516580
332	508025	518088
333	509535	519600
334	511047	521112
335	512559	522624
336	514071	524134
337	515582	525648
338	517094	527159
339	518606	528699
340	520117	530209
341	521628	531721
342	523140	533225
343	524652	534717
344	526163	536228
345	527674	537800
346	529184	539311
347	530698	540825
348	532212	542334
349	533721	543815
350	535233	545326
351	536745	546842
352	538256	548371
353	539766	549879
354	541276	551374
355	542785	552880
356	544295	554390
357	545804	555901
358	547315	557411
359	548824	558908
360	550334	560425
361	551844	561909
362	553355	563420
363	554867	564934
364	556381	566462
365	557900	567964
366	559411	569476
367	560922	570987
368	562440	572506
369	563952	574014
370	565462	575528
371	566974	577039
372	568486	578550
373	569997	580059
374	571507	581572
375	573019	583083
376	574530	584594
377	576041	586105
378	577552	587617
379	579064	589134
380	580580	590647
381	582094	592156
382	583604	593671
383	585118	595184
384	586630	596696
385	588142	598206
386	589652	599717
387	591164	601229
388	592675	602739
389	594186	604265
390	595704	605771
391	597216	607283
392	598728	608792
393	600239	610301
394	601749	611814
395	603261	613328
396	604775	614839
397	606286	616350
398	607797	617862
399	609309	619373
400	610820	620895
401	612332	622394
402	613842	623906
403	615353	625419
404	616865	626930
405	618376	628484
406	619894	629986
407	621405	631490
408	622917	632982
409	624428	634501
410	625948	636012
411	627459	637588
412	628970	639096
413	630482	640607
414	631993	642105
415	633503	643604
416	635023	645116
417	636535	646650
418	638047	648161
419	639556	649668
420	641066	651165
421	642575	652671
422	644085	654180
423	645595	655692
424	647105	657191
425	648615	658697
426	650125	660206
427	651634	661702
428	653148	663214
429	654660	664725
430	656172	666241
431	657682	667747
432	659194	669269
433	660707	670773
434	662219	672281
435	663729	673794
436	665240	675306
437	666752	676818
438	668264	678327
439	669774	679843
440	671290	681355
441	672801	682867
442	674313	684376
443	675823	685892
444	677338	687404
445	678849	688916
446	680362	690445
447	681875	691941
448	683387	693452
449	684899	694963
450	686411	696486
451	687932	697996
452	689442	699507
453	690954	701019
454	692465	702530
455	693976	704040
456	695487	705554
457	696999	707065
458	698511	708576
459	700022	710087
460	701535	711600
461	703047	713111
462	704558	714623
463	706070	716134
464	707580	717646
465	709092	719157
466	710604	720668
467	712115	722178
468	713626	723691
469	715137	725206
470	716653	726749
471	718167	728260
472	719679	729772
473	721191	731293
474	722706	732798
475	724217	734311
476	725730	735846
477	727241	737365
478	728751	738875
479	730262	740387
480	731774	741898
481	733284	743405
482	734793	744917
483	736303	746399
484	737815	747938
485	739325	749447
486	740835	750955
487	742344	752484
488	743854	753976
489	745365	755487
490	746874	757001
491	748384	758513
492	749905	760027
493	751416	761537
494	752925	763049
495	754439	764563
496	755949	766073
497	757459	767583
498	758969	769092
499	760479	770602
500	761988	772112
501	763498	773623
502	765008	775132
503	766518	776644
504	768028	778152
505	769538	779661
506	771048	781172
507	772557	782683
508	774069	784192
509	775579	785703
510	777089	787213
511	778599	788698
512	780110	790207
513	781622	791745
514	783131	793245
515	784641	794764
516	786150	796253
517	787661	797749
518	789171	799238
519	790682	800780
520	792191	802280
521	793703	803799
522	795213	805283
523	796725	806796
524	798237	808302
525	799749	809814
526	801261	811325
527	802772	812837
528	804284	814347
529	805794	815861
530	807306	817371
531	808818	818883
532	810329	820393
533	811841	821906
534	813352	823418
535	814864	824929
536	816376	826457
537	817894	827959
538	819406	829498
539	820917	831012
540	822431	832522
541	823950	834015
542	825461	835527
543	826973	837038
544	828485	838609
545	829996	840119
546	831506	841622
547	833017	843111
548	834529	844624
549	836040	846123
550	837551	847664
551	839060	849156
552	840570	850665
553	842079	852175
554	843590	853685
555	845099	855188
556	846611	856696
557	848122	858187
558	849633	859698
559	851145	861213
560	852660	862726
561	854172	864239
562	855684	865751
563	857197	867274
564	858712	868777
565	860223	870293
566	861734	871806
567	863245	873317
568	864757	874829
569	866268	876340
570	867779	877851
571	869291	879389
572	870825	880902
573	872337	882414
574	873847	883914
575	875359	885442
576	876871	886937
577	878382	888464
578	879900	889970
579	881413	891484
580	882926	892992
581	884440	894542
582	885951	896053
583	887462	897564
584	888972	899077
585	890485	900594
586	892003	902107
587	893513	903615
588	895024	905125
589	896534	906637
590	898045	908148
591	899556	909658
592	901066	911154
593	902576	912644
594	904087	914189
595	905598	915701
596	907109	917210
597	908619	918721
598	910130	920232
599	911640	921742
600	913150	923256
601	914664	924767
602	916174	926286
603	917685	927787
604	919195	929299
605	920707	930809
606	922218	932319
607	923728	933829
608	925238	935344
609	926749	936852
610	928260	938362
611	929770	939873
612	931282	941386
613	932794	942896
614	934304	944415
615	935815	945918
616	937326	947429
617	938839	948941
618	940349	950460
619	941860	951961
620	943370	953472
621	944880	954982
622	946391	956493
623	947910	958013
624	949421	959522
625	950931	961033
626	952441	962542
627	953952	964053
628	955462	965564
629	956973	967076
630	958486	968587
631	959996	970098
632	961506	971609
633	963019	973120
634	964529	974630
635	966040	976141
636	967551	977652
637	969061	979165
638	970571	980672
639	972081	982184
640	973592	983693
641	975102	985203
642	976612	986714
643	978123	988224
644	979633	989736
645	981145	991248
646	982657	992758
647	984167	994279
648	985678	995782
649	987191	997295
650	988704	998805
651	990214	1000315
652	991724	1001825
653	993234	1003335
654	994745	1004845
655	996255	1006357
656	997766	1007866
657	999276	1009377
658	1000786	1010889
659	1002297	1012399
660	1003807	1013909
661	1005317	1015422
662	1006828	1016930
663	1008339	1018440
664	1009849	1019927
665	1011362	1021429
666	1012872	1022939
667	1014383	1024447
668	1015893	1025995
669	1017403	1027505
670	1018914	1029015
671	1020424	1030526
672	1021934	1032020
673	1023448	1033549
674	1024959	1035084
675	1026494	1036619
676	1028028	1038149
677	1029560	1039685
678	1031093	1041185
679	1032619	1042698
680	1034136	1044216
681	1035654	1045731
682	1037169	1047244
683	1038683	1048761
684	1040198	1050273
685	1041711	1051787
686	1043224	1053301
687	1044739	1054814
688	1046252	1056327
689	1047765	1057839
690	1049278	1059352
691	1050790	1060864
692	1052303	1062376
693	1053816	1063889
694	1055329	1065415
695	1056842	1066917
696	1058355	1068431
697	1059870	1069944
698	1061383	1071457
699	1062895	1072970
700	1064408	1074482
701	1065921	1075995
702	1067433	1077508
703	1068946	1079020
704	1070459	1080533
705	1071971	1082046
706	1073484	1083558
707	1074997	1085072
708	1076509	1086584
709	1078022	1088096
710	1079535	1089609
711	1081047	1091122
712	1082560	1092636
713	1084074	1094148
714	1085587	1095662
715	1087100	1097174
716	1088613	1098687
717	1090125	1100199
718	1091638	1101712
719	1093150	1103225
720	1094663	1104739
721	1096176	1106252
722	1097689	1107764
723	1099202	1109277
724	1100715	1110789
725	1102227	1112304
726	1103742	1113815
727	1105254	1115329
728	1106767	1116843
729	1108282	1118356
730	1109795	1119869
731	1111307	1121382
732	1112820	1122895
733	1114333	1124409
734	1115846	1125921
735	1117359	1127441
736	1118877	1128955
737	1120391	1130471
738	1121904	1131977
739	1123416	1133492
740	1124930	1135004
741	1126443	1136517
742	1127956	1138030
743	1129469	1139544
744	1130982	1141059
745	1132497	1142572
746	1134010	1144084
747	1135523	1145597
748	1137036	1147110
749	1138549	1148627
750	1140064	1150139
751	1141577	1151652
752	1143090	1153164
753	1144602	1154681
754	1146118	1156194
755	1147631	1157706
756	1149144	1159219
757	1150657	1160731
758	1152169	1162244
759	1153682	1163757
760	1155195	1165279
761	1156709	1166784
762	1158222	1168300
763	1159738	1169813
764	1161251	1171325
765	1162764	1172838
766	1164277	1174350
767	1165789	1175864
768	1167302	1177376
769	1168815	1178897
770	1170327	1180411
771	1171840	1181914
772	1173353	1183427
773	1174865	1184939
774	1176378	1186453
775	1177891	1187966
776	1179404	1189480
777	1180919	1190993
778	1182432	1192505
779	1183944	1194019
780	1185457	1195532
781	1186970	1197044
782	1188482	1198556
783	1189995	1200070
784	1191508	1201583
785	1193021	1203095
786	1194534	1204608
787	1196046	1206121
788	1197559	1207633
789	1199072	1209146
790	1200585	1210659
791	1202097	1212180
792	1203618	1213695
793	1205133	1215207
794	1206646	1216722
795	1208159	1218235
796	1209672	1219749
797	1211185	1221260
798	1212698	1222771
799	1214210	1224287
800	1215725	1225800
801	1217238	1227313
802	1218751	1228825
803	1220263	1230337
804	1221776	1231858
805	1223295	1233370
806	1224808	1234883
807	1226321	1236406
808	1227834	1237910
809	1229349	1239424
810	1230862	1240936
811	1232375	1242450
812	1233888	1243962
813	1235401	1245476
814	1236914	1246988
815	1238427	1248504
816	1239942	1250016
817	1241455	1251534
818	1242968	1253042
819	1244481	1254555
820	1245993	1256067
821	1247506	1257583
822	1249019	1259139
823	1250531	1260613
824	1252051	1262144
825	1253566	1263649
826	1255079	1265153
827	1256592	1266680
828	1258118	1268194
829	1259633	1269707
830	1261146	1271221
831	1262659	1272735
832	1264173	1274247
833	1265687	1275762
834	1267200	1277278
835	1268716	1278789
836	1270229	1280304
837	1271744	1282248
838	1273271	1283348
839	1274787	1284860
840	1276300	1286377
841	1277816	1287890
842	1279329	1289412
843	1280842	1290915
844	1282355	1292428
845	1283868	1293978
846	1285416	1295492
847	1286931	1297005
848	1288444	1298519
849	1289957	1300032
850	1291471	1301544
851	1292984	1303057
852	1294496	1304570
853	1296009	1306084
854	1297522	1307598
855	1299035	1309110
856	1300549	1310625
857	1302064	1312138
858	1303577	1313651
859	1305090	1315164
860	1306603	1316677
861	1308116	1318190
862	1309629	1319705
863	1311143	1321218
864	1312657	1322730
865	1314169	1324243
866	1315682	1325757
867	1317196	1327277
868	1318708	1328783
869	1320221	1330298
870	1321737	1331810
871	1323250	1333323
872	1324763	1334838
873	1326277	1336351
874	1327790	1337864
875	1329303	1339377
876	1330816	1340890
877	1332329	1342412
878	1333842	1343916
879	1335355	1345430
880	1336868	1346942
881	1338381	1348459
882	1339896	1349970
883	1341409	1351483
884	1342922	1352996
885	1344435	1354509
886	1345948	1356022
887	1347461	1357535
888	1348974	1359049
889	1350489	1360562
890	1352001	1362074
891	1353514	1363588
892	1355027	1365101
893	1356540	1366614
894	1358053	1368126
895	1359566	1369640
896	1361079	1371152
897	1362592	1372665
898	1364104	1374178
899	1365617	1375691
900	1367130	1377204
901	1368643	1378717
902	1370156	1380230
903	1371668	1381742
904	1373181	1383258
905	1374696	1384770
906	1376209	1386285
907	1377724	1387798
908	1379237	1389311
909	1380750	1390831
910	1382271	1392344
911	1383784	1393857
912	1385296	1395371
913	1386810	1396883
914	1388322	1398405
915	1389835	1399909
916	1391348	1401422
917	1392861	1402934
918	1394374	1404447
919	1395887	1405961
920	1397400	1407476
921	1398915	1408989
922	1400427	1410501
923	1401940	1412014
924	1403453	1413531
925	1404966	1415040
926	1406479	1416553
927	1407992	1418065
928	1409504	1419578
929	1411017	1421091
930	1412530	1422603
931	1414043	1424116
932	1415556	1425630
933	1417069	1427142
934	1418582	1428655
935	1420094	1430167
936	1421607	1431680
937	1423119	1433192
938	1424632	1434705
939	1426145	1436219
940	1427657	1437730
941	1429170	1439252
942	1430691	1440765
943	1432204	1442280
944	1433717	1443790
945	1435229	1445308
946	1436747	1446821
947	1438259	1448336
948	1439775	1449848
949	1441287	1451362
950	1442801	1452874
951	1444314	1454398
952	1445829	1455905
953	1447344	1457419
954	1448857	1458930
955	1450370	1460443
956	1451883	1461955
957	1453396	1463471
958	1454910	1464985
959	1456424	1466499
960	1457938	1468012
961	1459450	1469524
962	1460963	1471036
963	1462476	1472549
964	1463988	1474062
965	1465501	1475575
966	1467014	1477088
967	1468527	1478600
968	1470040	1480113
969	1471553	1481626
970	1473065	1483138
971	1474578	1484651
972	1476091	1486165
973	1477604	1487677
974	1479116	1489191
975	1480631	1490704
976	1482144	1492217
977	1483656	1493730
978	1485169	1495243
979	1486682	1496756
980	1488195	1498273
981	1489707	1499782
982	1491220	1501308
983	1492735	1502811
984	1494248	1504325
985	1495761	1505835
986	1497273	1507348
987	1498786	1508860
988	1500298	1510373
989	1501811	1511891
990	1503328	1513415
991	1504849	1514929
992	1506366	1516458
993	1507902	1517975
994	1509415	1519490
995	1510929	1521003
996	1512442	1522517
997	1513956	1524032
998	1515468	1525543
999	1516981	1527056
1000	1518494	1528568
1001	1520006	1530080
1002	1521519	1531593
1003	1523032	1533114
1004	1524550	1534626
1005	1526064	1536139
1006	1527578	1537654
1007	1529093	1539165
1008	1530605	1540681
1009	1532118	1542193
1010	1533632	1543706
1011	1535145	1545220
1012	1536658	1546732
1013	1538171	1548256
1014	1539684	1549761
1015	1541199	1551275
1016	1542712	1552786
1017	1544225	1554301
1018	1545740	1555814
1019	1547252	1557326
1020	1548765	1558838
1021	1550278	1560351
1022	1551790	1561866
1023	1553305	1563379
1024	1554817	1564891
1025	1556330	1566406
1026	1557843	1567917
1027	1559356	1569437
1028	1560869	1570942
1029	1562381	1572455
1030	1563894	1573967
1031	1565406	1575481
1032	1566919	1576993
1033	1568432	1578506
1034	1569945	1580018
1035	1571457	1581530
1036	1572970	1583043
1037	1574483	1584555
1038	1575995	1586071
1039	1577509	1587583
1040	1579022	1589095
1041	1580535	1590608
1042	1582047	1592122
1043	1583559	1593633
1044	1585072	1595145
1045	1586585	1596660
1046	1588097	1598171
1047	1589610	1599684
1048	1591123	1601196
1049	1592635	1602708
1050	1594148	1604222
1051	1595660	1605735
1052	1597173	1607247
1053	1598686	1608759
1054	1600198	1610274
1055	1601712	1611786
1056	1603225	1613300
1057	1604740	1614814
1058	1606252	1616327
1059	1607765	1617839
1060	1609278	1619351
1061	1610791	1620864
1062	1612303	1622377
1063	1613816	1623889
1064	1615329	1625416
1065	1616842	1626915
1066	1618355	1628428
1067	1619867	1629941
1068	1621380	1631453
1069	1622893	1632967
1070	1624406	1634482
1071	1625921	1635997
1072	1627434	1637508
1073	1628947	1639021
1074	1630460	1640534
1075	1631973	1642047
1076	1633486	1643559
1077	1634999	1645072
1078	1636511	1646585
1079	1638024	1648097
1080	1639537	1649614
1081	1641052	1651126
1082	1642565	1652639
1083	1644078	1654151
1084	1645591	1655665
1085	1647103	1657177
1086	1648616	1658692
1087	1650131	1660208
1088	1651647	1661720
1089	1653159	1663233
1090	1654672	1664745
1091	1656184	1666259
1092	1657697	1667771
1093	1659210	1669286
1094	1660725	1670799
1095	1662238	1672311
1096	1663751	1673824
1097	1665263	1675338
1098	1666777	1676857
1099	1668290	1678371
1100	1669802	1679880
1101	1671315	1681397
1102	1672828	1682904
1103	1674343	1684418
1104	1675856	1685936
1105	1677375	1687449
1106	1678888	1688961
1107	1680401	1690477
1108	1681914	1691988
1109	1683427	1693499
1110	1684939	1695012
1111	1686452	1696526
1112	1687965	1698038
1113	1689477	1699552
1114	1690990	1701064
1115	1692503	1702576
1116	1694016	1704089
1117	1695529	1705603
1118	1697042	1707118
1119	1698557	1708630
1120	1700069	1710143
1121	1701582	1711656
1122	1703095	1713169
1123	1704608	1714681
1124	1706120	1716195
1125	1707633	1717707
1126	1709146	1719220
1127	1710659	1720732
1128	1712171	1722245
1129	1713684	1723759
1130	1715197	1725279
1131	1716710	1726786
1132	1718223	1728300
1133	1719738	1729811
1134	1721251	1731326
1135	1722765	1732839
1136	1724278	1734351
1137	1725791	1735864
1138	1727303	1737377
1139	1728816	1738890
1140	1730329	1740407
1141	1731842	1741916
1142	1733355	1743429
1143	1734868	1744941
1144	1736381	1746454
1145	1737894	1747967
1146	1739407	1749484
1147	1740922	1750996
1148	1742435	1752509
1149	1743948	1754021
1150	1745461	1755537
1151	1746976	1757049
1152	1748493	1758574
1153	1750006	1760080
1154	1751519	1761592
1155	1753032	1763105
1156	1754545	1764617
1157	1756057	1766131
1158	1757570	1767643
1159	1759082	1769155
1160	1760595	1770670
1161	1762107	1772180
1162	1763620	1773693
1163	1765133	1775206
1164	1766645	1776719
1165	1768158	1778232
1166	1769671	1779746
1167	1771185	1781260
1168	1772698	1782772
1169	1774210	1784285
1170	1775725	1785799
1171	1777238	1787312
1172	1778751	1788824
1173	1780263	1790346
1174	1781782	1791857
1175	1783296	1793379
1176	1784819	1794893
1177	1786332	1796409
1178	1787845	1797919
1179	1789358	1799448
1180	1790871	1800945
1181	1792384	1802473
1182	1793905	1803980
1183	1795420	1805502
1184	1796941	1807015
1185	1798454	1808527
1186	1799967	1810040
1187	1801479	1811554
1188	1802992	1813066
1189	1804505	1814578
1190	1806018	1816092
1191	1807531	1817604
1192	1809044	1819117
1193	1810556	1820630
1194	1812069	1822142
1195	1813582	1823655
1196	1815095	1825168
1197	1816607	1826682
1198	1818121	1828196
1199	1819635	1829708
1200	1821148	1831222
1201	1822660	1832735
1202	1824173	1834246
1203	1825686	1835760
1204	1827198	1837279
1205	1828711	1838786
1206	1830224	1840299
1207	1831738	1841811
1208	1833251	1843324
1209	1834763	1844836
1210	1836276	1846350
1211	1837789	1847889
1212	1839327	1849416
1213	1840844	1850918
1214	1842358	1852444
1215	1843870	1853944
1216	1845383	1855474
1217	1846905	1856978
1218	1848417	1858499
1219	1849938	1860012
1220	1851451	1861525
1221	1852964	1863038
1222	1854477	1864550
1223	1855990	1866064
1224	1857502	1867576
1225	1859015	1869088
1226	1860528	1870620
1227	1862041	1872116
1228	1863555	1873628
1229	1865068	1875141
1230	1866580	1876656
1231	1868093	1878166
1232	1869606	1879679
1233	1871118	1881192
1234	1872631	1882705
1235	1874144	1884218
1236	1875657	1885731
1237	1877170	1887243
1238	1878682	1888754
1239	1880195	1890266
1240	1881708	1891778
1241	1883221	1893293
1242	1884736	1894806
1243	1886249	1896322
1244	1887764	1898616
1245	1889300	1899376
1246	1890820	1900890
1247	1892334	1902407
1248	1893847	1903918
1249	1895361	1905431
1250	1896874	1906942
1251	1898387	1908454
1252	1899898	1909984
1253	1901428	1911514
1254	1902958	1913036
1255	1904479	1914597
1256	1906022	1916094
1257	1907538	1917604
1258	1909050	1919116
1259	1910562	1920631
1260	1912075	1922140
1261	1913586	1923651
1262	1915098	1925163
1263	1916609	1926675
1264	1918121	1928187
1265	1919632	1929698
1266	1921143	1931209
1267	1922654	1932720
1268	1924165	1934231
1269	1925675	1935742
1270	1927187	1937253
1271	1928698	1938764
1272	1930209	1940276
1273	1931722	1941788
1274	1933233	1943301
1275	1934746	1944814
1276	1936259	1946325
1277	1937770	1947836
1278	1939281	1949346
1279	1940792	1950861
1280	1942306	1952371
1281	1943817	1953882
1282	1945328	1955404
1283	1946840	1956905
1284	1948351	1958417
1285	1949863	1959928
1286	1951373	1961438
1287	1952884	1962953
1288	1954397	1964463
1289	1955908	1965975
1290	1957420	1967485
1291	1958931	1968999
1292	1960445	1970510
1293	1961955	1972021
1294	1963466	1973532
1295	1964977	1975043
1296	1966488	1976554
1297	1967999	1978065
1298	1969510	1979576
1299	1971021	1981086
1300	1972532	1982598
1301	1974043	1984108
1302	1975553	1985620
1303	1977065	1987130
1304	1978576	1988641
1305	1980086	1990157
1306	1981597	1991664
1307	1983109	1993178
1308	1984624	1994689
1309	1986135	1996200
1310	1987646	1997711
1311	1989157	1999240
1312	1990684	2000750
1313	1992195	2002261
1314	1993706	2003772
1315	1995217	2005288
1316	1996733	2006800
1317	1998244	2008310
1318	1999755	2009821
1319	2001266	2011334
1320	2002777	2012842
1321	2004288	2014354
1322	2005799	2015865
1323	2007310	2017377
1324	2008822	2018888
1325	2010334	2020399
1326	2011844	2021909
1327	2013355	2023426
1328	2014866	2024932
1329	2016377	2026443
1330	2017888	2027953
1331	2019399	2029464
1332	2020909	2030974
1333	2022420	2032488
1334	2023933	2033999
1335	2025444	2035509
1336	2026955	2037021
1337	2028467	2038532
1338	2029978	2040051
1339	2031490	2041580
1340	2033024	2043090
1341	2034535	2044600
1342	2036045	2046112
1343	2037557	2047622
1344	2039068	2049133
1345	2040578	2050647
1346	2042091	2052158
1347	2043602	2053668
1348	2045113	2055180
1349	2046624	2056690
1350	2048135	2058200
1351	2049646	2059711
1352	2051156	2061222
1353	2052667	2062732
1354	2054178	2064246
1355	2055690	2065757
1356	2057201	2067274
1357	2058712	2068779
1358	2060223	2070291
1359	2061736	2071802
1360	2063247	2073312
1361	2064758	2074823
1362	2066268	2076334
1363	2067779	2077845
1364	2069290	2079356
1365	2070801	2080867
1366	2072312	2082377
1367	2073823	2083889
1368	2075334	2085403
1369	2076846	2086912
1370	2078357	2088424
1371	2079869	2089934
1372	2081380	2091445
1373	2082890	2092956
1374	2084401	2094466
1375	2085912	2095978
1376	2087423	2097488
1377	2088934	2099004
1378	2090444	2100510
1379	2091955	2102020
1380	2093465	2103531
1381	2094976	2105041
1382	2096487	2106553
1383	2097998	2108064
1384	2099509	2109574
1385	2101019	2111085
1386	2102530	2112597
1387	2104042	2114108
1388	2105553	2115619
1389	2107064	2117129
1390	2108575	2118640
1391	2110085	2120150
1392	2111596	2121662
1393	2113106	2123173
1394	2114617	2124683
1395	2116128	2126194
1396	2117638	2127704
1397	2119149	2129217
1398	2120660	2130725
1399	2122171	2132244
1400	2123681	2133747
1401	2125192	2135258
1402	2126702	2136773
1403	2128218	2138293
1404	2129738	2139804
1405	2131249	2141314
1406	2132760	2142824
1407	2134270	2144335
1408	2135781	2145847
1409	2137292	2147357
1410	2138802	2148868
1411	2140313	2150382
1412	2141826	2151893
1413	2143337	2153404
1414	2144848	2154914
1415	2146359	2156425
1416	2147870	2157937
1417	2149381	2159447
1418	2150892	2160959
1419	2152404	2162471
1420	2153915	2165408
1421	2155426	2167173
1422	2156937	2167217
1423	2158448	2168521
1424	2159960	2171073
1425	2162510	2172582
1426	2164025	2174093
1427	2165537	2175605
1428	2167049	2177116
1429	2168560	2178627
1430	2170072	2180138
1431	2171584	2181649
1432	2173095	2183162
1433	2174607	2184672
1434	2176118	2186185
1435	2177631	2187698
1436	2179142	2189208
1437	2180653	2190718
1438	2182164	2192231
1439	2183674	2193741
1440	2185185	2195259
1441	2186696	2196763
1442	2188207	2198289
1443	2189721	2199787
1444	2191232	2201307
1445	2192746	2202813
1446	2194257	2204324
1447	2195768	2205836
1448	2197279	2207347
1449	2198790	2208857
1450	2200301	2210370
1451	2201814	2211880
1452	2203325	2213400
1453	2204837	2214903
1454	2206348	2216416
1455	2207860	2217927
1456	2209372	2219437
1457	2210883	2220949
1458	2212394	2222460
1459	2213905	2223971
1460	2215416	2225482
1461	2216927	2226992
1462	2218437	2228503
1463	2219948	2230014
1464	2221459	2231525
1465	2222970	2233035
1466	2224481	2234548
1467	2225994	2236060
1468	2227504	2237570
1469	2229015	2239081
1470	2230526	2240592
1471	2232037	2242103
1472	2233548	2243614
1473	2235059	2245124
1474	2236570	2246636
1475	2238081	2248146
1476	2239592	2249661
1477	2241103	2251173
1478	2242616	2252682
1479	2244127	2254192
1480	2245639	2255709
1481	2247152	2257219
1482	2248664	2258732
1483	2250177	2260243
1484	2251687	2261753
1485	2253198	2263266
1486	2254709	2264775
1487	2256220	2266293
1488	2257736	2267802
1489	2259247	2269314
1490	2260758	2270823
1491	2262268	2272342
1492	2263787	2273852
1493	2265298	2275363
1494	2266809	2276875
1495	2268319	2278396
1496	2269832	2279898
1497	2271343	2281412
1498	2272854	2282922
1499	2274367	2284432
1500	2275877	2285943
1501	2277388	2287468
1502	2278913	2288979
1503	2280423	2290490
1504	2281934	2292000
1505	2283445	2293511
1506	2284956	2295022
1507	2286467	2296533
1508	2287978	2298044
1509	2289489	2299555
1510	2290999	2301066
1511	2292510	2302576
1512	2294021	2304087
1513	2295532	2305598
1514	2297043	2307112
1515	2298557	2308623
1516	2300068	2310134
1517	2301579	2311645
1518	2303090	2313156
1519	2304601	2314666
1520	2306112	2316177
1521	2307622	2317689
1522	2309134	2319201
1523	2310645	2320712
1524	2312156	2322223
1525	2313667	2323733
1526	2315178	2325245
1527	2316689	2326756
1528	2318200	2328274
1529	2319712	2329782
1530	2321224	2331304
1531	2322740	2332817
1532	2324262	2334337
1533	2325781	2335846
1534	2327291	2337360
1535	2328803	2338870
1536	2330314	2340392
1537	2331825	2341894
1538	2333336	2343404
1539	2334847	2344912
1540	2336357	2346424
1541	2337868	2347933
1542	2339378	2349443
1543	2340888	2350956
1544	2342401	2352466
1545	2343912	2353978
1546	2345424	2355489
1547	2346935	2357001
1548	2348445	2358510
1549	2349955	2360021
1550	2351466	2361530
1551	2352976	2363040
1552	2354486	2364551
1553	2355996	2366065
1554	2357508	2367574
1555	2359019	2369084
1556	2360529	2370595
1557	2362040	2372104
1558	2363549	2373615
1559	2365059	2375126
1560	2366569	2376635
1561	2368079	2378146
1562	2369591	2379656
1563	2371101	2381166
1564	2372611	2382676
1565	2374121	2384188
1566	2375631	2385696
1567	2377141	2387206
1568	2378651	2388716
1569	2380161	2390226
1570	2381671	2391738
1571	2383182	2393255
1572	2384692	2394757
1573	2386202	2396276
1574	2387712	2397778
1575	2389223	2399290
1576	2390735	2400800
1577	2392245	2402312
1578	2393757	2403830
1579	2395267	2405340
1580	2396786	2406852
1581	2398296	2408363
1582	2399806	2409871
1583	2401316	2411382
1584	2402826	2412911
1585	2404356	2414421
1586	2405866	2415932
1587	2407377	2417444
1588	2408889	2418954
1589	2410400	2420465
1590	2411910	2421975
1591	2413420	2423485
1592	2414930	2424994
1593	2416440	2426512
1594	2417957	2428023
1595	2419467	2429533
1596	2420976	2431041
1597	2422486	2432550
1598	2423996	2434060
1599	2425506	2435570
1600	2427016	2437080
1601	2428525	2438589
1602	2430035	2440101
1603	2431546	2441611
1604	2433056	2443122
1605	2434566	2444631
1606	2436076	2446142
1607	2437586	2447650
1608	2439096	2449162
1609	2440608	2450677
1610	2442123	2452186
1611	2443633	2453699
1612	2445144	2455210
1613	2446654	2456720
1614	2448164	2458229
1615	2449674	2459739
1616	2451184	2461266
1617	2452694	2462790
1618	2454204	2464283
1619	2455715	2465782
1620	2457225	2467347
1621	2458737	2468807
1622	2460247	2470316
1623	2461758	2471836
1624	2463273	2473344
1625	2464784	2474855
1626	2466297	2476374
1627	2467811	2477902
1628	2469331	2479427
1629	2470842	2480907
1630	2472351	2482421
1631	2473863	2483934
1632	2475375	2485514
1633	2476887	2487019
1634	2478398	2488565
1635	2479911	2489999
1636	2481426	2491497
1637	2482938	2493011
1638	2484450	2494603
1639	2486002	2496096
1640	2487522	2497664
1641	2489069	2499184
1642	2490595	2500665
1643	2492108	2502178
1644	2493620	2503707
1645	2495134	2505325
1646	2496646	2506724
1647	2498158	2508244
1648	2499671	2509751
1649	2501186	2511265
1650	2502698	2512791
1651	2504219	2514448
1652	2505834	2516017
1653	2507383	2517467
1654	2508903	2518973
1655	2510416	2520508
1656	2511942	2522011
1657	2513454	2523531
1658	2514970	2525049
1659	2516482	2526588
1660	2518008	2528081
1661	2519520	2529588
1662	2521031	2531099
1663	2522542	2532615
1664	2524056	2534130
1665	2525569	2535637
1666	2527080	2537148
1667	2528592	2538660
1668	2530103	2540171
1669	2531615	2541683
1670	2533126	2543200
1671	2534637	2544702
1672	2536146	2546217
1673	2537657	2547725
1674	2539169	2549235
1675	2540679	2550745
1676	2542189	2552266
1677	2543700	2553766
1678	2545210	2555287
1679	2546730	2556799
1680	2548241	2558308
1681	2549752	2559818
1682	2551263	2561329
1683	2552773	2562841
1684	2554284	2564351
1685	2555795	2565861
1686	2557305	2567379
1687	2558816	2568881
1688	2560327	2570396
1689	2561836	2571906
1690	2563349	2573415
1691	2564859	2574923
1692	2566374	2576448
1693	2567885	2577950
1694	2569395	2579459
1695	2570905	2580969
1696	2572414	2582479
1697	2573924	2583989
1698	2575434	2585500
1699	2576944	2587009
1700	2578454	2588519
1701	2579964	2590029
1702	2581474	2591539
1703	2582984	2593049
1704	2584494	2594559
1705	2586003	2596070
1706	2587515	2597580
1707	2589025	2599090
1708	2590535	2600600
1709	2592045	2602109
1710	2593555	2603627
1711	2595065	2605130
1712	2596575	2606641
1713	2598085	2608150
1714	2599595	2609668
1715	2601106	2611170
1716	2602616	2612680
1717	2604126	2614194
1718	2605639	2615704
1719	2607149	2617224
1720	2608660	2618725
1721	2610171	2620238
1722	2611683	2621748
1723	2613193	2623259
1724	2614703	2624767
1725	2616213	2626283
1726	2617728	2627793
1727	2619238	2629304
1728	2620749	2630813
1729	2622259	2632324
1730	2623769	2633833
1731	2625278	2635344
1732	2626788	2636854
1733	2628298	2638364
1734	2629808	2639873
1735	2631318	2641391
1736	2632828	2642893
1737	2634338	2644409
1738	2635851	2645916
1739	2637361	2647428
1740	2638871	2648936
1741	2640381	2650446
1742	2641891	2651955
1743	2643401	2653465
1744	2644911	2654975
1745	2646420	2656486
1746	2647931	2657997
1747	2649441	2659508
1748	2650952	2661017
1749	2652462	2662527
1750	2653971	2664036
1751	2655481	2665546
1752	2656991	2667056
1753	2658501	2668571
1754	2660013	2670078
1755	2661523	2671587
1756	2663032	2673097
1757	2664542	2674607
1758	2666052	2676117
1759	2667562	2677627
1760	2669072	2679136
1761	2670582	2680647
1762	2672092	2682157
1763	2673601	2683674
1764	2675119	2685183
1765	2676628	2686693
1766	2678138	2688212
1767	2679648	2689714
1768	2681159	2691226
1769	2682670	2692739
1770	2684184	2694258
1771	2685694	2695760
1772	2687204	2697281
1773	2688725	2698790
1774	2690235	2700317
1775	2691754	2701819
1776	2693265	2703338
1777	2694783	2704848
1778	2696293	2706359
1779	2697803	2707868
1780	2699313	2709379
1781	2700823	2710888
1782	2702333	2712403
1783	2703843	2713908
1784	2705353	2715418
1785	2706863	2716929
1786	2708375	2718439
1787	2709884	2719949
1788	2711394	2721459
1789	2712904	2722971
1790	2714416	2724480
1791	2715926	2725991
1792	2717436	2727501
1793	2718946	2729011
1794	2720457	2730521
1795	2721967	2732031
1796	2723477	2733541
1797	2724987	2735051
1798	2726497	2736562
1799	2728007	2738072
1800	2729517	2739582
1801	2731027	2741095
1802	2732540	2742604
1803	2734050	2744114
1804	2735559	2745625
1805	2737069	2747134
1806	2738580	2748644
1807	2740090	2750154
1808	2741599	2751664
1809	2743109	2753174
1810	2744619	2754684
1811	2746129	2756199
1812	2747639	2757705
1813	2749149	2759214
1814	2750659	2760724
1815	2752169	2762234
1816	2753679	2763745
1817	2755189	2765265
1818	2756701	2766767
1819	2758211	2768279
1820	2759723	2769788
1821	2761233	2771307
1822	2762749	2772815
1823	2764259	2774325
1824	2765769	2775834
1825	2767285	2777351
1826	2768795	2778860
1827	2770305	2780371
1828	2771815	2781880
1829	2773325	2783398
1830	2774835	2784900
1831	2776345	2786413
1832	2777855	2787920
1833	2779365	2789432
1834	2780877	2790949
1835	2782387	2792453
1836	2783897	2793962
1837	2785407	2795472
1838	2786917	2796982
1839	2788427	2798491
1840	2789937	2800001
1841	2791447	2801512
1842	2792957	2803022
1843	2794467	2804531
1844	2795977	2806041
1845	2797486	2807552
1846	2798997	2809061
1847	2800506	2810571
1848	2802016	2812080
1849	2803525	2813592
1850	2805037	2815102
1851	2806547	2816612
1852	2808057	2818122
1853	2809567	2819655
1854	2811100	2821165
1855	2812610	2822675
1856	2814120	2824184
1857	2815630	2825694
1858	2817139	2827204
1859	2818649	2828714
1860	2820159	2830224
1861	2821669	2831734
1862	2823179	2833244
1863	2824689	2834754
1864	2826199	2836273
1865	2827708	2837775
1866	2829220	2839288
1867	2830732	2840797
1868	2832242	2842310
1869	2833753	2843817
1870	2835263	2845327
1871	2836772	2846840
1872	2838284	2848349
1873	2839794	2849858
1874	2841303	2851368
1875	2842813	2852878
1876	2844323	2854396
1877	2845833	2855901
1878	2847343	2857410
1879	2848853	2858918
1880	2850363	2860428
1881	2851872	2861939
1882	2853384	2863449
1883	2854894	2864958
1884	2856404	2866469
1885	2857914	2867978
1886	2859424	2869488
1887	2860933	2870998
1888	2862443	2872507
1889	2863953	2874017
1890	2865462	2875527
1891	2866972	2877037
1892	2868482	2878547
1893	2869992	2880057
1894	2871502	2881567
1895	2873012	2883077
1896	2874521	2884587
1897	2876032	2886099
1898	2877543	2887609
1899	2879054	2889118
1900	2880564	2890630
1901	2882073	2892138
1902	2883583	2893648
1903	2885093	2895158
1904	2886603	2896668
1905	2888113	2898178
1906	2889623	2899687
1907	2891132	2901197
1908	2892642	2902707
1909	2894152	2904218
1910	2895662	2905727
1911	2897172	2907237
1912	2898682	2908747
1913	2900192	2910259
1914	2901703	2911768
1915	2903213	2913291
1916	2904727	2914792
1917	2906240	2916322
1918	2907767	2917832
1919	2909283	2919348
1920	2910793	2920857
1921	2912302	2922367
1922	2913812	2923877
1923	2915322	2925396
1924	2916832	2926898
1925	2918342	2928410
1926	2919852	2929917
1927	2921362	2931428
1928	2922872	2932937
1929	2924382	2934449
1930	2925894	2935959
1931	2927403	2937469
1932	2928914	2938979
1933	2930424	2940488
1934	2931933	2941999
1935	2933443	2943508
1936	2934953	2945017
1937	2936463	2946528
1938	2937973	2948037
1939	2939483	2949548
1940	2940992	2951057
1941	2942502	2952567
1942	2944012	2954077
1943	2945522	2955587
1944	2947031	2957097
1945	2948542	2958608
1946	2950054	2960126
1947	2951572	2961637
1948	2953082	2963147
1949	2954592	2964657
1950	2956102	2966168
1951	2957612	2967678
1952	2959122	2969187
1953	2960632	2970697
1954	2962142	2972207
1955	2963652	2973716
1956	2965161	2975227
1957	2966672	2976737
1958	2968182	2978256
1959	2969692	2979757
1960	2971202	2981270
1961	2972711	2982897
1962	2974224	2984293
1963	2975736	2985802
1964	2977246	2987311
1965	2978756	2988820
1966	2980266	2990338
1967	2981784	2991850
1968	2983294	2993553
1969	2984803	2995048
1970	2986313	2996561
1971	2987823	2997956
1972	2989334	2999465
1973	2990844	3000974
1974	2992353	3002483
1975	2993863	3003995
1976	2995374	3005505
1977	2996884	3007017
1978	2998396	3008527
1979	2999906	3010036
1980	3001415	3011547
1981	3002926	3013057
1982	3004436	3014567
1983	3005945	3016077
1984	3007456	3017588
1985	3008966	3019097
1986	3010476	3020607
1987	3011986	3022134
1988	3013495	3023559
1989	3015005	3025068
1990	3016515	3026579
1991	3018024	3028088
1992	3019534	3029601
1993	3021044	3031110
1994	3022556	3032716
1995	3024076	3034284
1996	3025588	3035783
1997	3027098	3037288
1998	3028608	3038789
1999	3030118	3040302
2000	3031628	3041742
