1	0
2	1793
3	8110
4	9803
5	11437
6	13104
7	14737
8	16500
9	18190
10	19892
11	21546
12	23147
13	24753
14	26354
15	27954
16	29557
17	31157
18	32757
19	34357
20	35958
21	37558
22	39159
23	40759
24	42359
25	43960
26	45561
27	47163
28	48763
29	50363
30	51963
31	53563
32	55163
33	56764
34	58364
35	59972
36	61573
37	63174
38	64774
39	66375
40	67983
41	69583
42	71184
43	72786
44	74386
45	75990
46	77590
47	79193
48	80793
49	82393
50	83994
51	85595
52	87195
53	88797
54	90397
55	91997
56	93597
57	95198
58	96799
59	98399
60	100001
61	101601
62	103201
63	104801
64	106402
65	108002
66	109603
67	111203
68	112803
69	114403
70	116004
71	117604
72	119204
73	120804
74	122404
75	124004
76	125609
77	127211
78	128811
79	130416
80	132017
81	133617
82	135217
83	136818
84	138421
85	140022
86	141622
87	143222
88	144822
89	146425
90	148029
91	149629
92	151231
93	152832
94	154433
95	156034
96	157634
97	159234
98	160835
99	162437
100	164037
101	165638
102	167238
103	168839
104	170440
105	172040
106	173641
107	175243
108	176846
109	178446
110	180048
111	181649
112	183249
113	184850
114	186451
115	188060
116	189660
117	191261
118	192861
119	194462
120	196063
121	197664
122	199264
123	200865
124	202468
125	204068
126	205670
127	207270
128	208871
129	210472
130	212073
131	213674
132	215275
133	216876
134	218476
135	220077
136	221678
137	223282
138	224887
139	226492
140	228099
141	229705
142	231308
143	232911
144	234512
145	236114
146	237715
147	239316
148	240918
149	242519
150	244120
151	245722
152	247323
153	248925
154	250526
155	252127
156	253731
157	255332
158	256940
159	258550
160	260152
161	261755
162	263355
163	264956
164	266558
165	268159
166	269759
167	271360
168	272961
169	274561
170	276164
171	277765
172	279369
173	280970
174	282570
175	284171
176	285772
177	287373
178	288973
179	290574
180	292175
181	293776
182	295376
183	296977
184	298578
185	300178
186	301779
187	303380
188	304982
189	306584
190	308185
191	309785
192	311386
193	312987
194	314588
195	316190
196	317791
197	319391
198	320992
199	322598
200	324198
201	325802
202	327413
203	329015
204	330621
205	332222
206	333822
207	335430
208	337030
209	338631
210	340232
211	341832
212	343435
213	345036
214	346637
215	348237
216	349838
217	351440
218	353041
219	354641
220	356247
221	357848
222	359448
223	361049
224	362649
225	364250
226	365851
227	367452
228	369052
229	370653
230	372254
231	373855
232	375458
233	377059
234	378660
235	380262
236	381865
237	383466
238	385067
239	386668
240	388269
241	389870
242	391471
243	393071
244	394672
245	396273
246	397874
247	399474
248	401075
249	402675
250	404276
251	405877
252	407480
253	409081
254	410681
255	412282
256	413883
257	415484
258	417085
259	418686
260	420286
261	421887
262	423487
263	425090
264	426691
265	428292
266	429894
267	431495
268	433098
269	434699
270	436300
271	437900
272	439501
273	441101
274	442702
275	444302
276	445903
277	447504
278	449109
279	450712
280	452313
281	453913
282	455515
283	457116
284	458719
285	460319
286	461920
287	463521
288	465122
289	466724
290	468324
291	469925
292	471525
293	473126
294	474726
295	476329
296	477930
297	479532
298	481133
299	482733
300	484336
301	485938
302	487539
303	489139
304	490740
305	492340
306	493941
307	495542
308	497143
309	498744
310	500345
311	501946
312	503546
313	505147
314	506748
315	508349
316	509951
317	511552
318	513153
319	514754
320	516382
321	518009
322	519634
323	521259
324	522882
325	524503
326	526129
327	527728
328	529326
329	530926
330	532525
331	534123
332	535723
333	537329
334	538928
335	540526
336	542124
337	543721
338	545320
339	546919
340	548516
341	550114
342	551712
343	553310
344	554907
345	556506
346	558103
347	559701
348	561301
349	562898
350	564496
351	566094
352	567692
353	569289
354	570887
355	572484
356	574082
357	575682
358	577280
359	578877
360	580476
361	582074
362	583672
363	585270
364	586870
365	588468
366	590066
367	591664
368	593261
369	594859
370	596458
371	598057
372	599654
373	601252
374	602849
375	604447
376	606044
377	607642
378	609239
379	610837
380	612438
381	614035
382	615634
383	617234
384	618832
385	620432
386	622030
387	623627
388	625227
389	626825
390	628430
391	630029
392	631627
393	633224
394	634822
395	636423
396	638022
397	639621
398	641218
399	642815
400	644415
401	646014
402	647621
403	649219
404	650816
405	652416
406	654013
407	655611
408	657209
409	658806
410	660404
411	662001
412	663601
413	665198
414	666796
415	668394
416	670000
417	671598
418	673196
419	674793
420	676393
421	677990
422	679590
423	681188
424	682785
425	684383
426	685981
427	687580
428	689180
429	690788
430	692399
431	694037
432	695652
433	697250
434	698848
435	700447
436	702045
437	703643
438	705241
439	706842
440	708454
441	710053
442	711653
443	713252
444	714856
445	716457
446	718066
447	719665
448	721269
449	722867
450	724489
451	726108
452	727707
453	729357
454	730958
455	732578
456	734178
457	735777
458	737376
459	738973
460	740574
461	742173
462	743770
463	745368
464	746966
465	748564
466	750162
467	751760
468	753357
469	754955
470	756553
471	758151
472	759749
473	761346
474	762944
475	764542
476	766142
477	767740
478	769338
479	770936
480	772534
481	774131
482	775731
483	777329
484	778927
485	780526
486	782124
487	783722
488	785320
489	786918
490	788516
491	790114
492	791714
493	793311
494	794909
495	796507
496	798105
497	799703
498	801301
499	802898
500	804496
501	806094
502	807692
503	809289
504	810887
505	812486
506	814090
507	815690
508	817314
509	818912
510	820509
511	822107
512	823705
513	825302
514	826902
515	828500
516	830100
517	831698
518	833295
519	834893
520	836492
521	838090
522	839687
523	841285
524	842885
525	844482
526	846081
527	847678
528	849276
529	850874
530	852472
531	854070
532	855668
533	857266
534	858864
535	860461
536	862059
537	863657
538	865260
539	866860
540	868460
541	870058
542	871656
543	873254
544	874851
545	876451
546	878049
547	879646
548	881246
549	882844
550	884442
551	886040
552	887638
553	889235
554	890833
555	892433
556	894041
557	895640
558	897240
559	898838
560	900437
561	902035
562	903633
563	905231
564	906829
565	908429
566	910029
567	911628
568	913226
569	914826
570	916428
571	918026
572	919628
573	921226
574	922824
575	924424
576	926026
577	927623
578	929220
579	930819
580	932419
581	934017
582	935615
583	937212
584	938809
585	940407
586	942014
587	943612
588	945213
589	946811
590	948408
591	950006
592	951605
593	953203
594	954800
595	956398
596	957997
597	959594
598	961192
599	962789
600	964386
601	965984
602	967582
603	969179
604	970779
605	972376
606	973973
607	975572
608	977171
609	978770
610	980369
611	981967
612	983564
613	985162
614	986760
615	988357
616	989954
617	991552
618	993149
619	994747
620	996348
621	997946
622	999543
623	1001141
624	1002738
625	1004336
626	1005934
627	1007531
628	1009129
629	1010726
630	1012324
631	1013921
632	1015519
633	1017116
634	1018713
635	1020310
636	1021910
637	1023508
638	1025105
639	1026704
640	1028302
641	1029900
642	1031499
643	1033096
644	1034694
645	1036292
646	1037889
647	1039486
648	1041084
649	1042681
650	1044279
651	1045877
652	1047478
653	1049076
654	1050673
655	1052270
656	1053868
657	1055466
658	1057063
659	1058661
660	1060258
661	1061856
662	1063454
663	1065051
664	1066649
665	1068247
666	1069844
667	1071442
668	1073041
669	1074663
670	1076283
671	1077897
672	1079499
673	1081099
674	1082699
675	1084297
676	1085895
677	1087491
678	1089088
679	1090687
680	1092283
681	1093880
682	1095477
683	1097074
684	1098674
685	1100271
686	1101868
687	1103464
688	1105063
689	1106661
690	1108257
691	1109854
692	1111451
693	1113048
694	1114644
695	1116245
696	1117843
697	1119439
698	1121036
699	1122632
700	1124233
701	1125831
702	1127428
703	1129024
704	1130621
705	1132217
706	1133814
707	1135411
708	1137008
709	1138605
710	1140203
711	1141800
712	1143397
713	1144994
714	1146591
715	1148188
716	1149788
717	1151384
718	1152981
719	1154577
720	1156175
721	1157771
722	1159368
723	1160964
724	1162561
725	1164158
726	1165756
727	1167354
728	1168951
729	1170548
730	1172146
731	1173743
732	1175343
733	1176941
734	1178539
735	1180144
736	1181742
737	1183339
738	1184936
739	1186535
740	1188132
741	1189731
742	1191329
743	1192926
744	1194526
745	1196124
746	1197722
747	1199319
748	1200919
749	1202519
750	1204116
751	1205718
752	1207315
753	1208913
754	1210512
755	1212109
756	1213707
757	1215305
758	1216906
759	1218506
760	1220104
761	1221701
762	1223323
763	1224933
764	1226538
765	1228135
766	1229733
767	1231331
768	1232928
769	1234528
770	1236127
771	1237724
772	1239321
773	1240920
774	1242521
775	1244118
776	1245717
777	1247314
778	1248912
779	1250511
780	1252111
781	1253708
782	1255306
783	1256904
784	1258502
785	1260099
786	1261697
787	1263294
788	1264892
789	1266490
790	1268088
791	1269685
792	1271283
793	1272880
794	1274477
795	1276075
796	1277675
797	1279273
798	1280870
799	1282466
800	1284063
801	1285660
802	1287257
803	1288854
804	1290453
805	1292049
806	1293646
807	1295242
808	1296840
809	1298437
810	1300034
811	1301630
812	1303229
813	1304826
814	1306423
815	1308020
816	1309616
817	1311213
818	1312809
819	1314406
820	1316003
821	1317603
822	1319200
823	1320797
824	1322401
825	1323998
826	1325595
827	1327192
828	1328803
829	1330401
830	1331998
831	1333596
832	1335193
833	1336791
834	1338388
835	1339989
836	1341587
837	1343184
838	1344780
839	1346378
840	1347975
841	1349572
842	1351168
843	1352765
844	1354364
845	1355961
846	1357593
847	1359191
848	1360788
849	1362385
850	1363981
851	1365581
852	1367179
853	1368776
854	1370374
855	1371971
856	1373568
857	1375164
858	1376762
859	1378359
860	1379958
861	1381555
862	1383152
863	1384748
864	1386346
865	1387943
866	1389539
867	1391137
868	1392734
869	1394331
870	1395928
871	1397527
872	1399124
873	1400721
874	1402317
875	1403914
876	1405521
877	1407118
878	1408715
879	1410312
880	1411909
881	1413508
882	1415105
883	1416703
884	1418304
885	1419901
886	1421498
887	1423095
888	1424691
889	1426289
890	1427886
891	1429484
892	1431083
893	1432680
894	1434276
895	1435873
896	1437470
897	1439067
898	1440666
899	1442263
900	1443860
901	1445457
902	1447054
903	1448651
904	1450248
905	1451845
906	1453442
907	1455039
908	1456638
909	1458235
910	1459832
911	1461429
912	1463026
913	1464623
914	1466220
915	1467817
916	1469414
917	1471010
918	1472607
919	1474204
920	1475801
921	1477398
922	1478995
923	1480592
924	1482191
925	1483787
926	1485384
927	1486981
928	1488578
929	1490177
930	1491774
931	1493371
932	1494967
933	1496565
934	1498161
935	1499758
936	1501354
937	1502951
938	1504548
939	1506145
940	1507741
941	1509338
942	1510935
943	1512532
944	1514128
945	1515726
946	1517327
947	1518923
948	1520522
949	1522118
950	1523715
951	1525312
952	1526909
953	1528509
954	1530106
955	1531705
956	1533304
957	1534901
958	1536498
959	1538095
960	1539691
961	1541290
962	1542889
963	1544485
964	1546083
965	1547680
966	1549276
967	1550873
968	1552470
969	1554066
970	1555663
971	1557260
972	1558856
973	1560453
974	1562049
975	1563646
976	1565242
977	1566840
978	1568438
979	1570035
980	1571632
981	1573228
982	1574824
983	1576422
984	1578018
985	1579615
986	1581212
987	1582808
988	1584404
989	1586001
990	1587598
991	1589194
992	1590793
993	1592389
994	1593988
995	1595585
996	1597182
997	1598778
998	1600375
999	1601971
1000	1603567
1001	1605164
1002	1606761
1003	1608358
1004	1609955
1005	1611551
1006	1613148
1007	1614744
1008	1616341
1009	1617941
1010	1619541
1011	1621138
1012	1622734
1013	1624330
1014	1625928
1015	1627527
1016	1629123
1017	1630720
1018	1632316
1019	1633913
1020	1635515
1021	1637112
1022	1638708
1023	1640307
1024	1641903
1025	1643500
1026	1645099
1027	1646697
1028	1648293
1029	1649890
1030	1651486
1031	1653083
1032	1654680
1033	1656277
1034	1657873
1035	1659470
1036	1661066
1037	1662671
1038	1664267
1039	1665864
1040	1667461
1041	1669058
1042	1670665
1043	1672261
1044	1673858
1045	1675454
1046	1677051
1047	1678657
1048	1680253
1049	1681850
1050	1683447
1051	1685046
1052	1686651
1053	1688248
1054	1689844
1055	1691442
1056	1693045
1057	1694651
1058	1696250
1059	1697846
1060	1699443
1061	1701045
1062	1702650
1063	1704247
1064	1705844
1065	1707440
1066	1709037
1067	1710650
1068	1712246
1069	1713842
1070	1715439
1071	1717036
1072	1718652
1073	1720249
1074	1721848
1075	1723445
1076	1725045
1077	1726651
1078	1728248
1079	1729844
1080	1731440
1081	1733037
1082	1734650
1083	1736247
1084	1737843
1085	1739444
1086	1741045
1087	1742650
1088	1744247
1089	1745844
1090	1747443
1091	1749045
1092	1750650
1093	1752247
1094	1753843
1095	1755440
1096	1757037
1097	1758650
1098	1760247
1099	1761844
1100	1763440
1101	1765037
1102	1766650
1103	1768247
1104	1769843
1105	1771446
1106	1773046
1107	1774652
1108	1776249
1109	1777845
1110	1779442
1111	1781045
1112	1782651
1113	1784247
1114	1785844
1115	1787441
1116	1789037
1117	1790652
1118	1792249
1119	1793845
1120	1795442
1121	1797045
1122	1798653
1123	1800250
1124	1801846
1125	1803443
1126	1805045
1127	1806651
1128	1808247
1129	1809844
1130	1811441
1131	1813037
1132	1814650
1133	1816247
1134	1817847
1135	1819444
1136	1821045
1137	1822651
1138	1824249
1139	1825847
1140	1827443
1141	1829045
1142	1830651
1143	1832247
1144	1833844
1145	1835440
1146	1837037
1147	1838650
1148	1840248
1149	1841845
1150	1843441
1151	1845045
1152	1846652
1153	1848248
1154	1849847
1155	1851444
1156	1853045
1157	1854650
1158	1856248
1159	1857844
1160	1859441
1161	1861045
1162	1862650
1163	1864247
1164	1865844
1165	1867441
1166	1869045
1167	1870650
1168	1872247
1169	1873844
1170	1875451
1171	1877048
1172	1878654
1173	1880250
1174	1881847
1175	1883444
1176	1885046
1177	1886651
1178	1888248
1179	1889844
1180	1891443
1181	1893045
1182	1894651
1183	1896248
1184	1897844
1185	1899441
1186	1901045
1187	1902650
1188	1904247
1189	1905844
1190	1907441
1191	1909037
1192	1910650
1193	1912247
1194	1913844
1195	1915440
1196	1917045
1197	1918654
1198	1920251
1199	1921849
1200	1923446
1201	1925045
1202	1926646
1203	1928243
1204	1929839
1205	1931436
1206	1933032
1207	1934645
1208	1936242
1209	1937839
1210	1939436
1211	1941034
1212	1942663
1213	1944261
1214	1945859
1215	1947458
1216	1949054
1217	1950651
1218	1952247
1219	1953844
1220	1955440
1221	1957038
1222	1958635
1223	1960231
1224	1961827
1225	1963423
1226	1965020
1227	1966617
1228	1968214
1229	1969810
1230	1971407
1231	1973005
1232	1974602
1233	1976199
1234	1977796
1235	1979392
1236	1980989
1237	1982586
1238	1984182
1239	1985779
1240	1987376
1241	1988972
1242	1990570
1243	1992167
1244	1993763
1245	1995360
1246	1996957
1247	1998556
1248	2000153
1249	2001749
1250	2003346
1251	2004943
1252	2006540
1253	2008153
1254	2009759
1255	2011361
1256	2012963
1257	2014559
1258	2016154
1259	2017752
1260	2019347
1261	2020941
1262	2022536
1263	2024133
1264	2025728
1265	2027323
1266	2028918
1267	2030515
1268	2032109
1269	2033704
1270	2035299
1271	2036894
1272	2038489
1273	2040084
1274	2041680
1275	2043275
1276	2044871
1277	2046467
1278	2048062
1279	2049659
1280	2051253
1281	2052848
1282	2054442
1283	2056037
1284	2057632
1285	2059226
1286	2060821
1287	2062417
1288	2064012
1289	2065608
1290	2067202
1291	2068796
1292	2070392
1293	2071986
1294	2073580
1295	2075177
1296	2076773
1297	2078367
1298	2079961
1299	2081555
1300	2083149
1301	2084744
1302	2086341
1303	2087936
1304	2089531
1305	2091128
1306	2092723
1307	2094319
1308	2095914
1309	2097511
1310	2099105
1311	2100702
1312	2102299
1313	2103894
1314	2105488
1315	2107084
1316	2108679
1317	2110273
1318	2111867
1319	2113461
1320	2115055
1321	2116651
1322	2118249
1323	2119844
1324	2121438
1325	2123033
1326	2124627
1327	2126226
1328	2127821
1329	2129415
1330	2131009
1331	2132604
1332	2134198
1333	2135793
1334	2137387
1335	2138982
1336	2140579
1337	2142173
1338	2143768
1339	2145362
1340	2146978
1341	2148573
1342	2150170
1343	2151764
1344	2153359
1345	2154953
1346	2156549
1347	2158144
1348	2159738
1349	2161333
1350	2162927
1351	2164524
1352	2166119
1353	2167714
1354	2169309
1355	2170903
1356	2172498
1357	2174093
1358	2175690
1359	2177285
1360	2178880
1361	2180475
1362	2182070
1363	2183664
1364	2185259
1365	2186855
1366	2188450
1367	2190044
1368	2191640
1369	2193235
1370	2194830
1371	2196425
1372	2198020
1373	2199614
1374	2201211
1375	2202806
1376	2204401
1377	2205996
1378	2207591
1379	2209185
1380	2210780
1381	2212374
1382	2213969
1383	2215564
1384	2217159
1385	2218757
1386	2220353
1387	2221947
1388	2223559
1389	2225155
1390	2226754
1391	2228350
1392	2229946
1393	2231550
1394	2233145
1395	2234740
1396	2236335
1397	2237929
1398	2239526
1399	2241122
1400	2242721
1401	2244316
1402	2245911
1403	2247508
1404	2249103
1405	2250698
1406	2252294
1407	2253889
1408	2255484
1409	2257079
1410	2258674
1411	2260269
1412	2261865
1413	2263459
1414	2265054
1415	2266650
1416	2268245
1417	2269840
1418	2271434
1419	2273029
1420	2274623
1421	2276218
1422	2277815
1423	2279410
1424	2281005
1425	2282599
1426	2284193
1427	2285789
1428	2287383
1429	2288978
1430	2290572
1431	2292168
1432	2293763
1433	2295358
1434	2296954
1435	2298548
1436	2300143
1437	2301738
1438	2303335
1439	2304930
1440	2306527
1441	2308122
1442	2309717
1443	2311311
1444	2312906
1445	2314500
1446	2316096
1447	2317690
1448	2319289
1449	2320884
1450	2322478
1451	2324073
1452	2325668
1453	2327263
1454	2328860
1455	2330454
1456	2332049
1457	2333644
1458	2335238
1459	2336834
1460	2338428
1461	2340023
1462	2341619
1463	2343214
1464	2344809
1465	2346404
1466	2347999
1467	2349594
1468	2351188
1469	2352783
1470	2354380
1471	2355975
1472	2357571
1473	2359167
1474	2360761
1475	2362356
1476	2363950
1477	2365546
1478	2367141
1479	2368736
1480	2370330
1481	2371925
1482	2373521
1483	2375116
1484	2376711
1485	2378306
1486	2379903
1487	2381498
1488	2383093
1489	2384688
1490	2386283
1491	2387878
1492	2389473
1493	2391070
1494	2392665
1495	2394259
1496	2395854
1497	2397450
1498	2399044
1499	2400638
1500	2402232
1501	2403827
1502	2405437
1503	2407032
1504	2408627
1505	2410221
1506	2411817
1507	2413411
1508	2415005
1509	2416600
1510	2418194
1511	2419794
1512	2421389
1513	2422983
1514	2424577
1515	2426173
1516	2427768
1517	2429363
1518	2430960
1519	2432554
1520	2434149
1521	2435744
1522	2437338
1523	2438933
1524	2440529
1525	2442126
1526	2443721
1527	2445317
1528	2446912
1529	2448511
1530	2450106
1531	2451701
1532	2453295
1533	2454889
1534	2456486
1535	2458099
1536	2459693
1537	2461288
1538	2462882
1539	2464476
1540	2466070
1541	2467664
1542	2469258
1543	2470852
1544	2472445
1545	2474039
1546	2475633
1547	2477228
1548	2478822
1549	2480419
1550	2482013
1551	2483607
1552	2485201
1553	2486796
1554	2488390
1555	2489984
1556	2491580
1557	2493174
1558	2494767
1559	2496362
1560	2497956
1561	2499550
1562	2501143
1563	2502737
1564	2504331
1565	2505928
1566	2507524
1567	2509117
1568	2510711
1569	2512305
1570	2513899
1571	2515493
1572	2517088
1573	2518681
1574	2520278
1575	2521872
1576	2523466
1577	2525060
1578	2526655
1579	2528249
1580	2529843
1581	2531439
1582	2533034
1583	2534628
1584	2536222
1585	2537816
1586	2539410
1587	2541006
1588	2542599
1589	2544193
1590	2545788
1591	2547381
1592	2548975
1593	2550569
1594	2552165
1595	2553759
1596	2555353
1597	2556950
1598	2558543
1599	2560137
1600	2561731
1601	2563325
1602	2564918
1603	2566515
1604	2568109
1605	2569703
1606	2571297
1607	2572891
1608	2574484
1609	2576080
1610	2577674
1611	2579268
1612	2580862
1613	2582457
1614	2584052
1615	2585646
1616	2587240
1617	2588834
1618	2590427
1619	2592023
1620	2593617
1621	2595210
1622	2596805
1623	2598399
1624	2599992
1625	2601586
1626	2603179
1627	2604773
1628	2606367
1629	2607963
1630	2609557
1631	2611150
1632	2612744
1633	2614338
1634	2615933
1635	2617528
1636	2619125
1637	2620718
1638	2622312
1639	2623906
1640	2625500
1641	2627094
1642	2628688
1643	2630282
1644	2631876
1645	2633472
1646	2635065
1647	2636660
1648	2638254
1649	2639848
1650	2641443
1651	2643041
1652	2644636
1653	2646233
1654	2647831
1655	2649425
1656	2651019
1657	2652613
1658	2654206
1659	2655801
1660	2657395
1661	2658991
1662	2660585
1663	2662179
1664	2663773
1665	2665366
1666	2666961
1667	2668555
1668	2670148
1669	2671742
1670	2673336
1671	2674930
1672	2676526
1673	2678120
1674	2679714
1675	2681308
1676	2682902
1677	2684498
1678	2686093
1679	2687686
1680	2689280
1681	2690874
1682	2692469
1683	2694063
1684	2695657
1685	2697251
1686	2698845
1687	2700439
1688	2702032
1689	2703626
1690	2705220
1691	2706815
1692	2708409
1693	2710005
1694	2711599
1695	2713193
1696	2714786
1697	2716381
1698	2717975
1699	2719572
1700	2721166
1701	2722760
1702	2724354
1703	2725948
1704	2727542
1705	2729136
1706	2730730
1707	2732324
1708	2733918
1709	2735519
1710	2737114
1711	2738707
1712	2740301
1713	2741897
1714	2743491
1715	2745088
1716	2746682
1717	2748276
1718	2749870
1719	2751464
1720	2753058
1721	2754651
1722	2756246
1723	2757840
1724	2759433
1725	2761029
1726	2762623
1727	2764217
1728	2765812
1729	2767406
1730	2769000
1731	2770594
1732	2772187
1733	2773781
1734	2775375
1735	2776969
1736	2778563
1737	2780157
1738	2781751
1739	2783344
1740	2784938
1741	2786535
1742	2788129
1743	2789723
1744	2791319
1745	2792913
1746	2794509
1747	2796103
1748	2797697
1749	2799291
1750	2800885
1751	2802478
1752	2804072
1753	2805667
1754	2807261
1755	2808855
1756	2810449
1757	2812044
1758	2813638
1759	2815232
1760	2816827
1761	2818421
1762	2820017
1763	2821612
1764	2823206
1765	2824800
1766	2826394
1767	2827996
1768	2829590
1769	2831184
1770	2832778
1771	2834372
1772	2835966
1773	2837564
1774	2839158
1775	2840751
1776	2842346
1777	2843941
1778	2845535
1779	2847129
1780	2848723
1781	2850317
1782	2851911
1783	2853507
1784	2855100
1785	2856695
1786	2858289
1787	2859883
1788	2861477
1789	2863073
1790	2864667
1791	2866261
1792	2867855
1793	2869449
1794	2871043
1795	2872637
1796	2874231
1797	2875826
1798	2878092
1799	2879691
1800	2881287
1801	2882880
1802	2884474
1803	2886068
1804	2887662
1805	2889259
1806	2890854
1807	2892452
1808	2894048
1809	2895642
1810	2897237
1811	2898831
1812	2900425
1813	2902019
1814	2903613
1815	2905209
1816	2906806
1817	2908399
1818	2909994
1819	2911588
1820	2913182
1821	2914779
1822	2916373
1823	2917969
1824	2919566
1825	2921162
1826	2922757
1827	2924352
1828	2925947
1829	2927541
1830	2929136
1831	2930730
1832	2932325
1833	2933920
1834	2935517
1835	2937111
1836	2938706
1837	2940303
1838	2941900
1839	2943494
1840	2945088
1841	2946684
1842	2948279
1843	2949873
1844	2951467
1845	2953061
1846	2954655
1847	2956248
1848	2957843
1849	2959437
1850	2961031
1851	2962624
1852	2964218
1853	2965814
1854	2967409
1855	2969003
1856	2970617
1857	2972211
1858	2973805
1859	2975399
1860	2976993
1861	2978587
1862	2980182
1863	2981776
1864	2983370
1865	2984965
1866	2986559
1867	2988153
1868	2989748
1869	2991344
1870	2992940
1871	2994534
1872	2996128
1873	2997723
1874	2999316
1875	3000910
1876	3002506
1877	3004102
1878	3005697
1879	3007290
1880	3008884
1881	3010479
1882	3012076
1883	3013671
1884	3015264
1885	3016862
1886	3018457
1887	3020055
1888	3021659
1889	3023253
1890	3024847
1891	3026443
1892	3028045
1893	3029647
1894	3031241
1895	3032836
1896	3034430
1897	3036026
1898	3037629
1899	3039223
1900	3040818
1901	3042417
1902	3044011
1903	3045606
1904	3047201
1905	3048795
1906	3050390
1907	3051984
1908	3053577
1909	3055171
1910	3056765
1911	3058359
1912	3059953
1913	3061548
1914	3063142
1915	3064735
1916	3066330
1917	3067926
1918	3069522
1919	3071116
1920	3072710
1921	3074303
1922	3075898
1923	3077492
1924	3079085
1925	3080679
1926	3082273
1927	3083867
1928	3085460
1929	3087055
1930	3088649
1931	3090243
1932	3091839
1933	3093435
1934	3095029
1935	3096624
1936	3098218
1937	3099812
1938	3101406
1939	3102999
1940	3104593
1941	3106188
1942	3107782
1943	3109375
1944	3110969
1945	3112563
1946	3114157
1947	3115751
1948	3117345
1949	3118941
1950	3120538
1951	3122132
1952	3123726
1953	3125320
1954	3126915
1955	3128511
1956	3130105
1957	3131699
1958	3133293
1959	3134887
1960	3136481
1961	3138075
1962	3139669
1963	3141263
1964	3142858
1965	3144454
1966	3146049
1967	3147643
1968	3149236
1969	3150830
1970	3152424
1971	3154018
1972	3155612
1973	3157206
1974	3158800
1975	3160394
1976	3161987
1977	3163581
1978	3165175
1979	3166769
1980	3168363
1981	3169959
1982	3171553
1983	3173147
1984	3174741
1985	3176336
1986	3177930
1987	3179525
1988	3181119
1989	3182713
1990	3184306
1991	3185901
1992	3187494
1993	3189088
1994	3190682
1995	3192278
1996	3193872
1997	3195469
1998	3197063
1999	3198657
2000	3200251
