1	0
2	1858
3	9332
4	11064
5	12721
6	14376
7	16032
8	17749
9	19532
10	21354
11	23001
12	24638
13	26273
14	27918
15	29554
16	31188
17	32822
18	34456
19	36090
20	37725
21	39359
22	40992
23	42626
24	44260
25	45895
26	47529
27	49164
28	50798
29	52432
30	54066
31	55700
32	57334
33	58967
34	60602
35	62236
36	63871
37	65505
38	67139
39	68773
40	70407
41	72041
42	73675
43	75312
44	76946
45	78580
46	80215
47	81849
48	83482
49	85116
50	86750
51	88384
52	90018
53	91652
54	93286
55	94921
56	96557
57	98191
58	99825
59	101459
60	103095
61	104729
62	106364
63	107998
64	109632
65	111266
66	112900
67	114534
68	116168
69	117802
70	119436
71	121069
72	122703
73	124337
74	125972
75	127606
76	129242
77	130877
78	132510
79	134144
80	135778
81	137412
82	139046
83	140679
84	142313
85	143947
86	145581
87	147215
88	148849
89	150483
90	152117
91	153750
92	155386
93	157020
94	158654
95	160289
96	161922
97	163558
98	165192
99	166826
100	168460
101	170094
102	171728
103	173362
104	174997
105	176631
106	178265
107	179899
108	181535
109	183169
110	184803
111	186438
112	188071
113	189705
114	191339
115	192973
116	194607
117	196242
118	197876
119	199510
120	201144
121	202778
122	204412
123	206046
124	207682
125	209316
126	210950
127	212584
128	214218
129	215853
130	217487
131	219121
132	220755
133	222389
134	224023
135	225658
136	227293
137	228928
138	230564
139	232198
140	233834
141	235468
142	237103
143	238737
144	240371
145	242005
146	243639
147	245274
148	246909
149	248545
150	250179
151	251813
152	253447
153	255081
154	256716
155	258352
156	259988
157	261623
158	263256
159	264891
160	266525
161	268159
162	269805
163	271442
164	273079
165	274715
166	276352
167	277987
168	279622
169	281257
170	282892
171	284527
172	286164
173	287799
174	289433
175	291068
176	292706
177	294343
178	295979
179	297615
180	299251
181	300885
182	302520
183	304155
184	305791
185	307426
186	309061
187	310696
188	312333
189	313968
190	315603
191	317238
192	318873
193	320508
194	322142
195	323777
196	325413
197	327048
198	328683
199	330319
200	331954
201	333588
202	335224
203	336859
204	338496
205	340131
206	341766
207	343401
208	345036
209	346671
210	348306
211	349941
212	351576
213	353211
214	354846
215	356482
216	358117
217	359760
218	361395
219	363031
220	364669
221	366305
222	367940
223	369575
224	371210
225	372845
226	374480
227	376115
228	377751
229	379386
230	381021
231	382656
232	384292
233	385927
234	387564
235	389199
236	390835
237	392470
238	394105
239	395740
240	397376
241	399011
242	400646
243	402281
244	403916
245	405554
246	407189
247	408824
248	410459
249	412094
250	413729
251	415364
252	417001
253	418636
254	420270
255	421905
256	423543
257	425179
258	426814
259	428449
260	430084
261	431719
262	433354
263	434989
264	436624
265	438259
266	439894
267	441529
268	443166
269	444801
270	446436
271	448071
272	449706
273	451341
274	452976
275	454612
276	456247
277	457890
278	459530
279	461165
280	462800
281	464435
282	466071
283	467706
284	469343
285	470978
286	472613
287	474249
288	475885
289	477520
290	479156
291	480791
292	482426
293	484061
294	485700
295	487337
296	488974
297	490609
298	492244
299	493880
300	495517
301	497152
302	498788
303	500423
304	502058
305	503693
306	505328
307	506963
308	508598
309	510233
310	511868
311	513504
312	515139
313	516774
314	518409
315	520044
316	521681
317	523316
318	524952
319	526587
320	528247
321	529902
322	531562
323	533214
324	534900
325	536587
326	538243
327	539876
328	541508
329	543139
330	544772
331	546405
332	548040
333	549672
334	551304
335	552936
336	554573
337	556205
338	557838
339	559470
340	561102
341	562734
342	564366
343	565999
344	567631
345	569263
346	570895
347	572527
348	574161
349	575801
350	577435
351	579067
352	580700
353	582332
354	583964
355	585597
356	587229
357	588861
358	590493
359	592125
360	593757
361	595390
362	597022
363	598654
364	600289
365	601941
366	603577
367	605212
368	606846
369	608490
370	610123
371	611757
372	613389
373	615021
374	616654
375	618287
376	619919
377	621554
378	623186
379	624818
380	626453
381	628086
382	629718
383	631354
384	632986
385	634667
386	636303
387	637936
388	639571
389	641203
390	642839
391	644471
392	646103
393	647736
394	649368
395	651000
396	652634
397	654266
398	655899
399	657531
400	659163
401	660795
402	662428
403	664060
404	665692
405	667325
406	668957
407	670589
408	672221
409	673853
410	675486
411	677119
412	678754
413	680387
414	682019
415	683651
416	685292
417	686925
418	688559
419	690191
420	691824
421	693456
422	695089
423	696721
424	698353
425	699985
426	701617
427	703249
428	704883
429	706516
430	708148
431	709780
432	711412
433	713044
434	714677
435	716309
436	717941
437	719573
438	721205
439	722838
440	724474
441	726107
442	727740
443	729373
444	731007
445	732725
446	734444
447	736164
448	737906
449	739592
450	741280
451	743001
452	744676
453	746310
454	747943
455	749575
456	751207
457	752840
458	754472
459	756105
460	757739
461	759371
462	761003
463	762635
464	764267
465	765899
466	767532
467	769164
468	770796
469	772428
470	774060
471	775693
472	777325
473	778958
474	780591
475	782223
476	783858
477	785491
478	787123
479	788755
480	790387
481	792019
482	793651
483	795284
484	796916
485	798550
486	800182
487	801814
488	803447
489	805079
490	806711
491	808352
492	809986
493	811619
494	813251
495	814883
496	816515
497	818147
498	819780
499	821412
500	823044
501	824676
502	826309
503	827941
504	829574
505	831206
506	832838
507	834470
508	836104
509	837736
510	839368
511	841000
512	842632
513	844264
514	845899
515	847538
516	849171
517	850803
518	852434
519	854067
520	855702
521	857336
522	858974
523	860609
524	862243
525	863875
526	865508
527	867140
528	868772
529	870405
530	872037
531	873671
532	875303
533	876937
534	878571
535	880203
536	881834
537	883467
538	885099
539	886731
540	888365
541	889998
542	891629
543	893260
544	894893
545	896524
546	898157
547	899789
548	901422
549	903054
550	904686
551	906318
552	907950
553	909582
554	911214
555	912845
556	914481
557	916113
558	917745
559	919376
560	921008
561	922640
562	924273
563	925907
564	927542
565	929174
566	930807
567	932439
568	934070
569	935702
570	937334
571	939034
572	940669
573	942301
574	943932
575	945567
576	947198
577	948830
578	950462
579	952093
580	953725
581	955357
582	956989
583	958621
584	960253
585	961886
586	963532
587	965164
588	966796
589	968428
590	970059
591	971690
592	973321
593	974953
594	976587
595	978219
596	979851
597	981482
598	983114
599	984746
600	986378
601	988011
602	989643
603	991275
604	992907
605	994538
606	996171
607	997802
608	999434
609	1001066
610	1002698
611	1004329
612	1005961
613	1007592
614	1009223
615	1010855
616	1012486
617	1014124
618	1015772
619	1017405
620	1019038
621	1020673
622	1022308
623	1023941
624	1025575
625	1027209
626	1028843
627	1030478
628	1032111
629	1033747
630	1035383
631	1037018
632	1038653
633	1040292
634	1041926
635	1043561
636	1045196
637	1046829
638	1048462
639	1050096
640	1051729
641	1053362
642	1054996
643	1056629
644	1058263
645	1059896
646	1061529
647	1063163
648	1064804
649	1066441
650	1068076
651	1069710
652	1071352
653	1072988
654	1074626
655	1076267
656	1077904
657	1079543
658	1081182
659	1082820
660	1084457
661	1086095
662	1087736
663	1089373
664	1091007
665	1092642
666	1094278
667	1096191
668	1098001
669	1099754
670	1101502
671	1103249
672	1105007
673	1106667
674	1108311
675	1109954
676	1111656
677	1113358
678	1115075
679	1116773
680	1118433
681	1120089
682	1121751
683	1123411
684	1125067
685	1126726
686	1128363
687	1129997
688	1131630
689	1133263
690	1134895
691	1136526
692	1138157
693	1139788
694	1141419
695	1143051
696	1144682
697	1146315
698	1147946
699	1149577
700	1151209
701	1152839
702	1154470
703	1156102
704	1157733
705	1159364
706	1160995
707	1162626
708	1164257
709	1165889
710	1167520
711	1169151
712	1170782
713	1172415
714	1174047
715	1175678
716	1177310
717	1178941
718	1180573
719	1182204
720	1183835
721	1185466
722	1187097
723	1188729
724	1190359
725	1191990
726	1193622
727	1195253
728	1196884
729	1198517
730	1200148
731	1201779
732	1203411
733	1205042
734	1206673
735	1208304
736	1209935
737	1211567
738	1213198
739	1214830
740	1216461
741	1218091
742	1219723
743	1221354
744	1222985
745	1224619
746	1226251
747	1227882
748	1229513
749	1231149
750	1232781
751	1234412
752	1236043
753	1237674
754	1239306
755	1240937
756	1242570
757	1244201
758	1245833
759	1247464
760	1249095
761	1250727
762	1252358
763	1253989
764	1255621
765	1257252
766	1258891
767	1260522
768	1262153
769	1263784
770	1265415
771	1267046
772	1268677
773	1270310
774	1271943
775	1273574
776	1275206
777	1276839
778	1278470
779	1280111
780	1281742
781	1283373
782	1285005
783	1286637
784	1288268
785	1289899
786	1291530
787	1293163
788	1294794
789	1296425
790	1298057
791	1299688
792	1301319
793	1302987
794	1304626
795	1306257
796	1307888
797	1309520
798	1311151
799	1312782
800	1314413
801	1316044
802	1317675
803	1319306
804	1320937
805	1322569
806	1324200
807	1325832
808	1327463
809	1329098
810	1330729
811	1332360
812	1333991
813	1335623
814	1337255
815	1338892
816	1340532
817	1342206
818	1343860
819	1345492
820	1347123
821	1348755
822	1350387
823	1352019
824	1353659
825	1355293
826	1356925
827	1358560
828	1360204
829	1361838
830	1363470
831	1365105
832	1366748
833	1368380
834	1370013
835	1371667
836	1373302
837	1374946
838	1376580
839	1378265
840	1379911
841	1381547
842	1383209
843	1384842
844	1386506
845	1388139
846	1389772
847	1391405
848	1393037
849	1394670
850	1396302
851	1397935
852	1399569
853	1401202
854	1402834
855	1404467
856	1406101
857	1407734
858	1409365
859	1410996
860	1412627
861	1414258
862	1415890
863	1417521
864	1419152
865	1420784
866	1422415
867	1424047
868	1425679
869	1427311
870	1428943
871	1430575
872	1432209
873	1433849
874	1435481
875	1437112
876	1438747
877	1440378
878	1442010
879	1443642
880	1445274
881	1446906
882	1448538
883	1450169
884	1451801
885	1453432
886	1455064
887	1456695
888	1458329
889	1459960
890	1461591
891	1463222
892	1464854
893	1466486
894	1468126
895	1469767
896	1471416
897	1473048
898	1474681
899	1476314
900	1477946
901	1479579
902	1481210
903	1482841
904	1484474
905	1486106
906	1487738
907	1489369
908	1491000
909	1492632
910	1494263
911	1495895
912	1497527
913	1499158
914	1500790
915	1502421
916	1504053
917	1505684
918	1507316
919	1508947
920	1510580
921	1512212
922	1513843
923	1515475
924	1517107
925	1518739
926	1520371
927	1522002
928	1523634
929	1525271
930	1526904
931	1528536
932	1530168
933	1531799
934	1533431
935	1535062
936	1536694
937	1538325
938	1539956
939	1541587
940	1543219
941	1544850
942	1546482
943	1548113
944	1549744
945	1551375
946	1553007
947	1554638
948	1556270
949	1557901
950	1559532
951	1561167
952	1562798
953	1564430
954	1566061
955	1567693
956	1569324
957	1570955
958	1572588
959	1574219
960	1575850
961	1577482
962	1579114
963	1580746
964	1582379
965	1584010
966	1585642
967	1587274
968	1588905
969	1590536
970	1592167
971	1593798
972	1595430
973	1597061
974	1598694
975	1600325
976	1601958
977	1603591
978	1605223
979	1606855
980	1608487
981	1610118
982	1611749
983	1613380
984	1615012
985	1616643
986	1618275
987	1619930
988	1621564
989	1623197
990	1624828
991	1626459
992	1628091
993	1629722
994	1631353
995	1632984
996	1634615
997	1636247
998	1637878
999	1639509
1000	1641140
1001	1642771
1002	1644402
1003	1646034
1004	1647665
1005	1649297
1006	1650928
1007	1652561
1008	1654192
1009	1655823
1010	1657455
1011	1659086
1012	1660717
1013	1662348
1014	1663979
1015	1665611
1016	1667242
1017	1668873
1018	1670504
1019	1672135
1020	1673766
1021	1675401
1022	1677033
1023	1678664
1024	1680296
1025	1681927
1026	1683560
1027	1685191
1028	1686823
1029	1688454
1030	1690085
1031	1691716
1032	1693347
1033	1694979
1034	1696610
1035	1698241
1036	1699872
1037	1701505
1038	1703136
1039	1704768
1040	1706399
1041	1708030
1042	1709661
1043	1711293
1044	1712924
1045	1714562
1046	1716193
1047	1717824
1048	1719455
1049	1721086
1050	1722717
1051	1724348
1052	1725980
1053	1727613
1054	1729244
1055	1730876
1056	1732507
1057	1734138
1058	1735769
1059	1737402
1060	1739033
1061	1740664
1062	1742295
1063	1743927
1064	1745561
1065	1747193
1066	1748824
1067	1750456
1068	1752087
1069	1753720
1070	1755352
1071	1756983
1072	1758614
1073	1760245
1074	1761876
1075	1763507
1076	1765138
1077	1766770
1078	1768401
1079	1770032
1080	1771663
1081	1773295
1082	1774926
1083	1776559
1084	1778194
1085	1779828
1086	1781459
1087	1783090
1088	1784722
1089	1786353
1090	1787984
1091	1789615
1092	1791248
1093	1792879
1094	1794511
1095	1796142
1096	1797774
1097	1799405
1098	1801036
1099	1802667
1100	1804298
1101	1805931
1102	1807564
1103	1809195
1104	1810826
1105	1812463
1106	1814095
1107	1815726
1108	1817357
1109	1818989
1110	1820620
1111	1822251
1112	1823882
1113	1825513
1114	1827145
1115	1828776
1116	1830408
1117	1832041
1118	1833672
1119	1835303
1120	1836934
1121	1838567
1122	1840198
1123	1841829
1124	1843460
1125	1845092
1126	1846723
1127	1848354
1128	1849985
1129	1851616
1130	1853247
1131	1854878
1132	1856510
1133	1858142
1134	1859773
1135	1861404
1136	1863035
1137	1864667
1138	1866298
1139	1867929
1140	1869562
1141	1871193
1142	1872824
1143	1874455
1144	1876086
1145	1877718
1146	1879349
1147	1880981
1148	1882612
1149	1884245
1150	1885876
1151	1887507
1152	1889139
1153	1890770
1154	1892401
1155	1894032
1156	1895663
1157	1897295
1158	1898926
1159	1900560
1160	1902191
1161	1903823
1162	1905454
1163	1907086
1164	1908717
1165	1910352
1166	1911982
1167	1913613
1168	1915244
1169	1916876
1170	1918507
1171	1920138
1172	1921769
1173	1923400
1174	1925032
1175	1926663
1176	1928296
1177	1929927
1178	1931561
1179	1933192
1180	1934824
1181	1936457
1182	1938088
1183	1939719
1184	1941350
1185	1942981
1186	1944612
1187	1946243
1188	1947874
1189	1949505
1190	1951136
1191	1952768
1192	1954399
1193	1956030
1194	1957662
1195	1959293
1196	1960925
1197	1962560
1198	1964191
1199	1965822
1200	1967453
1201	1969084
1202	1970715
1203	1972346
1204	1973977
1205	1975609
1206	1977240
1207	1978871
1208	1980502
1209	1982134
1210	1983764
1211	1985396
1212	1987060
1213	1988710
1214	1990348
1215	1991981
1216	1993612
1217	1995244
1218	1996875
1219	1998506
1220	2000137
1221	2001768
1222	2003400
1223	2005031
1224	2006663
1225	2008295
1226	2009928
1227	2011561
1228	2013192
1229	2014824
1230	2016455
1231	2018086
1232	2019717
1233	2021349
1234	2022980
1235	2024611
1236	2026244
1237	2027876
1238	2029508
1239	2031140
1240	2032771
1241	2034402
1242	2036036
1243	2037667
1244	2039298
1245	2040929
1246	2042563
1247	2044195
1248	2045826
1249	2047457
1250	2049088
1251	2050719
1252	2052350
1253	2053999
1254	2055656
1255	2057295
1256	2058933
1257	2060565
1258	2062196
1259	2063826
1260	2065456
1261	2067086
1262	2068715
1263	2070345
1264	2071974
1265	2073603
1266	2075233
1267	2076863
1268	2078493
1269	2080123
1270	2081752
1271	2083382
1272	2085012
1273	2086642
1274	2088273
1275	2089903
1276	2091533
1277	2093163
1278	2094793
1279	2096423
1280	2098053
1281	2099682
1282	2101312
1283	2102943
1284	2104573
1285	2106203
1286	2107832
1287	2109462
1288	2111092
1289	2112721
1290	2114352
1291	2115982
1292	2117612
1293	2119241
1294	2120871
1295	2122501
1296	2124130
1297	2125761
1298	2127392
1299	2129021
1300	2130651
1301	2132282
1302	2133911
1303	2135544
1304	2137173
1305	2138803
1306	2140434
1307	2142064
1308	2143693
1309	2145323
1310	2146952
1311	2148582
1312	2150211
1313	2151841
1314	2153470
1315	2155100
1316	2156729
1317	2158359
1318	2159988
1319	2161617
1320	2163247
1321	2164877
1322	2166508
1323	2168138
1324	2169767
1325	2171396
1326	2173026
1327	2174655
1328	2176286
1329	2177916
1330	2179548
1331	2181177
1332	2182807
1333	2184436
1334	2186066
1335	2187696
1336	2189325
1337	2190954
1338	2192586
1339	2194215
1340	2195869
1341	2197504
1342	2199131
1343	2200757
1344	2202384
1345	2204011
1346	2205637
1347	2207263
1348	2208889
1349	2210514
1350	2212141
1351	2213767
1352	2215394
1353	2217023
1354	2218649
1355	2220275
1356	2221901
1357	2223527
1358	2225154
1359	2226780
1360	2228408
1361	2230034
1362	2231662
1363	2233288
1364	2234915
1365	2236543
1366	2238170
1367	2239797
1368	2241424
1369	2243052
1370	2244680
1371	2246307
1372	2247932
1373	2249560
1374	2251186
1375	2252812
1376	2254438
1377	2256065
1378	2257691
1379	2259317
1380	2260943
1381	2262570
1382	2264196
1383	2265823
1384	2267449
1385	2269077
1386	2270703
1387	2272332
1388	2273958
1389	2275585
1390	2277212
1391	2278839
1392	2280465
1393	2282095
1394	2283721
1395	2285348
1396	2286975
1397	2288602
1398	2290228
1399	2291858
1400	2293485
1401	2295115
1402	2296742
1403	2298367
1404	2299993
1405	2301620
1406	2303248
1407	2304878
1408	2306506
1409	2308133
1410	2309759
1411	2311385
1412	2313011
1413	2314638
1414	2316264
1415	2317890
1416	2319516
1417	2321145
1418	2322771
1419	2324396
1420	2326024
1421	2327652
1422	2329278
1423	2330904
1424	2332532
1425	2334158
1426	2335785
1427	2337411
1428	2339038
1429	2340663
1430	2342289
1431	2343915
1432	2345545
1433	2347173
1434	2348799
1435	2350425
1436	2352050
1437	2353676
1438	2355303
1439	2356929
1440	2358557
1441	2360183
1442	2361808
1443	2363434
1444	2365061
1445	2366687
1446	2368313
1447	2369940
1448	2371566
1449	2373194
1450	2374820
1451	2376447
1452	2378074
1453	2379700
1454	2381328
1455	2382954
1456	2384581
1457	2386207
1458	2387833
1459	2389459
1460	2391085
1461	2392711
1462	2394337
1463	2395964
1464	2397590
1465	2399219
1466	2400845
1467	2402471
1468	2404097
1469	2405724
1470	2407350
1471	2408976
1472	2410602
1473	2412228
1474	2413854
1475	2415480
1476	2417106
1477	2418732
1478	2420358
1479	2421984
1480	2423610
1481	2425239
1482	2426865
1483	2428492
1484	2430118
1485	2431746
1486	2433372
1487	2434999
1488	2436625
1489	2438251
1490	2439876
1491	2441502
1492	2443128
1493	2444755
1494	2446381
1495	2448007
1496	2449633
1497	2451261
1498	2452887
1499	2454513
1500	2456140
1501	2457766
1502	2459400
1503	2461027
1504	2462652
1505	2464278
1506	2465904
1507	2467531
1508	2469157
1509	2470783
1510	2472409
1511	2474035
1512	2475662
1513	2477290
1514	2478918
1515	2480546
1516	2482174
1517	2483800
1518	2485427
1519	2487053
1520	2488679
1521	2490305
1522	2491931
1523	2493558
1524	2495185
1525	2496811
1526	2498437
1527	2500063
1528	2501689
1529	2503342
1530	2504989
1531	2506635
1532	2508271
1533	2509898
1534	2511524
1535	2513169
1536	2514796
1537	2516421
1538	2518047
1539	2519672
1540	2521298
1541	2522923
1542	2524554
1543	2526179
1544	2527808
1545	2529434
1546	2531059
1547	2532685
1548	2534310
1549	2535936
1550	2537563
1551	2539188
1552	2540814
1553	2542439
1554	2544064
1555	2545690
1556	2547315
1557	2548940
1558	2550565
1559	2552190
1560	2553818
1561	2555444
1562	2557069
1563	2558694
1564	2560318
1565	2561943
1566	2563568
1567	2565194
1568	2566819
1569	2568444
1570	2570070
1571	2571696
1572	2573321
1573	2574946
1574	2576572
1575	2578198
1576	2579826
1577	2581453
1578	2583078
1579	2584704
1580	2586329
1581	2587954
1582	2589579
1583	2591204
1584	2592830
1585	2594465
1586	2596093
1587	2597719
1588	2599344
1589	2600969
1590	2602596
1591	2604225
1592	2605856
1593	2607485
1594	2609116
1595	2610741
1596	2612367
1597	2613992
1598	2615617
1599	2617242
1600	2618867
1601	2620492
1602	2622117
1603	2623742
1604	2625368
1605	2626993
1606	2628620
1607	2630244
1608	2631873
1609	2633499
1610	2635124
1611	2636750
1612	2638374
1613	2639999
1614	2641624
1615	2643249
1616	2644874
1617	2646499
1618	2648124
1619	2649749
1620	2651374
1621	2652999
1622	2654625
1623	2656250
1624	2657877
1625	2659502
1626	2661127
1627	2662752
1628	2664376
1629	2666002
1630	2667627
1631	2669252
1632	2670877
1633	2672502
1634	2674127
1635	2675753
1636	2677377
1637	2679004
1638	2680629
1639	2682256
1640	2683885
1641	2685511
1642	2687136
1643	2688761
1644	2690385
1645	2692010
1646	2693635
1647	2695260
1648	2696885
1649	2698510
1650	2700135
1651	2701764
1652	2703390
1653	2705018
1654	2706647
1655	2708273
1656	2709900
1657	2711526
1658	2713150
1659	2714776
1660	2716401
1661	2718026
1662	2719651
1663	2721276
1664	2722901
1665	2724526
1666	2726152
1667	2727777
1668	2729404
1669	2731029
1670	2732655
1671	2734280
1672	2735908
1673	2737533
1674	2739159
1675	2740783
1676	2742408
1677	2744033
1678	2745659
1679	2747284
1680	2748909
1681	2750534
1682	2752158
1683	2753783
1684	2755409
1685	2757034
1686	2758659
1687	2760284
1688	2761912
1689	2763537
1690	2765163
1691	2766788
1692	2768413
1693	2770038
1694	2771663
1695	2773288
1696	2774915
1697	2776542
1698	2778169
1699	2779795
1700	2781420
1701	2783046
1702	2784672
1703	2786297
1704	2787925
1705	2789552
1706	2791177
1707	2792802
1708	2794426
1709	2796052
1710	2797677
1711	2799302
1712	2800927
1713	2802554
1714	2804183
1715	2805808
1716	2807433
1717	2809058
1718	2810683
1719	2812308
1720	2813935
1721	2815563
1722	2817188
1723	2818813
1724	2820437
1725	2822062
1726	2823687
1727	2825313
1728	2826938
1729	2828566
1730	2830191
1731	2831818
1732	2833443
1733	2835069
1734	2836694
1735	2838319
1736	2839946
1737	2841572
1738	2843197
1739	2844822
1740	2846447
1741	2848072
1742	2849697
1743	2851322
1744	2852947
1745	2854573
1746	2856198
1747	2857823
1748	2859448
1749	2861073
1750	2862698
1751	2864323
1752	2865951
1753	2867576
1754	2869201
1755	2870826
1756	2872451
1757	2874076
1758	2875702
1759	2877327
1760	2878954
1761	2880579
1762	2882206
1763	2883831
1764	2885456
1765	2887081
1766	2888707
1767	2890332
1768	2891960
1769	2893585
1770	2895211
1771	2896836
1772	2898461
1773	2900086
1774	2901711
1775	2903336
1776	2904962
1777	2906587
1778	2908212
1779	2909837
1780	2911462
1781	2913087
1782	2914713
1783	2916338
1784	2917965
1785	2919590
1786	2921215
1787	2922840
1788	2924465
1789	2926090
1790	2927716
1791	2929342
1792	2930967
1793	2932594
1794	2934219
1795	2935845
1796	2937470
1797	2939095
1798	2940720
1799	2942345
1800	2943972
1801	2945597
1802	2947223
1803	2948851
1804	2950478
1805	2952106
1806	2953731
1807	2955357
1808	2956984
1809	2958609
1810	2960234
1811	2961860
1812	2963484
1813	2965110
1814	2966736
1815	2968361
1816	2969988
1817	2971613
1818	2973238
1819	2974864
1820	2976489
1821	2978115
1822	2979745
1823	2981370
1824	2982997
1825	2984623
1826	2986249
1827	2987874
1828	2989504
1829	2991133
1830	2992762
1831	2994390
1832	2996022
1833	2997651
1834	2999280
1835	3000909
1836	3002538
1837	3004167
1838	3005796
1839	3007425
1840	3009054
1841	3010683
1842	3012312
1843	3013940
1844	3015569
1845	3017197
1846	3018825
1847	3020454
1848	3022082
1849	3023707
1850	3025333
1851	3026959
1852	3028586
1853	3030211
1854	3031840
1855	3033468
1856	3035113
1857	3036741
1858	3038369
1859	3039998
1860	3041626
1861	3043255
1862	3044884
1863	3046513
1864	3048144
1865	3049773
1866	3051401
1867	3053030
1868	3054659
1869	3056288
1870	3057917
1871	3059547
1872	3061176
1873	3062805
1874	3064430
1875	3066055
1876	3067680
1877	3069305
1878	3070930
1879	3072556
1880	3074183
1881	3075809
1882	3077435
1883	3079061
1884	3080687
1885	3082313
1886	3083939
1887	3085566
1888	3087191
1889	3088816
1890	3090441
1891	3092066
1892	3093691
1893	3095316
1894	3096942
1895	3098567
1896	3100194
1897	3101819
1898	3103444
1899	3105070
1900	3106696
1901	3108321
1902	3109946
1903	3111571
1904	3113196
1905	3114822
1906	3116447
1907	3118072
1908	3119697
1909	3121322
1910	3122947
1911	3124573
1912	3126201
1913	3127826
1914	3129453
1915	3131078
1916	3132705
1917	3134330
1918	3135955
1919	3137581
1920	3139206
1921	3140831
1922	3142456
1923	3144081
1924	3145706
1925	3147331
1926	3148956
1927	3150581
1928	3152209
1929	3153834
1930	3155459
1931	3157085
1932	3158710
1933	3160335
1934	3161960
1935	3163585
1936	3165210
1937	3166836
1938	3168460
1939	3170085
1940	3171710
1941	3173335
1942	3174961
1943	3176586
1944	3178213
1945	3179840
1946	3181465
1947	3183092
1948	3184718
1949	3186343
1950	3187968
1951	3189593
1952	3191218
1953	3192843
1954	3194468
1955	3196093
1956	3197719
1957	3199343
1958	3200969
1959	3202594
1960	3204221
1961	3205847
1962	3207473
1963	3209098
1964	3210723
1965	3212347
1966	3213972
1967	3215598
1968	3217223
1969	3218848
1970	3220474
1971	3222098
1972	3223723
1973	3225349
1974	3226974
1975	3228601
1976	3230228
1977	3231854
1978	3233480
1979	3235106
1980	3236731
1981	3238356
1982	3239981
1983	3241607
1984	3243233
1985	3244859
1986	3246484
1987	3248109
1988	3249734
1989	3251359
1990	3252984
1991	3254615
1992	3256245
1993	3257873
1994	3259499
1995	3261124
1996	3262759
1997	3264385
1998	3266011
1999	3267636
2000	3269261
