1	0
2	1865
3	7597
4	9342
5	11018
6	12726
7	14402
8	16119
9	17858
10	19675
11	21351
12	23043
13	24711
14	26379
15	28047
16	29714
17	31383
18	33050
19	34718
20	36386
21	38057
22	39724
23	41392
24	43095
25	44788
26	46461
27	48132
28	49801
29	51468
30	53136
31	54803
32	56471
33	58138
34	59806
35	61474
36	63141
37	64808
38	66476
39	68153
40	69821
41	71488
42	73155
43	74825
44	76493
45	78160
46	79828
47	81497
48	83165
49	84832
50	86501
51	88169
52	89837
53	91505
54	93172
55	94840
56	96508
57	98176
58	99844
59	101511
60	103180
61	104848
62	106516
63	108184
64	109851
65	111519
66	113186
67	114854
68	116522
69	118190
70	119857
71	121525
72	123192
73	124860
74	126528
75	128195
76	129864
77	131533
78	133201
79	134868
80	136536
81	138203
82	139871
83	141539
84	143206
85	144874
86	146541
87	148208
88	149876
89	151543
90	153211
91	154878
92	156548
93	158215
94	159883
95	161550
96	163217
97	164885
98	166552
99	168221
100	169888
101	171556
102	173223
103	174891
104	176559
105	178226
106	179894
107	181562
108	183235
109	184919
110	186587
111	188255
112	189922
113	191590
114	193257
115	194925
116	196593
117	198261
118	199929
119	201596
120	203263
121	204931
122	206599
123	208267
124	209937
125	211605
126	213272
127	214940
128	216608
129	218276
130	219943
131	221611
132	223279
133	224947
134	226615
135	228283
136	229950
137	231619
138	233287
139	234954
140	236624
141	238292
142	239960
143	241628
144	243295
145	244963
146	246631
147	248299
148	249967
149	251635
150	253302
151	254970
152	256638
153	258306
154	259973
155	261641
156	263311
157	264978
158	266646
159	268314
160	269981
161	271649
162	273317
163	274984
164	276652
165	278320
166	279988
167	281656
168	283324
169	284992
170	286660
171	288327
172	289997
173	291664
174	293332
175	295000
176	296668
177	298337
178	300006
179	301674
180	303342
181	305010
182	306678
183	308346
184	310014
185	311682
186	313350
187	315018
188	316687
189	318355
190	320023
191	321691
192	323359
193	325027
194	326695
195	328363
196	330031
197	331699
198	333367
199	335040
200	336708
201	338376
202	340044
203	341712
204	343381
205	345049
206	346717
207	348385
208	350053
209	351721
210	353389
211	355057
212	356726
213	358394
214	360061
215	361729
216	363397
217	365065
218	366733
219	368401
220	370074
221	371742
222	373409
223	375079
224	376748
225	378415
226	380086
227	381754
228	383422
229	385092
230	386760
231	388428
232	390098
233	391766
234	393434
235	395103
236	396774
237	398442
238	400110
239	401778
240	403445
241	405113
242	406782
243	408450
244	410118
245	411785
246	413453
247	415121
248	416789
249	418457
250	420125
251	421793
252	423463
253	425131
254	426798
255	428467
256	430135
257	431802
258	433470
259	435138
260	436806
261	438474
262	440142
263	441809
264	443478
265	445146
266	446814
267	448482
268	450151
269	451819
270	453487
271	455155
272	456823
273	458491
274	460159
275	461827
276	463495
277	465163
278	466836
279	468504
280	470172
281	471840
282	473509
283	475177
284	476846
285	478515
286	480183
287	481851
288	483519
289	485187
290	486855
291	488524
292	490192
293	491860
294	493528
295	495196
296	496864
297	498532
298	500200
299	501868
300	503538
301	505205
302	506874
303	508542
304	510210
305	511879
306	513547
307	515215
308	516883
309	518551
310	520219
311	521887
312	523555
313	525223
314	526891
315	528559
316	530228
317	531896
318	533564
319	535232
320	536901
321	538569
322	540238
323	541907
324	543576
325	545260
326	546927
327	548593
328	550260
329	551926
330	553592
331	555258
332	556926
333	558592
334	560258
335	561924
336	563590
337	565256
338	566922
339	568588
340	570254
341	571920
342	573586
343	575252
344	576918
345	578584
346	580250
347	581916
348	583584
349	585250
350	586915
351	588579
352	590244
353	591908
354	593572
355	595236
356	596901
357	598565
358	600229
359	601893
360	603557
361	605221
362	606886
363	608550
364	610216
365	611880
366	613545
367	615209
368	616874
369	618538
370	620202
371	621867
372	623531
373	625195
374	626859
375	628524
376	630188
377	631853
378	633518
379	635182
380	636848
381	638512
382	640176
383	641843
384	643508
385	645172
386	646837
387	648501
388	650165
389	651829
390	653500
391	655164
392	656828
393	658492
394	660157
395	661821
396	663487
397	665152
398	666816
399	668480
400	670144
401	671808
402	673473
403	675137
404	676801
405	678465
406	680129
407	681794
408	683458
409	685122
410	686786
411	688450
412	690124
413	691789
414	693453
415	695119
416	696796
417	698949
418	700618
419	702304
420	703977
421	705643
422	707309
423	708975
424	710639
425	712304
426	713968
427	715633
428	717299
429	718964
430	720628
431	722292
432	723957
433	725621
434	727285
435	728949
436	730614
437	732278
438	733943
439	735607
440	737278
441	738942
442	740607
443	742272
444	743938
445	745602
446	747267
447	748931
448	750596
449	752260
450	753924
451	755589
452	757253
453	758918
454	760582
455	762247
456	763911
457	765575
458	767240
459	768904
460	770571
461	772235
462	773900
463	775564
464	777229
465	778893
466	780557
467	782222
468	783886
469	785550
470	787215
471	788879
472	790544
473	792208
474	793872
475	795537
476	797203
477	798867
478	800532
479	802196
480	803861
481	805525
482	807189
483	808854
484	810518
485	812183
486	813847
487	815513
488	817179
489	818845
490	820510
491	822174
492	823840
493	825504
494	827169
495	828834
496	830499
497	832164
498	833829
499	835493
500	837158
501	838822
502	840486
503	842150
504	843814
505	845478
506	847143
507	848807
508	850473
509	852137
510	853802
511	855466
512	857130
513	858795
514	860459
515	862123
516	863787
517	865452
518	867116
519	868780
520	870445
521	872109
522	873773
523	875438
524	877104
525	878769
526	880433
527	882098
528	883763
529	885427
530	887093
531	888757
532	890422
533	892088
534	893752
535	895422
536	897088
537	898752
538	900417
539	902083
540	903749
541	905421
542	907088
543	908752
544	910421
545	912087
546	913752
547	915421
548	917088
549	918752
550	920422
551	922088
552	923752
553	925420
554	927087
555	928752
556	930421
557	932088
558	933752
559	935421
560	937087
561	938752
562	940425
563	942091
564	943755
565	945420
566	947086
567	948750
568	950421
569	952087
570	953751
571	955415
572	957085
573	958749
574	960413
575	962086
576	963750
577	965414
578	967080
579	968744
580	970408
581	972075
582	973738
583	975402
584	977077
585	978741
586	980412
587	982078
588	983744
589	985408
590	987082
591	988747
592	990411
593	992077
594	993741
595	995405
596	997079
597	998743
598	1000407
599	1002073
600	1003737
601	1005401
602	1007076
603	1008740
604	1010405
605	1012072
606	1013736
607	1015400
608	1017075
609	1018739
610	1020403
611	1022067
612	1023731
613	1025395
614	1027068
615	1028732
616	1030396
617	1032061
618	1033725
619	1035392
620	1037067
621	1038731
622	1040396
623	1042060
624	1043763
625	1045433
626	1047102
627	1048767
628	1050432
629	1052098
630	1053762
631	1055428
632	1057094
633	1058758
634	1060423
635	1062089
636	1063755
637	1065419
638	1067086
639	1068750
640	1070414
641	1072081
642	1073744
643	1075409
644	1077076
645	1078740
646	1080404
647	1082068
648	1083732
649	1085396
650	1087061
651	1088726
652	1090392
653	1092056
654	1093720
655	1095384
656	1097065
657	1098729
658	1100393
659	1102066
660	1103731
661	1105396
662	1107072
663	1108736
664	1110400
665	1112067
666	1113732
667	1115397
668	1117065
669	1118730
670	1120393
671	1122056
672	1123720
673	1125383
674	1127046
675	1128710
676	1130373
677	1132037
678	1133700
679	1135363
680	1137035
681	1138698
682	1140361
683	1142033
684	1143699
685	1145363
686	1147034
687	1148698
688	1150362
689	1152034
690	1153697
691	1155360
692	1157024
693	1158688
694	1160352
695	1162015
696	1163678
697	1165341
698	1167005
699	1168668
700	1170333
701	1171997
702	1173660
703	1175324
704	1176987
705	1178651
706	1180314
707	1181977
708	1183640
709	1185304
710	1186967
711	1188631
712	1190294
713	1191957
714	1193620
715	1195286
716	1196952
717	1198615
718	1200279
719	1201942
720	1203607
721	1205270
722	1206934
723	1208597
724	1210260
725	1211924
726	1213587
727	1215251
728	1216914
729	1218577
730	1220241
731	1221904
732	1223569
733	1225233
734	1226896
735	1228559
736	1230223
737	1231886
738	1233549
739	1235213
740	1236876
741	1238540
742	1240204
743	1241867
744	1243530
745	1245193
746	1246857
747	1248521
748	1250190
749	1251854
750	1253517
751	1255181
752	1256844
753	1258508
754	1260171
755	1261835
756	1263498
757	1265162
758	1266825
759	1268489
760	1270152
761	1271815
762	1273479
763	1275142
764	1276807
765	1278471
766	1280134
767	1281800
768	1283464
769	1285128
770	1286792
771	1288455
772	1290118
773	1291782
774	1293447
775	1295112
776	1296776
777	1298439
778	1300102
779	1301766
780	1303431
781	1305098
782	1306761
783	1308424
784	1310090
785	1311753
786	1313417
787	1315082
788	1316746
789	1318409
790	1320075
791	1321739
792	1323402
793	1325065
794	1326729
795	1328392
796	1330058
797	1331722
798	1333385
799	1335048
800	1336712
801	1338375
802	1340039
803	1341702
804	1343365
805	1345032
806	1346696
807	1348360
808	1350024
809	1351687
810	1353351
811	1355014
812	1356680
813	1358344
814	1360007
815	1361670
816	1363335
817	1364998
818	1366662
819	1368326
820	1369989
821	1371652
822	1373316
823	1374979
824	1376650
825	1378313
826	1379977
827	1381640
828	1383313
829	1385005
830	1386671
831	1388336
832	1390000
833	1391664
834	1393328
835	1395014
836	1396683
837	1398346
838	1400010
839	1401674
840	1403337
841	1405003
842	1406668
843	1408333
844	1409996
845	1411659
846	1413356
847	1415020
848	1416684
849	1418348
850	1420012
851	1421675
852	1423339
853	1425002
854	1426666
855	1428329
856	1429993
857	1431656
858	1433320
859	1434985
860	1436649
861	1438312
862	1439975
863	1441639
864	1443304
865	1444967
866	1446631
867	1448294
868	1449959
869	1451625
870	1453290
871	1454955
872	1456618
873	1458282
874	1459945
875	1461610
876	1463273
877	1464937
878	1466601
879	1468264
880	1469928
881	1471591
882	1473255
883	1474918
884	1476582
885	1478245
886	1479908
887	1481571
888	1483235
889	1484898
890	1486562
891	1488228
892	1489892
893	1491555
894	1493218
895	1494882
896	1496545
897	1498209
898	1499872
899	1501536
900	1503199
901	1504862
902	1506526
903	1508189
904	1509853
905	1511516
906	1513179
907	1514845
908	1516508
909	1518172
910	1519836
911	1521499
912	1523162
913	1524826
914	1526490
915	1528153
916	1529816
917	1531480
918	1533144
919	1534807
920	1536471
921	1538134
922	1539797
923	1541463
924	1543126
925	1544789
926	1546453
927	1548117
928	1549780
929	1551444
930	1553122
931	1554786
932	1556449
933	1558113
934	1559776
935	1561439
936	1563102
937	1564766
938	1566431
939	1568098
940	1569762
941	1571425
942	1573091
943	1574754
944	1576417
945	1578083
946	1579746
947	1581409
948	1583075
949	1584738
950	1586401
951	1588065
952	1589728
953	1591392
954	1593057
955	1594723
956	1596386
957	1598050
958	1599713
959	1601376
960	1603040
961	1604707
962	1606371
963	1608035
964	1609698
965	1611361
966	1613025
967	1614688
968	1616352
969	1618015
970	1619678
971	1621342
972	1623005
973	1624668
974	1626332
975	1627995
976	1629658
977	1631324
978	1632987
979	1634650
980	1636314
981	1637977
982	1639640
983	1641312
984	1642976
985	1644639
986	1646303
987	1647985
988	1649649
989	1651315
990	1652979
991	1654645
992	1656310
993	1657974
994	1659636
995	1661300
996	1662962
997	1664625
998	1666289
999	1667953
1000	1669616
1001	1671279
1002	1672942
1003	1674606
1004	1676269
1005	1677932
1006	1679595
1007	1681258
1008	1682923
1009	1684586
1010	1686249
1011	1687912
1012	1689575
1013	1691238
1014	1692901
1015	1694565
1016	1696227
1017	1697891
1018	1699554
1019	1701217
1020	1702880
1021	1704543
1022	1706209
1023	1707872
1024	1709537
1025	1711200
1026	1712863
1027	1714526
1028	1716189
1029	1717853
1030	1719516
1031	1721179
1032	1722842
1033	1724505
1034	1726169
1035	1727833
1036	1729496
1037	1731159
1038	1732822
1039	1734486
1040	1736151
1041	1737814
1042	1739477
1043	1741141
1044	1742804
1045	1744467
1046	1746130
1047	1747793
1048	1749457
1049	1751121
1050	1752784
1051	1754447
1052	1756110
1053	1757773
1054	1759436
1055	1761100
1056	1762765
1057	1764428
1058	1766096
1059	1767760
1060	1769423
1061	1771088
1062	1772753
1063	1774426
1064	1776098
1065	1777812
1066	1779497
1067	1781172
1068	1782838
1069	1784502
1070	1786174
1071	1787838
1072	1789504
1073	1791169
1074	1792832
1075	1794497
1076	1796171
1077	1797835
1078	1799500
1079	1801164
1080	1802828
1081	1804492
1082	1806157
1083	1807834
1084	1809554
1085	1811233
1086	1812906
1087	1814572
1088	1816237
1089	1817900
1090	1819615
1091	1821277
1092	1822971
1093	1824643
1094	1826319
1095	1827986
1096	1829648
1097	1831311
1098	1832972
1099	1834634
1100	1836295
1101	1837958
1102	1839619
1103	1841281
1104	1842943
1105	1844614
1106	1846280
1107	1847943
1108	1849604
1109	1851265
1110	1852925
1111	1854585
1112	1856246
1113	1857908
1114	1859569
1115	1861230
1116	1862890
1117	1864550
1118	1866211
1119	1867871
1120	1869534
1121	1871196
1122	1872860
1123	1874524
1124	1876187
1125	1877849
1126	1879511
1127	1881175
1128	1882837
1129	1884499
1130	1886161
1131	1887823
1132	1889484
1133	1891145
1134	1892806
1135	1894468
1136	1896132
1137	1897793
1138	1899455
1139	1901116
1140	1902778
1141	1904447
1142	1906112
1143	1907780
1144	1909443
1145	1911104
1146	1912765
1147	1914427
1148	1916094
1149	1917756
1150	1919418
1151	1921081
1152	1922745
1153	1924406
1154	1926069
1155	1927732
1156	1929394
1157	1931055
1158	1932717
1159	1934378
1160	1936040
1161	1937701
1162	1939363
1163	1941024
1164	1942685
1165	1944347
1166	1946008
1167	1947671
1168	1949334
1169	1950995
1170	1952657
1171	1954318
1172	1955979
1173	1957641
1174	1959303
1175	1960964
1176	1962625
1177	1964287
1178	1965948
1179	1967610
1180	1969272
1181	1970932
1182	1972594
1183	1974255
1184	1975918
1185	1977580
1186	1979242
1187	1980903
1188	1982564
1189	1984226
1190	1985887
1191	1987549
1192	1989211
1193	1990872
1194	1992533
1195	1994194
1196	1995860
1197	1997523
1198	1999184
1199	2000846
1200	2002510
1201	2004172
1202	2005833
1203	2007494
1204	2009155
1205	2010816
1206	2012477
1207	2014138
1208	2015798
1209	2017460
1210	2019121
1211	2020782
1212	2022442
1213	2024103
1214	2025763
1215	2027423
1216	2029088
1217	2030748
1218	2032407
1219	2034067
1220	2035727
1221	2037387
1222	2039047
1223	2040707
1224	2042367
1225	2044053
1226	2045724
1227	2047387
1228	2049048
1229	2050708
1230	2052368
1231	2054029
1232	2055691
1233	2057352
1234	2059012
1235	2060674
1236	2062334
1237	2063995
1238	2065656
1239	2067318
1240	2068979
1241	2070640
1242	2072301
1243	2073961
1244	2075622
1245	2077285
1246	2078947
1247	2080608
1248	2082271
1249	2083932
1250	2085592
1251	2087253
1252	2088918
1253	2090591
1254	2092261
1255	2093926
1256	2095591
1257	2097251
1258	2098910
1259	2100567
1260	2102226
1261	2103884
1262	2105542
1263	2107205
1264	2108864
1265	2110524
1266	2112182
1267	2113840
1268	2115498
1269	2117157
1270	2118815
1271	2120473
1272	2122131
1273	2123789
1274	2125447
1275	2127108
1276	2128767
1277	2130425
1278	2132087
1279	2133747
1280	2135406
1281	2137066
1282	2138725
1283	2140384
1284	2142044
1285	2143702
1286	2145361
1287	2147020
1288	2148679
1289	2150337
1290	2151995
1291	2153655
1292	2155313
1293	2156973
1294	2158631
1295	2160292
1296	2161951
1297	2163609
1298	2165268
1299	2166928
1300	2168587
1301	2170246
1302	2171905
1303	2173564
1304	2175223
1305	2176882
1306	2178541
1307	2180200
1308	2181859
1309	2183518
1310	2185177
1311	2186838
1312	2188497
1313	2190156
1314	2191814
1315	2193474
1316	2195133
1317	2196792
1318	2198450
1319	2200108
1320	2201767
1321	2203426
1322	2205087
1323	2206747
1324	2208405
1325	2210063
1326	2211721
1327	2213381
1328	2215040
1329	2216699
1330	2218357
1331	2220015
1332	2221673
1333	2223331
1334	2224990
1335	2226651
1336	2228309
1337	2229968
1338	2231627
1339	2233285
1340	2234955
1341	2236615
1342	2238277
1343	2239936
1344	2241595
1345	2243254
1346	2244913
1347	2246572
1348	2248231
1349	2249890
1350	2251548
1351	2253207
1352	2254866
1353	2256525
1354	2258184
1355	2259842
1356	2261501
1357	2263160
1358	2264820
1359	2266480
1360	2268139
1361	2269798
1362	2271456
1363	2273115
1364	2274774
1365	2276433
1366	2278093
1367	2279752
1368	2281411
1369	2283069
1370	2284728
1371	2286387
1372	2288046
1373	2289705
1374	2291366
1375	2293025
1376	2294684
1377	2296344
1378	2298002
1379	2299660
1380	2301318
1381	2302976
1382	2304635
1383	2306295
1384	2307953
1385	2309613
1386	2311271
1387	2312929
1388	2314587
1389	2316246
1390	2317908
1391	2319567
1392	2321225
1393	2322883
1394	2324541
1395	2326199
1396	2327857
1397	2329515
1398	2331178
1399	2332838
1400	2334496
1401	2336156
1402	2337815
1403	2339473
1404	2341132
1405	2342791
1406	2344452
1407	2346111
1408	2347770
1409	2349428
1410	2351089
1411	2352748
1412	2354406
1413	2356064
1414	2357723
1415	2359381
1416	2361040
1417	2362699
1418	2364357
1419	2366015
1420	2367673
1421	2369332
1422	2370991
1423	2372651
1424	2374310
1425	2375968
1426	2377628
1427	2379287
1428	2380945
1429	2382604
1430	2384262
1431	2385921
1432	2387580
1433	2389239
1434	2390897
1435	2392557
1436	2394216
1437	2395874
1438	2397536
1439	2399194
1440	2400852
1441	2402510
1442	2404169
1443	2405828
1444	2407487
1445	2409145
1446	2410803
1447	2412461
1448	2414119
1449	2415777
1450	2417435
1451	2419095
1452	2420754
1453	2422414
1454	2424077
1455	2425735
1456	2427395
1457	2429054
1458	2430712
1459	2432371
1460	2434029
1461	2435688
1462	2437348
1463	2439007
1464	2440665
1465	2442333
1466	2443991
1467	2445650
1468	2447310
1469	2448968
1470	2450629
1471	2452288
1472	2453946
1473	2455605
1474	2457264
1475	2458923
1476	2460580
1477	2462238
1478	2463896
1479	2465555
1480	2467215
1481	2468873
1482	2470531
1483	2472189
1484	2473846
1485	2475504
1486	2477165
1487	2478825
1488	2480484
1489	2482142
1490	2483801
1491	2485459
1492	2487119
1493	2488777
1494	2490436
1495	2492096
1496	2493756
1497	2495415
1498	2497081
1499	2498741
1500	2500400
1501	2502059
1502	2503729
1503	2505388
1504	2507048
1505	2508706
1506	2510364
1507	2512024
1508	2513683
1509	2515341
1510	2517000
1511	2518658
1512	2520316
1513	2521974
1514	2523632
1515	2525290
1516	2526949
1517	2528607
1518	2530267
1519	2531926
1520	2533586
1521	2535244
1522	2536904
1523	2538563
1524	2540222
1525	2541880
1526	2543540
1527	2545198
1528	2546858
1529	2548516
1530	2550175
1531	2551833
1532	2553491
1533	2555149
1534	2556810
1535	2558468
1536	2560126
1537	2561784
1538	2563442
1539	2565099
1540	2566758
1541	2568417
1542	2570077
1543	2571735
1544	2573392
1545	2575050
1546	2576709
1547	2578367
1548	2580025
1549	2581683
1550	2583343
1551	2585000
1552	2586659
1553	2588321
1554	2589979
1555	2591637
1556	2593295
1557	2594953
1558	2596612
1559	2598270
1560	2599927
1561	2601584
1562	2603241
1563	2604900
1564	2606559
1565	2608216
1566	2609877
1567	2611534
1568	2613191
1569	2614848
1570	2616506
1571	2618165
1572	2619824
1573	2621482
1574	2623140
1575	2624797
1576	2626456
1577	2628114
1578	2629771
1579	2631429
1580	2633089
1581	2634747
1582	2636407
1583	2638066
1584	2639723
1585	2641382
1586	2643040
1587	2644697
1588	2646359
1589	2648018
1590	2649678
1591	2651338
1592	2652996
1593	2654654
1594	2656315
1595	2657972
1596	2659629
1597	2661286
1598	2662946
1599	2664603
1600	2666263
1601	2667921
1602	2669578
1603	2671236
1604	2672893
1605	2674551
1606	2676210
1607	2677867
1608	2679525
1609	2681183
1610	2682841
1611	2684498
1612	2686157
1613	2687815
1614	2689475
1615	2691133
1616	2692791
1617	2694450
1618	2696108
1619	2697767
1620	2699424
1621	2701084
1622	2702741
1623	2704400
1624	2706057
1625	2707716
1626	2709373
1627	2711030
1628	2712687
1629	2714344
1630	2716004
1631	2717662
1632	2719319
1633	2720976
1634	2722633
1635	2724290
1636	2725948
1637	2727607
1638	2729265
1639	2730923
1640	2732581
1641	2734238
1642	2735896
1643	2737555
1644	2739213
1645	2740872
1646	2742532
1647	2744191
1648	2745848
1649	2747507
1650	2749165
1651	2750827
1652	2752485
1653	2754146
1654	2755809
1655	2757468
1656	2759126
1657	2760784
1658	2762441
1659	2764099
1660	2765757
1661	2767415
1662	2769077
1663	2770735
1664	2772393
1665	2774051
1666	2775709
1667	2777367
1668	2779025
1669	2780683
1670	2782341
1671	2783999
1672	2785657
1673	2787315
1674	2788973
1675	2790631
1676	2792289
1677	2793947
1678	2795607
1679	2797266
1680	2798924
1681	2800581
1682	2802238
1683	2803895
1684	2805554
1685	2807213
1686	2808870
1687	2810527
1688	2812185
1689	2813843
1690	2815501
1691	2817159
1692	2818817
1693	2820474
1694	2822134
1695	2823793
1696	2825451
1697	2827109
1698	2828766
1699	2830424
1700	2832083
1701	2833739
1702	2835396
1703	2837054
1704	2838711
1705	2840368
1706	2842027
1707	2843685
1708	2845343
1709	2847002
1710	2848662
1711	2850319
1712	2851977
1713	2853638
1714	2855295
1715	2856954
1716	2858612
1717	2860270
1718	2861928
1719	2863585
1720	2865244
1721	2866902
1722	2868560
1723	2870218
1724	2871876
1725	2873534
1726	2875193
1727	2876851
1728	2878508
1729	2880167
1730	2881825
1731	2883482
1732	2885139
1733	2886797
1734	2888456
1735	2890113
1736	2891771
1737	2893430
1738	2895090
1739	2896749
1740	2898407
1741	2900064
1742	2901723
1743	2903380
1744	2905038
1745	2906697
1746	2908354
1747	2910011
1748	2911668
1749	2913325
1750	2914982
1751	2916640
1752	2918297
1753	2919954
1754	2921611
1755	2923268
1756	2924925
1757	2926585
1758	2928246
1759	2929904
1760	2931561
1761	2933219
1762	2934877
1763	2936535
1764	2938193
1765	2939851
1766	2941509
1767	2943167
1768	2944825
1769	2946483
1770	2948142
1771	2949800
1772	2951458
1773	2953116
1774	2954776
1775	2956434
1776	2958094
1777	2959751
1778	2961409
1779	2963067
1780	2964725
1781	2966384
1782	2968042
1783	2969699
1784	2971357
1785	2973015
1786	2974673
1787	2976331
1788	2977989
1789	2979647
1790	2981308
1791	2982966
1792	2984624
1793	2986283
1794	2987941
1795	2989598
1796	2991256
1797	2992914
1798	2994572
1799	2996231
1800	2997889
1801	2999547
1802	3001204
1803	3002861
1804	3004520
1805	3006178
1806	3007838
1807	3009495
1808	3011152
1809	3012809
1810	3014467
1811	3016126
1812	3017784
1813	3019442
1814	3021100
1815	3022758
1816	3024416
1817	3026078
1818	3027737
1819	3029395
1820	3031053
1821	3032711
1822	3034371
1823	3036029
1824	3037687
1825	3039345
1826	3041003
1827	3042678
1828	3044360
1829	3046021
1830	3047681
1831	3049338
1832	3050996
1833	3052654
1834	3054311
1835	3055968
1836	3057626
1837	3059284
1838	3060943
1839	3062602
1840	3064259
1841	3065916
1842	3067574
1843	3069232
1844	3070889
1845	3072546
1846	3074203
1847	3075860
1848	3077520
1849	3079178
1850	3080836
1851	3082494
1852	3084152
1853	3085810
1854	3087474
1855	3089132
1856	3090790
1857	3092448
1858	3094117
1859	3095775
1860	3097433
1861	3099093
1862	3100750
1863	3102408
1864	3104065
1865	3105723
1866	3107382
1867	3109040
1868	3110697
1869	3112354
1870	3114013
1871	3115670
1872	3117328
1873	3118985
1874	3120642
1875	3122299
1876	3123956
1877	3125613
1878	3127271
1879	3128928
1880	3130585
1881	3132242
1882	3133899
1883	3135557
1884	3137216
1885	3138873
1886	3140534
1887	3142192
1888	3143851
1889	3145509
1890	3147171
1891	3148831
1892	3150491
1893	3152149
1894	3153807
1895	3155464
1896	3157123
1897	3158781
1898	3160438
1899	3162096
1900	3163754
1901	3165412
1902	3167074
1903	3168731
1904	3170390
1905	3172047
1906	3173704
1907	3175361
1908	3177019
1909	3178676
1910	3180333
1911	3181991
1912	3183650
1913	3185308
1914	3186966
1915	3188624
1916	3190282
1917	3191940
1918	3193600
1919	3195258
1920	3196916
1921	3198576
1922	3200233
1923	3201890
1924	3203548
1925	3205205
1926	3206864
1927	3208522
1928	3210180
1929	3211837
1930	3213494
1931	3215151
1932	3216808
1933	3218466
1934	3220125
1935	3221782
1936	3223439
1937	3225096
1938	3226753
1939	3228412
1940	3230073
1941	3231731
1942	3233388
1943	3235046
1944	3236705
1945	3238363
1946	3240020
1947	3241678
1948	3243338
1949	3244996
1950	3246657
1951	3248315
1952	3249973
1953	3251631
1954	3253288
1955	3254946
1956	3256605
1957	3258262
1958	3259920
1959	3261578
1960	3263236
1961	3264894
1962	3266552
1963	3268210
1964	3269868
1965	3271526
1966	3273186
1967	3274844
1968	3276503
1969	3278161
1970	3279818
1971	3281476
1972	3283134
1973	3284792
1974	3286450
1975	3288108
1976	3289766
1977	3291424
1978	3293084
1979	3294743
1980	3296401
1981	3298065
1982	3299727
1983	3301385
1984	3303043
1985	3304701
1986	3306360
1987	3308018
1988	3309675
1989	3311332
1990	3312989
1991	3314646
1992	3316304
1993	3317961
1994	3319618
1995	3321275
1996	3322931
1997	3324588
1998	3326250
1999	3327909
2000	3329567
