1	0
2	6523
3	8172
4	9749
5	11324
6	12923
7	14515
8	16131
9	17768
10	19491
11	21077
12	22651
13	24223
14	25794
15	27365
16	28936
17	30507
18	32079
19	33650
20	35220
21	36790
22	38370
23	39941
24	41512
25	43082
26	44653
27	46225
28	47795
29	49366
30	50936
31	52507
32	54079
33	55649
34	57219
35	58789
36	60359
37	61930
38	63500
39	65071
40	66641
41	68212
42	69782
43	71355
44	72926
45	74496
46	76066
47	77636
48	79207
49	80777
50	82348
51	83919
52	85489
53	87060
54	88631
55	90201
56	91772
57	93343
58	94913
59	96483
60	98056
61	99626
62	101196
63	102767
64	104339
65	105910
66	107480
67	109051
68	110621
69	112192
70	113762
71	115332
72	116903
73	118474
74	120044
75	121615
76	123188
77	124758
78	126328
79	127899
80	129469
81	131039
82	132610
83	134180
84	135751
85	137323
86	138893
87	140465
88	142036
89	143607
90	145178
91	146748
92	148320
93	149891
94	151462
95	153032
96	154604
97	156174
98	157745
99	159315
100	160886
101	162457
102	164028
103	165598
104	167169
105	168739
106	170309
107	171881
108	173453
109	175024
110	176594
111	178165
112	179735
113	181306
114	182877
115	184448
116	186018
117	187590
118	189161
119	190731
120	192303
121	193874
122	195445
123	197015
124	198589
125	200159
126	201730
127	203303
128	204874
129	206445
130	208015
131	209586
132	211157
133	212728
134	214299
135	215876
136	217448
137	219020
138	220591
139	222163
140	223737
141	225309
142	226879
143	228450
144	230021
145	231592
146	233163
147	234734
148	236305
149	237876
150	239447
151	241018
152	242589
153	244160
154	245731
155	247302
156	248874
157	250446
158	252017
159	253590
160	255161
161	256732
162	258302
163	259873
164	261445
165	263016
166	264586
167	266157
168	267727
169	269298
170	270869
171	272440
172	274013
173	275584
174	277155
175	278725
176	280296
177	281867
178	283438
179	285009
180	286579
181	288150
182	289721
183	291292
184	292863
185	294434
186	296008
187	297588
188	299161
189	300732
190	302303
191	303875
192	305446
193	307017
194	308587
195	310158
196	311729
197	313300
198	314871
199	316441
200	318012
201	319583
202	321154
203	322725
204	324298
205	325869
206	327439
207	329009
208	330580
209	332151
210	333722
211	335293
212	336864
213	338434
214	340005
215	341576
216	343147
217	344718
218	346288
219	347859
220	349433
221	351004
222	352575
223	354147
224	355718
225	357289
226	358860
227	360430
228	362002
229	363573
230	365143
231	366714
232	368285
233	369856
234	371427
235	372998
236	374571
237	376142
238	377713
239	379300
240	380870
241	382442
242	384013
243	385583
244	387165
245	388736
246	390307
247	391879
248	393450
249	395020
250	396591
251	398161
252	399734
253	401305
254	402876
255	404449
256	406021
257	407594
258	409166
259	410736
260	412307
261	413878
262	415449
263	417019
264	418590
265	420160
266	421732
267	423303
268	424876
269	426447
270	428018
271	429588
272	431158
273	432729
274	434301
275	435871
276	437442
277	439012
278	440588
279	442159
280	443730
281	445301
282	446872
283	448442
284	450015
285	451586
286	453157
287	454730
288	456301
289	457871
290	459441
291	461012
292	462583
293	464153
294	465724
295	467295
296	468865
297	470436
298	472007
299	473577
300	475150
301	476720
302	478291
303	479861
304	481433
305	483021
306	484592
307	486163
308	487733
309	489304
310	490875
311	492446
312	494016
313	495588
314	497158
315	498729
316	500301
317	501872
318	503443
319	505016
320	506603
321	508176
322	509748
323	511319
324	512892
325	514464
326	516032
327	517600
328	519168
329	520735
330	522303
331	523871
332	525440
333	527008
334	528575
335	530142
336	531710
337	533277
338	534846
339	536415
340	537983
341	539551
342	541119
343	542687
344	544254
345	545822
346	547400
347	548967
348	550536
349	552104
350	553672
351	555241
352	556809
353	558379
354	559946
355	561514
356	563082
357	564649
358	566217
359	567784
360	569359
361	570927
362	572495
363	574064
364	575633
365	577200
366	578767
367	580335
368	581903
369	583470
370	585038
371	586606
372	588174
373	589741
374	591309
375	592877
376	594444
377	596012
378	597579
379	599148
380	600725
381	602296
382	603867
383	605464
384	607037
385	608605
386	610173
387	611744
388	613313
389	614883
390	616458
391	618025
392	619593
393	621161
394	622730
395	624299
396	625869
397	627439
398	629008
399	630577
400	632146
401	633713
402	635282
403	636851
404	638420
405	639997
406	641567
407	643137
408	644706
409	646275
410	647845
411	649415
412	650986
413	652586
414	654160
415	655729
416	657449
417	659049
418	660634
419	662207
420	663777
421	665345
422	666913
423	668481
424	670049
425	671617
426	673185
427	674753
428	676326
429	677893
430	679461
431	681028
432	682597
433	684165
434	685732
435	687300
436	688867
437	690435
438	692003
439	693571
440	695148
441	696716
442	698283
443	699851
444	701421
445	702989
446	704559
447	706127
448	707695
449	709262
450	710830
451	712399
452	713966
453	715534
454	717101
455	718669
456	720237
457	721805
458	723375
459	724943
460	726513
461	728080
462	729648
463	731215
464	732784
465	734351
466	735919
467	737487
468	739054
469	740623
470	742194
471	743763
472	745350
473	746918
474	748485
475	750053
476	751624
477	753192
478	754761
479	756329
480	757897
481	759464
482	761032
483	762600
484	764168
485	765735
486	767303
487	768871
488	770438
489	772006
490	773574
491	775142
492	776712
493	778280
494	779848
495	781416
496	782984
497	784552
498	786120
499	787688
500	789256
501	790823
502	792393
503	793961
504	795529
505	797096
506	798673
507	800241
508	801812
509	803382
510	804951
511	806519
512	808087
513	809655
514	811222
515	812790
516	814358
517	815926
518	817494
519	819061
520	820629
521	822197
522	823765
523	825332
524	826902
525	828470
526	830038
527	831606
528	833174
529	834742
530	836309
531	837877
532	839445
533	841012
534	842580
535	844148
536	845716
537	847284
538	848851
539	850419
540	851989
541	853557
542	855126
543	856694
544	858262
545	859833
546	861401
547	862969
548	864537
549	866104
550	867672
551	869240
552	870807
553	872378
554	873945
555	875513
556	877082
557	878650
558	880218
559	881786
560	883354
561	884921
562	886489
563	888057
564	889625
565	891192
566	892760
567	894328
568	895896
569	897463
570	899031
571	900599
572	902170
573	903738
574	905308
575	906876
576	908443
577	910011
578	911580
579	913147
580	914714
581	916281
582	917849
583	919416
584	920983
585	922551
586	924126
587	925694
588	927272
589	928850
590	930436
591	932006
592	933574
593	935142
594	936709
595	938278
596	939845
597	941413
598	942980
599	944547
600	946115
601	947682
602	949249
603	950817
604	952398
605	953966
606	955535
607	957103
608	958670
609	960238
610	961806
611	963392
612	964967
613	966535
614	968102
615	969670
616	971237
617	972805
618	974391
619	975958
620	977528
621	979095
622	980663
623	982231
624	983798
625	985366
626	986936
627	988504
628	990071
629	991639
630	993207
631	994774
632	996341
633	997909
634	999476
635	1001043
636	1002614
637	1004182
638	1005751
639	1007319
640	1008886
641	1010453
642	1012021
643	1013589
644	1015156
645	1016727
646	1018303
647	1019870
648	1021438
649	1023006
650	1024573
651	1026141
652	1027712
653	1029280
654	1030847
655	1032416
656	1033983
657	1035551
658	1037118
659	1038685
660	1040253
661	1041821
662	1043390
663	1044958
664	1046525
665	1048092
666	1049660
667	1051227
668	1052797
669	1054366
670	1055934
671	1057522
672	1059090
673	1060657
674	1062227
675	1063796
676	1065364
677	1066931
678	1068498
679	1070065
680	1071634
681	1073203
682	1074770
683	1076337
684	1077906
685	1079472
686	1081039
687	1082606
688	1084173
689	1085740
690	1087307
691	1088874
692	1090441
693	1092008
694	1093575
695	1095141
696	1096708
697	1098274
698	1099841
699	1101408
700	1102977
701	1104545
702	1106112
703	1107678
704	1109245
705	1110812
706	1112382
707	1113949
708	1115516
709	1117083
710	1118649
711	1120216
712	1121783
713	1123350
714	1124917
715	1126483
716	1128052
717	1129619
718	1131185
719	1132753
720	1134320
721	1135887
722	1137453
723	1139021
724	1140587
725	1142154
726	1143721
727	1145288
728	1146854
729	1148421
730	1149988
731	1151556
732	1153124
733	1154693
734	1156259
735	1157826
736	1159395
737	1160962
738	1162529
739	1164096
740	1165663
741	1167230
742	1168797
743	1170363
744	1171930
745	1173497
746	1175064
747	1176631
748	1178200
749	1179767
750	1181333
751	1182901
752	1184472
753	1186039
754	1187605
755	1189173
756	1190740
757	1192307
758	1193874
759	1195441
760	1197007
761	1198574
762	1200140
763	1201708
764	1203277
765	1204845
766	1206412
767	1207979
768	1209545
769	1211112
770	1212679
771	1214246
772	1215813
773	1217382
774	1218948
775	1220515
776	1222082
777	1223649
778	1225215
779	1226782
780	1228351
781	1229918
782	1231485
783	1233051
784	1234618
785	1236185
786	1237751
787	1239319
788	1240885
789	1242453
790	1244019
791	1245586
792	1247153
793	1248719
794	1250286
795	1251854
796	1253422
797	1254990
798	1256557
799	1258124
800	1259690
801	1261257
802	1262824
803	1264392
804	1265959
805	1267526
806	1269092
807	1270659
808	1272226
809	1273793
810	1275360
811	1276927
812	1278495
813	1280062
814	1281629
815	1283196
816	1284762
817	1286329
818	1287896
819	1289463
820	1291030
821	1292597
822	1294164
823	1295730
824	1297303
825	1298870
826	1300437
827	1302005
828	1303584
829	1305154
830	1306721
831	1308289
832	1309856
833	1311424
834	1312991
835	1314560
836	1316127
837	1317694
838	1319260
839	1320827
840	1322396
841	1323962
842	1325529
843	1327095
844	1328664
845	1330231
846	1331833
847	1333400
848	1334967
849	1336534
850	1338101
851	1339669
852	1341236
853	1342803
854	1344373
855	1345939
856	1347506
857	1349073
858	1350640
859	1352207
860	1353777
861	1355346
862	1356913
863	1358480
864	1360046
865	1361614
866	1363181
867	1364748
868	1366315
869	1367881
870	1369448
871	1371015
872	1372582
873	1374149
874	1375716
875	1377283
876	1378852
877	1380419
878	1381986
879	1383553
880	1385120
881	1386686
882	1388253
883	1389821
884	1391393
885	1392959
886	1394526
887	1396093
888	1397660
889	1399226
890	1400793
891	1402360
892	1403930
893	1405498
894	1407064
895	1408631
896	1410198
897	1411766
898	1413332
899	1414899
900	1416467
901	1418034
902	1419600
903	1421167
904	1422734
905	1424301
906	1425868
907	1427435
908	1429003
909	1430570
910	1432138
911	1433704
912	1435272
913	1436839
914	1438415
915	1439989
916	1441556
917	1443123
918	1444690
919	1446256
920	1447823
921	1449392
922	1450958
923	1452526
924	1454094
925	1455662
926	1457229
927	1458796
928	1460363
929	1461944
930	1463511
931	1465078
932	1466644
933	1468211
934	1469778
935	1471344
936	1472911
937	1474478
938	1476045
939	1477612
940	1479178
941	1480745
942	1482312
943	1483879
944	1485446
945	1487012
946	1488580
947	1490146
948	1491713
949	1493280
950	1494847
951	1496413
952	1497980
953	1499546
954	1501113
955	1502683
956	1504252
957	1505820
958	1507388
959	1508955
960	1510522
961	1512089
962	1513658
963	1515224
964	1516791
965	1518358
966	1519925
967	1521492
968	1523059
969	1524625
970	1526192
971	1527758
972	1529325
973	1530891
974	1532458
975	1534025
976	1535592
977	1537159
978	1538728
979	1540295
980	1541863
981	1543430
982	1544997
983	1546563
984	1548130
985	1549697
986	1551263
987	1552830
988	1554397
989	1555966
990	1557533
991	1559099
992	1560666
993	1562234
994	1563802
995	1565371
996	1566937
997	1568504
998	1570070
999	1571638
1000	1573204
1001	1574771
1002	1576337
1003	1577904
1004	1579471
1005	1581037
1006	1582604
1007	1584171
1008	1585737
1009	1587304
1010	1588873
1011	1590440
1012	1592007
1013	1593573
1014	1595140
1015	1596706
1016	1598273
1017	1599840
1018	1601407
1019	1602973
1020	1604540
1021	1606108
1022	1607675
1023	1609241
1024	1610808
1025	1612377
1026	1613946
1027	1615513
1028	1617080
1029	1618646
1030	1620212
1031	1621779
1032	1623346
1033	1624913
1034	1626480
1035	1628049
1036	1629615
1037	1631181
1038	1632749
1039	1634315
1040	1635882
1041	1637449
1042	1639017
1043	1640584
1044	1642151
1045	1643717
1046	1645284
1047	1646850
1048	1648417
1049	1649983
1050	1651550
1051	1653117
1052	1654683
1053	1656251
1054	1657818
1055	1659388
1056	1660954
1057	1662522
1058	1664090
1059	1665657
1060	1667223
1061	1668790
1062	1670356
1063	1671924
1064	1673490
1065	1675057
1066	1676623
1067	1678190
1068	1679756
1069	1681322
1070	1682889
1071	1684456
1072	1686023
1073	1687589
1074	1689158
1075	1690725
1076	1692292
1077	1693858
1078	1695425
1079	1696991
1080	1698558
1081	1700125
1082	1701691
1083	1703258
1084	1704825
1085	1706394
1086	1707964
1087	1709530
1088	1711097
1089	1712664
1090	1714234
1091	1715800
1092	1717385
1093	1718952
1094	1720518
1095	1722085
1096	1723652
1097	1725218
1098	1726785
1099	1728351
1100	1729918
1101	1731485
1102	1733052
1103	1734619
1104	1736185
1105	1737758
1106	1739326
1107	1740893
1108	1742460
1109	1744027
1110	1745593
1111	1747160
1112	1748727
1113	1750294
1114	1751860
1115	1753427
1116	1754993
1117	1756561
1118	1758129
1119	1759695
1120	1761262
1121	1762830
1122	1764407
1123	1765973
1124	1767540
1125	1769107
1126	1770673
1127	1772241
1128	1773808
1129	1775393
1130	1776960
1131	1778526
1132	1780093
1133	1781660
1134	1783226
1135	1784793
1136	1786359
1137	1787926
1138	1789494
1139	1791061
1140	1792628
1141	1794195
1142	1795761
1143	1797328
1144	1798895
1145	1800462
1146	1802029
1147	1803595
1148	1805162
1149	1806730
1150	1808297
1151	1809863
1152	1811431
1153	1812997
1154	1814566
1155	1816132
1156	1817699
1157	1819265
1158	1820832
1159	1822407
1160	1823973
1161	1825540
1162	1827107
1163	1828674
1164	1830240
1165	1831807
1166	1833392
1167	1834959
1168	1836526
1169	1838092
1170	1839661
1171	1841228
1172	1842795
1173	1844362
1174	1845929
1175	1847495
1176	1849062
1177	1850629
1178	1852196
1179	1853762
1180	1855335
1181	1856901
1182	1858468
1183	1860034
1184	1861601
1185	1863168
1186	1864736
1187	1866303
1188	1867870
1189	1869436
1190	1871003
1191	1872570
1192	1874137
1193	1875703
1194	1877278
1195	1878845
1196	1880412
1197	1881979
1198	1883546
1199	1885112
1200	1886679
1201	1888245
1202	1889814
1203	1891386
1204	1892953
1205	1894520
1206	1896086
1207	1897653
1208	1899219
1209	1900786
1210	1902361
1211	1903927
1212	1905519
1213	1907086
1214	1908653
1215	1910222
1216	1911789
1217	1913357
1218	1914923
1219	1916489
1220	1918056
1221	1919622
1222	1921188
1223	1922755
1224	1924322
1225	1925888
1226	1927455
1227	1929024
1228	1930600
1229	1932168
1230	1933736
1231	1935308
1232	1936875
1233	1938442
1234	1940008
1235	1941577
1236	1943143
1237	1944710
1238	1946276
1239	1947843
1240	1949409
1241	1950976
1242	1952543
1243	1954110
1244	1955678
1245	1957245
1246	1958812
1247	1960383
1248	1961950
1249	1963517
1250	1965084
1251	1966651
1252	1968217
1253	1969802
1254	1971384
1255	1972955
1256	1974527
1257	1976092
1258	1977656
1259	1979221
1260	1980785
1261	1982351
1262	1983916
1263	1985483
1264	1987047
1265	1988612
1266	1990177
1267	1991742
1268	1993306
1269	1994871
1270	1996436
1271	1998000
1272	1999565
1273	2001130
1274	2002695
1275	2004260
1276	2005827
1277	2007393
1278	2008958
1279	2010525
1280	2012090
1281	2013655
1282	2015219
1283	2016784
1284	2018349
1285	2019914
1286	2021479
1287	2023044
1288	2024608
1289	2026173
1290	2027737
1291	2029302
1292	2030867
1293	2032432
1294	2033997
1295	2035564
1296	2037128
1297	2038693
1298	2040258
1299	2041823
1300	2043390
1301	2044954
1302	2046519
1303	2048084
1304	2049648
1305	2051213
1306	2052778
1307	2054343
1308	2055909
1309	2057474
1310	2059039
1311	2060607
1312	2062172
1313	2063737
1314	2065302
1315	2066867
1316	2068431
1317	2069996
1318	2071561
1319	2073126
1320	2074690
1321	2076255
1322	2077820
1323	2079386
1324	2080951
1325	2082516
1326	2084080
1327	2085647
1328	2087211
1329	2088776
1330	2090340
1331	2091906
1332	2093470
1333	2095035
1334	2096600
1335	2098165
1336	2099730
1337	2101294
1338	2102860
1339	2104424
1340	2106009
1341	2107574
1342	2109141
1343	2110706
1344	2112271
1345	2113836
1346	2115401
1347	2116966
1348	2118530
1349	2120095
1350	2121660
1351	2123225
1352	2124790
1353	2126354
1354	2127919
1355	2129483
1356	2131048
1357	2132613
1358	2134180
1359	2135745
1360	2137310
1361	2138874
1362	2140439
1363	2142004
1364	2143569
1365	2145134
1366	2146698
1367	2148263
1368	2149828
1369	2151397
1370	2152962
1371	2154527
1372	2156093
1373	2157657
1374	2159224
1375	2160789
1376	2162355
1377	2163919
1378	2165483
1379	2167048
1380	2168612
1381	2170176
1382	2171741
1383	2173306
1384	2174870
1385	2176435
1386	2178000
1387	2179564
1388	2181129
1389	2182694
1390	2184261
1391	2185826
1392	2187392
1393	2188957
1394	2190522
1395	2192087
1396	2193651
1397	2195216
1398	2196781
1399	2198345
1400	2199910
1401	2201478
1402	2203043
1403	2204608
1404	2206174
1405	2207739
1406	2209306
1407	2210870
1408	2212435
1409	2214000
1410	2215565
1411	2217130
1412	2218695
1413	2220259
1414	2221824
1415	2223391
1416	2224955
1417	2226520
1418	2228085
1419	2229649
1420	2231214
1421	2232779
1422	2234346
1423	2235911
1424	2237476
1425	2239040
1426	2240605
1427	2242170
1428	2243735
1429	2245300
1430	2246864
1431	2248429
1432	2249996
1433	2251561
1434	2253125
1435	2254690
1436	2256256
1437	2257821
1438	2259390
1439	2260955
1440	2262520
1441	2264085
1442	2265649
1443	2267214
1444	2268779
1445	2270343
1446	2271909
1447	2273474
1448	2275038
1449	2276603
1450	2278167
1451	2279732
1452	2281297
1453	2282862
1454	2284429
1455	2285993
1456	2287558
1457	2289123
1458	2290687
1459	2292253
1460	2293817
1461	2295384
1462	2296949
1463	2298513
1464	2300078
1465	2301643
1466	2303208
1467	2304772
1468	2306338
1469	2307903
1470	2309470
1471	2311035
1472	2312600
1473	2314165
1474	2315730
1475	2317294
1476	2318858
1477	2320423
1478	2321988
1479	2323553
1480	2325118
1481	2326682
1482	2328247
1483	2329812
1484	2331382
1485	2332947
1486	2334514
1487	2336078
1488	2337643
1489	2339207
1490	2340772
1491	2342337
1492	2343902
1493	2345466
1494	2347031
1495	2348596
1496	2350160
1497	2351725
1498	2353290
1499	2354854
1500	2356421
1501	2357985
1502	2359560
1503	2361125
1504	2362691
1505	2364256
1506	2365820
1507	2367387
1508	2368952
1509	2370517
1510	2372082
1511	2373647
1512	2375211
1513	2376776
1514	2378340
1515	2379905
1516	2381471
1517	2383035
1518	2384602
1519	2386167
1520	2387732
1521	2389297
1522	2390861
1523	2392427
1524	2393992
1525	2395556
1526	2397121
1527	2398686
1528	2400251
1529	2401817
1530	2403385
1531	2404950
1532	2406517
1533	2408080
1534	2409647
1535	2411211
1536	2412775
1537	2414338
1538	2415902
1539	2417466
1540	2419029
1541	2420593
1542	2422157
1543	2423721
1544	2425284
1545	2426848
1546	2428411
1547	2429975
1548	2431539
1549	2433103
1550	2434668
1551	2436232
1552	2437797
1553	2439360
1554	2440924
1555	2442489
1556	2444053
1557	2445616
1558	2447180
1559	2448743
1560	2450307
1561	2451872
1562	2453435
1563	2454999
1564	2456565
1565	2458129
1566	2459694
1567	2461258
1568	2462822
1569	2464388
1570	2465951
1571	2467515
1572	2469078
1573	2470642
1574	2472206
1575	2473770
1576	2475334
1577	2476899
1578	2478462
1579	2480026
1580	2481591
1581	2483155
1582	2484722
1583	2486286
1584	2487849
1585	2489420
1586	2490985
1587	2492550
1588	2494114
1589	2495678
1590	2497242
1591	2498806
1592	2500372
1593	2501936
1594	2503503
1595	2505067
1596	2506632
1597	2508195
1598	2509762
1599	2511326
1600	2512890
1601	2514454
1602	2516017
1603	2517581
1604	2519145
1605	2520709
1606	2522273
1607	2523837
1608	2525401
1609	2526965
1610	2528528
1611	2530092
1612	2531657
1613	2533221
1614	2534786
1615	2536350
1616	2537914
1617	2539478
1618	2541042
1619	2542607
1620	2544172
1621	2545735
1622	2547298
1623	2548862
1624	2550425
1625	2551989
1626	2553553
1627	2555116
1628	2556681
1629	2558245
1630	2559811
1631	2561380
1632	2562944
1633	2564508
1634	2566072
1635	2567637
1636	2569200
1637	2570763
1638	2572328
1639	2573892
1640	2575456
1641	2577019
1642	2578583
1643	2580147
1644	2581711
1645	2583276
1646	2584841
1647	2586405
1648	2587970
1649	2589534
1650	2591099
1651	2592668
1652	2594232
1653	2595800
1654	2597371
1655	2598936
1656	2600500
1657	2602066
1658	2603629
1659	2605193
1660	2606759
1661	2608322
1662	2609889
1663	2611456
1664	2613020
1665	2614584
1666	2616149
1667	2617713
1668	2619286
1669	2620852
1670	2622418
1671	2623983
1672	2625547
1673	2627112
1674	2628677
1675	2630242
1676	2631808
1677	2633373
1678	2634941
1679	2636504
1680	2638070
1681	2639634
1682	2641198
1683	2642763
1684	2644327
1685	2645891
1686	2647455
1687	2649019
1688	2650583
1689	2652148
1690	2653712
1691	2655276
1692	2656842
1693	2658406
1694	2659972
1695	2661537
1696	2663101
1697	2664665
1698	2666229
1699	2667794
1700	2669358
1701	2670922
1702	2672487
1703	2674051
1704	2675615
1705	2677179
1706	2678743
1707	2680307
1708	2681872
1709	2683437
1710	2685003
1711	2686567
1712	2688130
1713	2689695
1714	2691259
1715	2692823
1716	2694393
1717	2695957
1718	2697522
1719	2699087
1720	2700651
1721	2702216
1722	2703781
1723	2705345
1724	2706911
1725	2708475
1726	2710041
1727	2711607
1728	2713172
1729	2714735
1730	2716300
1731	2717865
1732	2719430
1733	2720993
1734	2722559
1735	2724124
1736	2725688
1737	2727253
1738	2728817
1739	2730383
1740	2731948
1741	2733512
1742	2735078
1743	2736642
1744	2738207
1745	2739770
1746	2741335
1747	2742900
1748	2744464
1749	2746027
1750	2747592
1751	2749156
1752	2750724
1753	2752289
1754	2753853
1755	2755418
1756	2756983
1757	2758548
1758	2760115
1759	2761680
1760	2763244
1761	2764809
1762	2766375
1763	2767939
1764	2769503
1765	2771067
1766	2772632
1767	2774197
1768	2775760
1769	2777325
1770	2778889
1771	2780453
1772	2782018
1773	2783583
1774	2785149
1775	2786713
1776	2788277
1777	2789841
1778	2791407
1779	2792972
1780	2794537
1781	2796100
1782	2797666
1783	2799231
1784	2800795
1785	2802360
1786	2803925
1787	2805491
1788	2807057
1789	2808622
1790	2810188
1791	2811754
1792	2813317
1793	2814882
1794	2816447
1795	2818011
1796	2819576
1797	2821140
1798	2822705
1799	2824271
1800	2825834
1801	2827400
1802	2828965
1803	2830530
1804	2832094
1805	2833659
1806	2835224
1807	2836789
1808	2838356
1809	2839921
1810	2841486
1811	2843050
1812	2844614
1813	2846179
1814	2847744
1815	2849308
1816	2850872
1817	2852437
1818	2854001
1819	2855565
1820	2857131
1821	2858695
1822	2860261
1823	2861826
1824	2863393
1825	2864958
1826	2866522
1827	2868087
1828	2869650
1829	2871215
1830	2872781
1831	2874345
1832	2875910
1833	2877475
1834	2879039
1835	2880603
1836	2882168
1837	2883732
1838	2885298
1839	2886864
1840	2888429
1841	2889993
1842	2891558
1843	2893122
1844	2894687
1845	2896251
1846	2897815
1847	2899382
1848	2900945
1849	2902511
1850	2904076
1851	2905639
1852	2907205
1853	2908770
1854	2910336
1855	2911902
1856	2913467
1857	2915042
1858	2916608
1859	2918171
1860	2919735
1861	2921300
1862	2922864
1863	2924428
1864	2925993
1865	2927557
1866	2929122
1867	2930688
1868	2932254
1869	2933819
1870	2935389
1871	2936954
1872	2938517
1873	2940082
1874	2941647
1875	2943211
1876	2944775
1877	2946339
1878	2947903
1879	2949467
1880	2951032
1881	2952598
1882	2954162
1883	2955727
1884	2957292
1885	2958856
1886	2960424
1887	2961988
1888	2963553
1889	2965118
1890	2966682
1891	2968247
1892	2969811
1893	2971380
1894	2972945
1895	2974509
1896	2976073
1897	2977637
1898	2979200
1899	2980764
1900	2982329
1901	2983894
1902	2985460
1903	2987024
1904	2988588
1905	2990153
1906	2991718
1907	2993282
1908	2994847
1909	2996412
1910	2997975
1911	2999540
1912	3001104
1913	3002670
1914	3004235
1915	3005800
1916	3007370
1917	3008934
1918	3010501
1919	3012066
1920	3013631
1921	3015195
1922	3016761
1923	3018325
1924	3019889
1925	3021453
1926	3023018
1927	3024583
1928	3026148
1929	3027713
1930	3029277
1931	3030841
1932	3032407
1933	3033971
1934	3035537
1935	3037102
1936	3038666
1937	3040232
1938	3041797
1939	3043364
1940	3044928
1941	3046493
1942	3048056
1943	3049621
1944	3051185
1945	3052751
1946	3054316
1947	3055880
1948	3057446
1949	3059011
1950	3060578
1951	3062144
1952	3063709
1953	3065274
1954	3066851
1955	3068418
1956	3069982
1957	3071549
1958	3073116
1959	3074683
1960	3076249
1961	3077817
1962	3079383
1963	3080949
1964	3082515
1965	3084081
1966	3085661
1967	3087227
1968	3088793
1969	3090396
1970	3091965
1971	3093530
1972	3095116
1973	3096683
1974	3098249
1975	3099816
1976	3101387
1977	3102953
1978	3104519
1979	3106085
1980	3107651
1981	3109216
1982	3110785
1983	3112354
1984	3113919
1985	3115484
1986	3117049
1987	3118614
1988	3120180
1989	3121745
1990	3123311
1991	3124876
1992	3126441
1993	3128006
1994	3129571
1995	3131136
1996	3132702
1997	3134267
1998	3135835
1999	3137400
2000	3138974
