-517796
1284064
7168724
8911584
10589544
12263964
14015084
15870044
17701404
19550464
21223704
22885144
24548944
26197404
27835244
29475444
31112104
32747584
34383064
36019724
37656384
39293044
40928524
42566364
44201844
45838504
47477524
49113004
50749664
52385144
54025344
55660824
57297484
58932964
60568444
62203924
63839404
65477244
67112724
68774164
70461564
72127724
73813944
75478924
77122664
78782924
80419584
82055064
83691724
85327204
86963864
88604064
90240724
91876204
93514044
95150704
96787364
98422844
100066584
101722124
103358784
104997804
106660424
108321864
109969144
111640024
113316804
114986504
116646764
118310564
119948404
121586244
123225264
124863104
126500944
128147044
129784884
131421544
133062924
134700764
136339784
137975264
139611924
141250944
142887604
144525444
146163284
147821184
149457844
151094504
152729984
154372544
156009204
157647044
159284884
160922724
162559384
164196044
165832704
167469364
169104844
170743864
172386424
174025444
175664464
177303484
178941324
180581524
182217004
183854844
185491504
187130524
188768364
190405024
192044044
193681884
195319724
196957564
198595404
200230884
201884064
203531344
205170364
206816464
208453124
210088604
211727624
213365464
215003304
216642324
218283704
219926264
221565284
223206664
224846864
226484704
228122544
229759204
231395864
233044324
234693964
236330624
237968464
239605124
241240604
242878444
244517464
246155304
247790784
249427444
251065284
252703124
254343324
255981164
257619004
259259204
260898224
262572644
264211664
265854224
267492064
269127544
270764204
272410304
274049324
275687164
277326184
278964024
280605404
282244424
283882264
285524824
287161484
288798144
290435984
292072644
293710484
295349504
296987344
298624004
300259484
301906764
303543424
305181264
306820284
308458124
310097144
311745604
313382264
315018924
316655584
318294604
319933624
321579724
323218744
324860124
326499144
328138164
329776004
331415024
333054044
334690704
336330904
337972284
339610124
341249144
342888164
344527184
346165024
347800504
349440704
351077364
352714024
354351864
355987344
357625184
359263024
360909124
362544604
364184804
365821464
367458124
369095964
370732624
372370464
374017744
375654404
377291064
378927724
380563204
382201044
383840064
385484984
387121644
388758304
390397324
392033984
393670644
395308484
396943964
398593604
400234984
401872824
403511844
405148504
406785164
408423004
410059664
411706944
413347144
414988524
416639344
418277184
419916204
421552864
423189524
424826184
426461664
428100684
429737344
431383444
433020104
434656764
436295784
437932444
439569104
441205764
442849504
444487344
446124004
447760664
449396144
451032804
452669464
454307304
455943964
457582984
459219644
460866924
462503584
464140244
465776904
467413564
469053764
470690424
472325904
473962564
475599224
477235884
478872544
480509204
482156484
483793144
485439244
487077084
488713744
490350404
491987064
493623724
495262744
496899404
498545504
500182164
501820004
503459024
505095684
506732344
508369004
510006844
511643504
513281344
514925084
516561744
518201944
519842144
521484704
523131984
524769824
526407664
528044324
529683344
531323544
532960204
534605124
536242964
537879624
539517464
541156484
542796684
544433344
546075904
547718464
549356304
550996504
552635524
554272184
555908844
557546684
559185704
560823544
562464924
564105124
565740604
567378444
569017464
570655304
572295504
573936884
575577084
577217284
578856304
580497684
582135524
583776904
585415924
587052584
588690424
590329444
591967284
593606304
595244144
596880804
598518644
600160024
601800224
603438064
605079444
606716104
608353944
609994144
611631984
613267464
614907664
616546684
618185704
619824724
621470824
623109844
624747684
626391424
628030444
629669464
631309664
632949864
634600684
636257404
637894064
639529544
641163844
642798144
644435984
646069104
647705764
649341244
650975544
652614564
654248864
655881984
657519824
659156484
660790784
662423904
664059384
665696044
667330344
668965824
670601304
672234424
673869904
675503024
677139684
678776344
680414184
682050844
683683964
685320624
686954924
688589224
690225884
691861364
693494484
695129964
696765444
698403284
700036404
701669524
703305004
704941664
706579504
708214984
709849284
711484764
713117884
714752184
716385304
718021964
719658624
721290564
722926044
724563884
726209984
727854904
729495104
731136484
732773144
734407444
736041744
737676044
739313884
740948184
742581304
744219144
745852264
747486564
749122044
750756344
752389464
754022584
755656884
757295904
758929024
760562144
762197624
763830744
765465044
767099344
768732464
770365584
771998704
773633004
775267304
776911044
778548884
780183184
781816304
783451784
785087264
786721564
788354684
789988984
791623284
793256404
794922564
796567484
798206504
799841984
801477464
803111764
804746064
806380364
808013484
809652504
811286804
812919924
814553044
816187344
817822824
819455944
821090244
822723364
824356484
825990784
827625084
829258204
830894864
832527984
834168184
835806024
837441504
839074624
840708924
842342044
843976344
845610644
847243764
848878064
850514724
852149024
853782144
855417624
857053104
858698024
860334684
861974884
863608004
865242304
866876604
868510904
870145204
871780684
873414984
875048104
876682404
878315524
879949824
881582944
883216064
884850364
886484664
888121324
889756804
891391104
893024224
894657344
896290464
897924764
899559064
901192184
902827664
904460784
906095084
907729384
909363684
910996804
912633464
914268944
915906784
917544624
919178924
920813224
922446344
924079464
925714944
927361044
928994164
930629644
932263944
933897064
935531364
937164484
938798784
940434264
942067384
943702864
945335984
946970284
948603404
950236524
951869644
953503944
955137064
956772544
958405664
960039964
961674264
963308564
964941684
966577164
968211464
969844584
971477704
973110824
974748664
976382964
978016084
979649204
981282324
982916624
984550924
986185224
987819524
989452644
991085764
992722424
994356724
995989844
997624144
999257264
1000891564
1002524684
1004157804
1005792104
1007425224
1009058344
1010691464
1012326944
1013960064
1015595544
1017228664
1018865324
1020500804
1022135104
1023768224
1025402524
1027034464
1028668764
1030301884
1031935004
1033577564
1035211864
1036844984
1038478104
1040112404
1041745524
1043379824
1045016484
1046650784
1048294524
1049928824
1051561944
1053195064
1054829364
1056463664
1058096784
1059731084
1061366564
1063000864
1064635164
1066268284
1067902584
1069535704
1071178264
1072811384
1074465744
1076100044
1077731984
1079365104
1080999404
1082632524
1084265644
1085898764
1087561384
1089195684
1090828804
1092465464
1094100944
1095741144
1097374264
1099018004
1100651124
1102286604
1103920904
1105554024
1107187144
1108821444
1110454564
1112087684
1113727884
1115362184
1116995304
1118631964
1120267444
1121900564
1123538404
1125171524
1126804644
1128437764
1130072064
1131707544
1133340664
1134973784
1136606904
1138240024
1139874324
1141507444
1143140564
1144777224
1146409164
1148043464
1149676584
1151310884
1152948724
1154581844
1156216144
1157849264
1159482384
1161115504
1162749804
1164382924
1166017224
1167650344
1169283464
1170920124
1172553244
1174188724
1175821844
1177453784
1179086904
1180722384
1182356684
1183990984
1185624104
1187257224
1188890344
1190523464
1192158944
1193792064
1195452324
1197098424
1198735084
1200369384
1202002504
1203636804
1205271104
1206906584
1208539704
1210174004
1211810664
1213443784
1215078084
1216720644
1218353764
1219988064
1221622364
1223260204
1224893324
1226526444
1228159564
1229793864
1231426984
1233061284
1234693224
1236326344
1237959464
1239593764
1241226884
1242861184
1244493124
1246130964
1247764084
1249399564
1251033864
1252668164
1254301284
1255934404
1257569884
1259201824
1260836124
1262469244
1264102364
1265735484
1267370964
1269004084
1270640744
1272272684
1273909344
1275546004
1277180304
1278814604
1280447724
1282082024
1283713964
1285345904
1286979024
1288612144
1290244084
1291877204
1293510324
1295142264
1296775384
1298407324
1300040444
1301675924
1303307864
1304940984
1306572924
1308204864
1309836804
1311469924
1313103044
1314739704
1316372824
1318005944
1319637884
1321269824
1322902944
1324536064
1326169184
1327804664
1329441324
1331082704
1332717004
1334350124
1335983244
1337615184
1339249484
1340882604
1342514544
1344146484
1345779604
1347412724
1349044664
1350676604
1352309724
1353945204
1355580684
1357212624
1358845744
1360478864
1362110804
1363742744
1365374684
1367016064
1368648004
1370279944
1371911884
1373545004
1375179304
1376813604
1378446724
1380081024
1381714144
1383346084
1384979204
1386637104
1388276124
1389911604
1391545904
1393180204
1394814504
1396446444
1398080744
1399713864
1401346984
1402978924
1404610864
1406246344
1407879464
1409511404
1411145704
1412777644
1414410764
1416042704
1417675824
1419308944
1420940884
1422572824
1424205944
1425837884
1427471004
1429102944
1430737244
1432373904
1434007024
1435640144
1437273264
1438905204
1440539504
1442172624
1443804564
1445437684
1447079064
1448713364
1450345304
1451977244
1453611544
1455243484
1456876604
1458513264
1460146384
1461780684
1463412624
1465044564
1466677684
1468309624
1469942744
1471574684
1473210164
1474843284
1476475224
1478107164
1479740284
1481373404
1483008884
1484643184
1486275124
1487918864
1489550804
1491192184
1492826484
1494459604
1496092724
1497730564
1499417964
1501052264
1502686564
1504322044
1505955164
1507591824
1509226124
1510863964
1512499444
1514131384
1515764504
1517397624
1519029564
1520661504
1522293444
1523925384
1525557324
1527189264
1528825924
1530459044
1532093344
1533726464
1535358404
1537002144
1538637624
1540270744
1541902684
1543534624
1545166564
1546799684
1548431624
1550063564
1551699044
1553330984
1554965284
1556599584
1558233884
1559868184
1561507204
1563141504
1564775804
1566412464
1568056204
1569690504
1571323624
1572961464
1574594584
1576231244
1577866724
1579499844
1581134144
1582767264
1584401564
1586035864
1587671344
1589303284
1590936404
1592569524
1594203824
1595838124
1597473604
1599109084
1600741024
1602372964
1604004904
1605636844
1607268784
1608900724
1610533844
1612166964
1613800084
1615433204
1617065144
1618700624
1620333744
1621966864
1623599984
1625239004
1626872124
1628505244
1630138364
1631771484
1633403424
1635036544
1636669664
1638302784
1639937084
1641570204
1643203324
1644837624
1646481364
1648113304
1649745244
1651381904
1653015024
1654648144
1656280084
1657930904
1659564024
1661197144
1662829084
1664461024
1666095324
1667727264
1669360384
1670994684
1672627804
1674262104
1675894044
1677529524
1679162644
1680795764
1682432424
1684066724
1685699844
1687332964
1688964904
1690598024
1692231144
1693864264
1695496204
1697129324
1698762444
1700394384
1702027504
1703666524
1705299644
1706942204
1708574144
1710208444
1711841564
1713474684
1715106624
1716739744
1718371684
1720003624
1721636744
1723269864
1724905344
1726538464
1728171584
1729808244
1731441364
1733072124
1734705244
1736337184
1737969124
1739603424
1741236544
1742873204
1744505144
1746139444
1747771384
1749404504
1751037624
1752671924
1754303864
1755938164
1757573644
1759205584
1760838704
1762477724
1764112024
1765743964
1767378264
1769011384
1770643324
1772276444
1773909564
1775541504
1777175804
1778807744
1780439684
1782075164
1783707104
1785340224
1786972164
1788604104
1790238404
1791875064
1793507004
1795138944
1796772064
1798405184
1800038304
1801674964
1803308084
1804948284
1806581404
1808216884
1809853544
1811487844
1813120964
1814754084
1816387204
1818019144
1819652264
1821306624
1822942104
1824574044
1826205984
1827837924
1829469864
1831105344
1832740824
1834372764
1836005884
1837636644
1839268584
1840911144
1842541904
1844173844
1845806964
1847441264
1849074384
1850706324
1852341804
1853972564
1855604504
1857236444
1858870744
1860502684
1862136984
1863768924
1865400864
1867031624
1868663564
1870295504
1871927444
1873559384
1875192504
1876825624
1878457564
1880089504
1881722624
1883354564
1884988864
1886620804
1888255104
1889885864
1891518984
1893150924
1894782864
1896414804
1898049104
1899681044
1901323604
1902960264
1904592204
1906224144
1907856084
1909488024
1911124684
1912758984
1914390924
1916024044
1917661884
1919299724
1920936384
1922568324
1924213244
1925848724
1927484204
1929118504
1930750444
1932383564
1934016684
1935649804
1937285284
1938917224
1940549164
1942182284
1943814224
1945444984
1947079284
1948712404
1950344344
1951976284
1953609404
1955241344
1956873284
1958504044
1960135984
1961769104
1963403404
1965035344
1966667284
1968299224
1969929984
1971561924
1973193864
1974825804
1976457744
1978103844
1979747584
1981383064
1983017364
1984661104
1986295404
1987929704
1989567544
1991200664
1992833784
1994465724
1996098844
1997731964
1999363904
2000997024
2002630144
2004263264
2005896384
2007528324
2009161444
2010793384
2012426504
2014059624
2015695104
2017328224
2018961344
2020595644
2022227584
2023860704
2025493824
2027125764
2028758884
2030392004
2032023944
2033657064
2035289004
2036922124
2038558784
2040191904
2041835644
2043469944
2045103064
2046743264
2048379924
2050013044
2051644984
2053278104
2054911224
2056544344
2058183364
2059818844
2061454324
2063088624
2064722924
2066358404
2067995064
2069628184
2071263664
2072894424
2074527544
2076160664
2077793784
2079426904
2081058844
2082693144
2084325084
2085957024
2087590144
2089222084
2090855204
2092489504
2094123804
2095756924
2097392404
2099025524
2100658644
2102291764
2103924884
2105558004
2107192304
2108823064
2110456184
2112089304
2113722424
2115355544
2116987484
2118621784
2120256084
2121889204
2123521144
2125154264
2126787384
2128419324
2130053624
2131686744
2133317504
2134950624
2136583744
2138227484
2139860604
2141494904
2143128024
2144758784
2146396624
2148028564
2149661684
2151294804
2152927924
2154561044
2156196524
2157830824
2159463944
2161097064
2162730184
2164360944
2166007044
2167640164
2169272104
2170905224
2172539524
2174171464
2175803404
2177436524
2179070824
2180702764
2182334704
2183967824
2185600944
2187232884
2188867184
2190500304
2192133424
2193764184
2195397304
2197030424
2198665904
2200299024
2201932144
2203565264
2205197204
2206830324
2208462264
2210095384
2211728504
2213361624
2214994744
2216631404
2218264524
2219896464
2221529584
2223165064
2224811164
2226444284
2228077404
2229718784
2231351904
2232985024
2234618144
2236252444
2237884384
2239517504
2241149444
2242783744
2244444004
2246085384
2247725584
2249379944
2251013064
2252643824
2254272224
2255905344
2257536104
2259166864
2260797624
2262428384
2264059144
2265688724
2267320664
2268950244
2270579824
2272210584
2273840164
2275476824
2277117024
2278747784
2280377364
2282006944
2283637704
2285268464
2286898044
2288527624
2290157204
2291786784
2293415184
2295053024
2296682604
2298312184
2299941764
2301585504
2303217444
2304848204
2306481324
2308112084
2309744024
2311379504
2313009084
2314638664
2316268244
2317897824
2319528584
2321158164
2322788924
2324442104
2326074044
2328380944
2330028224
2331686124
2333326324
2334959444
2336589024
2338218604
2339848184
2341478944
2343120324
2344756984
2346393644
2348030304
2349666964
2351369704
2353012264
2354650104
2356285584
2357919884
2359554184
2361189664
2362823964
2364459444
2366102004
2367736304
2369369424
2371004904
2372639204
2374272324
2375906624
2377540924
2379175224
2380811884
2382446184
2384080484
2385717144
2387350264
2388984564
2390618864
2392257884
2393891004
2395525304
2397159604
2398793904
2400428204
2402063684
2403697984
2405331104
2406967764
2408602064
2410236364
2411870664
2413504964
2415139264
2416773564
2418407864
2420042164
2421676464
2423310764
2424945064
2426579364
2428221924
2429856224
2431490524
2433126004
2434760304
2436393424
2438027724
2439662024
2441305764
2442940064
2444574364
2446207484
2447841784
2449476084
2451109204
2452744684
2454378984
2456012104
2457646404
2459283064
2460917364
2462551664
2464185964
2465829704
2467464004
2469098304
2470731424
2472365724
2474000024
2475634324
2477268624
2478902924
2480536044
2482170344
2483804644
2485443664
2487076784
2488711084
2490345384
2491979684
2493613984
2495249464
2496884944
2498519244
2500155904
2501790204
2503424504
2505057624
2506691924
2508327404
2509961704
2511598364
2513246824
2514884664
2516520144
2518154444
2519789924
2521424224
2523058524
2524692824
2526337744
2527972044
2529606344
2531240644
2532877304
2534511604
2536145904
2537783744
2539418044
2541052344
2542686644
2544322124
2545955244
2547589544
2549223844
2550868764
2552503064
2554137364
2555771664
2557405964
2559040264
2560674564
2562308864
2563945524
2565579824
2567214124
2568848424
2570501604
2572144164
2573780824
2575417484
2577051784
2578687264
2580321564
2581955864
2583588984
2585223284
2586857584
2588491884
2590128544
2591762844
2593399504
2595032624
2596666924
2598301224
2599937884
2601572184
2603206484
2604840784
2606475084
2608110564
2609744864
2611379164
2613013464
2614648944
2616287964
2617922264
2619557744
2621194404
2622829884
2624465364
2626100844
2627736324
2629371804
2631004924
2632639224
2634273524
2635907824
2637542124
2639175244
2640809544
2642446204
2644080504
2645714804
2647356184
2648991664
2650625964
2652260264
2653894564
2655527684
2657161984
2658796284
2660430584
2662064884
2663698004
2665332304
2666966604
2668603264
2670236384
2671870684
2673515604
2675148724
2676784204
2678417324
2680064604
2681698904
2683333204
2684967504
2686604164
2688262064
2689896364
2691537744
2693176764
2694811064
2696447724
2698083204
2699728124
2701363604
2703000264
2704644004
2706278304
2707913784
2709548084
2711182384
2712816684
2714450984
2716086464
2717720764
2719357424
2720992904
2722628384
2724265044
2725900524
2727537184
2729172664
2730809324
2732445984
2734081464
2735715764
2737351244
2738984364
2740618664
2742251784
2743884904
2745521564
2747165304
2748799604
2750432724
2752070564
2753703684
2755337984
2756971104
2758604224
2760237344
2761870464
2763503584
2765136704
2766769824
2768404124
2770037244
2771682164
2773316464
2774949584
2776582704
2778215824
2779848944
2781485604
2783119904
2784751844
2786384964
2788018084
2789651204
2791285504
2792918624
2794551744
2796184864
2797821524
2799454644
2801087764
2802720884
2804354004
2805988304
2807632044
2809265164
2810899464
2812532584
2814165704
2815798824
2817433124
2819066244
2820699364
2822337204
2823972684
2825605804
2827238924
2828872044
2830506344
2832140644
2833773764
2835406884
2837040004
2838674304
2840307424
2841940544
2843573664
2845206784
2846839904
2848473024
2850110864
2851743984
2853377104
2855010224
2856653964
2858287084
2859920204
2861553324
2863186444
2864820744
2866453864
2868086984
2869720104
2871354404
2872987524
2874620644
2876256124
2877889244
2879523544
2881156664
2882789784
2884422904
2886057204
2887690324
2889323444
2890956564
2892600304
2894233424
2895866544
2897499664
2899132784
2900767084
2902402564
2904035684
2905668804
2907301924
2908936224
2910569344
2912201284
2913834404
2915467524
2917107724
2918745564
2920379864
2922014164
2923647284
2925281584
2926915884
2928551364
2930184484
2931816424
2933449544
2935082664
2936716964
2938350084
2939996184
2941630484
2943263604
2944901444
2946539284
2948173584
2949806704
2951439824
2953072944
2954709604
2956342724
2957975844
2959608964
2961242084
2962875204
2964508324
2966150884
2967785184
2969418304
2971052604
2972685724
2974318844
2975954324
2977588624
2979225284
2980861944
2982495064
2984129364
2985762484
2987400324
2989035804
2990670104
2992304404
2993939884
2995575364
2997209664
2998845144
3000482984
3002117284
3003752764
3005388244
3007024904
3008660384
3010295864
3011930164
3013565644
3015199944
3016835424
3018469724
3020105204
3021741864
3023377344
3025011644
3026647124
3028281424
3029915724
3031551204
3033189044
3034823344
3036458824
3038094304
3039728604
3041364084
3042999564
3044633864
3046269344
3047903644
3049537944
3051173424
3052807724
3054442024
3056076324
3057711804
3059348464
3060982764
3062618244
3064252544
3065888024
3067522324
3069157804
3070792104
3072426404
3074060704
3075696184
3077330484
3078964784
3080599084
3082232204
3083865324
3085504344
3087142184
3088777664
3090413144
3092047444
3093681744
3095314864
3096947984
3098588184
3100222484
3101856784
3103489904
3105123024
3106757324
3108389264
3110023564
3111659044
3113292164
3114925284
3116558404
3118191524
3119824644
3121457764
3123090884
3124732264
3126365384
3128002044
3129635164
3131271824
3132906124
3134541604
3136178264
3137813744
3139446864
3141079984
3142713104
3144346224
3145979344
3147612464
3149249124
3150882244
3152515364
3154148484
3155781604
3157418264
3159051384
3160705744
3162348304
3163982604
3165612184
3167240584
3168871344
3170499744
3172128144
3173756544
3175384944
3177015704
3178644104
3180276044
3181906804
3183537564
3185167144
3186796724
3188427484
3190059424
3191691364
3193320944
3194950524
3196581284
3198210864
3199840444
3201471204
3203103144
3204744524
3206375284
3208006044
3209634444
3211264024
3212895964
3214526724
3216161024
3217791784
3219424904
3221054484
3222684064
3224321904
3225963284
3227595224
3229225984
3230856744
3232486324
3234117084
3235747844
3237377424
3239008184
3240638944
3242272064
3243902824
3245532404
3247161984
3248791564
3250422324
3252054264
3253682664
3255313424
3256944184
3258572584
3260203344
3261832924
3263463684
3265094444
3266748804
3268381924
3270011504
3271642264
3273271844
3274902604
