-101337
7178103
8925443
10601243
12339763
14153743
15931463
17637643
19271303
20957883
22590563
24221283
25851023
27485663
29115403
30746123
32376843
34008543
35641223
37270963
38901683
40531423
42162143
43792863
45422603
47052343
48684043
50314763
51945483
53575223
55204963
56835683
58465423
60095163
61725883
63355623
64985363
66623923
68253663
69884383
71515103
73145823
74778503
76408243
78038963
79669683
81300403
82931123
84562823
86193543
87824263
89454983
91085703
92716423
94347143
95976883
97607603
99238323
100870023
102502703
104135383
105766103
107396823
109027543
110659243
112291923
113923623
115556303
117188983
118821663
120455323
122087023
123718723
125355323
126988003
128623623
130255323
131888003
133519703
135153363
136784083
138415783
140047483
141678203
143309903
144940623
146571343
148203043
149834743
151465463
153096183
154729843
156360563
157991283
159623963
161254683
162885403
164516123
166147823
167778543
169410243
171041943
172672663
174304363
175935083
177566783
179200443
180833123
182463843
184099463
185731163
187369723
189002403
190633123
192265803
193899463
195530183
197164823
198799463
200430183
202064823
203699463
205330183
206963843
208609263
210260563
211900103
213533763
215167423
216801083
218432783
220067423
221699123
223330823
224961543
226593243
228224943
229856643
231489323
233124943
234757623
236391283
238023963
239656643
241289323
242921023
244577223
246212843
247847483
249480163
251113823
252745523
254378203
256009903
257643563
259279183
260911863
262542583
264175263
265807943
267439643
269071343
270704023
272335723
273968403
275601083
277232783
278865463
280498143
282132783
283765463
285400103
287033763
288666443
290299123
291929843
293562523
295194223
296826903
298458603
300092263
301725923
303360563
304993243
306625923
308258603
309891283
311530823
313162523
314824603
316489623
318124263
319757923
321390603
323022303
324655963
326296483
327937003
329572623
331208243
332841903
334475563
336110203
337748763
339382423
341023923
342657583
344293203
345928823
347561503
349194183
350826863
352459543
354091243
355723923
357356603
358989283
360621963
362253663
363888303
365520983
367152683
368785363
370417063
372048763
373681443
375313143
376945823
378578503
380214123
381861503
383493203
385127843
386761503
388395163
390033723
391667383
393307903
394941563
396574243
398208883
399849403
401489923
403130443
404763123
406395803
408035343
409679783
411314423
412948083
414583703
416219323
417852983
419487623
421119323
422752983
424386643
426021283
427657883
429294483
430927163
432560823
434195463
435830103
437477483
439118003
440758523
442395123
444029763
445664403
447298063
448932703
450566363
452201003
453835643
455470283
457111783
458756223
460387923
462019623
463653283
465285963
466919623
468555243
470186943
471819623
473453283
475086943
476720603
478355243
479986943
481619623
483254263
484886943
486520603
488153283
489784983
491417663
493051323
494686943
496321583
497956223
499591843
501226483
502865043
504500663
506133343
507767003
509399683
511033343
512667983
514301643
515935303
517569943
519201643
520837263
522471903
524113403
525748043
527382683
529015363
530649023
532282683
533929083
535567643
537207183
538844763
540479403
542114043
543754563
545389203
547023843
548658483
550291163
551931683
553571223
555212723
556856183
558488863
560122523
561757163
563390823
565025463
566659123
568292783
569927423
571562063
573197683
574832323
576496363
578152563
579805823
581463983
583120183
584773443
586424743
588063303
589693043
591322783
592951543
594583243
596212003
597839783
599470503
601100243
602729003
604368543
606003183
607631943
609261683
610890443
612518223
614146983
615774763
617404503
619034243
620664963
622294703
623927383
625561043
627189803
628819543
630450263
632080003
633709743
635339483
636967263
638597983
640231643
641862363
643492103
645121843
646749623
648379363
650011063
651642763
653272503
654902243
656531983
658161723
659791463
661419243
663047023
664675783
666304543
667933303
669562063
671190823
672819583
674450303
676079063
677709783
679339523
680971223
682599983
684228743
685857503
687486263
689116003
690746723
692377443
694006203
695639863
697270583
698900323
700531043
702159803
703792483
705421243
707052943
708684643
710317323
711950003
713579743
715208503
716839223
718468963
720097723
721729423
723360143
724988903
726617663
728247403
729879103
731506883
733136623
734765383
736396103
738025843
739654603
741283363
742920943
744549703
746178463
747816043
749444803
751073563
752702323
754331083
755968663
757607223
759235983
760864743
762493503
764122263
765751023
767379783
769008543
770649063
772288603
773921283
775550043
777179783
778808543
780437303
782076843
783705603
785334363
786963123
788592863
790223583
791855283
793484043
795113783
796743523
798372283
800001043
801629803
803258563
804888303
806517063
808148763
809777523
811406283
813036023
814664783
816294523
817923283
819554983
821185703
822814463
824443223
826072963
827701723
829330483
830960223
832588983
834219703
835849443
837478203
839107943
840736703
842365463
843994223
845623963
847252723
848881483
850510243
852139003
853769723
855398483
857027243
858656003
860288683
861917443
863546203
865177903
866806663
868435423
870065163
871693923
873323663
874952423
876581183
878210923
879838703
881468443
883097203
884725963
886356683
887987403
889616163
891244923
892873683
894503423
896136103
897764863
899393623
901022383
902651143
904280883
905909643
907546243
909175003
910803763
912434483
914063243
915692003
917338403
918969123
920598863
922246243
923875983
925508663
927146243
928775003
930402783
932031543
933661283
935290043
936927623
938558343
940187103
941815863
943444623
945076323
946713903
948342663
949971423
951601163
953229923
954858683
956487443
958116203
959744963
961373723
963002483
964634183
966262943
967893663
969521443
971151183
972779943
974408703
976037463
977666223
979294983
980923743
982553483
984182243
985826683
987460343
989090083
990745303
992375043
994004783
995633543
997262303
998891063
1000519823
1002148583
1003777343
1005412963
1007041723
1008670483
1010299243
1011929963
1013558723
1015187483
1016823103
1018452843
1020080623
1021711343
1023339123
1024967883
1026595663
1028224423
1029853183
1031481943
1033110703
1034739463
1036368223
1037998943
1039628683
1041257443
1042886203
1044515943
1046144703
1047772483
1049404183
1051034903
1052663663
1054295363
1055928043
1057558763
1059188503
1060819223
1062447983
1064079683
1065710403
1067339163
1068965963
1070594723
1072222503
1073849303
1075477083
1077104863
1078732643
1080365323
1081994083
1083627743
1085255523
1086892123
1088520883
1090151603
1091788203
1093415983
1095049643
1096697023
1098332643
1099962383
1101600943
1103229703
1104859443
1106487223
1108115003
1109748663
1111385263
1113014023
1114646703
1116280363
1117908143
1119536903
1121164683
1122792463
1124421223
1126057823
1127686583
1129315343
1130951943
1132580703
1134210443
1135839203
1137467963
1139096723
1140725483
1142380703
1144031023
1145690163
1147320883
1148951603
1150597023
1152225783
1153853563
1155489183
1157116963
1158749643
1160386243
1162014023
1163641803
1165285263
1166913043
1168548663
1170185263
1171813043
1173440823
1175084283
1176712063
1178340823
1179984283
1181612063
1183238863
1184883303
1186511083
1188138863
1189783303
1191411083
1193038863
1194684283
1196312063
1197940823
1199584283
1201212063
1202839843
1204483303
1206111083
1207739843
1209383303
1211012063
1212639843
1214283303
1215911083
1217539843
1219183303
1220813043
1222440823
1224084283
1225715983
1227348663
1228985263
1230613043
1232239843
1233884283
1235512063
1237140823
1238784283
1240413043
1242040823
1243684283
1245312063
1246948663
1248585263
1250213043
1251839843
1253468603
1255096383
1256724163
1258368603
1259996383
1261624163
1263267623
1264895403
1266524163
1268159783
1269787563
1271415343
1273052923
1274680703
1276309463
1277937243
1279565023
1281193783
1282820583
1284448363
1286076143
1287703923
1289331703
1290959483
1292587263
1294222883
1295851643
1297479423
1299109163
1300736943
1302365703
1303993483
1305622243
1307251983
1308879763
1310507543
1312135323
1313763103
1315391863
1317019643
1318647423
1320275203
1321902983
1323530763
1325160503
1326788283
1328416063
1330043843
1331670643
1333299403
1334927183
1336554963
1338182743
1339810523
1341438303
1343066083
1344693863
1346321643
1347949423
1349577203
1351207923
1352836683
1354465443
1356094203
1357722963
1359350743
1360979503
1362608263
1364245843
1365872643
1367500423
1369128203
1370756963
1372391603
1374038003
1375665783
1377296503
1378934083
1380561863
1382190623
1383829183
1385457943
1387085723
1388713503
1390341283
1391969063
1393621343
1395249123
1396877883
1398521343
1400156963
1401804343
1403444863
1405072643
1406701403
1408338003
1409966763
1411610223
1413248783
1414877543
1416505323
1418133103
1419761863
1421391603
1423028203
1424655983
1426284743
1427914483
1429542263
1431171023
1432798803
1434458923
1436088663
1437717423
1439345203
1440972983
1442601743
1444229523
1445857303
1447486063
1449113843
1450741623
1452370383
1454000123
1455627903
1457256663
1458884443
1460512223
1462140983
1463768763
1465396543
1467025303
1468653083
1470283803
1471912563
1473540343
1475168123
1476798843
1478426623
1480056363
1481689043
1483317803
1484945583
1486573363
1488201143
1489828923
1491456703
1493085463
1494713243
1496341023
1497969783
1499597563
1501225343
1502853123
1504480903
1506111623
1507740383
1509367183
1510995943
1512623723
1514252483
1515880263
1517508043
1519135823
1520763603
1522392363
1524020143
1525647923
1527276683
1528904463
1530532243
1532161003
1533788783
1535415583
1537044343
1538672123
1540299903
1541928663
1543556443
1545184223
1546812003
1548440763
1550068543
1551696323
1553325083
1554952863
1556583583
1558211363
1559853843
1561482603
1563110383
1564738163
1566365943
1567995683
1569623463
1571251243
1572879023
1574506803
1576134583
1577761383
1579389163
1581017923
1582646683
1584274463
1585902243
1587532963
1589176423
1590808123
1592439823
1594070543
1595699303
1597329043
1598956823
1600585583
1602213363
1603841143
1605468923
1607096703
1608724483
1610353243
1611980043
1613607823
1615235603
1616863383
1618491163
1620121883
1621749663
1623377443
1625005223
1626632023
1628259803
1629888563
1631516343
1633144123
1634770923
1636398703
1638026483
1639655243
1641283023
1642910803
1644538583
1646168323
1647797083
1649424863
1651052643
1652680423
1654308203
1655935983
1657564743
1659192523
1660821283
1662449063
1664076843
1665704623
1667332403
1668961163
1670609523
1672237303
1673866063
1675492863
1677120643
1678749403
1680377183
1682004963
1683633723
1685269343
1686899083
1688526863
1690154643
1691782423
1693410203
1695037983
1696667723
1698296483
1699924263
1701552043
1703180803
1704808583
1706436363
1708067083
1709694863
1711322643
1712950423
1714578203
1716205983
1717834743
1719462523
1721090303
1722720043
1724347823
1725975603
1727603383
1729231163
1730858943
1732486723
1734114503
1735742283
1737370063
1738998823
1740626603
1742253403
1743881183
1745508963
1747137723
1748766483
1750394263
1752022043
1753650803
1755277603
1756906363
1758534143
1760161923
1761789703
1763417483
1765045263
1766673043
1768300823
1769928603
1771560303
1773189063
1774818803
1776447563
1778075343
1779702143
1781329923
1782957703
1784585483
1786214243
1787842023
1789469803
1791096603
1792724383
1794352163
1795979943
1797607723
1799235503
1800865243
1802494003
1804122763
1805751523
1807379303
1809009043
1810636823
1812264603
1813892383
1815520163
1817148923
1818775723
1820403503
1822031283
1823659063
1825287823
1826917563
1828545343
1830173123
1831800903
1833427703
1835056463
1836684243
1838312023
1839939803
1841567583
1843195363
1844824123
1846451903
1848079683
1849707463
1851335243
1852964983
1854592763
1856220543
1857849303
1859477083
1861105843
1862732643
1864361403
1865989183
1867617943
1869244743
1870872523
1872500303
1874128083
1875756843
1877383643
1879014363
1880642143
1882269923
1883898683
1885526463
1887154243
1888782023
1890408823
1892036603
1893665363
1895293143
1896920923
1898548703
1900176483
1901804263
1903433023
1905064723
1906692503
1908320283
1909950023
1911577803
1913206563
1914834343
1916462123
1918089903
1919726503
1921356243
1922985003
1924612783
1926240563
1927868343
1929496123
1931126843
1932754623
1934383383
1936011163
1937638943
1939266723
1940894503
1942523263
1944151043
1945778823
1947406603
1949034383
1950662163
1952290923
1953918703
1955546483
1957176223
1958804983
1960432763
1962061523
1963689303
1965317083
1966945843
1968573623
1970201403
1971829183
1973457943
1975085723
1976713503
1978341283
1979969063
1981598803
1983229523
1984856323
1986484103
1988112863
1989739663
1991376263
1993007963
1994635743
1996264503
1997892283
1999521043
2001149803
2002777583
2004405363
2006033143
2007660923
2009290663
2010919423
2012547203
2014174983
2015804723
2017432503
2019060283
2020693943
2022322703
2023950483
2025579243
2027207023
2028834803
2030470423
2032099183
2033726963
2035356703
2037011923
2038640683
2040268463
2041897223
2043525003
2045153763
2046781543
2048409323
2050037103
2051664883
2053292663
2054920443
2056550183
2058177963
2059805743
2061433523
2063062283
2064690063
2066317843
2067949543
2069586143
2071213923
2072841703
2074469483
2076097263
2077725043
2079352823
2080999223
2082631903
2084262623
2085892363
2087521123
2089150863
2090780603
2092426023
2094080263
2095713923
2097345623
2098972423
2100599223
2102236803
2103864583
2105490403
2107123083
2108748903
2110375703
2112002503
2113628323
2115254143
2116879963
2118505783
2120141403
2121768203
2123394023
2125020823
2126646643
2128272463
2129900243
2131526063
2133153843
2134778683
2136404503
2138029343
2139656143
2141282943
2142910723
2144537523
2146163343
2147789163
2149415963
2151043743
2152669563
2154295383
2155924143
2157549963
2159178723
2160804543
2162439183
2164065003
2165690823
2167316643
2168943443
2170569263
2172195083
2173820903
2175446723
2177073523
2178699343
2180326143
2181951963
2183576803
2185204583
2186830403
2188458183
2190083023
2191708843
2193334663
2194960483
2196586303
2198213103
2199838923
2201464743
2203090563
2204716383
2206343183
2207969983
2209595803
2211223583
2212849403
2214477183
2216112803
2217778803
2219415403
2221043183
2222669983
2224296783
2225923583
2227551363
2229178163
2230805943
2232433723
2234059543
2235686343
2237318043
2238943863
2240603983
2242231763
2243859543
2245486343
2247113143
2248737983
2250364783
2251991583
2253618383
2255249103
2256921963
2258593843
2260243183
2261873903
2263500703
2265127503
2266755283
2268380123
2270004963
2271631763
2273258563
2274883403
2276509223
2278134063
2279759883
2281385703
2283010543
2284641263
2286269043
2287896823
2289521663
2291146503
2292772323
2294398143
2296022983
2297648803
2299273643
2300898483
2302524303
2304151103
2305777903
2307403723
2309029543
2310654383
2312280203
2313907983
2315533803
2317159623
2318787403
2320413223
2322039043
2323664863
2325290683
2326916503
2328542323
2330167163
2331792983
2333417823
2335043643
2336670443
2338296263
2339924043
2341548883
2343173723
2344799543
2346425363
2348052163
2349677983
2351302823
2352929623
2354556423
2356182243
2357810023
2359434863
2361060683
2362685523
2364312323
2365940103
2367564943
2369190763
2370815603
2372441423
2374067243
2375693063
2377317903
2378943723
2380568563
2382193403
2383819223
2385447003
2387071843
2388697663
2390323483
2391950283
2393576103
2395200943
2396825783
2398452583
2400078403
2401704223
2403331023
2404955863
2406581683
2408207503
2409832343
2411458163
2413083983
2414709803
2416335623
2417962423
2419588243
2421214063
2422839883
2424466683
2426091523
2427717343
2429345123
2430969963
2432595783
2434220623
2435847423
2437472263
2439098083
2440722923
2442349723
2443976523
2445601363
2447226203
2448853003
2450478823
2452104643
2453730463
2455355303
2456981123
2458605963
2460232763
2461858583
2463484403
2465110223
2466736043
2468360883
2469988663
2471614483
2473240303
2474866123
2476490963
2478116783
2479741623
2481367443
2482992283
2484617123
2486243923
2487869743
2489494583
2491121383
2492746223
2494373023
2496002763
2497641323
2499266163
2500896883
2502522703
2504147543
2505774343
2507399183
2509025003
2510649843
2512276643
2513902463
2515527303
2517152143
2518777963
2520403783
2522031563
2523657383
2525283203
2526909023
2528533863
2530159683
2531785503
2533410343
2535037143
2536662963
2538287803
2539912643
2541540423
2543166243
2544792063
2546416903
2548044683
2549669523
2551294363
2552919203
2554544043
2556168883
2557793723
2559417583
2561043403
2562668243
2564293083
2565918903
2567544723
2569169563
2570794403
2572442763
2574074463
2575702243
2577330023
2578954863
2580583623
2582208463
2583833303
2585458143
2587082983
2588708803
2590334623
2591959463
2593584303
2595209143
2596833983
2598458823
2600087583
2601712423
2603337263
2604962103
2606585963
2608210803
2609836623
2611461463
2613086303
2614711143
2616335003
2617959843
2619585663
2621210503
2622835343
2624460183
2626086983
2627711823
2629336663
2630962483
2632587323
2634212163
2635837003
2637461843
2639086683
2640710543
2642336363
2643963163
2645588003
2647216763
2648842583
2650467423
2652093243
2653718083
2655341943
2656966783
2658591623
2660215483
2661839343
2663463203
2665088043
2666711903
2668336743
2669961583
2671586423
2673210283
2674834143
2676458003
2678084803
2679709643
2681333503
2682957363
2684583183
2686207043
2687831883
2689457703
2691082543
2692707383
2694331243
2695960003
2697585823
2699210663
2700834523
2702464263
2704093023
2705719823
2707345643
2708970483
2710596303
2712220163
2713844023
2715468863
2717093703
2718717563
2720341423
2721965283
2723590123
2725213983
2726837843
2728462683
2730088503
2731712363
2733336223
2734960083
2736584923
2738209763
2739833623
2741458463
2743091143
2744722843
2746349643
2747974483
2749599323
2751224163
2752849003
2754473843
2756100643
2757725483
2759350323
2760975163
2762600003
2764224843
2765849683
2767474523
2769099363
2770724203
2772351003
2773974863
2775600683
2777224543
2778850363
2780475203
2782102003
2783726843
2785351683
2786975543
2788599403
2790224243
2791850063
2793473923
2795099743
2796728503
2798353343
2799978183
2801602043
2803226883
2804852703
2806477543
2808104343
2809729183
2811354023
2812977883
2814603703
2816228543
2817852403
2819477243
2821101103
2822725943
2824350783
2825974643
2827600463
2829225303
2830850143
2832474003
2834105703
2835729563
2837353423
2838978263
2840602123
2842226963
2843850823
2845475663
2847101483
2848726323
2850351163
2851975023
2853599863
2855224703
2856850523
2858474383
2860104123
2861728963
2863353803
2864978643
2866603483
2868228323
2869853163
2871478003
2873101863
2874725723
2876351543
2877976383
2879601223
2881225083
2882849923
2884474763
2886100583
2887724443
2889349283
2890974123
2892598963
2894224783
2895848643
2897473483
2899098323
2900726103
2902350943
2903976763
2905602583
2907226443
2908851283
2910475143
2912102923
2913727763
2915351623
2916976463
2918600323
2920225163
2921849023
2923473863
2925098703
2926724523
2928348383
2929973223
2931597083
2933221923
2934845783
2936470623
2938096443
2939729123
2941353963
2942978803
2944602663
2946227503
2947851363
2949475223
2951100063
2952724903
2954348763
2955972623
2957596483
2959220343
2960845183
2962471983
2964098783
2965722643
2967348463
2968973303
2970597163
2972222003
2973846843
2975472663
2977097503
2978721363
2980346203
2981971043
2983596863
2985220723
2986845563
2988469423
2990095243
2991720083
2993343943
2994967803
2996593623
2998218463
2999843303
3001468143
3003092983
3004717823
3006341683
3007966523
3009591363
3011216203
3012841043
3014465883
3016091703
3017716543
3019340403
3020965243
3022589103
3024217863
3025842703
3027467543
3029091403
3030717223
3032343043
3033968863
3035594683
3037220503
3038846323
3040472143
3042099923
3043725743
3045351563
3046977383
3048603203
3050230003
3051855823
3053481643
3055105503
3056729363
3058353223
3059980023
3061614663
3063241463
3064874143
3066501923
3068130683
3069756503
3071384283
3073011083
3074635923
3076260763
3077885603
3079510443
3081135283
3082759143
3084383983
3086007843
3087631703
3089258503
3090884323
3092508183
3094134983
3095761783
3097386623
3099011463
3100636303
3102261143
3103885983
3105509843
3107134683
3108759523
3110384363
3112008223
3113633063
3115257903
3116882743
3118507583
3120133403
3121759223
3123384063
3125008903
3126632763
3128258583
3129882443
3131507283
3133131143
3134755003
3136378863
3138003703
3139629523
3141254363
3142879203
3144504043
3146130843
3147756663
3149380523
3151005363
3152630203
3154255043
3155879883
3157508643
3159133483
3160759303
3162387083
3164012903
3165638723
3167262583
3168887423
3170513243
3172141023
3173766843
3175391683
3177015543
3178641363
3180268163
3181892023
3183516863
3185140723
3186766543
3188391383
3190016223
3191641063
3193264923
3194889763
3196514603
3198141403
3199766243
3201391083
3203015923
3204640763
3206265603
3207890443
3209515283
3211140123
3212764963
3214388823
3216013663
3217638503
3219264323
3220888183
3222513023
3224141783
3225765643
3227390483
3229014343
3230638203
3232264023
3233888863
3235512723
3237138543
3238763383
3240388223
3242012083
3243636923
3245261763
3246887583
3248512423
3250139223
3251764063
3253387923
3255011783
3256636623
3258262443
3259887283
3261511143
3263135983
