-102878
6314962
8025502
9697282
11357842
13214242
14946202
16735282
18500902
20139022
21772042
23404042
25036042
26670082
28308202
29940202
31571182
33203182
34834162
36466162
38097142
39729142
41360122
42991102
44622082
46255102
47890162
49521142
51152122
52783102
54414082
56045062
57677062
59308042
60940042
62571022
64202002
65832982
67463962
69103102
70734082
72365062
74009302
75640282
77272282
78904282
80535262
82166242
83797222
85430242
87062242
88693222
90324202
91955182
93586162
95218162
96849142
98481142
100112122
101745142
103376122
105008122
106640122
108271102
109902082
111533062
113165062
114796042
116427022
118059022
119690002
121354642
122994802
124627822
126259822
127894882
129527902
131158882
132788842
134421862
136052842
137683822
139316842
140948842
142579822
144211822
145842802
147475822
149107822
150739822
152370802
154003822
155635822
157266802
158898802
160529782
162160762
163792762
165423742
167054722
168686722
170317702
171949702
173580682
175211662
176842642
178474642
180108682
181740682
183371662
185003662
186634642
188267662
189899662
191531662
193165702
194796682
196429702
198064762
199699822
201334882
202977082
204610102
206245162
207876142
209510182
211142182
212774182
214405162
216037162
217676302
219308302
220940302
222572302
224203282
225835282
227466262
229098262
230730262
232372462
234005482
235637482
237269482
238901482
240534502
242165482
243797482
245430502
247062502
248694502
250349962
251989102
253621102
255252082
256890202
258527302
260165422
261798442
263430442
265062442
266694442
268326442
269958442
271591462
273223462
274856482
276488482
278120482
279754522
281387542
283019542
284653582
286286602
287918602
289553662
291186682
292818682
294449662
296081662
297714682
299346682
300983782
302614762
304246762
305878762
307511782
309143782
310777822
312410842
314042842
315675862
317307862
318939862
320571862
322203862
323836882
325469902
327101902
328733902
330366922
331998922
333632962
335264962
336899002
338531002
340164022
341796022
343428022
345060022
346691002
348325042
349957042
351589042
353221042
354853042
356484022
358115002
359747002
361377982
363014062
364647082
366279082
367912102
369544102
371175082
372808102
374440102
376072102
377704102
379336102
380969122
382602142
384235162
385867162
387499162
389133202
390765202
392400262
394033282
395666302
397297282
398929282
400562302
402194302
403826302
405458302
407089282
408721282
410352262
411984262
413616262
415252342
416885362
418517362
420149362
421782382
423416422
425048422
426680422
428313442
429945442
431578462
433210462
434843482
436476502
438115642
439748662
441383722
443016742
444649762
446281762
447914782
449546782
451179802
452812822
454445842
456077842
457708822
459346942
460978942
462610942
464242942
465876982
467511022
469144042
470776042
472408042
474041062
475674082
477306082
478939102
480572122
482204122
483837142
485470162
487102162
488735182
490367182
491999182
493636282
495269302
496902322
498534322
500167342
501799342
503436442
505070482
506702482
508333462
509965462
511599502
513231502
514871662
516504682
518137702
519772762
521405782
523037782
524671822
526306882
527938882
529569862
531201862
532835902
534468922
536102962
537734962
539369002
541003042
542636062
544270102
545907202
547538182
549170182
550802182
552435202
554069242
555701242
557333242
558975442
561132742
562767802
564418162
566072602
567709702
569342722
570975742
572610802
574243822
575875822
577507822
579165322
580804462
582438502
584072542
585707602
587340622
588989962
590619922
592247842
593876782
595506742
597135682
598767682
600395602
602024542
603652462
605280382
606909322
608538262
610167202
611796142
613424062
615051982
616680922
618309862
619937782
621566722
623194642
624824602
626452522
628080442
629709382
631338322
632981542
634624762
636255742
637885702
639515662
641149702
642784762
644413702
646044682
647672602
649302562
650933542
652562482
654190402
655818322
657453382
659082322
660711262
662339182
663967102
665596042
667223962
668851882
670480822
672109762
673737682
675366622
676998622
678627562
680257522
681889522
683522542
685151482
686790622
688420582
690049522
691679482
693308422
694937362
696565282
698197282
699827242
701456182
703087162
704716102
706346062
707975002
709602922
711231862
712860802
714489742
716117662
717745582
719374522
721004482
722633422
724262362
725891302
727520242
729160402
730791382
732421342
734050282
735678202
737307142
738938122
740574202
742203142
743832082
745461022
747089962
748719922
750348862
751977802
753606742
755236702
756867682
758496622
760125562
761754502
763383442
765011362
766640302
768268222
769897162
771526102
773156062
774789082
776418022
778046962
779675902
781306882
782935822
784570882
786198802
787827742
789458722
791086642
792716602
794345542
795974482
797602402
799231342
800864362
802493302
804122242
805751182
807383182
809012122
810641062
812270002
813898942
815526862
817156822
818785762
820414702
822042622
823671562
825300502
826928422
828557362
830187322
831816262
833448262
835077202
836706142
838335082
839963002
841592962
843221902
844850842
846487942
848116882
849745822
851374762
853003702
854632642
856260562
857889502
859522522
861151462
862780402
864409342
866039302
867685582
869315542
870944482
872573422
874203382
875833342
877462282
879091222
880720162
882351142
883980082
885621262
887249182
888879142
890517262
892148242
893782282
895411222
897040162
898671142
900299062
901931062
903561022
905192002
906822982
908451922
910080862
911713882
913349962
914982982
916611922
918240862
919868782
921497722
923125642
924756622
926387602
928017562
929646502
931276462
932906422
934537402
936166342
937798342
939428302
941058262
942688222
944317162
945947122
947576062
949206022
950837002
952466962
954095902
955725862
957354802
958982722
960612682
962243662
963874642
965503582
967137622
968766562
970395502
972023422
973652362
975282322
976913302
978543262
980173222
981802162
983432122
985062082
986693062
988322002
989955022
991584982
993241462
994872442
996501382
998131342
999761302
1001390242
1003020202
1004652202
1006291342
1007920282
1009549222
1011180202
1012809142
1014439102
1016070082
1017698002
1019325922
1020954862
1022584822
1024214782
1025844742
1027474702
1029104662
1030732582
1032362542
1033994542
1035623482
1037256502
1038884422
1040513362
1042142302
1043772262
1045403242
1047040342
1048669282
1050305362
1051940422
1053570382
1055200342
1056830302
1058459242
1060087162
1061718142
1063352182
1064980102
1066619242
1068251242
1069880182
1071510142
1073146222
1074775162
1076403082
1078034062
1079664022
1081293982
1082922922
1084552882
1086181822
1087810762
1089442762
1091071702
1092699622
1094328562
1095958522
1097588482
1099216402
1100845342
1102474282
1104103222
1105736242
1107365182
1108994122
1110623062
1112250982
1113882982
1115513962
1117142902
1118771842
1120399762
1122027682
1123655602
1125284542
1126914502
1128543442
1130172382
1131800302
1133429242
1135058182
1136687122
1138316062
1139945002
1141575982
1143204922
1144846102
1146484222
1148115202
1149755362
1151387362
1153016302
1154652382
1156284382
1157921482
1159552462
1161180382
1162807282
1164435202
1166065162
1167695122
1169324062
1170951982
1172579902
1174206802
1175834722
1177461622
1179090562
1180719502
1182347422
1183975342
1185603262
1187231182
1188859102
1190488042
1192115962
1193745922
1195373842
1197001762
1198630702
1200259642
1201887562
1203515482
1205143402
1206771322
1208403322
1210032262
1211659162
1213287082
1214916022
1216545982
1218173902
1219803862
1221432802
1223059702
1224687622
1226316562
1227944482
1229578522
1231207462
1232835382
1234463302
1236091222
1237719142
1239349102
1240979062
1242606982
1244233882
1245865882
1247495842
1249124782
1250753722
1252380622
1254010582
1255646662
1257275602
1258904542
1260534502
1262162422
1263790342
1265418262
1267047202
1268675122
1270304062
1271935042
1273561942
1275189862
1276818802
1278446722
1280076682
1281706642
1283334562
1284963502
1286592442
1288220362
1289847262
1291475182
1293104122
1294733062
1296363022
1297991962
1299628042
1301259022
1302888982
1304516902
1306145842
1307775802
1309403722
1311034702
1312662622
1314290542
1315917442
1317545362
1319173282
1320803242
1322431162
1324063162
1325692102
1327319002
1328946922
1330573822
1332202762
1333829662
1335456562
1337084482
1338711382
1340348482
1341976402
1343606362
1345234282
1346865262
1348499302
1350130282
1351760242
1353389182
1355022202
1356655222
1358285182
1359915142
1361543062
1363173022
1364801962
1366429882
1368058822
1369687762
1371315682
1372945642
1374573562
1376203522
1377830422
1379458342
1381085242
1382713162
1384342102
1385970022
1387599982
1389227902
1390856842
1392485782
1394121862
1395751822
1397380762
1399009702
1400649862
1402283902
1403914882
1405542802
1407172762
1408802722
1410431662
1412065702
1413693622
1415322562
1416949462
1418577382
1420206322
1421835262
1423463182
1425091102
1426719022
1428348982
1429975882
1431605842
1433234782
1434863722
1436493682
1438121602
1439750542
1441380502
1443008422
1444637362
1446276502
1447909522
1449542542
1451175562
1452816742
1454451802
1456084822
1457718862
1459355962
1460990002
1462623022
1464256042
1465890082
1467522082
1469153062
1470785062
1472416042
1474049062
1475682082
1477314082
1478945062
1480582162
1482213142
1483845142
1485476122
1487108122
1488739102
1490370082
1492002082
1493633062
1495265062
1496896042
1498528042
1500159022
1501790002
1503420982
1505052982
1506686002
1508318002
1509948982
1511579962
1513210942
1514843962
1516474942
1518106942
1519737922
1521369922
1523000902
1524632902
1526263882
1527894862
1529526862
1531158862
1532790862
1534421842
1536056902
1537688902
1539319882
1540951882
1542582862
1544215882
1545847882
1547480902
1549111882
1550742862
1552374862
1554005842
1555637842
1557273922
1558906942
1560537922
1562168902
1563800902
1565431882
1567063882
1568696902
1570328902
1571959882
1573591882
1575222862
1576853842
1578485842
1580116822
1581748822
1583379802
1585010782
1586644822
1588275802
1589908822
1591540822
1593172822
1594805842
1596436822
1598068822
1599699802
1601330782
1602961762
1604593762
1606224742
1607855722
1609486702
1611117682
1612748662
1614379642
1616010622
1617641602
1619273602
1620906622
1622536582
1624168582
1625799562
1627431562
1629064582
1630696582
1632327562
1633958542
1635591562
1637222542
1638853522
1640484502
1642115482
1643746462
1645377442
1647010462
1648643482
1650274462
1651905442
1653536422
1655169442
1656874882
1658544622
1660181722
1661863702
1663500802
1665148102
1666782142
1668415162
1670046142
1671708742
1673339722
1674970702
1676602702
1678234702
1679867722
1681498702
1683129682
1684760662
1686393682
1688024662
1689655642
1691286622
1692918622
1694554702
1696188742
1697896222
1699581262
1701220402
1702864642
1704510922
1706143942
1707777982
1709411002
1711045042
1712677042
1714310062
1715943082
1717575082
1719207082
1720839082
1722471082
1724105122
1725737122
1727369122
1729001122
1730633122
1732280422
1733912422
1735543402
1737175402
1738807402
1740439402
1742071402
1743705442
1745336422
1746968422
1748600422
1750236502
1751868502
1753500502
1755132502
1756764502
1758396502
1760029522
1761662542
1763294542
1764926542
1766557522
1768189522
1769821522
1771453522
1773085522
1774721602
1776355642
1777987642
1779619642
1781251642
1782883642
1784514622
1786146622
1787778622
1789410622
1791041602
1792673602
1794305602
1795937602
1797569602
1799200582
1800833602
1802467642
1804099642
1805731642
1807362622
1808994622
1810626622
1812258622
1813890622
1815522622
1817153602
1818785602
1820418622
1822050622
1823682622
1825314622
1826945602
1828579642
1830210622
1831842622
1833474622
1835106622
1836738622
1838370622
1840002622
1841633602
1843265602
1844897602
1846529602
1848161602
1849793602
1851424582
1853057602
1854690622
1856322622
1857954622
1859585602
1861217602
1862849602
1864481602
1866113602
1867745602
1869389842
1871022862
1872654862
1874287882
1875919882
1877551882
1879183882
1880817922
1882449922
1884081922
1885713922
1887345922
1888977922
1890608902
1892240902
1893872902
1895504902
1897136902
1898768902
1900399882
1902032902
1903664902
1905296902
1906929922
1908561922
1910193922
1911825922
1913457922
1915089922
1916721922
1918354942
1919986942
1921619962
1923251962
1924883962
1926516982
1928147962
1929779962
1931411962
1933046002
1934678002
1936310002
1937940982
1939572982
1941204982
1942836982
1944468982
1946100982
1947731962
1949363962
1950995962
1952627962
1954259962
1955891962
1957523962
1959158002
1960790002
1962422002
1964052982
1965684982
1967316982
1968947962
1970579962
1972211962
1973842942
1975475962
1977106942
1978738942
1980370942
1982002942
1983634942
1985267962
1986899962
1988531962
1990163962
1991795962
1993427962
1995060982
1996692982
1998324982
1999956982
2001588982
2003219962
2004851962
2006483962
2008115962
2009747962
2011382002
2013014002
2014644982
2016278002
2017908982
2019540982
2021171962
2022803962
2024435962
2026067962
2027699962
2029330942
2030962942
2032594942
2034226942
2035858942
2037492982
2039151502
2040784522
2042417542
2044048522
2045680522
2047312522
2048944522
2050576522
2052207502
2053839502
2055471502
2057103502
2058737542
2060369542
2062000522
2063632522
2065263502
2066895502
2068527502
2070159502
2071791502
2073461242
2075096302
2076728302
2078360302
2079992302
2081624302
2083255282
2084890342
2086521322
2088163522
2089795522
2091427522
2093058502
2094706822
2096356162
2097994282
2099632402
2101263382
2102893342
2104524322
2106154282
2107785262
2109417262
2111049262
2112679222
2114309182
2115939142
2117584402
2119214362
2120844322
2122474282
2124105262
2125835182
2127475342
2129107342
2130739342
2132370322
2134000282
2135630242
2137262242
2138893222
2140523182
2142153142
2143784122
2145414082
2147044042
2148675022
2150304982
2151935962
2153565922
2155195882
2156825842
2158455802
2160085762
2161715722
2163347722
2164977682
2166607642
2168237602
2169916522
2171553622
2173186642
2174816602
2176446562
2178077542
2179708522
2181338482
2182969462
2184599422
2186229382
2187859342
2189491342
2191122322
2192752282
2194382242
2196012202
2197642162
2199272122
2200903102
2202533062
2204163022
2205792982
2207422942
2209053922
2210683882
2212313842
2213944822
2215576822
2217206782
2218837762
2220467722
2222098702
2223728662
2225357602
2226987562
2228619562
2230249522
2231880502
2233510462
2235141442
2236771402
2238403402
2240035402
2241669442
2243326942
2244958942
2246589922
2248248442
2249879422
2251510402
2253140362
2254770322
2256400282
2258030242
2259660202
2261291182
2262921142
2264551102
2266183102
2267813062
2269443022
2271074002
2272703962
2274334942
2275964902
2277594862
2279228902
2280859882
2282490862
2284120822
2285750782
2287380742
2289014782
2290645762
2292277762
2293907722
2295537682
2297167642
2298798622
2300428582
2302058542
2303688502
2305318462
2306949442
2308579402
2310209362
2311842382
2313472342
2315102302
2316732262
2318364262
2319995242
2321625202
2323255162
2324886142
2326516102
2328146062
2329776022
2331407002
2333036962
2334667942
2336297902
2337927862
2339557822
2341187782
2342818762
2344452802
2346091942
2347722922
2349352882
2350983862
2352614842
2354253982
2355883942
2357513902
2359143862
2360773822
2362404802
2364035782
2365665742
2367295702
2368925662
2370558682
2372188642
2373818602
2375448562
2377078522
2378708482
2380338442
2381968402
2383599382
2385229342
2386869502
2388499462
2390129422
2391759382
2393389342
2395021342
2396654362
2398284322
2399914282
2401544242
2403179302
2404809262
2406439222
2408069182
2409699142
2411339302
2412969262
2414599222
2416229182
2417860162
2419500322
2421130282
2422761262
2424391222
2426021182
2427653182
2429283142
2430913102
2432543062
2434174042
2435805022
2437434982
2439065962
2440695922
2442325882
2443961962
2445591922
2447221882
2448854902
2450484862
2452116862
2453746822
2455376782
2457006742
2458636702
2460266662
2461896622
2463526582
2465156542
2466786502
2468416462
2470046422
2471676382
2473307362
2474939362
2476572382
2478203362
2479833322
2481463282
2483097322
2484727282
2486358262
2487988222
2489618182
2491248142
2492878102
2494508062
2496139042
2497769002
2499398962
2501045242
2502676222
2504306182
2505936142
2507566102
2509196062
2510826022
2512455982
2514085942
2515715902
2517345862
2518975822
2520605782
2522235742
2523865702
2525495662
2527127662
2528757622
2530387582
2532017542
2533647502
2535295822
2536926802
2538556762
2540185702
2541815662
2543445622
2545089862
2546720842
2548351822
2549980762
2551612762
2553241702
2554870642
2556504682
2558133622
2559763582
2561393542
2563022482
2564651422
2566281382
2567910322
2569540282
2571170242
2572799182
2574428122
2576058082
2577690082
2579320042
2580948982
2582577922
2584207882
2585836822
2587474942
2589104902
2590733842
2592362782
2593991722
2595620662
2597250622
2598879562
2600509522
2602138462
2603769442
2605399402
2607028342
2608658302
2610287242
2611916182
2613546142
2615175082
2616804022
2618441122
2620071082
2621700022
2623328962
2624957902
2626586842
2628216802
2629847782
2631476722
2633105662
2634734602
2636364562
2637994522
2639623462
2641252402
2642891542
2644520482
2646149422
2647778362
2649407302
2651041342
2652670282
2654299222
2655930202
2657559142
2659198282
2660827222
2662456162
2664085102
2665714042
2667353182
2668982122
2670611062
2672240002
2673868942
2675499922
2677128862
2678757802
2680386742
2682039142
2683674202
2685304162
2686934122
2688567142
2690197102
2691829102
2693458042
2695086982
2696715922
2698350982
2699982982
2701612942
2703241882
2704870822
2706499762
2708131762
2709760702
2711389642
2713018582
2714647522
2716276462
2717904382
2719534342
2721163282
2722791202
2724420142
2726050102
2727679042
2729307982
2730936922
2732565862
2734196842
2735825782
2737454722
2739084682
2740713622
2742342562
2743971502
2745600442
2747232442
2748866482
2750495422
2752125382
2753754322
2755383262
2757012202
2758641142
2760273142
2761903102
2763532042
2765160982
2766789922
2768418862
2770047802
2771676742
2773305682
2774934622
2776563562
2778192502
2779821442
2781450382
2783079322
2784708262
2786339242
2787968182
2789597122
2791226062
2792855002
2794483942
2796112882
2797741822
2799370762
2801000722
2802632722
2804261662
2805890602
2807519542
2809148482
2810777422
2812408402
2814037342
2815665262
2817296242
2818925182
2820554122
2822183062
2823812002
2825442982
2827073962
2828721262
2830367542
2832014842
2833659082
2835307402
2836949602
2838589762
2840221762
2841851722
2843478622
2845104502
2846730382
2848358302
2849984182
2851610062
2853235942
2854861822
2856487702
2858113582
2859738442
2861364322
2862993262
2864626282
2866253182
2867879062
2869503922
2871129802
2872756702
2874382582
2876007442
2877633322
2879258182
2880884062
2882511982
2884137862
2885763742
2887388602
2889017542
2890645462
2892278482
2893905382
2895531262
2897156122
2898783022
2900407882
2902033762
2903660662
2905285522
2906911402
2908536262
2910162142
2911787002
2913413902
2915039782
2916668722
2918293582
2919919462
2921545342
2923170202
2924796082
2926424002
2928048862
2929674742
2931299602
2932929562
2934556462
2936181322
2937806182
2939431042
2941059982
2942689942
2944316842
2945942722
2947567582
2949194482
2950819342
2952451342
2954081302
2955710242
2957337142
2958963022
2960588902
2962214782
2963840662
2965466542
2967093442
2968721362
2970347242
2971973122
2973597982
2975223862
2976850762
2978475622
2980101502
2981726362
2983353262
2984979142
2986606042
2988231922
2989856782
2991486742
2993111602
2994739522
2996366422
2997992302
2999617162
3001243042
3002868922
3004493782
3006120682
3007745542
3009371422
3010997302
3012622162
3014248042
3015874942
3017501842
3019126702
3020754622
3022380502
3024006382
3025633282
3027259162
3028884022
3030519082
3032143942
3033769822
3035398762
3037026682
3038653582
3040281502
3041907382
3043533262
3045162202
3046792162
3048418042
3050044942
3051670822
3053296702
3054922582
3056548462
3058174342
3059800222
3061426102
3063051982
3064699282
3066326182
3067952062
3069577942
3071203822
3072831742
3074457622
3076084522
3077710402
3079335262
3080961142
3082586002
3084211882
3085837762
3087463642
3089088502
3090714382
3092343322
3093969202
3095595082
3097227082
3098857042
3100482922
3102108802
3103734682
3105359542
3106986442
3108612322
3110240242
3111866122
3113490982
3115118902
3116744782
3118370662
3119996542
3121622422
3123247282
3124875202
3126502102
3128126962
3129752842
3131378722
3133003582
3134629462
3136255342
3137881222
3139507102
3141134002
3142759882
3144386782
3146012662
3147641602
3149268502
3150897442
3152523322
3154149202
3155775082
3157403002
3159028882
3160655782
3162280642
3163906522
3165531382
3167162362
3168787222
3170414122
3172038982
3173664862
3175298902
3176927842
3178553722
3180179602
3181805482
3183431362
3185056222
3186682102
3188309002
3189933862
3191559742
3193196842
3194831902
3196460842
3198088762
3199715662
3201341542
3202971502
3204597382
3206222242
3207847102
3209474002
3211099882
3212724742
3214351642
3215976502
3217602382
3219237442
3220863322
3222489202
3224115082
3225739942
3227375002
3229002922
3230627782
3232253662
3233879542
3235504402
3237130282
3238757182
3240383062
3242007922
3243635842
3245261722
3246886582
3248512462
3250140382
3251766262
3253392142
3255021082
3256649002
3258274882
3259900762
3261529702
3263155582
3264781462
3266406322
