-322881
11657219
13398519
15145319
16954819
18687319
20455019
22117119
23780319
25518319
27178219
28821619
30457319
32091919
33727619
35362219
36996819
38631419
40266019
41902819
43537419
45173119
46807719
48442319
50076919
51711519
53348319
54984019
56619719
58254319
59888919
61523519
63157019
64797119
66438319
68074019
69708619
71344319
72977819
74620119
76254719
77895919
79533819
81168419
82801919
84436519
86070019
87713419
89351319
90984819
92618319
94252919
95889719
97525419
99160019
100793519
102428119
104061619
105695119
107331919
108967619
110603319
112239019
113873619
115507119
117141719
118779619
120413119
122047719
123683419
125325719
126961419
128596019
130230619
131866319
133504219
135142119
136777819
138412419
140047019
141681619
143317319
144953019
146587619
148222219
149856819
151494719
153129319
154765019
156400719
158035319
159673219
161307819
162943519
164578119
166213819
167847319
169481919
171115419
172750019
174386819
176022519
177657119
179291719
180926319
182560919
184194419
185849919
187484519
189119119
190752619
192389419
194024019
195658619
197294319
198932219
200566819
202202519
203838219
205472819
207110719
208746419
210382119
212018919
213655719
215290319
216924919
218562819
220198519
221834219
223468819
225103419
226739119
228373719
230008319
231644019
233279719
234915419
236550019
238187919
239825819
241461519
243098319
244732919
246368619
248003219
249637819
251272419
252908119
254543819
256178419
257813019
259450919
261088819
262726719
264365719
266001419
267636019
269270619
270905219
272542019
274176619
275813419
277449119
279090319
280731519
282369419
284007319
285641919
287278719
288913319
290553419
292188019
293830319
295464919
297099519
298740719
300376419
302009919
303646719
305281319
306917019
308552719
310187319
311823019
313457619
315093319
316734519
318370219
320007019
321641619
323276219
324911919
326548719
328187719
329828919
331464619
333100319
334736019
336371719
338006319
339642019
341276619
342914519
344550219
346184819
347820519
349455119
351090819
352726519
354362219
355997919
357632519
359268219
360902819
362538519
364173119
365807719
367443419
369081319
370715919
372351619
373988419
375624119
377259819
378894419
380530119
382164719
383800419
385436119
387070719
388704219
390342119
391975619
393611319
395249219
396884919
398519519
400154119
401788719
403423319
405060119
406699119
408333719
409968319
411601819
413236419
414869919
416505619
418142419
419777019
421414919
423049519
424685219
426333019
427997319
429635219
431290719
432927519
434572019
436207719
437845619
439481319
441117019
442751619
444387319
446023019
447664219
449299919
450937819
452574619
454209219
455844919
457478419
459114119
460752019
462387719
464025619
465661319
467297019
468931619
470566219
472201919
473839819
475475519
477111219
478746919
480380419
482018319
483654019
485289719
486925419
488561119
490195719
491830319
493466019
495101719
496737419
498370919
500007719
501642319
503285719
504922519
506558219
508192819
509827419
511460919
513096619
514731219
516365819
518000419
519644919
521280619
522921819
524557519
526196519
527838819
529473419
531109119
532744819
534380519
536016219
537654119
539289819
540925519
542561219
544195819
545831519
547466119
549105119
550739719
552378719
554013319
555646819
557281419
558917119
560552819
562188519
563823119
565457719
567092319
568725819
570360419
571998319
573631819
575267519
576902119
578547719
580183419
581819119
583454819
585090519
586726219
588360819
589996519
591637719
593273419
594909119
596543719
598180519
599815119
601450819
603085419
604750819
606390919
608027719
609664519
611300219
612937019
614570519
616202919
617835319
619467719
621097919
622729219
624359419
625990719
627622019
629252219
630885719
632517019
634147219
635778519
637410919
639043319
640674619
642305919
643938319
645569619
647208619
648847619
650480019
652111319
653743719
655376119
657009619
658644219
660276619
661917819
663550219
665180419
666813919
668447419
670078719
671711119
673342419
674973719
676606119
678237419
679868719
681500019
683134619
684767019
686398319
688028519
689660919
691295519
692929019
694560319
696191619
697824019
699455319
701086619
702723419
704355819
705988219
707619519
709254119
710887619
712518919
714150219
715782619
717413919
719045219
720675419
722306719
723939119
725571519
727202819
728834119
730472019
732104419
733735719
735371419
737002719
738634019
740274119
741906519
743537819
745170219
746802619
748435019
750066319
751699819
753334419
754974519
756613519
758245919
759886019
761520619
763151919
764784319
766415619
768050219
769682619
771313919
772945219
774576519
776212219
777843519
779475919
781108319
782739619
784372019
786003319
787636819
789270319
790909319
792541719
794174119
795805419
797437819
799070219
800700419
802332819
803965219
805597619
807231119
808863519
810494819
812129419
813764019
815397519
817028819
818661219
820292519
821923819
823556219
825188619
826821019
828452319
830083619
831719319
833351719
834985219
836618719
838250019
839885719
841518119
843148319
844789519
846420819
848053219
849685619
851316919
852949319
854579519
856210819
857846519
859477819
861110219
862742619
864373919
866008519
867643119
869274419
870905719
872538119
874169419
875800719
877433119
879066619
880699019
882331419
883962719
885595119
887226419
888857719
890489019
892124719
893757119
895388419
897020819
898652119
900283419
901916919
903548219
905179519
906810819
908446519
910076719
911710219
913341519
914975019
916605219
918255219
919896419
921539819
923177719
924810119
926440319
928073819
929706219
931338619
932971019
934602319
936234719
937866019
939498419
941129719
942763219
944397819
946033519
947695619
949334619
951002219
952635719
954272519
955914819
957550519
959184019
960840619
962480719
964115319
965747719
967379019
969013619
970650419
972281719
973911919
975548719
977200919
978855319
980489919
982124519
983765719
985397019
987030519
988666219
990300819
991932119
993564519
995195819
996831519
998463919
1000095219
1001729819
1003362219
1005007819
1006664419
1008302319
1009936919
1011570419
1013206119
1014838519
1016470919
1018102219
1019733519
1021363719
1023001619
1024637319
1026273019
1027907619
1029541119
1031172419
1032814719
1034447119
1036079519
1037711919
1039345419
1040977819
1042641019
1044285519
1045919019
1047551419
1049190419
1050821719
1052455219
1054086519
1055717819
1057349119
1058981519
1060616119
1062246319
1063877619
1065508919
1067140219
1068771519
1070402819
1072035219
1073666519
1075302219
1076932419
1078564819
1080197219
1081828519
1083460919
1085092219
1086723519
1088358119
1089991619
1091622919
1093254219
1094884419
1096515719
1098149219
1099782719
1101419519
1103050819
1104681019
1106311219
1107942519
1109573819
1111205119
1112837519
1114468819
1116101219
1117732519
1119363819
1120994019
1122626419
1124258819
1125890119
1127523619
1129154919
1130786219
1132418619
1134051019
1135682319
1137316919
1138963619
1140597119
1142231719
1143864119
1145495419
1147127819
1148759119
1150391519
1152022819
1153657419
1155288719
1156920019
1158550219
1160181519
1161813919
1163445219
1165076519
1166707819
1168339119
1169970419
1171601719
1173234119
1174865419
1176496719
1178128019
1179761519
1181399419
1183032919
1184664219
1186301019
1187942219
1189587819
1191242219
1192875719
1194507019
1196138319
1197772919
1199422919
1201056419
1202687719
1204319019
1205954719
1207586019
1209219519
1210862919
1212496419
1214131019
1215764519
1217396919
1219028219
1220660619
1222299619
1223929819
1225562219
1227192419
1228822619
1230452819
1232086319
1233718719
1235348919
1236980219
1238610419
1240241719
1241876319
1243507619
1245137819
1246769119
1248400419
1250030619
1251660819
1253294319
1254928919
1256559119
1258192619
1259823919
1261454119
1263084319
1264715619
1266346919
1267977119
1269608419
1271238619
1272869919
1274500119
1276131419
1277762719
1279391819
1281023119
1282653319
1284286819
1285917019
1287548319
1289179619
1290809819
1292449919
1294080119
1295711419
1297341619
1298972919
1300605319
1302237719
1303866819
1305497019
1307131619
1308761819
1310394219
1312024419
1313654619
1315287019
1316917219
1318550719
1320182019
1321813319
1323443519
1325074819
1326706119
1328336319
1329966519
1331597819
1333228019
1334859319
1336491719
1338121919
1339754319
1341384519
1343015819
1344647119
1346276219
1347907519
1349541019
1351171219
1352801419
1354432719
1356064019
1357694219
1359324419
1360955719
1362592519
1364222719
1365852919
1367485319
1369115519
1370746819
1372377019
1374007219
1375637419
1377267619
1378898919
1380530219
1382160419
1383791719
1385421919
1387053219
1388686719
1390316919
1391950419
1393580619
1395210819
1396846519
1398477819
1400109119
1401747019
1403378319
1405008519
1406638719
1408268919
1409899119
1411537019
1413167219
1414800719
1416430919
1418062219
1419693519
1421324819
1422955019
1424585219
1426215419
1427845619
1429478019
1431110419
1432739519
1434380719
1436010919
1437642219
1439271319
1440905919
1442537219
1444167419
1445797619
1447437719
1449067919
1450699219
1452330519
1453965119
1455647019
1457279419
1458909619
1460540919
1462172219
1463804619
1465435919
1467084819
1468717219
1470348519
1471979819
1473614419
1475245719
1476877019
1478508319
1480138519
1481768719
1483398919
1485030219
1486661519
1488291719
1489925219
1491556519
1493190019
1494858719
1496491119
1498122419
1499753719
1501383919
1503015219
1504647619
1506278919
1507910219
1509540419
1511171719
1512801919
1514433219
1516063419
1517694719
1519328219
1520959519
1522589719
1524219919
1525860019
1527493519
1529125919
1530769319
1532410519
1534048419
1535689619
1537322019
1538958819
1540594519
1542235719
1543871419
1545508219
1547140619
1548777419
1550407619
1552042219
1553673519
1555303719
1556935019
1558566319
1560196519
1561834419
1563465719
1565095919
1566727219
1568358519
1569993119
1571627719
1573257919
1574889219
1576519419
1578150719
1579780919
1581414419
1583047919
1584679219
1586309419
1587939619
1589569819
1591198919
1592829119
1594459319
1596089519
1597719719
1599357619
1600990019
1602621319
1604251519
1605883919
1607517419
1609149819
1610780019
1612410219
1614041519
1615690419
1617323919
1618955219
1620585419
1622224419
1623855719
1625487019
1627117219
1628749619
1630379819
1632011119
1633644619
1635275919
1636906119
1638539619
1640169819
1641801119
1643432419
1645063719
1646695019
1648334019
1649966419
1651597719
1653227919
1654859219
1656489419
1658120719
1659755319
1661386619
1663016819
1664647019
1666278319
1667908519
1669539819
1671170019
1672802419
1674432619
1676062819
1677694119
1679324319
1680955619
1682585819
1684217119
1685848419
1687478619
1689111019
1690742319
1692372519
1694004919
1695635119
1697266419
1698896619
1700527919
1702158119
1703789419
1705421819
1707052019
1708682219
1710313519
1711947019
1713577219
1715207419
1716838719
1718470019
1720100219
1721731519
1723361719
1724991919
1726623219
1728254519
1729885819
1731517119
1733148419
1734779719
1736409919
1738044519
1739674719
1741304919
1742936219
1744566419
1746197719
1747831219
1749462519
1751092719
1752735019
1754367419
1755998719
1757631119
1759263519
1760893719
1762526119
1764159619
1765790919
1767421119
1769052419
1770683719
1772315019
1773944119
1775574319
1777205619
1778835819
1780466019
1782097319
1783727519
1785357719
1786991219
1788621419
1790252719
1791882919
1793513119
1795144419
1796774619
1798412519
1800041619
1801671819
1803305319
1804938819
1806570119
1808200319
1809830519
1811461819
1813092019
1814722219
1816357919
1817988119
1819619419
1821249619
1822879819
1824511119
1826142419
1827772619
1829402819
1831033019
1832672019
1834303319
1835933519
1837564819
1839196119
1840825219
1842466419
1844097719
1845729019
1847359219
1848991619
1850624019
1852271819
1853908619
1855544319
1857176719
1858810219
1860443719
1862077219
1863707419
1865337619
1866968919
1868604619
1870235919
1871867219
1873497419
1875127619
1876758919
1878389119
1880020419
1881651719
1883283019
1884913219
1886542319
1888172519
1889802719
1891440619
1893073019
1894706519
1896336719
1897966919
1899596019
1901227319
1902858619
1904489919
1906120119
1907749219
1909381619
1911011819
1912642019
1914276619
1915906819
1917535919
1919166119
1920799619
1922430919
1924064419
1925695719
1927338019
1928970419
1930600619
1932230819
1933862119
1935492319
1937124719
1938756019
1940386219
1942017519
1943647719
1945279019
1946912519
1948543819
1950172919
1951805319
1953437719
1955067919
1956697019
1958328319
1959957419
1961587619
1963224419
1964854619
1966487019
1968120519
1969751819
1971383119
1973016619
1974647919
1976279219
1977909419
1979544019
1981175319
1982805519
1984436819
1986068119
1987699419
1989329619
1990960919
1992591119
1994222419
1995853719
1997482819
1999116319
2000748719
2002380019
2004010219
2005641519
2007271719
2008903019
2010533219
2012163419
2013794719
2015426019
2017056219
2018686419
2020315519
2021946819
2023580319
2025213819
2026845119
2028475319
2030106619
2031736819
2033367019
2034998319
2036629619
2038259819
2039890019
2041520219
2043151519
2044781719
2046413019
2048045419
2049675619
2051315719
2052948119
2054579419
2056209619
2057840919
2059471119
2061100219
2062745819
2064376019
2066006219
2067636419
2069266619
2070896819
2072527019
2074156119
2075788519
2077425319
2079059919
2080708819
2082352219
2083985719
2085617019
2087248319
2088880719
2090514219
2092145519
2093776819
2095409219
2097039419
2098670719
2100300919
2101935519
2103569019
2105199219
2106830519
2108460719
2110090919
2111721119
2113352419
2114983719
2116613919
2118245219
2119875419
2121506719
2123136919
2124768219
2126398419
2128029719
2129663219
2131294519
2132923619
2134558219
2136219219
2137853819
2139486219
2141115319
2142745519
2144374619
2146008119
2147638319
2149271819
2150905319
2152538819
2154170119
2155801419
2157432719
2159064019
2160697519
2162326619
2163957919
2165588119
2167219419
2168850719
2170480919
2172112219
2173742419
2175415519
2177098519
2178763919
2180428219
2182091419
2183730419
2185360619
2186989719
2188621019
2190251219
2191879219
2193508319
2195136319
2196764319
2198394519
2200025819
2201657119
2203285119
2204914219
2206553219
2208180119
2209818019
2211446019
2213074019
2214703119
2216334419
2217992119
2219636619
2221267919
2222898119
2224525019
2226154119
2227786519
2229415619
2231044719
2232672719
2234301819
2235930919
2237587519
2239222119
2240852319
2242481419
2244113819
2245742919
2247369819
2248998919
2250628019
2252256019
2253887319
2255516419
2257164219
2258797719
2260427919
2262055919
2263683919
2265311919
2266943219
2268573419
2270200319
2271829419
2273457419
2275085419
2276713419
2278344719
2279977119
2281605119
2283243019
2284873219
2286511119
2288154519
2289784719
2291413819
2293041819
2294669819
2296298919
2297929119
2299559319
2301191719
2302820819
2304449919
2306081219
2307709219
2309354819
2310988319
2312622919
2314253119
2315881119
2317510219
2319138219
2320766219
2322396419
2324024419
2325653519
2327281519
2328910619
2330538619
2332171019
2333799019
2335427019
2337056119
2338685219
2340313219
2341943419
2343572519
2345200519
2346828519
2348457619
2350086719
2351714719
2353343819
2354975119
2356604219
2358236619
2359864619
2361492619
2363120619
2364748619
2366376619
2368004619
2369632619
2371259519
2372887519
2374515519
2376144619
2377772619
2379399519
2381027519
2382654419
2384284619
2385912619
2387540619
2389168619
2390796619
2392424619
2394052619
2395679519
2397307519
2398944319
2400573419
2402201419
2403830519
2405459619
2407087619
2408718919
2410350219
2411979319
2413607319
2415235319
2416864419
2418492419
2420123719
2421752819
2423379719
2425008819
2426636819
2428265919
2429893919
2431523019
2433152119
2434780119
2436411419
2438039419
2439668519
2441296519
2442927819
2444556919
2446186019
2447814019
2449443119
2451071119
2452699119
2454328219
2455957319
2457585319
2459212219
2460840219
2462470419
2464101719
2465730819
2467358819
2468985719
2470613719
2472242819
2473870819
2475499919
2477127919
2478754819
2480382819
2482010819
2483643219
2485271219
2486900319
2488531619
2490160719
2491793119
2493421119
2495050219
2496678219
2498307319
2499936419
2501564419
2503201219
2504831419
2506459419
2508089619
2509717619
2511345619
2512973619
2514604919
2516234019
2517862019
2519493319
2521122419
2522750419
2524378419
2526007519
2527638819
2529270119
2530899219
2532527219
2534156319
2535784319
2537413419
2539041419
2540673819
2542302919
2543930919
2545560019
2547189119
2548817119
2550446219
2552075319
2553704419
2555331319
2556960419
2558588419
2560216419
2561844419
2563473519
2565102619
2566732819
2568361919
2569989919
2571617919
2573247019
2574878319
2576506319
2578134319
2579763419
2581391419
2583020519
2584648519
2586278719
2587907819
2589535819
2591164919
2592795119
2594424219
2596065419
2597694519
2599322519
2600950519
2602579619
2604208719
2605837819
2607466919
2609096019
2610724019
2612352019
2613981119
2615609119
2617238219
2618869519
2620497519
2622125519
2623754619
2625383719
2627012819
2628640819
2630273219
2631902319
2633547919
2635186919
2636817119
2638448419
2640085219
2641717619
2643346719
2644980219
2646609319
2648238419
2649869719
2651501019
2653129019
2654757019
2656383919
2658011919
2659642119
2661270119
2662899219
2664526119
2666154119
2667782119
2669409019
2671039219
2672667219
2674295219
2675923219
2677551219
2679179219
2680807219
2682434119
2684065419
2685694519
2687321419
2688949419
2690576319
2692204319
2693832319
2695460319
2697090519
2698718519
2700348719
2701976719
2703604719
2705238219
2706868419
2708495319
2710123319
2711750219
2713378219
2715006219
2716633119
2718262219
2719890219
2721518219
2723148419
2724784119
2726412119
2728041219
2729668119
2731297219
2732925219
2734553219
2736180119
2737808119
2739439419
2741067419
2742695419
2744325619
2745953619
2747581619
2749215119
2750844219
2752474419
2754102419
2755730419
2757358419
2758985319
2760612219
2762240219
2763868219
2765495119
2767122019
2768748919
2770376919
2772004919
2773631819
2775260919
2776890019
2778518019
2780146019
2781774019
2783404219
2785035519
2786662419
2788289319
2789917319
2791545319
2793172219
2794804619
2796431519
2798059519
2799686419
2801316619
2802944619
2804571519
2806200619
2807828619
2809456619
2811083519
2812711519
2814342819
2815970819
2817597719
2819225719
2820852619
2822479519
2824107519
2825736619
2827367919
2828994819
2830622819
2832249719
2833877719
2835504619
2837132619
2838759519
2840387519
2842016619
2843647919
2845275919
2846905019
2848533019
2850163219
2851795619
2853431319
2855058219
2856686219
2858313119
2859943319
2861570219
2863199319
2864826219
2866454219
2868081119
2869708019
2871334919
2872962919
2874589819
2876216719
2877843619
2879474919
2881102919
2882730919
2884358919
2885985819
2887612719
2889240719
2890867619
2892494519
2894123619
2895750519
2897378519
2899005419
2900632319
2902260319
2903887219
2905521819
2907149819
2908777819
2910405819
2912033819
2913661819
2915289819
2916917819
2918545819
2920172719
2921800719
2923427619
2925055619
2926683619
2928310519
2929939619
2931569819
2933205519
2934833519
2936460419
2938088419
2939715319
2941342219
2942969119
2944602619
2946232819
2947859719
2949488819
2951116819
2952744819
2954371719
2955998619
2957629919
2959261219
2960889219
2962517219
2964144119
2965773219
2967400119
2969027019
2970658319
2972286319
2973913219
2975542319
2977169219
2978797219
2980424119
2982052119
2983681219
2985310319
2986937219
2988565219
2990193219
2991834419
2993462419
2995089319
2996717319
2998344219
2999971119
3001598019
3003226019
3004852919
3006479819
3008106719
3009735819
3011362719
3012989619
3014619819
3016246719
3017873619
3019500519
3021127419
3022754319
3024381219
3026018019
3027646019
3029279519
3031327719
3032956819
3034589219
3036229319
3037859519
3039489719
3041116619
3042745719
3044372619
3045999519
3047627519
3049254419
3050883519
3052511519
3054139519
3055766419
3057394419
3059022419
3060650419
3062280619
3063907519
3065537719
3067165719
3068792619
3070423919
3072051919
3073679919
3075307919
3076934819
3078562819
3080194119
3081822119
3083450119
3085077019
3086705019
3088335219
3089963219
3091591219
3093219219
3094847219
3096474119
3098102119
3099730119
3101357019
3102986119
3104614119
3106242119
3107870119
3109498119
3111130519
3112759619
3114394219
3116022219
3117650219
3119278219
3120905119
3122533119
3124162219
3125792419
3127419319
3129048419
3130676419
3132303319
3133931319
3135559319
3137187319
3138815319
3140445519
3142073519
3143700419
3145327319
3146957519
3148586619
3150212419
3151840419
3153468419
3155096419
3156724419
3158351319
3159979319
3161606219
3163233119
3164866619
3166497919
3168125919
3169762719
3171389619
3173016519
3174643419
3176272519
3177903819
3179535119
3181163119
3182790019
3184438919
3186076819
3187707019
3189338319
3190968519
3192600919
3194231119
3195859119
3197486019
3199114019
3200740919
3202368919
3203996919
3205624919
3207251819
3208879819
3210506719
3212135819
3213762719
3215389619
3217017619
3218646719
3220274719
3221902719
3223534019
3225166419
3226796619
3228426819
3230054819
3231681719
3233308619
3234943219
3236571219
3238198119
3239826119
3241453019
3243081019
3244711219
3246340319
3247967219
3249597419
3251230919
3252860019
3254488019
3256116019
3257753919
3259380819
3261009919
3262637919
3264265919
3265892819
3267519719
3269147719
3270779019
3272405919
3274033919
