-425800
9152480
10944560
12590720
14231180
15938900
17754920
19483160
21220520
22894040
24596060
26231960
27866720
29523140
31160180
32797220
34431980
36069020
37704920
39339680
40975580
42611480
44245100
45879860
47515760
49150520
50787560
52422320
54057080
55694120
57328880
58963640
60598400
62233160
63867920
65502680
67137440
68771060
70406960
72041720
73675340
75310100
76956260
78592160
80226920
81862820
83497580
85132340
86767100
88401860
90035480
91670240
93308420
94943180
96580220
98214980
99850880
101484500
103119260
104757440
106392200
108026960
109661720
111296480
112931240
114564860
116203040
117837800
119472560
121107320
122740940
124376840
126011600
127648640
129284540
130925000
132560900
134195660
135831560
137466320
139102220
140738120
142374020
144008780
145643540
147278300
148913060
150548960
152186000
153821900
155456660
157094840
158729600
160364360
161999120
163635020
165269780
166905680
168543860
170179760
171815660
173451560
175087460
176723360
178359260
179994020
181629920
183266960
184904000
186539900
188174660
189810560
191445320
193081220
194715980
196351880
197987780
199623680
201258440
202894340
204529100
206169560
207806600
209444780
211080680
212716580
214351340
215986100
217622000
219259040
220897220
222533120
224167880
225803780
227440820
229077860
230713760
232348520
233983280
235621460
237259640
238894400
240531440
242166200
243804380
245441420
247077320
248713220
250347980
251983880
253619780
255256820
256891580
258527480
260162240
261800420
263436320
265073360
266710400
268346300
269981060
271616960
273251720
274887620
276522380
278160560
279796460
281430080
283067120
284703020
286338920
287977100
289613000
291250040
292885940
294525260
296161160
297797060
299431820
301066580
302703620
304339520
305975420
307623860
309260900
310896800
312533840
314170880
315806780
317441540
319076300
320712200
322352660
323988560
325623320
327259220
328893980
330528740
332164640
333799400
335437580
337072340
338709380
340347560
341983460
343619360
345256400
346892300
348528200
350164100
351800000
353435900
355071800
356707700
358343600
359978360
361613120
363249020
364884920
366524240
368160140
369798320
371434220
373071260
374706020
376351040
377986940
379621700
381257600
382893500
384528260
386163020
387797780
389433680
391068440
392707760
394344800
395980700
397615460
399251360
400888400
402524300
404159060
405794960
407430860
409064480
410701520
412337420
413973320
415609220
417245120
418884440
420520340
422156240
423794420
425429180
427065080
428702120
430338020
431972780
433608680
435244580
436881620
438517520
440159120
441799580
443478800
445128380
446768840
448405880
450044060
451681100
453318140
454954040
456589940
458228120
459864020
461501060
463139240
464776280
466412180
468066320
469704500
471344960
472980860
474616760
476253800
477898820
479537000
481200260
482840720
484484600
486128480
487778060
489413960
491053280
492691460
494327360
495964400
497603720
499240760
500876660
502512560
504150740
505785500
507422540
509058440
510695480
512331380
513974120
515610020
517247060
518884100
520520000
522154760
523794080
525431120
527078420
528717740
530353640
531990680
533627720
535263620
536901800
538537700
540173600
541809500
543446540
545084720
546721760
548358800
549998120
551634020
553269920
554905820
556541720
558178760
559815800
561452840
563089880
564726920
566362820
567999860
569634620
571272800
572909840
574546880
576186200
577824380
579461420
581097320
582734360
584372540
586019840
587672840
589312160
590948060
592582820
594221000
595856900
597493940
599135540
600802220
602444960
604083140
605722460
607359500
608996540
610633580
612270620
613906520
615544700
617180600
618815360
620452400
622090580
623728760
625381760
627015380
628652420
630284900
631917380
633549860
635183480
636815960
638448440
640082060
641715680
643348160
644987480
646619960
648252440
649884920
651517400
653151020
654785780
656418260
658050740
659684360
661316840
662950460
664582940
666215420
667847900
669480380
671114000
672746480
674380100
676012580
677645060
679279820
680914580
682547060
684180680
685814300
687446780
689079260
690712880
692345360
693977840
695611460
697243940
698876420
700508900
702142520
703775000
705407480
707043380
708677000
710309480
711941960
713574440
715206920
716846240
718478720
720112340
721748240
723380720
725014340
726646820
728281580
729914060
731546540
733184720
734817200
736449680
738083300
739715780
741348260
742980740
744614360
746246840
747879320
749511800
751145420
752777900
754411520
756044000
757677620
759311240
760943720
762577340
764209820
765843440
767485040
769118660
770751140
772383620
774017240
775648580
777282200
778915820
780548300
782180780
783823520
785459420
787093040
788727800
790360280
791992760
793626380
795258860
796891340
798524960
800158580
801791060
803424680
805057160
806689640
808323260
809955740
811591640
813225260
814857740
816490220
818122700
819756320
821388800
823022420
824654900
826297640
827931260
829563740
831201920
832835540
834469160
836102780
837739820
839372300
841005920
842638400
844270880
845904500
847538120
849170600
850803080
852436700
854069180
855701660
857335280
858967760
860601380
862233860
863868620
865502240
867134720
868767200
870399680
872033300
873665780
875298260
876931880
878564360
880197980
881831600
883464080
885095420
886729040
888361520
889997420
891631040
893263520
894897140
896529620
898164380
899795720
901428200
903061820
904695440
906327920
907960400
909594020
911226500
912860120
914493740
916127360
917760980
919393460
921027080
922659560
924292040
925925660
927558140
929191760
930823100
932455580
934088060
935721680
937355300
938987780
940621400
942256160
943889780
945522260
947153600
948787220
950420840
952053320
953686940
955319420
956951900
958600340
960233960
961866440
963500060
965132540
966766160
968400920
970034540
971667020
973300640
974933120
976565600
978196940
979830560
981464180
983096660
984729140
986362760
987995240
989627720
991261340
992894960
994529720
996162200
997794680
999428300
1001060780
1002694400
1004326880
1005960500
1007595260
1009227740
1010860220
1012492700
1014126320
1015758800
1017392420
1019024900
1020659660
1022293280
1023925760
1025558240
1027190720
1028824340
1030456820
1032090440
1033722920
1035356540
1036989020
1038622640
1040253980
1041886460
1043520080
1045152560
1046787320
1048420940
1050054560
1051687040
1053319520
1054952000
1056584480
1058216960
1059850580
1061484200
1063116680
1064776520
1066410140
1068047180
1069679660
1071312140
1072945760
1074578240
1076210720
1077843200
1079475680
1081108160
1082741780
1084374260
1086006740
1087638080
1089270560
1090903040
1092535520
1094170280
1095802760
1097435240
1099067720
1100701340
1102334960
1103966300
1105598780
1107231260
1108864880
1110497360
1112128700
1113761180
1115393660
1117029560
1118660900
1120296800
1121929280
1123561760
1125195380
1126827860
1128460340
1130092820
1131725300
1133358920
1134990260
1136622740
1138255220
1139887700
1141521320
1143153800
1144786280
1146421040
1148054660
1149687140
1151319620
1152962360
1154594840
1156228460
1157859800
1159493420
1161125900
1162758380
1164392000
1166023340
1167656960
1169289440
1170921920
1172579480
1174218800
1175854700
1177489460
1179123080
1180757840
1182391460
1184023940
1185657560
1187290040
1188923660
1190556140
1192188620
1193821100
1195453580
1197084920
1198720820
1200362420
1201994900
1203627380
1205259860
1206892340
1208523680
1210157300
1211789780
1213422260
1215053600
1216686080
1218319700
1219951040
1221584660
1223217140
1224851900
1226486660
1228118000
1229750480
1231382960
1233016580
1234649060
1236281540
1237914020
1239560180
1241192660
1242824000
1244463320
1246098080
1247729420
1249363040
1250996660
1252629140
1254260480
1255892960
1257524300
1259154500
1260786980
1262418320
1264049660
1265681000
1267313480
1268944820
1270576160
1272207500
1273839980
1275470180
1277104940
1278736280
1280368760
1282000100
1283631440
1285262780
1286897540
1288528880
1290160220
1291791560
1293424040
1295055380
1296686720
1298319200
1299949400
1301581880
1303216640
1304847980
1306479320
1308110660
1309742000
1311373340
1313005820
1314637160
1316268500
1317900980
1319532320
1321163660
1322795000
1324426340
1326057680
1327690160
1329323780
1330956260
1332587600
1334218940
1335851420
1337482760
1339114100
1340745440
1342377920
1344009260
1345640600
1347273080
1348905560
1350536900
1352168240
1353799580
1355433200
1357065680
1358700440
1360332920
1361964260
1363595600
1365228080
1366859420
1368490760
1370124380
1371756860
1373388200
1375019540
1376650880
1378283360
1379914700
1381549460
1383179660
1384811000
1386443480
1388074820
1389706160
1391338640
1392971120
1394602460
1396234940
1397868560
1399498760
1401130100
1402762580
1404395060
1406026400
1407660020
1409292500
1410923840
1412555180
1414186520
1415819000
1417450340
1419081680
1420714160
1422345500
1423977980
1425609320
1427241800
1428874280
1430504480
1432135820
1433771720
1435403060
1437035540
1438666880
1440299360
1441934120
1443565460
1445195660
1446828140
1448459480
1450091960
1451723300
1453355780
1454987120
1456618460
1458249800
1459885700
1461518180
1463149520
1464780860
1466412200
1468044680
1469682860
1471315340
1472947820
1474580300
1476210500
1477854380
1479490280
1481122760
1482755240
1484388860
1486023620
1487657240
1489313660
1490948420
1492579760
1494211100
1495844720
1497477200
1499108540
1500741020
1502372360
1504004840
1505636180
1507269800
1508900000
1510534760
1512167240
1513798580
1515431060
1517063540
1518696020
1520328500
1521960980
1523592320
1525224800
1526856140
1528488620
1530121100
1531753580
1533386060
1535017400
1536649880
1538282360
1539912560
1541545040
1543177520
1544808860
1546441340
1548073820
1549705160
1551337640
1552970120
1554601460
1556233940
1557865280
1559497760
1561132520
1562771840
1564404320
1566036800
1567668140
1569300620
1570931960
1572566720
1574199200
1575831680
1577464160
1579096640
1580727980
1582360460
1583992940
1585624280
1587256760
1588889240
1590520580
1592153060
1593784400
1595416880
1597049360
1598684120
1600316600
1601946800
1603579280
1605211760
1606844240
1608476720
1610109200
1611741680
1613373020
1615005500
1616636840
1618268180
1619900660
1621533140
1623165620
1624799240
1626431720
1628064200
1629696680
1631329160
1632959360
1634595260
1636226600
1637867060
1639498400
1641129740
1642763360
1644394700
1646027180
1647658520
1649289860
1650924620
1652555960
1654188440
1655820920
1657453400
1659084740
1660717220
1662348560
1663979900
1665612380
1667243720
1668876200
1670507540
1672140020
1673771360
1675403840
1677038600
1678669940
1680302420
1681933760
1683566240
1685197580
1686830060
1688462540
1690095020
1691727500
1693358840
1694989040
1696621520
1698254000
1699886480
1701517820
1703152580
1704783920
1706418680
1708050020
1709681360
1711313840
1712945180
1714578800
1716210140
1717842620
1719475100
1721106440
1722740060
1724372540
1726002740
1727634080
1729268840
1730900180
1732532660
1734165140
1735797620
1737428960
1739061440
1740691640
1742324120
1743955460
1745595920
1747231820
1748867720
1750500200
1752133820
1753768580
1755403340
1757035820
1758668300
1760300780
1761932120
1763564600
1765197080
1766831840
1768464320
1770096800
1771729280
1773361760
1774993100
1776625580
1778258060
1779890540
1781526440
1783158920
1784791400
1786425020
1788055220
1789691120
1791323600
1792956080
1794587420
1796218760
1797850100
1799481440
1801112780
1802746400
1804377740
1806010220
1807643840
1809275180
1810907660
1812539000
1814171480
1815803960
1817435300
1819066640
1820699120
1822330460
1823962940
1825594280
1827226760
1828859240
1830490580
1832123060
1833757820
1835388020
1837020500
1838655260
1840287740
1841919080
1843551560
1845182900
1846815380
1848447860
1850078060
1851710540
1853341880
1854974360
1856605700
1858237040
1859872940
1861505420
1863136760
1864769240
1866399440
1868033060
1869664400
1871296880
1872929360
1874560700
1876192040
1877824520
1879455860
1881087200
1882719680
1884352160
1885985780
1887618260
1889249600
1890880940
1892513420
1894145900
1895778380
1897408580
1899039920
1900672400
1902304880
1903936220
1905568700
1907200040
1908832520
1910467280
1912099760
1913732240
1915364720
1916997200
1918628540
1920261020
1921893500
1923524840
1925157320
1926793220
1928435960
1930067300
1931700920
1933333400
1934964740
1936596080
1938229700
1939862180
1941495800
1943127140
1944759620
1946390960
1948023440
1949654780
1951287260
1952919740
1954551080
1956183560
1957814900
1959446240
1961077580
1962710060
1964345960
1965977300
1967608640
1969239980
1970871320
1972502660
1974132860
1975765340
1977396680
1979028020
1980659360
1982295260
1983928880
1985560220
1987192700
1988824040
1990456520
1992087860
1993718060
1995349400
1996981880
1998614360
2000245700
2001878180
2003509520
2005140860
2006773340
2008405820
2010037160
2011669640
2013300980
2014933460
2016568220
2018200700
2019833180
2021464520
2023097000
2024728340
2026360820
2027993300
2029624640
2031258260
2032890740
2034522080
2036153420
2037785900
2039436620
2041073660
2042711840
2044343180
2045975660
2047608140
2049240620
2050871960
2052503300
2054135780
2055767120
2057399600
2059030940
2060663420
2062295900
2063927240
2065559720
2067191060
2068825820
2070458300
2072089640
2073722120
2075353460
2076987080
2078618420
2080250900
2081883380
2083513580
2085146060
2086777400
2088409880
2090042360
2091673700
2093306180
2094940940
2096572280
2098203620
2099836100
2101467440
2103099920
2104731260
2106363740
2107995080
2109627560
2111260040
2112892520
2114525000
2116157480
2117788820
2119421300
2121056060
2122688540
2124321020
2125952360
2127584840
2129216180
2130847520
2132480000
2134112480
2135744960
2137377440
2139008780
2140641260
2142272600
2143905080
2145536420
2147172320
2148803660
2150436140
2152068620
2153699960
2155332440
2156964920
2158597400
2160228740
2161861220
2163493700
2165125040
2166757520
2168390000
2170022480
2171664080
2173297700
2174930180
2176560380
2178192860
2179825340
2181458960
2183090300
2184722780
2186356400
2187988880
2189620220
2191254980
2192886320
2194517660
2196150140
2197781480
2199415100
2201047580
2202680060
2204312540
2205943880
2207575220
2209206560
2210857280
2212496600
2214134780
2215764980
2217395180
2219024240
2220654440
2222284640
2223915980
2225546180
2227176380
2228806580
2230435640
2232066980
2233696040
2235326240
2236956440
2238585500
2240215700
2241844760
2243485220
2245114280
2246744480
2248374680
2250007160
2251637360
2253267560
2254895480
2256526820
2258160440
2259790640
2261419700
2263049900
2264678960
2266309160
2267939360
2269574120
2271204320
2272834520
2274463580
2276098340
2277728540
2279358740
2280990080
2282619140
2284248200
2285877260
2287506320
2289136520
2290772420
2292403760
2294032820
2295665300
2297295500
2298924560
2300553620
2302188380
2303823140
2305452200
2307100640
2308730840
2310361040
2311991240
2313620300
2315249360
2316896660
2318532560
2320166180
2321797520
2323428860
2325059060
2326690400
2328322880
2329953080
2331582140
2333211200
2334852800
2336481860
2338113200
2339743400
2341373600
2343003800
2344632860
2346261920
2347890980
2349522320
2351151380
2352783860
2354416340
2356045400
2357675600
2359304660
2360934860
2362563920
2364196400
2365826600
2367455660
2369085860
2370714920
2372345120
2373976460
2375605520
2377234580
2378864780
2380496120
2382127460
2383757660
2385387860
2387016920
2388645980
2390273900
2391904100
2393532020
2395162220
2396792420
2398421480
2400051680
2401681880
2403310940
2404941140
2406574760
2408202680
2409832880
2411461940
2413092140
2414721200
2416350260
2417981600
2419610660
2421240860
2422869920
2424498980
2426128040
2427758240
2429388440
2431018640
2432651120
2434280180
2435910380
2437539440
2439167360
2440798700
2442428900
2444057960
2445687020
2447317220
2448946280
2450575340
2452207820
2453835740
2455464800
2457095000
2458726340
2460356540
2461985600
2463616940
2465246000
2466876200
2468506400
2470134320
2471763380
2473393580
2475023780
2476652840
2478283040
2479912100
2481542300
2483171360
2484802700
2486432900
2488063100
2489692160
2491322360
2492951420
2494580480
2496210680
2497840880
2499469940
2501099000
2502728060
2504358260
2505987320
2507616380
2509246580
2510880200
2512510400
2514140600
2515768520
2517397580
2519026640
2520656840
2522287040
2523916100
2525545160
2527174220
2528803280
2530432340
2532062540
2533691600
2535321800
2536953140
2538582200
2540212400
2541842600
2543472800
2545103000
2546730920
2548359980
2549990180
2551619240
2553248300
2554878500
2556508700
2558137760
2559767960
2561399300
2563031780
2564660840
2566292180
2567922380
2569551440
2571180500
2572814120
2574443180
2576071100
2577701300
2579330360
2580959420
2582589620
2584220960
2585850020
2587479080
2589111560
2590741760
2592370820
2593999880
2595628940
2597258000
2598888200
2600518400
2602147460
2603777660
2605406720
2607035780
2608664840
2610293900
2611924100
2613554300
2615185640
2616814700
2618444900
2620073960
2621704160
2623334360
2624963420
2626593620
2628222680
2629852880
2631481940
2633111000
2634741200
2636371400
2637999320
2639629520
2641260860
2642891060
2644520120
2646150320
2647780520
2649409580
2651038640
2652667700
2654296760
2655925820
2657556020
2659186220
2660815280
2662444340
2664073400
2665702460
2667334940
2668964000
2670594200
2672223260
2673852320
2675481380
2677111580
2678739500
2680369700
2681998760
2683627820
2685258020
2686888220
2688517280
2690145200
2691774260
2693405600
2695033520
2696667140
2699387180
2701021940
2702653280
2704291460
2705921660
2707550720
2709178640
2710807700
2712435620
2714064680
2715694880
2717325080
2718953000
2720592320
2722230500
2723860700
2725487480
2727117680
2728745600
2730374660
2732002580
2733631640
2735260700
2736888620
2738517680
2740145600
2741774660
2743403720
2745031640
2746662980
2748292040
2749921100
2751550160
2753178080
2754806000
2756433920
2758062980
2759690900
2761319960
2762949020
2764578080
2766206000
2767835060
2769464120
2771092040
2772723380
2774352440
2775980360
2777609420
2779238480
2780867540
2782496600
2784125660
2785753580
2787381500
2789009420
2790638480
2792266400
2793895460
2795524520
2797157000
2798788340
2800416260
2802045320
2803673240
2805302300
2806931360
2808560420
2810188340
2811817400
2813445320
2815074380
2816701160
2818334780
2819963840
2821591760
2823220820
2824852160
2826480080
2828109140
2829738200
2831366120
2832995180
2834624240
2836252160
2837882360
2839510280
2841140480
2842768400
2844398600
2846025380
2847653300
2849282360
2850913700
2852542760
2854172960
2855800880
2857428800
2859056720
2860686920
2862313700
2863942760
2865571820
2867199740
2868827660
2870456720
2872093760
2873721680
2875350740
2876983220
2878611140
2880239060
2881868120
2883496040
2885123960
2886753020
2888382080
2890017980
2891647040
2893277240
2894916560
2896546760
2898176960
2899819700
2901448760
2903080100
2904708020
2906335940
2907966140
2909595200
2911224260
2912853320
2914481240
2916109160
2917737080
2919368420
2920997480
2922625400
2924253320
2925882380
2927510300
2929141640
2930771840
2932400900
2934028820
2935657880
2937285800
2938912580
2940540500
2942170700
2943799760
2945427680
2947055600
2948684660
2950313720
2951942780
2953571840
2955211160
2956849340
2958478400
2960107460
2961735380
2963363300
2964992360
2966621420
2968249340
2969877260
2971505180
2973134240
2974762160
2976390080
2978019140
2979648200
2981278400
2982907460
2984534240
2986162160
2987790080
2989419140
2991048200
2992676120
2994305180
2995933100
2997561020
2999188940
3000818000
3002445920
3004074980
3005702900
3007333100
3008963300
3010591220
3012220280
3013848200
3015476120
3017105180
3018733100
3020361020
3021988940
3023618000
3025247060
3026874980
3028502900
3030130820
3031758740
3033390080
3035019140
3036647060
3038276120
3039904040
3041531960
3043161020
3044787800
3046416860
3048045920
3049674980
3051302900
3052930820
3054558740
3056188940
3057816860
3059447060
3061073840
3062702900
3064330820
3065961020
3067588940
3069219140
3070847060
3072477260
3074105180
3075733100
3077361020
3078988940
3080618000
3082247060
3083876120
3085507460
3087135380
3088764440
3090402620
3092031680
3093659600
3095287520
3096916580
3098544500
3100172420
3101800340
3103429400
3105058460
3106686380
3108314300
3109942220
3111573560
3113201480
3114830540
3116458460
3118086380
3119715440
3121342220
3122971280
3124599200
3126229400
3127857320
3129485240
3131114300
3132742220
3134371280
3135998060
3137629400
3139258460
3140886380
3142515440
3144144500
3145774700
3147403760
3149032820
3150661880
3152289800
3153918860
3155546780
3157174700
3158803760
3160432820
3162060740
3163692080
3165320000
3166947920
3168575840
3170204900
3171833960
3173461880
3175090940
3176718860
3178346780
3179976980
3181603760
3183232820
3184861880
3186489800
3188118860
3189749060
3191378120
3193006040
3194635100
3196265300
3197893220
3199521140
3201149060
3202776980
3204404900
3206035100
3207663020
3209290940
3210920000
3212546780
3214175840
3215808320
3217437380
3219066440
3220694360
3222342800
3223971860
3225600920
3227228840
3228857900
3230486960
3232114880
3233742800
3235371860
3237000920
3238628840
3240259040
3241890380
3243517160
3245146220
3246774140
3248402060
3250031120
3251660180
3253288100
3254917160
3256545080
3258173000
3259800920
3261429980
3263059040
3264686960
3266314880
3267946220
3269574140
3271203200
3272829980
