1	0	100730
2	6292	106538
3	7969	108134
4	9608	109741
5	11236	111637
6	13056	113318
7	14754	115098
8	16508	116799
9	18239	118375
10	19845	119973
11	21446	121561
12	23046	123169
13	24646	124780
14	26248	126378
15	27854	127981
16	29454	129571
17	31053	131170
18	32653	132789
19	34252	134368
20	35852	135975
21	37451	137567
22	39051	139168
23	40650	140766
24	42249	142364
25	43848	143965
26	45449	145568
27	47052	147167
28	48651	148767
29	50250	150365
30	51849	151964
31	53448	153563
32	55047	155165
33	56647	156763
34	58246	158361
35	59846	159961
36	61445	161559
37	63044	163159
38	64643	164760
39	66242	166365
40	67849	167965
41	69448	169563
42	71047	171186
43	72659	172774
44	74258	174375
45	75858	175974
46	77458	177573
47	79057	179173
48	80656	180771
49	82255	182372
50	83856	183973
51	85456	185571
52	87055	187172
53	88654	188770
54	90253	190382
55	91852	191985
56	93452	193568
57	95051	195179
58	96651	196776
59	98250	198377
60	99851	199976
61	101450	201578
62	103050	203175
63	104650	204776
64	106249	206374
65	107848	207974
66	109447	209573
67	111047	211173
68	112646	212746
69	114245	214372
70	115845	215971
71	117444	217583
72	119076	219210
73	120684	220800
74	122285	222419
75	123885	224012
76	125488	225613
77	127089	227184
78	128688	228785
79	130286	230382
80	131887	231975
81	133486	233574
82	135085	235211
83	136686	236811
84	138286	238391
85	139885	239975
86	141485	241570
87	143084	243152
88	144685	244801
89	146285	246399
90	147885	247998
91	149484	249599
92	151085	251199
93	152685	252771
94	154284	254370
95	155884	255969
96	157483	257567
97	159082	259167
98	160682	260767
99	162281	262365
100	163880	263966
101	165480	265565
102	167079	267164
103	168679	268764
104	170278	270363
105	171877	271963
106	173476	273561
107	175076	275164
108	176678	276764
109	178278	278367
110	179877	279962
111	181477	281561
112	183076	283162
113	184677	284764
114	186277	286391
115	187877	287993
116	189479	289584
117	191078	291179
118	192679	292771
119	194282	294412
120	195885	296015
121	197488	297615
122	199098	299198
123	200699	300799
124	202302	302399
125	203901	304002
126	205503	305601
127	207103	307200
128	208703	308800
129	210302	310399
130	211902	311997
131	213509	313611
132	215109	315207
133	216709	316811
134	218309	318406
135	219908	320006
136	221508	321597
137	223107	323223
138	224707	324810
139	226307	326386
140	227917	327989
141	229518	329584
142	231118	331183
143	232718	332784
144	234318	334385
145	235919	336046
146	237518	337645
147	239118	339205
148	240719	340786
149	242319	342384
150	243919	344007
151	245542	345675
152	247149	347275
153	248749	348875
154	250348	350480
155	251954	352048
156	253559	353651
157	255165	355233
158	256766	356831
159	258366	358431
160	259966	360031
161	261566	361631
162	263166	363232
163	264766	364834
164	266367	366433
165	267967	368033
166	269568	369633
167	271168	371234
168	272768	372839
169	274370	374436
170	275971	376036
171	277571	377638
172	279173	379242
173	280774	380839
174	282374	382442
175	283977	384045
176	285578	385675
177	287178	387304
178	288777	388903
179	290377	390446
180	291978	392044
181	293578	393654
182	295183	395312
183	296782	396899
184	298382	398496
185	299982	400077
186	301583	401672
187	303183	403270
188	304785	404854
189	306386	406452
190	307986	408052
191	309587	409655
192	311187	411252
193	312787	412852
194	314387	414454
195	315987	416053
196	317588	417656
197	319189	419254
198	320789	420854
199	322389	422456
200	323990	424078
201	325590	425661
202	327192	427257
203	328792	428863
204	330394	430460
205	331994	432060
206	333595	433665
207	335195	435293
208	336795	436892
209	338395	438512
210	339994	440063
211	341596	441662
212	343196	443262
213	344796	444923
214	346396	446523
215	347996	448121
216	349595	449721
217	351194	451312
218	352794	452899
219	354393	454484
220	355997	456063
221	357598	457664
222	359198	459264
223	360799	460864
224	362399	462465
225	363998	464066
226	365599	465665
227	367199	467265
228	368799	468865
229	370399	470465
230	371999	472067
231	373600	473667
232	375201	475267
233	376802	476867
234	378402	478470
235	380002	480070
236	381604	481670
237	383204	483273
238	384807	484875
239	386408	486474
240	388009	488105
241	389608	489696
242	391208	491280
243	392809	492875
244	394409	494507
245	396009	496135
246	397609	497725
247	399208	499327
248	400808	500906
249	402407	502492
250	404007	504093
251	405607	505676
252	407211	507277
253	408812	508877
254	410412	510477
255	412012	512079
256	413613	513682
257	415215	515281
258	416815	516910
259	418415	518510
260	420016	520101
261	421616	521685
262	423217	523285
263	424817	524904
264	426418	526485
265	428019	528092
266	429626	529695
267	431227	531295
268	432830	532897
269	434431	534499
270	436032	536127
271	437632	537727
272	439233	539340
273	440833	540903
274	442434	542501
275	444035	544103
276	445636	545762
277	447236	547360
278	448835	548970
279	450441	550542
280	452041	552156
281	453641	553731
282	455241	555326
283	456843	556938
284	458445	558513
285	460046	560129
286	461646	561739
287	463246	563338
288	464847	564943
289	466448	566545
290	468048	568145
291	469649	569746
292	471250	571345
293	472850	572938
294	474451	574539
295	476052	576136
296	477652	577744
297	479253	579349
298	480853	580947
299	482453	582553
300	484058	584153
301	485659	585752
302	487260	587355
303	488860	588955
304	490461	590555
305	492061	592160
306	493666	593762
307	495268	595394
308	496868	596985
309	498467	598583
310	500067	600155
311	501669	601735
312	503269	603371
313	504877	604974
314	506478	606574
315	508079	608177
316	509682	609777
317	511283	611377
318	512883	612980
319	514485	614583
320	516088	616214
321	517688	617814
322	519287	619402
323	520887	620958
324	522489	622557
325	524090	624187
326	525692	625816
327	527292	627387
328	528894	628992
329	530496	630592
330	532097	632166
331	533699	633771
332	535304	635430
333	536903	637030
334	538503	638594
335	540103	640199
336	541704	641800
337	543306	643391
338	544906	645034
339	546506	646653
340	548116	648732
341	550231	650362
342	551834	651961
343	553452	653575
344	555074	655203
345	556679	656806
346	558280	658404
347	559881	660008
348	561484	661608
349	563085	663181
350	564685	664784
351	566285	666409
352	567910	668017
353	569517	669618
354	571119	671220
355	572721	672824
356	574324	674424
357	575925	676025
358	577542	677619
359	579140	679227
360	580736	680822
361	582333	682428
362	583931	684025
363	585528	685624
364	587128	687251
365	588724	688847
366	590321	690434
367	591917	692012
368	593513	693613
369	595110	695234
370	596707	696831
371	598304	698427
372	599901	700025
373	601497	701608
374	603093	703206
375	604690	704805
376	606287	706382
377	607883	707977
378	609480	709574
379	611076	711172
380	612674	712768
381	614270	714365
382	615866	715961
383	617463	717557
384	619060	719174
385	620671	720753
386	622282	722358
387	623881	723975
388	625479	725564
389	627077	727175
390	628679	728782
391	630282	730380
392	631879	731947
393	633478	733540
394	635074	735139
395	636672	736798
396	638271	738385
397	639868	739985
398	641464	741560
399	643060	743154
400	644663	744799
401	646260	746384
402	647857	747980
403	649453	749577
404	651049	751173
405	652646	752759
406	654242	754356
407	655838	755935
408	657435	757530
409	659032	759127
410	660628	760723
411	662225	762295
412	663825	763889
413	665422	765486
414	667020	767086
415	668620	768686
416	670221	770284
417	671818	771890
418	673425	773490
419	675023	775087
420	676620	776685
421	678218	778280
422	679815	779880
423	681412	781474
424	683008	783074
425	684608	784675
426	686206	786329
427	687803	787929
428	689402	789508
429	690999	791064
430	692597	792663
431	694194	794257
432	695790	795914
433	697387	797510
434	698984	799097
435	700581	800676
436	702177	802262
437	703773	803885
438	705370	805464
439	706968	807060
440	708565	808649
441	710162	810243
442	711759	811823
443	713356	813430
444	714964	815029
445	716563	816636
446	718161	818223
447	719758	819820
448	721354	821417
449	722951	823017
450	724550	824622
451	726154	826217
452	727751	827814
453	729348	829413
454	730945	831008
455	732542	832609
456	734140	834204
457	735737	835833
458	737334	837458
459	738931	839056
460	740529	840597
461	742128	842191
462	743725	843788
463	745322	845446
464	746919	847043
465	748516	848636
466	750112	850208
467	751709	851803
468	753305	853388
469	754902	854986
470	756499	856563
471	758097	858164
472	759698	859761
473	761295	861357
474	762892	862955
475	764489	864554
476	766088	866180
477	767685	867782
478	769288	869369
479	770884	870948
480	772481	872548
481	774080	874144
482	775676	875740
483	777274	877336
484	778871	878965
485	780468	880559
486	782064	882147
487	783661	883729
488	785262	885326
489	786859	886954
490	788456	888583
491	790053	890149
492	791653	891719
493	793250	893314
494	794847	894980
495	796444	896568
496	798041	898155
497	799637	899731
498	801235	901326
499	802832	902923
500	804429	904544
501	806025	906122
502	807622	907718
503	809219	909302
504	810815	910899
505	812412	912476
506	814010	914075
507	815607	915674
508	817207	917269
509	818804	918867
510	820401	920464
511	821998	922068
512	823594	923665
513	825192	925257
514	826789	926852
515	828386	928457
516	829991	930057
517	831588	931655
518	833185	933247
519	834782	934848
520	836379	936503
521	837976	938100
522	839572	939665
523	841169	941236
524	842770	942834
525	844367	944430
526	845964	946088
527	847561	947746
528	849159	949270
529	850773	950864
530	852371	952450
531	853968	954051
532	855565	955639
533	857163	957227
534	858761	958824
535	860358	960420
536	861955	962018
537	863552	963634
538	865151	965246
539	866748	966856
540	868357	968443
541	869953	970019
542	871551	971625
543	873157	973242
544	874756	974835
545	876358	976423
546	877955	978019
547	879552	979659
548	881151	981246
549	882747	982834
550	884347	984414
551	885945	986038
552	887544	987647
553	889143	989259
554	890740	990827
555	892337	992405
556	893938	994010
557	895542	995669
558	897143	997266
559	898740	998854
560	900337	1000433
561	901933	1002028
562	903530	1003655
563	905126	1005192
564	906725	1006790
565	908324	1008388
566	909922	1009985
567	911519	1011592
568	913117	1013183
569	914715	1014781
570	916314	1016406
571	917911	1018006
572	919511	1019597
573	921109	1021174
574	922707	1022771
575	924305	1024371
576	925902	1025986
577	927500	1027564
578	929097	1029163
579	930695	1030760
580	932294	1032358
581	933892	1033956
582	935489	1035553
583	937087	1037210
584	938684	1038789
585	940280	1040346
586	941878	1041943
587	943477	1043541
588	945076	1045200
589	946673	1046796
590	948275	1048390
591	949872	1049997
592	951469	1051582
593	953065	1053167
594	954662	1054767
595	956260	1056326
596	957859	1057924
597	959457	1059521
598	961055	1061118
599	962652	1062718
600	964250	1064314
601	965848	1065914
602	967447	1067509
603	969044	1069109
604	970645	1070708
605	972243	1072331
606	973867	1073932
607	975466	1075528
608	977063	1077126
609	978661	1078724
610	980259	1080323
611	981856	1081919
612	983454	1083519
613	985054	1085127
614	986661	1086784
615	988258	1088380
616	989855	1089958
617	991454	1091517
618	993051	1093114
619	994649	1094713
620	996248	1096373
621	997844	1097958
622	999440	1099542
623	1001037	1101120
624	1002635	1102699
625	1004233	1104297
626	1005831	1105893
627	1007429	1107491
628	1009027	1109088
629	1010623	1110686
630	1012221	1112286
631	1013821	1113885
632	1015418	1115484
633	1017019	1117113
634	1018615	1118709
635	1020212	1120276
636	1021809	1121877
637	1023407	1123472
638	1025006	1125089
639	1026611	1126697
640	1028208	1128277
641	1029812	1129884
642	1031415	1131488
643	1033013	1133078
644	1034611	1134676
645	1036209	1136332
646	1037806	1137929
647	1039402	1139495
648	1041001	1141068
649	1042603	1142667
650	1044199	1144272
651	1045806	1145932
652	1047406	1147530
653	1049003	1149127
654	1050601	1150723
655	1052205	1152310
656	1053802	1153886
657	1055398	1155463
658	1056997	1157060
659	1058595	1158663
660	1060193	1160254
661	1061790	1161853
662	1063388	1163449
663	1064985	1165047
664	1066582	1166651
665	1068182	1168244
666	1069779	1169840
667	1071375	1171437
668	1072972	1173036
669	1074570	1174633
670	1076168	1176229
671	1077764	1177826
672	1079361	1179425
673	1080958	1181020
674	1082555	1182622
675	1084156	1184219
676	1085753	1185847
677	1087350	1187474
678	1088947	1189060
679	1090543	1190623
680	1092143	1192216
681	1093742	1193808
682	1095339	1195461
683	1096936	1197058
684	1098532	1198646
685	1100128	1200229
686	1101724	1201807
687	1103321	1203384
688	1104919	1204981
689	1106516	1206578
690	1108113	1208174
691	1109709	1209771
692	1111306	1211368
693	1112903	1212965
694	1114500	1214562
695	1116097	1216188
696	1117694	1217787
697	1119293	1219376
698	1120890	1220998
699	1122499	1222580
700	1124105	1224172
701	1125704	1225820
702	1127312	1227379
703	1128912	1228976
704	1130509	1230589
705	1132113	1232192
706	1133713	1233786
707	1135318	1235382
708	1136917	1237039
709	1138513	1238635
710	1140108	1240212
711	1141704	1241768
712	1143302	1243366
713	1144900	1244963
714	1146497	1246619
715	1148093	1248206
716	1149689	1249783
717	1151284	1251365
718	1152880	1252962
719	1154475	1254540
720	1156072	1256135
721	1157669	1257731
722	1159265	1259326
723	1160861	1260923
724	1162457	1262547
725	1164053	1264143
726	1165649	1265731
727	1167246	1267308
728	1168842	1268906
729	1170440	1270501
730	1172036	1272125
731	1173632	1273714
732	1175229	1275292
733	1176826	1276887
734	1178422	1278483
735	1180018	1280082
736	1181614	1281676
737	1183210	1283275
738	1184810	1284873
739	1186407	1286528
740	1188002	1288124
741	1189598	1289712
742	1191195	1291277
743	1192793	1292855
744	1194389	1294453
745	1195987	1296082
746	1197584	1297677
747	1199179	1299290
748	1200775	1300864
749	1202372	1302459
750	1203968	1304064
751	1205570	1305661
752	1207167	1307257
753	1208763	1308853
754	1210359	1310449
755	1211955	1312046
756	1213551	1313622
757	1215149	1315213
758	1216747	1316840
759	1218343	1318439
760	1219938	1320005
761	1221538	1321601
762	1223136	1323200
763	1224733	1324820
764	1226330	1326411
765	1227925	1327989
766	1229523	1329612
767	1231127	1331190
768	1232724	1332787
769	1234321	1334385
770	1235919	1336013
771	1237515	1337646
772	1239111	1339224
773	1240707	1340771
774	1242304	1342365
775	1243900	1343964
776	1245497	1345624
777	1247096	1347209
778	1248691	1348801
779	1250287	1350378
780	1251884	1351974
781	1253480	1353562
782	1255078	1355161
783	1256676	1356737
784	1258272	1358335
785	1259869	1359931
786	1261466	1361559
787	1263062	1363155
788	1264657	1364751
789	1266253	1366323
790	1267850	1367913
791	1269447	1369509
792	1271045	1371140
793	1272642	1372738
794	1274246	1374335
795	1275845	1375909
796	1277443	1377504
797	1279039	1379102
798	1280636	1380701
799	1282234	1382295
800	1283830	1383904
801	1285429	1385492
802	1287025	1387147
803	1288621	1388742
804	1290216	1390302
805	1291812	1391892
806	1293408	1393471
807	1295006	1395069
808	1296602	1396697
809	1298202	1398283
810	1299799	1399911
811	1301394	1401486
812	1302990	1403080
813	1304585	1404680
814	1306182	1406274
815	1307777	1407871
816	1309372	1409465
817	1310968	1411059
818	1312563	1412663
819	1314168	1414230
820	1315764	1415861
821	1317362	1417453
822	1318958	1419053
823	1320557	1420651
824	1322159	1422223
825	1323758	1423830
826	1325356	1425439
827	1326953	1427019
828	1328554	1428635
829	1330155	1430220
830	1331753	1431816
831	1333351	1433411
832	1334947	1435010
833	1336545	1436639
834	1338142	1438264
835	1339738	1439830
836	1341335	1441427
837	1342932	1443024
838	1344528	1444592
839	1346126	1446248
840	1347722	1447846
841	1349320	1449441
842	1350915	1451037
843	1352511	1452624
844	1354106	1454217
845	1355702	1455795
846	1357299	1457389
847	1358895	1458986
848	1360493	1460583
849	1362089	1462180
850	1363686	1463777
851	1365283	1465382
852	1366887	1466979
853	1368485	1468576
854	1370082	1470173
855	1371679	1471782
856	1373287	1473383
857	1374889	1474983
858	1376488	1476587
859	1378084	1478176
860	1379682	1479776
861	1381280	1481370
862	1382877	1482974
863	1384479	1484570
864	1386075	1486198
865	1387672	1487795
866	1389267	1489430
867	1390863	1490955
868	1392460	1492551
869	1394057	1494148
870	1395653	1495775
871	1397249	1497370
872	1398845	1498955
873	1400443	1500550
874	1402038	1502127
875	1403636	1503727
876	1405233	1505325
877	1406830	1506912
878	1408428	1508509
879	1410024	1510105
880	1411621	1511686
881	1413219	1513279
882	1414815	1514941
883	1416412	1516494
884	1418019	1518118
885	1419620	1519719
886	1421221	1521319
887	1422822	1522929
888	1424431	1524503
889	1426034	1526124
890	1427635	1527735
891	1429237	1529342
892	1430842	1530943
893	1432444	1532543
894	1434045	1534134
895	1435646	1535740
896	1437248	1537345
897	1438848	1538944
898	1440447	1540543
899	1442047	1542143
900	1443646	1543749
901	1445247	1545346
902	1446848	1546944
903	1448448	1548544
904	1450047	1550150
905	1451652	1551752
906	1453251	1553347
907	1454851	1554952
908	1456450	1556547
909	1458050	1558144
910	1459649	1559747
911	1461248	1561345
912	1462848	1562944
913	1464447	1564544
914	1466047	1566143
915	1467646	1567747
916	1469246	1569332
917	1470845	1570941
918	1472444	1572540
919	1474043	1574140
920	1475643	1575745
921	1477244	1577340
922	1478844	1578940
923	1480443	1580540
924	1482042	1582138
925	1483641	1583744
926	1485242	1585338
927	1486841	1586938
928	1488441	1588537
929	1490040	1590136
930	1491640	1591735
931	1493239	1593335
932	1494839	1594907
933	1496438	1596532
934	1498037	1598131
935	1499637	1599734
936	1501237	1601334
937	1502837	1602932
938	1504436	1604538
939	1506039	1606136
940	1507639	1607725
941	1509238	1609324
942	1510838	1610924
943	1512437	1612525
944	1514038	1614125
945	1515638	1615707
946	1517239	1617336
947	1518838	1618934
948	1520437	1620533
949	1522037	1622146
950	1523636	1623736
951	1525236	1625332
952	1526840	1626948
953	1528441	1628524
954	1530040	1630145
955	1531639	1631737
956	1533239	1633332
957	1534838	1634936
958	1536438	1636536
959	1538039	1638147
960	1539639	1639736
961	1541238	1641335
962	1542838	1642926
963	1544437	1644522
964	1546036	1646131
965	1547636	1647732
966	1549235	1649332
967	1550835	1650921
968	1552434	1652530
969	1554033	1654133
970	1555635	1655732
971	1557234	1657332
972	1558835	1658932
973	1560435	1660524
974	1562035	1662118
975	1563636	1663753
976	1565235	1665325
977	1566835	1666945
978	1568434	1668515
979	1570033	1670110
980	1571632	1671706
981	1573232	1673311
982	1574831	1674904
983	1576430	1676503
984	1578029	1678102
985	1579628	1679703
986	1581227	1681299
987	1582826	1682899
988	1584425	1684498
989	1586024	1686098
990	1587624	1687698
991	1589225	1689298
992	1590823	1690896
993	1592423	1692495
994	1594022	1694097
995	1595622	1695698
996	1597223	1697298
997	1598823	1698896
998	1600422	1700495
999	1602021	1702097
1000	1603622	1703696
1001	1605221	1705295
1002	1606820	1706893
1003	1608419	1708492
1004	1610018	1710091
1005	1611617	1711690
1006	1613216	1713291
1007	1614817	1714892
1008	1616418	1716491
1009	1618017	1718094
1010	1619616	1719689
1011	1621215	1721291
1012	1622816	1722929
1013	1624488	1724628
1014	1626125	1726210
1015	1627730	1727827
1016	1629379	1729462
1017	1630984	1731077
1018	1632599	1732676
1019	1634201	1734277
1020	1635802	1735875
1021	1637401	1737512
1022	1639031	1739104
1023	1640630	1740702
1024	1642229	1742303
1025	1643829	1743905
1026	1645429	1745504
1027	1647030	1747103
1028	1648629	1748702
1029	1650228	1750302
1030	1651827	1751903
1031	1653428	1753500
1032	1655027	1755100
1033	1656626	1756699
1034	1658225	1758298
1035	1659825	1759904
1036	1661429	1761505
1037	1663031	1763143
1038	1664705	1764902
1039	1666357	1766443
1040	1667964	1768063
1041	1669576	1769677
1042	1671190	1771264
1043	1672791	1772867
1044	1674393	1774469
1045	1675994	1776070
1046	1677596	1777670
1047	1679196	1779271
1048	1680797	1780872
1049	1682398	1782470
1050	1683998	1784072
1051	1685598	1785672
1052	1687198	1787272
1053	1688798	1788873
1054	1690400	1790476
1055	1692000	1792073
1056	1693600	1793673
1057	1695200	1795274
1058	1696800	1796888
1059	1698415	1798488
1060	1700015	1800088
1061	1701614	1801687
1062	1703214	1803287
1063	1704814	1804888
1064	1706414	1806488
1065	1708014	1808089
1066	1709616	1809689
1067	1711215	1811290
1068	1712815	1812889
1069	1714415	1814493
1070	1716019	1816093
1071	1717619	1817692
1072	1719219	1819293
1073	1720819	1820892
1074	1722419	1822492
1075	1724019	1824094
1076	1725620	1825695
1077	1727221	1827297
1078	1728821	1828894
1079	1730421	1830494
1080	1732020	1832095
1081	1733620	1833694
1082	1735220	1835295
1083	1736820	1836896
1084	1738420	1838498
1085	1740024	1840100
1086	1741626	1841699
1087	1743226	1843299
1088	1744826	1844900
1089	1746426	1846500
1090	1748026	1848099
1091	1749625	1849699
1092	1751225	1851299
1093	1752825	1852898
1094	1754425	1854498
1095	1756024	1856098
1096	1757624	1857697
1097	1759224	1859298
1098	1760824	1860897
1099	1762424	1862505
1100	1764023	1864103
1101	1765624	1865700
1102	1767226	1867300
1103	1768826	1868899
1104	1770426	1870499
1105	1772025	1872353
1106	1773625	1873699
1107	1775225	1875299
1108	1776825	1876899
1109	1778425	1878498
1110	1780025	1880099
1111	1781624	1881698
1112	1783224	1883298
1113	1784825	1884899
1114	1786425	1886503
1115	1788025	1888098
1116	1789625	1889697
1117	1791224	1891300
1118	1792826	1892899
1119	1794425	1894499
1120	1796025	1896108
1121	1797625	1897698
1122	1799225	1899299
1123	1800825	1900898
1124	1802425	1902498
1125	1804025	1904098
1126	1805624	1905698
1127	1807224	1907298
1128	1808824	1908898
1129	1810424	1910497
1130	1812024	1912097
1131	1813624	1913697
1132	1815223	1915297
1133	1816824	1916899
1134	1818425	1918498
1135	1820025	1920099
1136	1821625	1921698
1137	1823224	1923298
1138	1824824	1924898
1139	1826424	1926497
1140	1828024	1928100
1141	1829624	1929697
1142	1831224	1931319
1143	1832836	1932914
1144	1834437	1934511
1145	1836037	1936112
1146	1837638	1937711
1147	1839238	1939312
1148	1840838	1940912
1149	1842438	1942514
1150	1844040	1944114
1151	1845640	1945713
1152	1847240	1947314
1153	1848840	1948913
1154	1850440	1950513
1155	1852040	1952113
1156	1853639	1953713
1157	1855239	1955313
1158	1856839	1956913
1159	1858439	1958513
1160	1860039	1960112
1161	1861639	1961712
1162	1863238	1963312
1163	1864839	1964913
1164	1866439	1966513
1165	1868039	1968114
1166	1869640	1969713
1167	1871240	1971315
1168	1872840	1972913
1169	1874440	1974514
1170	1876040	1976114
1171	1877640	1977713
1172	1879240	1979317
1173	1880841	1980916
1174	1882441	1982515
1175	1884042	1984116
1176	1885642	1985730
1177	1887242	1987316
1178	1888843	1988915
1179	1890442	1990515
1180	1892042	1992115
1181	1893642	1993730
1182	1895244	1995318
1183	1896844	1996917
1184	1898444	1998520
1185	1900043	2000116
1186	1901643	2001719
1187	1903243	2003315
1188	1904843	2004916
1189	1906443	2006516
1190	1908043	2008115
1191	1909642	2009728
1192	1911242	2011316
1193	1912842	2012916
1194	1914442	2014516
1195	1916042	2016116
1196	1917642	2017729
1197	1919242	2019318
1198	1920844	2020917
1199	1922444	2022517
1200	1924044	2024117
1201	1925643	2025730
1202	1927243	2027319
1203	1928843	2028916
1204	1930442	2030516
1205	1932042	2032115
1206	1933642	2033715
1207	1935241	2035316
1208	1936842	2036915
1209	1938441	2038515
1210	1940041	2040114
1211	1941641	2041714
1212	1943241	2043334
1213	1944841	2044918
1214	1946442	2046515
1215	1948042	2048116
1216	1949642	2049728
1217	1951242	2051316
1218	1952842	2052923
1219	1954442	2054523
1220	1956043	2056118
1221	1957643	2057731
1222	1959243	2059317
1223	1960843	2060916
1224	1962443	2062514
1225	1964042	2064113
1226	1965642	2065720
1227	1967242	2067313
1228	1968842	2068912
1229	1970442	2070514
1230	1972044	2072114
1231	1973644	2073727
1232	1975243	2075315
1233	1976844	2076914
1234	1978443	2078514
1235	1980043	2080113
1236	1981642	2081715
1237	1983242	2083312
1238	1984842	2084912
1239	1986442	2086511
1240	1988042	2088111
1241	1989641	2089711
1242	1991241	2091313
1243	1992841	2092910
1244	1994441	2094510
1245	1996041	2096113
1246	1997643	2097740
1247	1999269	2099340
1248	2000870	2100940
1249	2002471	2102539
1250	2004070	2104139
1251	2005670	2105740
1252	2007270	2107340
1253	2008870	2108939
1254	2010470	2110538
1255	2012069	2112139
1256	2013669	2113739
1257	2015269	2115338
1258	2016869	2116940
1259	2018471	2118539
1260	2020071	2120139
1261	2021670	2121739
1262	2023270	2123338
1263	2024869	2124999
1264	2026469	2126542
1265	2028069	2128140
1266	2029669	2129737
1267	2031269	2131349
1268	2032906	2132981
1269	2034509	2134580
1270	2036109	2136180
1271	2037709	2137781
1272	2039309	2139379
1273	2040909	2140978
1274	2042508	2142581
1275	2044111	2144180
1276	2045710	2145790
1277	2047320	2147389
1278	2048920	2148989
1279	2050520	2150589
1280	2052119	2152213
1281	2053735	2153823
1282	2055352	2155428
1283	2056958	2157034
1284	2058564	2158634
1285	2060163	2160231
1286	2061761	2161831
1287	2063360	2163427
1288	2064958	2165026
1289	2066557	2166626
1290	2068157	2168225
1291	2069757	2169823
1292	2071355	2171421
1293	2072953	2173019
1294	2074551	2174640
1295	2076164	2176230
1296	2077762	2177829
1297	2079360	2179426
1298	2080958	2181025
1299	2082557	2182696
1300	2084253	2184332
1301	2085861	2185930
1302	2087461	2187531
1303	2089061	2189128
1304	2090660	2190735
1305	2092258	2192325
1306	2093856	2193925
1307	2095456	2195523
1308	2097055	2197121
1309	2098653	2198731
1310	2100251	2200319
1311	2101850	2201917
1312	2103448	2203515
1313	2105046	2205114
1314	2106645	2206718
1315	2108243	2208310
1316	2109842	2209908
1317	2111440	2211505
1318	2113038	2213103
1319	2114636	2214702
1320	2116234	2216301
1321	2117832	2217898
1322	2119430	2219498
1323	2121030	2221096
1324	2122628	2222694
1325	2124226	2224293
1326	2125824	2225911
1327	2127470	2227546
1328	2129075	2229145
1329	2130676	2230743
1330	2132274	2232340
1331	2133872	2233941
1332	2135471	2235538
1333	2137070	2237136
1334	2138668	2238734
1335	2140267	2240333
1336	2141865	2241931
1337	2143463	2243529
1338	2145061	2245130
1339	2146661	2246728
1340	2148260	2248326
1341	2149858	2249924
1342	2151456	2251522
1343	2153054	2253119
1344	2154652	2254729
1345	2156250	2256318
1346	2157849	2257915
1347	2159447	2259513
1348	2161045	2261111
1349	2162643	2262709
1350	2164241	2264308
1351	2165840	2265906
1352	2167438	2267504
1353	2169036	2269103
1354	2170635	2270703
1355	2172235	2272301
1356	2173833	2273900
1357	2175432	2275498
1358	2177030	2277097
1359	2178629	2278694
1360	2180227	2280294
1361	2181824	2281891
1362	2183422	2283489
1363	2185022	2285088
1364	2186620	2286686
1365	2188219	2288284
1366	2189817	2289884
1367	2191416	2291481
1368	2193014	2293082
1369	2194614	2294684
1370	2196214	2296285
1371	2197816	2297917
1372	2199441	2299509
1373	2201041	2301107
1374	2202640	2302710
1375	2204266	2304335
1376	2205865	2305932
1377	2207464	2307530
1378	2209062	2309128
1379	2210660	2310728
1380	2212258	2312324
1381	2213856	2313922
1382	2215454	2315521
1383	2217053	2317121
1384	2218651	2318728
1385	2220249	2320317
1386	2221849	2321915
1387	2223447	2323513
1388	2225045	2325112
1389	2226644	2326716
1390	2228242	2328310
1391	2229841	2329906
1392	2231439	2331506
1393	2233037	2333109
1394	2234639	2334707
1395	2236238	2336306
1396	2237837	2337903
1397	2239435	2339501
1398	2241033	2341099
1399	2242631	2342701
1400	2244233	2344300
1401	2245832	2345900
1402	2247432	2347498
1403	2249030	2349096
1404	2250628	2350695
1405	2252226	2352293
1406	2253825	2353891
1407	2255423	2355489
1408	2257021	2357087
1409	2258619	2358685
1410	2260217	2360283
1411	2261816	2361883
1412	2263414	2363480
1413	2265012	2365080
1414	2266613	2366679
1415	2268211	2368277
1416	2269809	2369875
1417	2271407	2371475
1418	2273007	2373074
1419	2274606	2374672
1420	2276204	2376270
1421	2277802	2377869
1422	2279401	2379466
1423	2280999	2381065
1424	2282597	2382663
1425	2284195	2384263
1426	2285794	2385860
1427	2287392	2387458
1428	2288991	2389057
1429	2290589	2390655
1430	2292187	2392253
1431	2293785	2393851
1432	2295383	2395449
1433	2296982	2397052
1434	2298584	2398659
1435	2300191	2400257
1436	2301790	2401855
1437	2303388	2403454
1438	2304987	2405054
1439	2306586	2406661
1440	2308193	2408259
1441	2309791	2409857
1442	2311389	2411454
1443	2312987	2413053
1444	2314585	2414653
1445	2316184	2416251
1446	2317783	2417849
1447	2319381	2419447
1448	2320979	2421045
1449	2322577	2422646
1450	2324178	2424243
1451	2325776	2425843
1452	2327374	2427440
1453	2328972	2429038
1454	2330570	2430637
1455	2332168	2432234
1456	2333766	2433832
1457	2335364	2435430
1458	2336963	2437029
1459	2338561	2438646
1460	2340169	2440235
1461	2341767	2441832
1462	2343365	2443430
1463	2344963	2445029
1464	2346561	2446634
1465	2348161	2448230
1466	2349762	2449828
1467	2351360	2451426
1468	2352958	2453024
1469	2354556	2454628
1470	2356159	2456225
1471	2357757	2457823
1472	2359355	2459421
1473	2360953	2461018
1474	2362551	2462635
1475	2364159	2464225
1476	2365757	2465823
1477	2367355	2467421
1478	2368953	2469019
1479	2370552	2470635
1480	2372160	2472226
1481	2373758	2473825
1482	2375357	2475424
1483	2376955	2477021
1484	2378553	2478621
1485	2380153	2480218
1486	2381751	2481817
1487	2383349	2483416
1488	2384947	2485015
1489	2386546	2486615
1490	2388145	2488211
1491	2389743	2489810
1492	2391342	2491407
1493	2392940	2493006
1494	2394538	2494634
1495	2396142	2496210
1496	2397740	2497807
1497	2399338	2499406
1498	2400939	2501004
1499	2402537	2502620
1500	2404137	2504203
1501	2405735	2505801
1502	2407333	2507399
1503	2408931	2508996
1504	2410529	2510596
1505	2412127	2512193
1506	2413725	2513790
1507	2415323	2515389
1508	2416921	2516986
1509	2418519	2518585
1510	2420117	2520182
1511	2421715	2521780
1512	2423313	2523379
1513	2424912	2524980
1514	2426512	2526578
1515	2428113	2528187
1516	2429712	2529777
1517	2431310	2531377
1518	2432908	2532979
1519	2434510	2534585
1520	2436108	2536175
1521	2437707	2537773
1522	2439305	2539371
1523	2440903	2540969
1524	2442501	2542567
1525	2444099	2544165
1526	2445697	2545763
1527	2447296	2547362
1528	2448894	2548960
1529	2450492	2550583
1530	2452106	2552172
1531	2453705	2553770
1532	2455303	2555369
1533	2456901	2556966
1534	2458499	2558565
1535	2460097	2560162
1536	2461695	2561760
1537	2463293	2563358
1538	2464891	2564957
1539	2466489	2566554
1540	2468087	2568152
1541	2469685	2569750
1542	2471283	2571348
1543	2472881	2572946
1544	2474479	2574544
1545	2476077	2576145
1546	2477677	2577743
1547	2479275	2579341
1548	2480873	2580942
1549	2482471	2582537
1550	2484069	2584154
1551	2485685	2585752
1552	2487284	2587349
1553	2488882	2588947
1554	2490479	2590545
1555	2492077	2592142
1556	2493675	2593755
1557	2495287	2595354
1558	2496886	2596959
1559	2498485	2598550
1560	2500082	2600156
1561	2501682	2601748
1562	2503279	2603344
1563	2504876	2604947
1564	2506478	2606543
1565	2508075	2608141
1566	2509673	2609738
1567	2511271	2611335
1568	2512868	2612933
1569	2514465	2614531
1570	2516063	2616128
1571	2517660	2617728
1572	2519258	2619323
1573	2520856	2620920
1574	2522453	2622517
1575	2524050	2624115
1576	2525648	2625731
1577	2527248	2627325
1578	2528846	2628927
1579	2530443	2630508
1580	2532040	2632106
1581	2533638	2633703
1582	2535235	2635310
1583	2536841	2636907
1584	2538439	2638504
1585	2540036	2640101
1586	2541633	2641698
1587	2543230	2643295
1588	2544827	2644894
1589	2546425	2646490
1590	2548022	2648087
1591	2549620	2649685
1592	2551217	2651284
1593	2552816	2652881
1594	2554414	2654479
1595	2556011	2656077
1596	2557609	2657674
1597	2559206	2659271
1598	2560803	2660869
1599	2562401	2662466
1600	2563998	2664063
1601	2565595	2665669
1602	2567200	2667265
1603	2568798	2668863
1604	2570395	2670460
1605	2571992	2672057
1606	2573589	2673657
1607	2575186	2675252
1608	2576784	2676851
1609	2578383	2678448
1610	2579980	2680045
1611	2581577	2681643
1612	2583174	2683239
1613	2584772	2684839
1614	2586370	2686435
1615	2587967	2688032
1616	2589564	2689647
1617	2591171	2691236
1618	2592768	2692833
1619	2594365	2694441
1620	2595962	2696028
1621	2597559	2697630
1622	2599161	2699226
1623	2600758	2700824
1624	2602355	2702423
1625	2603954	2704019
1626	2605551	2705635
1627	2607158	2707223
1628	2608755	2708820
1629	2610352	2710418
1630	2611949	2712015
1631	2613546	2713622
1632	2615153	2715218
1633	2616750	2716815
1634	2618347	2718412
1635	2619944	2720009
1636	2621541	2721610
1637	2623140	2723205
1638	2624737	2724802
1639	2626334	2726399
1640	2627931	2728022
1641	2629551	2729623
1642	2631154	2731221
1643	2632752	2732826
1644	2634350	2734421
1645	2635951	2736018
1646	2637549	2737619
1647	2639149	2739214
1648	2640746	2740812
1649	2642343	2742408
1650	2643940	2744021
1651	2645543	2745615
1652	2647143	2747209
1653	2648741	2748807
1654	2650338	2750403
1655	2651935	2752000
1656	2653532	2753601
1657	2655132	2755197
1658	2656729	2756794
1659	2658326	2758391
1660	2659923	2759988
1661	2661520	2761586
1662	2663117	2763182
1663	2664713	2764779
1664	2666311	2766376
1665	2667908	2767972
1666	2669504	2769569
1667	2671101	2771168
1668	2672699	2772764
1669	2674296	2774362
1670	2675893	2775958
1671	2677490	2777564
1672	2679087	2779156
1673	2680686	2780764
1674	2682283	2782351
1675	2683880	2783948
1676	2685478	2785544
1677	2687075	2787140
1678	2688672	2788737
1679	2690269	2790334
1680	2691866	2791934
1681	2693466	2793536
1682	2695068	2795134
1683	2696665	2796731
1684	2698263	2798327
1685	2699860	2799925
1686	2701457	2801521
1687	2703054	2803119
1688	2704651	2804729
1689	2706251	2806316
1690	2707849	2807914
1691	2709446	2809510
1692	2711043	2811108
1693	2712640	2812705
1694	2714237	2814303
1695	2715834	2815901
1696	2717431	2817496
1697	2719028	2819093
1698	2720625	2820690
1699	2722222	2822287
1700	2723819	2823884
1701	2725416	2825481
1702	2727013	2827078
1703	2728610	2828675
1704	2730207	2830273
1705	2731806	2831872
1706	2733403	2833468
1707	2735000	2835065
1708	2736597	2836662
1709	2738194	2838258
1710	2739791	2839856
1711	2741388	2841453
1712	2742985	2843050
1713	2744582	2844648
1714	2746180	2846248
1715	2747780	2847845
1716	2749377	2849441
1717	2750974	2851038
1718	2752571	2852635
1719	2754168	2854232
1720	2755765	2855831
1721	2757364	2857428
1722	2758961	2859025
1723	2760557	2860624
1724	2762156	2862221
1725	2763753	2863818
1726	2765350	2865414
1727	2766947	2867012
1728	2768544	2868613
1729	2770143	2870207
1730	2771742	2874620
1731	2773357	2874653
1732	2774971	2877587
1733	2776586	2877621
1734	2778198	2878416
1735	2779814	2879919
1736	2781424	2881508
1737	2783032	2883103
1738	2784632	2884694
1739	2786230	2886288
1740	2787825	2887881
1741	2789419	2889510
1742	2791013	2891107
1743	2792609	2892700
1744	2794203	2894301
1745	2795797	2895876
1746	2797391	2897482
1747	2798985	2899063
1748	2800579	2900665
1749	2802173	2902250
1750	2803766	2903843
1751	2805360	2905420
1752	2806957	2907054
1753	2808558	2908660
1754	2810153	2910243
1755	2811747	2911837
1756	2813340	2913431
1757	2814934	2914995
1758	2816529	2916619
1759	2818123	2918212
1760	2819716	2919806
1761	2821310	2921400
1762	2822903	2922994
1763	2824497	2924591
1764	2826093	2926185
1765	2827687	2927781
1766	2829281	2929371
1767	2830874	2930969
1768	2832471	2932565
1769	2834067	2934166
1770	2835668	2935761
1771	2837263	2937354
1772	2838857	2938947
1773	2840450	2940542
1774	2842045	2942135
1775	2843638	2943729
1776	2845232	2945324
1777	2846827	2946917
1778	2848420	2948511
1779	2850014	2950105
1780	2851607	2951699
1781	2853201	2953292
1782	2854794	2954887
1783	2856389	2956481
1784	2857983	2958077
1785	2859580	2959671
1786	2861173	2961265
1787	2862767	2962857
1788	2864361	2964452
1789	2865954	2966046
1790	2867548	2967649
1791	2869144	2969235
1792	2870737	2970828
1793	2872331	2972421
1794	2873924	2974022
1795	2875522	2975659
1796	2877117	2977208
1797	2878710	2978801
1798	2880303	2980393
1799	2881896	2981990
1800	2883493	2983588
1801	2885091	2985183
1802	2886686	2986777
1803	2888280	2988370
1804	2889873	2989964
1805	2891468	2991558
1806	2893061	2993148
1807	2894661	2994728
1808	2896259	2996318
1809	2897856	2997947
1810	2899451	2999541
1811	2901045	3001135
1812	2902639	3002729
1813	2904233	3004323
1814	2905827	3005917
1815	2907421	3007511
1816	2909016	3009108
1817	2910612	3010701
1818	2912206	3012296
1819	2913800	3013889
1820	2915393	3015483
1821	2916987	3017077
1822	2918582	3018671
1823	2920175	3020268
1824	2921769	3021859
1825	2923362	3023453
1826	2924957	3025048
1827	2926551	3026642
1828	2928146	3028236
1829	2929740	3029829
1830	2931333	3031400
1831	2932931	3032986
1832	2934524	3034581
1833	2936120	3036176
1834	2937715	3037769
1835	2939309	3039398
1836	2940902	3040992
1837	2942496	3042586
1838	2944090	3044166
1839	2945683	3045774
1840	2947278	3047368
1841	2948871	3048961
1842	2950465	3050554
1843	2952059	3052148
1844	2953652	3053728
1845	2955246	3055323
1846	2956841	3056932
1847	2958436	3058525
1848	2960029	3060122
1849	2961625	3061715
1850	2963219	3063309
1851	2964813	3064906
1852	2966408	3066497
1853	2968002	3068090
1854	2969595	3069672
1855	2971198	3071287
1856	2972791	3072881
1857	2974385	3074479
1858	2975982	3076271
1859	2977578	3077827
1860	2979173	3079450
1861	2980769	3080932
1862	2982363	3082524
1863	2983957	3084119
1864	2985554	3085728
1865	2987152	3087299
1866	2988746	3088904
1867	2990341	3090531
1868	2991935	3092125
1869	2993529	3093714
1870	2995123	3095283
1871	2996717	3096876
1872	2998311	3098468
1873	2999905	3100095
1874	3001499	3101690
1875	3003093	3103307
1876	3004708	3104900
1877	3006303	3106503
1878	3007897	3107987
1879	3009491	3109579
1880	3011085	3111175
1881	3012681	3112769
1882	3014275	3114364
1883	3015870	3115961
1884	3017464	3117551
1885	3019057	3119145
1886	3020651	3120739
1887	3022244	3122333
1888	3023838	3123927
1889	3025432	3125521
1890	3027026	3127114
1891	3028619	3128710
1892	3030213	3130307
1893	3031810	3131901
1894	3033404	3133481
1895	3034998	3135080
1896	3036598	3136678
1897	3038196	3138272
1898	3039790	3139880
1899	3041384	3141473
1900	3042978	3143066
1901	3044571	3144670
1902	3046166	3146255
1903	3047760	3147851
1904	3049356	3149445
1905	3050950	3151039
1906	3052543	3152642
1907	3054139	3154228
1908	3055733	3155822
1909	3057327	3157417
1910	3058921	3159010
1911	3060515	3160606
1912	3062108	3162202
1913	3063704	3163794
1914	3065299	3165388
1915	3066892	3166981
1916	3068486	3168575
1917	3070080	3170168
1918	3071673	3171762
1919	3073267	3173356
1920	3074861	3174950
1921	3076455	3176536
1922	3078049	3178125
1923	3079644	3179701
1924	3081238	3181294
1925	3082833	3182889
1926	3084427	3184486
1927	3086024	3186081
1928	3087619	3187677
1929	3089216	3189305
1930	3090810	3190906
1931	3092404	3192493
1932	3093998	3194087
1933	3095594	3195663
1934	3097188	3197245
1935	3098783	3198871
1936	3100376	3200465
1937	3101970	3202058
1938	3103563	3203668
1939	3105162	3205251
1940	3106755	3207027
1941	3108350	3208558
1942	3109943	3210138
1943	3111537	3211755
1944	3113139	3213339
1945	3114736	3214935
1946	3116330	3216537
1947	3117924	3218121
1948	3119518	3219710
1949	3121112	3221332
1950	3122705	3222928
1951	3124299	3224521
1952	3125894	3226108
1953	3127487	3227673
1954	3129081	3229286
1955	3130686	3230887
1956	3132289	3232480
1957	3133886	3234064
1958	3135482	3235659
1959	3137077	3237276
1960	3138671	3238728
1961	3140269	3240355
1962	3141863	3241948
1963	3143456	3243545
1964	3145049	3245139
1965	3146644	3246733
1966	3148238	3248326
1967	3149831	3249919
1968	3151426	3251511
1969	3153019	3253107
1970	3154613	3254711
1971	3156216	3256305
1972	3157810	3257899
1973	3159404	3259493
1974	3160998	3261086
1975	3162591	3262683
1976	3164194	3264285
1977	3165790	3265878
1978	3167383	3267472
1979	3168977	3269065
1980	3170571	3270680
1981	3172164	3272253
1982	3173758	3273851
1983	3175353	3275441
1984	3176947	3277035
1985	3178540	3278637
1986	3180136	3280225
1987	3181730	3281818
1988	3183323	3283412
1989	3184917	3285008
1990	3186513	3286602
1991	3188107	3288195
1992	3189701	3289793
1993	3191298	3291388
1994	3192894	3292982
1995	3194488	3294577
1996	3196082	3296171
1997	3197679	3297776
1998	3199273	3299361
1999	3200867	3300955
2000	3202460	3302555
