1	0	100677
2	1527	101712
3	6514	106781
4	7991	108124
5	9413	109573
6	10832	111036
7	12316	112609
8	13888	114195
9	15440	115781
10	17007	117173
11	18425	118562
12	19833	119942
13	21243	121318
14	22640	122704
15	24028	124094
16	25418	125508
17	26805	126894
18	28191	128281
19	29577	129641
20	30964	131031
21	32351	132412
22	33738	133800
23	35124	135188
24	36512	136572
25	37898	137959
26	39285	139376
27	40674	140763
28	42060	142149
29	43447	143508
30	44833	144898
31	46223	146283
32	47609	147669
33	48996	149056
34	50382	150442
35	51768	151830
36	53154	153279
37	54540	154667
38	55928	156053
39	57314	157433
40	58722	158871
41	60152	160264
42	61564	161749
43	62993	163128
44	64404	164510
45	65797	165921
46	67204	167300
47	68591	168754
48	69977	170357
49	71364	171953
50	72750	173553
51	74137	175179
52	75527	176779
53	76914	178372
54	78300	179956
55	79688	181553
56	81075	183154
57	82462	184755
58	83848	186390
59	85241	187981
60	86644	189557
61	88031	191154
62	89420	192779
63	90829	194379
64	92237	195974
65	93633	197554
66	95049	199154
67	96470	200753
68	97885	202382
69	99292	203982
70	100702	205555
71	102090	207152
72	103478	208754
73	104867	210373
74	106255	211956
75	107643	213553
76	109038	215154
77	110426	216753
78	111813	218353
79	113204	219955
80	114592	221553
81	115981	223156
82	117367	224754
83	118754	226354
84	120143	227974
85	121530	229581
86	122918	231171
87	124306	232754
88	125711	234354
89	127098	235956
90	128485	237554
91	129871	239153
92	131263	240754
93	132650	242353
94	134038	243982
95	135426	245581
96	136814	247154
97	138201	248753
98	139588	250353
99	140975	251953
100	142362	253573
101	143748	255182
102	145137	256773
103	146529	258354
104	147918	259953
105	149307	261581
106	150696	263182
107	152084	264788
108	153474	266373
109	154860	267973
110	156248	269553
111	157635	271153
112	159024	272752
113	160412	274355
114	161799	275953
115	163188	277554
116	164576	279153
117	165964	280753
118	167352	282353
119	168740	283954
120	170126	285554
121	171527	287153
122	172923	288753
123	174312	290353
124	175707	291954
125	177094	293581
126	178480	295182
127	179869	296781
128	181257	298389
129	182645	299979
130	184034	301569
131	185425	303181
132	186817	304782
133	188206	306391
134	189597	307981
135	190987	309579
136	192375	311179
137	193763	312782
138	195150	314383
139	196537	315982
140	197934	317581
141	199332	319182
142	200719	320781
143	202107	322383
144	203494	323982
145	204880	325582
146	206268	327182
147	207657	328781
148	209045	330382
149	210431	331981
150	211818	333582
151	213206	335182
152	214594	336782
153	215984	338389
154	217372	339980
155	218760	341579
156	220150	343182
157	221539	344782
158	222958	346382
159	224347	347981
160	225739	349582
161	227127	351173
162	228513	352782
163	229900	354382
164	231295	355982
165	232684	357572
166	234072	359184
167	235461	360782
168	236849	362381
169	238240	363981
170	239629	365579
171	241017	367182
172	242409	368781
173	243796	370381
174	245183	371982
175	246571	373581
176	247958	375182
177	249346	376781
178	250735	378382
179	252123	379991
180	253510	381582
181	254896	383182
182	256292	384782
183	257679	386382
184	259067	387981
185	260456	389582
186	261844	391181
187	263233	392782
188	264630	394382
189	266017	395981
190	267404	397581
191	268791	399182
192	270180	400779
193	271569	402382
194	272964	403982
195	274353	405581
196	275744	407181
197	277133	408782
198	278522	410381
199	279910	411983
200	281299	413582
201	282688	415182
202	284075	416782
203	285465	418382
204	286856	419982
205	288244	421581
206	289633	423183
207	291022	424773
208	292411	426382
209	293799	427982
210	295185	429581
211	296575	431182
212	297962	432791
213	299349	434382
214	300737	435982
215	302123	437555
216	303511	439153
217	304899	440752
218	306294	442353
219	307680	443983
220	309070	445582
221	310457	447154
222	311844	448752
223	313232	450352
224	314619	451952
225	316007	453591
226	317403	455173
227	318790	456772
228	320177	458354
229	321564	459953
230	322950	461552
231	324338	463153
232	325727	464753
233	327121	466355
234	328508	467952
235	329895	469581
236	331284	471182
237	332671	472772
238	334058	474354
239	335446	475954
240	336832	477552
241	338230	479173
242	339621	480773
243	341009	482354
244	342398	483953
245	343785	485554
246	345172	487152
247	346560	488752
248	347947	490353
249	349343	491952
250	350733	493581
251	352124	495182
252	353523	496773
253	354911	498354
254	356300	499953
255	357687	501553
256	359074	503181
257	360461	504783
258	361847	506393
259	363236	507954
260	364623	509553
261	366018	511153
262	367405	512781
263	368792	514383
264	370181	515982
265	371568	517573
266	372955	519171
267	374342	520754
268	375735	522355
269	377123	523954
270	378510	525553
271	379897	527183
272	381283	528755
273	382670	530359
274	384057	531957
275	385445	533556
276	386832	535184
277	388221	536783
278	389608	538354
279	391004	539952
280	392391	541552
281	393778	543182
282	395165	544782
283	396552	546382
284	397942	547954
285	399329	549553
286	400715	551152
287	402102	552781
288	403489	554373
289	404876	555954
290	406263	557553
291	407650	559153
292	409046	560752
293	410433	562352
294	411828	563953
295	413216	565553
296	414603	567153
297	415990	568752
298	417377	570381
299	418764	571982
300	420153	573582
301	421540	575154
302	422935	576752
303	424322	578352
304	425710	579989
305	427099	581572
306	428486	583153
307	429873	584753
308	431260	586352
309	432648	587952
310	434035	589553
311	435423	591153
312	436816	592752
313	438203	594383
314	439593	595981
315	440983	597573
316	442375	599153
317	443771	600753
318	445159	602352
319	446547	603982
320	447934	605581
321	449323	607154
322	450713	608754
323	452100	610383
324	453494	611954
325	454882	613553
326	456269	615154
327	457657	616753
328	459046	618353
329	460436	619953
330	461823	621553
331	463215	623155
332	464607	624754
333	465995	626353
334	467385	627953
335	468774	629552
336	470161	631152
337	471548	632754
338	472936	634353
339	474325	635953
340	475713	637552
341	477104	639152
342	478494	640753
343	479880	642352
344	481268	643953
345	482657	645553
346	484045	647153
347	485435	648752
348	486826	650352
349	488216	651982
350	489606	653553
351	490995	655154
352	492386	656753
353	493774	658353
354	495165	659953
355	496554	661557
356	497941	663155
357	499329	664755
358	500718	666354
359	502106	667953
360	503495	669553
361	504883	671152
362	506270	672803
363	507658	674355
364	509049	675954
365	510439	677553
366	511827	679153
367	513218	680772
368	514605	682371
369	515993	683964
370	517383	685553
371	518771	687152
372	520157	688752
373	521547	690352
374	522936	691954
375	524325	693591
376	525714	695183
377	527109	696773
378	528498	698355
379	529886	699953
380	531279	701557
381	532668	703181
382	534057	704782
383	535447	706373
384	536837	707954
385	538236	709554
386	539640	711153
387	541027	712752
388	542413	714353
389	543798	715953
390	545183	717553
391	546571	719153
392	547955	720781
393	549342	722383
394	550728	723975
395	552113	725555
396	553502	727153
397	554887	728752
398	556271	730372
399	557659	731972
400	559046	733554
401	560431	735153
402	561815	736752
403	563201	738353
404	564588	739952
405	565973	741553
406	567359	743153
407	568745	744783
408	570129	746382
409	571515	747973
410	572899	749553
411	574286	751152
412	575673	752771
413	577061	754355
414	578448	755953
415	579832	757573
416	581219	759172
417	582604	760754
418	583989	762353
419	585376	763954
420	586762	765553
421	588146	767153
422	589532	768753
423	590918	770353
424	592306	771982
425	593690	773581
426	595074	775173
427	596460	776754
428	597847	778353
429	599235	779981
430	600621	781572
431	602006	783154
432	603392	784754
433	604776	786354
434	606161	787954
435	607545	789553
436	608932	791153
437	610319	792752
438	611702	794373
439	613088	795972
440	614476	797554
441	615871	799152
442	617265	800810
443	618655	802353
444	620046	803982
445	621433	805573
446	622818	807184
447	624203	808754
448	625588	810354
449	626976	811959
450	628361	813555
451	629745	815155
452	631133	816754
453	632517	818354
454	633902	819954
455	635288	821582
456	636673	823183
457	638057	824774
458	639441	826354
459	640826	827953
460	642215	829553
461	643599	831172
462	644983	832754
463	646369	834353
464	647753	835952
465	649138	837552
466	650523	839152
467	651907	840752
468	653291	842353
469	654675	843981
470	656060	845581
471	657445	847172
472	658838	848753
473	660226	850352
474	661611	851952
475	662995	853582
476	664381	855172
477	665767	856754
478	667152	858353
479	668536	859954
480	669921	861553
481	671306	863153
482	672690	864754
483	674102	866353
484	675496	867953
485	676885	869553
486	678271	871181
487	679657	872782
488	681042	874373
489	682427	875954
490	683812	877553
491	685196	879170
492	686585	880773
493	687970	882372
494	689354	883955
495	690738	885553
496	692123	887153
497	693509	888752
498	694893	890353
499	696278	891952
500	697662	893581
501	699046	895182
502	700431	896773
503	701816	898354
504	703200	899986
505	704587	901553
506	705971	903181
507	707361	904773
508	708749	906372
509	710135	907981
510	711519	909581
511	712904	911180
512	714288	912779
513	715673	914383
514	717058	915982
515	718442	917582
516	719827	919181
517	721214	920800
518	722599	922394
519	723983	923984
520	725369	925582
521	726755	927173
522	728149	928782
523	729536	930381
524	730926	931955
525	732310	933553
526	733695	935154
527	735080	936753
528	736465	938353
529	737850	939953
530	739236	941583
531	740621	943181
532	742005	944783
533	743390	946381
534	744774	947954
535	746159	949553
536	747543	951153
537	748927	952753
538	750312	954382
539	751697	955974
540	753084	957572
541	754470	959154
542	755855	960753
543	757239	962353
544	758623	963954
545	760007	965553
546	761392	967153
547	762777	968753
548	764161	970382
549	765547	971982
550	766931	973554
551	768316	975154
552	769701	976753
553	771086	978353
554	772470	979953
555	773857	981573
556	775243	983153
557	776631	984753
558	778019	986352
559	779404	987952
560	780789	989552
561	782173	991153
562	783557	992753
563	784943	994382
564	786338	995984
565	787722	997582
566	789108	999193
567	790493	1000755
568	791877	1002353
569	793262	1003986
570	794646	1005581
571	796031	1007172
572	797417	1008754
573	798801	1010353
574	800187	1011959
575	801571	1013552
576	802956	1015153
577	804340	1016752
578	805724	1018352
579	807108	1019952
580	808493	1021581
581	809877	1023183
582	811263	1024777
583	812647	1026353
584	814032	1027953
585	815417	1029552
586	816802	1031172
587	818186	1032753
588	819572	1034352
589	820957	1035953
590	822341	1037552
591	823725	1039152
592	825109	1040752
593	826497	1042351
594	827882	1043952
595	829266	1045581
596	830650	1047172
597	832034	1048754
598	833419	1050351
599	834804	1051952
600	836189	1053581
601	837574	1055191
602	838958	1056773
603	840342	1058372
604	841729	1059953
605	843114	1061552
606	844498	1063152
607	845883	1064752
608	847267	1066352
609	848652	1067952
610	850036	1069552
611	851420	1071180
612	852805	1072781
613	854189	1074359
614	855573	1075957
615	856957	1077557
616	858343	1079184
617	859727	1080783
618	861113	1082371
619	862497	1083955
620	863884	1085554
621	865270	1087154
622	866655	1088753
623	868039	1090353
624	869424	1091953
625	870807	1093553
626	872192	1095175
627	873576	1096754
628	874960	1098353
629	876352	1099954
630	877737	1101553
631	879121	1103181
632	880505	1104782
633	881890	1106409
634	883274	1107981
635	884659	1109573
636	886046	1111171
637	887431	1112754
638	888824	1114354
639	890209	1115953
640	891593	1117554
641	892977	1119153
642	894362	1120753
643	895747	1122355
644	897131	1123954
645	898516	1125553
646	899902	1127160
647	901287	1128754
648	902672	1130353
649	904056	1131954
650	905441	1133554
651	906825	1135154
652	908217	1136754
653	909601	1138353
654	911003	1139954
655	912388	1141554
656	913771	1143153
657	915155	1144782
658	916540	1146381
659	917924	1147954
660	919308	1149553
661	920692	1151154
662	922101	1152752
663	923486	1154382
664	924870	1155981
665	926257	1157613
666	927643	1159181
667	929033	1160771
668	930417	1162373
669	931810	1163954
670	933194	1165553
671	934580	1167153
672	935965	1168752
673	937349	1170354
674	938733	1171953
675	940118	1173556
676	941502	1175154
677	942886	1176753
678	944276	1178354
679	945661	1179953
680	947045	1181554
681	948432	1183153
682	949818	1184753
683	951202	1186353
684	952590	1187953
685	953974	1189554
686	955358	1191154
687	956742	1192752
688	958127	1194382
689	959513	1195982
690	960897	1197572
691	962281	1199154
692	963665	1200752
693	965049	1202354
694	966434	1203982
695	967818	1205581
696	969202	1207182
697	970589	1208781
698	971972	1210372
699	973357	1211954
700	974741	1213553
701	976126	1215155
702	977514	1216752
703	978898	1218353
704	980283	1219954
705	981667	1221553
706	983051	1223155
707	984435	1224752
708	985820	1226354
709	987204	1227954
710	988589	1229553
711	989973	1231153
712	991357	1232752
713	992744	1234354
714	994128	1235954
715	995514	1237553
716	996898	1239154
717	998281	1240752
718	999665	1242353
719	1001051	1243981
720	1002436	1245581
721	1003821	1247172
722	1005205	1248753
723	1006589	1250383
724	1007973	1251954
725	1009357	1253581
726	1010743	1255182
727	1012127	1256781
728	1013534	1258381
729	1014929	1259973
730	1016316	1261572
731	1017701	1263153
732	1019085	1264753
733	1020470	1266353
734	1021855	1267954
735	1023241	1269553
736	1024625	1271159
737	1026010	1272753
738	1027397	1274354
739	1028781	1275954
740	1030166	1277553
741	1031558	1279154
742	1032942	1280764
743	1034327	1282382
744	1035712	1283982
745	1037100	1285581
746	1038484	1287181
747	1039868	1288771
748	1041252	1290372
749	1042637	1291998
750	1044021	1293582
751	1045406	1295182
752	1046789	1296784
753	1048173	1298355
754	1049557	1299981
755	1050942	1301573
756	1052326	1303154
757	1053711	1304783
758	1055094	1306381
759	1056482	1307980
760	1057866	1309569
761	1059252	1311174
762	1060637	1312819
763	1062022	1314374
764	1063406	1316169
765	1064790	1317554
766	1066176	1319153
767	1067559	1320752
768	1068944	1322355
769	1070328	1323954
770	1071712	1325554
771	1073096	1327153
772	1074482	1328752
773	1075866	1330353
774	1077253	1331953
775	1078636	1333553
776	1080023	1335153
777	1081410	1336752
778	1082795	1338352
779	1084180	1339952
780	1085564	1341553
781	1086949	1343152
782	1088332	1344781
783	1089715	1346372
784	1091099	1347953
785	1092483	1349552
786	1093866	1351153
787	1095250	1352752
788	1096634	1354386
789	1098017	1355981
790	1099401	1357580
791	1100784	1359181
792	1102168	1360780
793	1103554	1362371
794	1104937	1363984
795	1106321	1365555
796	1107704	1367152
797	1109087	1368752
798	1110470	1370352
799	1111854	1371952
800	1113238	1373552
801	1114625	1375153
802	1116009	1376752
803	1117393	1378351
804	1118776	1379952
805	1120159	1381552
806	1121543	1383152
807	1122927	1384752
808	1124311	1386351
809	1125697	1387952
810	1127084	1389551
811	1128475	1391152
812	1129860	1392752
813	1131244	1394352
814	1132628	1395981
815	1134011	1397573
816	1135396	1399153
817	1136780	1400752
818	1138163	1402351
819	1139546	1403981
820	1140930	1405607
821	1142314	1407190
822	1143697	1408781
823	1145080	1410372
824	1146464	1411954
825	1147850	1413554
826	1149236	1415154
827	1150619	1416753
828	1152003	1418353
829	1153387	1419954
830	1154770	1421553
831	1156153	1423154
832	1157536	1424752
833	1158927	1426354
834	1160310	1427953
835	1161693	1429553
836	1163076	1431154
837	1164460	1432751
838	1165845	1434354
839	1167230	1435983
840	1168614	1437554
841	1169999	1439153
842	1171383	1440752
843	1172766	1442353
844	1174150	1443955
845	1175555	1445582
846	1176944	1447173
847	1178330	1448753
848	1179715	1450353
849	1181100	1451954
850	1182485	1453580
851	1183868	1455172
852	1185253	1456753
853	1186637	1458353
854	1188021	1459953
855	1189404	1461553
856	1190787	1463158
857	1192173	1464754
858	1193557	1466353
859	1194940	1467953
860	1196325	1469581
861	1197708	1471182
862	1199092	1472771
863	1200475	1474354
864	1201859	1475953
865	1203243	1477552
866	1204626	1479181
867	1206009	1480779
868	1207393	1482352
869	1208776	1483952
870	1210160	1485553
871	1211543	1487152
872	1212928	1488753
873	1214315	1490352
874	1215699	1491951
875	1217083	1493552
876	1218467	1495181
877	1219850	1496772
878	1221235	1498354
879	1222619	1499953
880	1224002	1501552
881	1225386	1503171
882	1226777	1504782
883	1228162	1506381
884	1229545	1507994
885	1230928	1509580
886	1232313	1511180
887	1233696	1512778
888	1235080	1514379
889	1236467	1515955
890	1237851	1517552
891	1239236	1519151
892	1240619	1520752
893	1242002	1522352
894	1243386	1523955
895	1244769	1525552
896	1246153	1527152
897	1247536	1528751
898	1248922	1530352
899	1250306	1531952
900	1251689	1533552
901	1253072	1535152
902	1254456	1536752
903	1255840	1538352
904	1257226	1539952
905	1258611	1541551
906	1259994	1543163
907	1261387	1544782
908	1262770	1546381
909	1264161	1547972
910	1265546	1549553
911	1266930	1551153
912	1268314	1552751
913	1269702	1554382
914	1271132	1555980
915	1272517	1557580
916	1273902	1559172
917	1275288	1560770
918	1276672	1562371
919	1278059	1563953
920	1279444	1565552
921	1280832	1567151
922	1282218	1568751
923	1283601	1570380
924	1284985	1571981
925	1286369	1573580
926	1287752	1575181
927	1289135	1576780
928	1290518	1578372
929	1291901	1579990
930	1293284	1581581
931	1294667	1583181
932	1296054	1584781
933	1297438	1586372
934	1298823	1587954
935	1300207	1589551
936	1301590	1591152
937	1302983	1592751
938	1304369	1594381
939	1305753	1595980
940	1307136	1597572
941	1308519	1599153
942	1309902	1600752
943	1311286	1602351
944	1312669	1603981
945	1314052	1605581
946	1315438	1607154
947	1316821	1608751
948	1318206	1610416
949	1319591	1611981
950	1320976	1613580
951	1322361	1615181
952	1323750	1616771
953	1325135	1618353
954	1326520	1619952
955	1327907	1621553
956	1329300	1623154
957	1330685	1624753
958	1332069	1626352
959	1333457	1627952
960	1334841	1629553
961	1336228	1631153
962	1337614	1632752
963	1338998	1634353
964	1340383	1635952
965	1341767	1637552
966	1343152	1639151
967	1344537	1640752
968	1345923	1642351
969	1347306	1643981
970	1348690	1645581
971	1350074	1647180
972	1351459	1648772
973	1352844	1650352
974	1354230	1651952
975	1355616	1653552
976	1356999	1655181
977	1358382	1656781
978	1359765	1658381
979	1361148	1659980
980	1362531	1661581
981	1363914	1663181
982	1365298	1664782
983	1366682	1666381
984	1368066	1667980
985	1369450	1669581
986	1370833	1671180
987	1372219	1672786
988	1373603	1674382
989	1374987	1675955
990	1376371	1677553
991	1377760	1679152
992	1379144	1680753
993	1380528	1682352
994	1381912	1683953
995	1383296	1685552
996	1384679	1687152
997	1386063	1688752
998	1387447	1690351
999	1388831	1691951
1000	1390216	1693552
1001	1391600	1695152
1002	1392984	1696752
1003	1394369	1698352
1004	1395762	1699951
1005	1397145	1701551
1006	1398528	1703182
1007	1399915	1704754
1008	1401299	1706352
1009	1402683	1707952
1010	1404066	1709552
1011	1405465	1711153
1012	1406849	1712752
1013	1408233	1714352
1014	1409616	1715952
1015	1410999	1717552
1016	1412384	1719152
1017	1413767	1720752
1018	1415151	1722352
1019	1416536	1723955
1020	1417920	1725552
1021	1419305	1727152
1022	1420688	1728752
1023	1422074	1730352
1024	1423458	1731952
1025	1424842	1733552
1026	1426229	1735156
1027	1427614	1736752
1028	1428998	1738352
1029	1430382	1739952
1030	1431765	1741552
1031	1433149	1743152
1032	1434533	1744753
1033	1435917	1746351
1034	1437300	1747952
1035	1438684	1749552
1036	1440068	1751152
1037	1441451	1752752
1038	1442835	1754352
1039	1444224	1755952
1040	1445608	1757552
1041	1447000	1759152
1042	1448383	1760752
1043	1449768	1762352
1044	1451152	1763952
1045	1452536	1765552
1046	1453919	1767152
1047	1455303	1768752
1048	1456686	1770351
1049	1458069	1771952
1050	1459453	1773552
1051	1460837	1775169
1052	1462223	1776752
1053	1463607	1778352
1054	1464991	1779952
1055	1466378	1781552
1056	1467762	1783152
1057	1469144	1784752
1058	1470528	1786352
1059	1471911	1787952
1060	1473294	1789551
1061	1474679	1791152
1062	1476063	1792752
1063	1477450	1794352
1064	1478833	1795952
1065	1480218	1797551
1066	1481601	1799152
1067	1482985	1800752
1068	1484369	1802352
1069	1485754	1803953
1070	1487137	1805552
1071	1488522	1807152
1072	1489908	1808752
1073	1491291	1810351
1074	1492675	1811953
1075	1494064	1813552
1076	1495449	1815153
1077	1496832	1816752
1078	1498217	1818351
1079	1499601	1819951
1080	1500984	1821552
1081	1502368	1823154
1082	1503752	1824753
1083	1505135	1826352
1084	1506520	1827953
1085	1507903	1829552
1086	1509286	1831152
1087	1510672	1832780
1088	1512055	1834381
1089	1513439	1835981
1090	1514822	1837580
1091	1516205	1839181
1092	1517590	1840781
1093	1518977	1842380
1094	1520360	1843971
1095	1521743	1845553
1096	1523127	1847182
1097	1524511	1848752
1098	1525895	1850352
1099	1527282	1851955
1100	1528666	1853556
1101	1530056	1855152
1102	1531440	1856752
1103	1532826	1858352
1104	1534213	1859952
1105	1535598	1861552
1106	1536982	1863152
1107	1538366	1864753
1108	1539750	1866352
1109	1541133	1867952
1110	1542517	1869552
1111	1543919	1871151
1112	1545305	1872752
1113	1546688	1874352
1114	1548071	1875952
1115	1549454	1877552
1116	1550837	1879152
1117	1552223	1880752
1118	1553609	1882351
1119	1554992	1883956
1120	1556376	1885553
1121	1557758	1887152
1122	1559141	1888752
1123	1560533	1890352
1124	1561915	1891952
1125	1563298	1893552
1126	1564682	1895153
1127	1566067	1896752
1128	1567451	1898351
1129	1568834	1899953
1130	1570220	1901563
1131	1571602	1903156
1132	1572985	1904754
1133	1574368	1906353
1134	1575753	1907953
1135	1577136	1909552
1136	1578521	1911152
1137	1579904	1912753
1138	1581287	1914353
1139	1582669	1915952
1140	1584052	1917552
1141	1585435	1919152
1142	1586818	1920752
1143	1588201	1922381
1144	1589585	1923983
1145	1590969	1925581
1146	1592352	1927154
1147	1593735	1928752
1148	1595119	1930352
1149	1596502	1931980
1150	1597887	1933580
1151	1599270	1935182
1152	1600655	1936780
1153	1602037	1938381
1154	1603421	1940001
1155	1604804	1941581
1156	1606187	1943181
1157	1607570	1944782
1158	1608955	1946381
1159	1610338	1947981
1160	1611730	1949581
1161	1613117	1951180
1162	1614500	1952780
1163	1615883	1954382
1164	1617266	1955980
1165	1618649	1957581
1166	1620036	1959181
1167	1621421	1960780
1168	1622804	1962381
1169	1624188	1963985
1170	1625576	1965582
1171	1626964	1967181
1172	1628351	1968779
1173	1629734	1970382
1174	1631128	1971953
1175	1632514	1973574
1176	1633900	1975173
1177	1635285	1976767
1178	1636668	1978350
1179	1638052	1979969
1180	1639436	1981569
1181	1640820	1983180
1182	1642206	1984780
1183	1643589	1986353
1184	1644972	1987950
1185	1646356	1989549
1186	1647739	1991165
1187	1649121	1992747
1188	1650506	1994347
1189	1651890	1995967
1190	1653273	1997568
1191	1654656	1999167
1192	1656040	2000768
1193	1657423	2002368
1194	1658806	2003968
1195	1660188	2005567
1196	1661571	2007167
1197	1662955	2008767
1198	1664340	2010367
1199	1665723	2011969
1200	1667106	2013568
1201	1668489	2015168
1202	1669871	2016778
1203	1671254	2018367
1204	1672637	2019967
1205	1674020	2021567
1206	1675403	2023169
1207	1676798	2024771
1208	1678191	2026379
1209	1679577	2027978
1210	1680962	2029578
1211	1682355	2031178
1212	1683740	2032778
1213	1685125	2034379
1214	1686513	2035979
1215	1687897	2037578
1216	1689281	2039178
1217	1690664	2040777
1218	1692048	2042378
1219	1693432	2043978
1220	1694815	2045578
1221	1696199	2047177
1222	1697583	2048778
1223	1698967	2050378
1224	1700351	2051978
1225	1701734	2053577
1226	1703118	2055178
1227	1704501	2056778
1228	1705885	2058386
1229	1707269	2059978
1230	1708655	2061580
1231	1710039	2063177
1232	1711423	2064779
1233	1712808	2066378
1234	1714191	2067978
1235	1715575	2069578
1236	1716959	2071178
1237	1718342	2072777
1238	1719726	2074378
1239	1721110	2075978
1240	1722493	2077577
1241	1723877	2079178
1242	1725260	2080778
1243	1726644	2082378
1244	1728031	2083979
1245	1729415	2085578
1246	1730808	2087177
1247	1732193	2088778
1248	1733577	2090378
1249	1734967	2091978
1250	1736354	2093577
1251	1737738	2095178
1252	1739121	2096778
1253	1740505	2098378
1254	1741889	2099978
1255	1743273	2101578
1256	1744662	2103178
1257	1746048	2104779
1258	1747434	2106377
1259	1748819	2107978
1260	1750204	2109578
1261	1751590	2111178
1262	1752977	2112775
1263	1754361	2114370
1264	1755747	2115968
1265	1757129	2117568
1266	1758513	2119168
1267	1759897	2120767
1268	1761281	2122378
1269	1762665	2123981
1270	1764048	2125580
1271	1765433	2127178
1272	1766816	2128778
1273	1768199	2130378
1274	1769583	2131977
1275	1770966	2133578
1276	1772350	2135178
1277	1773735	2136777
1278	1775120	2138378
1279	1776504	2139978
1280	1777890	2141579
1281	1779274	2143178
1282	1780658	2144779
1283	1782042	2146378
1284	1783426	2147978
1285	1784810	2149578
1286	1786195	2151177
1287	1787577	2152778
1288	1788961	2154379
1289	1790345	2155977
1290	1791729	2157578
1291	1793113	2159178
1292	1794496	2160778
1293	1795881	2162378
1294	1797266	2163978
1295	1798650	2165578
1296	1800033	2167177
1297	1801417	2168778
1298	1802801	2170377
1299	1804184	2171983
1300	1805569	2173578
1301	1806953	2175178
1302	1808335	2176779
1303	1809719	2178350
1304	1811103	2179948
1305	1812496	2181564
1306	1813880	2183167
1307	1815265	2184768
1308	1816649	2186370
1309	1818031	2187967
1310	1819419	2189567
1311	1820802	2191168
1312	1822186	2192777
1313	1823570	2194369
1314	1824954	2195967
1315	1826338	2197568
1316	1827724	2199167
1317	1829109	2200779
1318	1830493	2202378
1319	1831877	2203979
1320	1833261	2205577
1321	1834643	2207178
1322	1836038	2208778
1323	1837422	2210378
1324	1838805	2211978
1325	1840189	2213570
1326	1841574	2215149
1327	1842957	2216747
1328	1844340	2218367
1329	1845724	2219948
1330	1847109	2221547
1331	1848492	2223149
1332	1849875	2224747
1333	1851259	2226347
1334	1852643	2227978
1335	1854026	2229578
1336	1855411	2231178
1337	1856795	2232778
1338	1858179	2234379
1339	1859561	2235978
1340	1860945	2237578
1341	1862329	2239178
1342	1863715	2240777
1343	1865099	2242378
1344	1866483	2243978
1345	1867867	2245578
1346	1869250	2247178
1347	1870634	2248778
1348	1872017	2250377
1349	1873401	2251978
1350	1874785	2253578
1351	1876169	2255179
1352	1877553	2256777
1353	1878940	2258378
1354	1880324	2259978
1355	1881707	2261578
1356	1883091	2263178
1357	1884477	2264779
1358	1885872	2266378
1359	1887256	2267978
1360	1888640	2269577
1361	1890031	2271178
1362	1891415	2272778
1363	1892799	2274378
1364	1894183	2275977
1365	1895568	2277581
1366	1896951	2279169
1367	1898335	2280748
1368	1899718	2282348
1369	1901103	2283969
1370	1902510	2285549
1371	1903901	2287147
1372	1905291	2288747
1373	1906693	2290347
1374	1908077	2291947
1375	1909459	2293578
1376	1910839	2295179
1377	1912223	2296777
1378	1913605	2298378
1379	1914987	2299978
1380	1916369	2301578
1381	1917751	2303178
1382	1919133	2304778
1383	1920514	2306368
1384	1921897	2307949
1385	1923278	2309548
1386	1924659	2311193
1387	1926041	2312780
1388	1927422	2314375
1389	1928809	2315974
1390	1930199	2317577
1391	1931581	2319178
1392	1932962	2320778
1393	1934343	2322377
1394	1935725	2323980
1395	1937107	2325578
1396	1938488	2327178
1397	1939869	2328778
1398	1941250	2330378
1399	1942631	2331978
1400	1944011	2333577
1401	1945399	2335178
1402	1946780	2336778
1403	1948161	2338378
1404	1949542	2339977
1405	1950935	2341578
1406	1952318	2343177
1407	1953700	2344778
1408	1955084	2346378
1409	1956466	2347977
1410	1957849	2349578
1411	1959235	2351178
1412	1960616	2352777
1413	1961997	2354379
1414	1963378	2355978
1415	1964759	2357578
1416	1966141	2359178
1417	1967522	2360778
1418	1968904	2362377
1419	1970305	2363978
1420	1971688	2365578
1421	1973643	2367177
1422	1975039	2368778
1423	1976444	2370378
1424	1977834	2371978
1425	1979218	2373578
1426	1980599	2375178
1427	1981980	2376777
1428	1983361	2378378
1429	1984743	2379979
1430	1986134	2381578
1431	1987521	2383177
1432	1988908	2384778
1433	1990295	2386379
1434	1991682	2387977
1435	1993125	2389579
1436	1994517	2391178
1437	1995905	2392778
1438	1997291	2394378
1439	1998676	2395978
1440	2000061	2397577
1441	2001447	2399178
1442	2002832	2400777
1443	2004218	2402378
1444	2005610	2403978
1445	2006995	2405577
1446	2008379	2407178
1447	2009765	2408777
1448	2011150	2410378
1449	2012534	2411977
1450	2013919	2413578
1451	2015304	2415178
1452	2016689	2416778
1453	2018076	2418377
1454	2019461	2419978
1455	2020846	2421577
1456	2022233	2423180
1457	2023617	2424778
1458	2025002	2426378
1459	2026387	2427977
1460	2027776	2429578
1461	2029160	2431178
1462	2030545	2432778
1463	2031930	2434377
1464	2033315	2435977
1465	2034700	2437578
1466	2036086	2439177
1467	2037471	2440777
1468	2038855	2442378
1469	2040242	2443978
1470	2041627	2445578
1471	2043012	2447177
1472	2044397	2448777
1473	2045782	2450378
1474	2047167	2451977
1475	2048552	2453578
1476	2049937	2455178
1477	2051322	2456777
1478	2052707	2458378
1479	2054092	2459977
1480	2055477	2461578
1481	2056862	2463178
1482	2058254	2464778
1483	2059639	2466388
1484	2061024	2467979
1485	2062410	2469578
1486	2063795	2471177
1487	2065179	2472778
1488	2066564	2474378
1489	2067949	2475978
1490	2069342	2477577
1491	2070727	2479178
1492	2072112	2480777
1493	2073496	2482378
1494	2074881	2483978
1495	2076266	2485578
1496	2077650	2487177
1497	2079036	2488778
1498	2080421	2490378
1499	2081805	2491978
1500	2083190	2493577
1501	2084577	2495179
1502	2085962	2496784
1503	2087347	2498378
1504	2088732	2499977
1505	2090125	2501578
1506	2091510	2503178
1507	2092895	2504779
1508	2094279	2506378
1509	2095664	2507978
1510	2097049	2509578
1511	2098434	2511177
1512	2099819	2512778
1513	2101204	2514379
1514	2102588	2515977
1515	2103973	2517578
1516	2105358	2519178
1517	2106747	2520778
1518	2108131	2522379
1519	2109516	2524022
1520	2110901	2525570
1521	2112286	2527167
1522	2113671	2528768
1523	2115057	2530367
1524	2116443	2531967
1525	2117828	2533548
1526	2119215	2535148
1527	2120600	2536747
1528	2121985	2538347
1529	2123369	2539947
1530	2124754	2541547
1531	2126140	2543147
1532	2127525	2544748
1533	2128912	2546347
1534	2130309	2547947
1535	2131697	2549547
1536	2133083	2551147
1537	2134468	2552747
1538	2135854	2554348
1539	2137239	2555948
1540	2138624	2557546
1541	2140009	2559147
1542	2141403	2560747
1543	2142788	2562347
1544	2144173	2563947
1545	2145558	2565546
1546	2146945	2567146
1547	2148330	2568747
1548	2149715	2570347
1549	2151103	2571947
1550	2152488	2573547
1551	2153873	2575147
1552	2155258	2576747
1553	2156644	2578347
1554	2158028	2579947
1555	2159413	2581546
1556	2160798	2583147
1557	2162192	2584747
1558	2163577	2586347
1559	2164962	2587946
1560	2166347	2589546
1561	2167732	2591146
1562	2169117	2592746
1563	2170502	2594347
1564	2171887	2595946
1565	2173274	2597546
1566	2174659	2599147
1567	2176044	2600747
1568	2177429	2602346
1569	2178830	2603947
1570	2180222	2605547
1571	2181609	2607146
1572	2182996	2608747
1573	2184381	2610347
1574	2185767	2611978
1575	2187152	2613555
1576	2188537	2615151
1577	2189921	2616748
1578	2191306	2618378
1579	2192691	2619978
1580	2194076	2621578
1581	2195463	2623179
1582	2196848	2624778
1583	2198235	2626378
1584	2199619	2627978
1585	2201004	2629578
1586	2202389	2631178
1587	2203776	2632778
1588	2205161	2634378
1589	2206546	2635977
1590	2207931	2637578
1591	2209316	2639178
1592	2210702	2640778
1593	2212087	2642378
1594	2213472	2643978
1595	2214857	2645578
1596	2216243	2647177
1597	2217632	2648778
1598	2219017	2650377
1599	2220403	2651978
1600	2221790	2653578
1601	2223176	2655178
1602	2224562	2656778
1603	2225948	2658377
1604	2227334	2659977
1605	2228720	2661578
1606	2230104	2663178
1607	2231489	2664779
1608	2232874	2666379
1609	2234259	2667978
1610	2235644	2669577
1611	2237028	2671178
1612	2238413	2672777
1613	2239800	2674378
1614	2241185	2675978
1615	2242570	2677578
1616	2243961	2679150
1617	2245347	2680768
1618	2246732	2682377
1619	2248117	2683987
1620	2249502	2685575
1621	2250886	2687175
1622	2252271	2688790
1623	2253656	2690368
1624	2255041	2691949
1625	2256426	2693549
1626	2257810	2695150
1627	2259195	2696748
1628	2260580	2698349
1629	2261967	2699949
1630	2263351	2701549
1631	2264736	2703149
1632	2266130	2704749
1633	2267514	2706349
1634	2268900	2707949
1635	2270284	2709549
1636	2271680	2711149
1637	2273065	2712748
1638	2274450	2714350
1639	2275835	2715949
1640	2277222	2717549
1641	2278627	2719149
1642	2280012	2720748
1643	2281403	2722349
1644	2282792	2723951
1645	2284177	2725549
1646	2285564	2727152
1647	2286950	2728748
1648	2288344	2730350
1649	2289730	2731948
1650	2291117	2733556
1651	2292510	2735150
1652	2293895	2736748
1653	2295281	2738350
1654	2296666	2739949
1655	2298051	2741549
1656	2299436	2743149
1657	2300821	2744749
1658	2302207	2746349
1659	2303592	2747949
1660	2304979	2749579
1661	2306365	2751149
1662	2307751	2752748
1663	2309138	2754349
1664	2310524	2755949
1665	2311911	2757549
1666	2313297	2759149
1667	2314684	2760748
1668	2316071	2762349
1669	2317457	2763954
1670	2318842	2765551
1671	2320228	2767150
1672	2321612	2768750
1673	2322997	2770350
1674	2324381	2771949
1675	2325765	2773549
1676	2327152	2775150
1677	2328545	2776748
1678	2329930	2778350
1679	2331314	2779976
1680	2332702	2781576
1681	2334086	2783176
1682	2335471	2784776
1683	2336855	2786377
1684	2338239	2787978
1685	2339623	2789580
1686	2341007	2791177
1687	2342391	2792774
1688	2343775	2794378
1689	2345159	2795978
1690	2346544	2797577
1691	2347928	2799177
1692	2349322	2800778
1693	2350707	2802378
1694	2352091	2803979
1695	2353475	2805578
1696	2354859	2807178
1697	2356243	2808777
1698	2357630	2810377
1699	2359015	2811977
1700	2360398	2813578
1701	2361782	2815178
1702	2363166	2816777
1703	2364550	2818377
1704	2365935	2819977
1705	2367319	2821577
1706	2368703	2823177
1707	2370087	2824779
1708	2371474	2826377
1709	2372858	2827978
1710	2374242	2829577
1711	2375626	2831177
1712	2377010	2832777
1713	2378395	2834378
1714	2379788	2835977
1715	2381172	2837578
1716	2382557	2839179
1717	2383941	2840777
1718	2385325	2842377
1719	2386709	2843978
1720	2388094	2845577
1721	2389478	2847177
1722	2390862	2848778
1723	2392250	2850378
1724	2393636	2851977
1725	2395020	2853578
1726	2396404	2855178
1727	2397788	2856777
1728	2399173	2858378
1729	2400558	2859978
1730	2401942	2861577
1731	2403326	2863177
1732	2404710	2864777
1733	2406095	2866378
1734	2407479	2867977
1735	2408863	2869578
1736	2410247	2871177
1737	2411631	2872777
1738	2413015	2874377
1739	2414399	2875977
1740	2415787	2877577
1741	2417171	2879177
1742	2418555	2880777
1743	2419939	2882377
1744	2421332	2883978
1745	2422716	2885578
1746	2424100	2887178
1747	2425484	2888777
1748	2426868	2890377
1749	2428253	2891977
1750	2429637	2893578
1751	2431021	2895178
1752	2432405	2896778
1753	2433790	2898378
1754	2435174	2899977
1755	2436558	2901553
1756	2437944	2903177
1757	2439328	2904778
1758	2440713	2906378
1759	2442097	2907977
1760	2443481	2909577
1761	2444865	2911177
1762	2446250	2912777
1763	2447634	2914378
1764	2449018	2915977
1765	2450402	2917577
1766	2451795	2919177
1767	2453179	2920777
1768	2454563	2922377
1769	2455947	2923979
1770	2457331	2925577
1771	2458716	2927177
1772	2460102	2928777
1773	2461486	2930378
1774	2462870	2931954
1775	2464254	2933578
1776	2465639	2935178
1777	2467023	2936778
1778	2468406	2938377
1779	2469790	2939977
1780	2471174	2941578
1781	2472564	2943154
1782	2473952	2944778
1783	2475337	2946377
1784	2476722	2947977
1785	2478106	2949577
1786	2479491	2951178
1787	2480876	2952778
1788	2482262	2954378
1789	2483646	2955978
1790	2485029	2957578
1791	2486413	2959177
1792	2487797	2960778
1793	2489182	2962378
1794	2490566	2963978
1795	2491961	2965578
1796	2493346	2967177
1797	2494730	2968777
1798	2496118	2970377
1799	2497506	2971977
1800	2498891	2973577
1801	2500275	2975179
1802	2501659	2976777
1803	2503043	2978417
1804	2504430	2979979
1805	2505814	2981582
1806	2507198	2983217
1807	2508582	2984789
1808	2509966	2986368
1809	2511350	2987964
1810	2512734	2989547
1811	2514126	2991146
1812	2515511	2992746
1813	2516895	2994366
1814	2518280	2995946
1815	2519664	2997546
1816	2521048	2999179
1817	2522434	3000750
1818	2523819	3002346
1819	2525206	3003949
1820	2526593	3005551
1821	2527977	3007149
1822	2529362	3008779
1823	2530746	3010349
1824	2532134	3011988
1825	2533520	3013559
1826	2534905	3015243
1827	2536290	3016788
1828	2537676	3018420
1829	2539062	3019979
1830	2540447	3021563
1831	2541833	3023164
1832	2543221	3024759
1833	2544606	3026376
1834	2545992	3027964
1835	2547378	3029548
1836	2548765	3031175
1837	2550151	3032776
1838	2551537	3034367
1839	2552922	3035947
1840	2554308	3037576
1841	2555693	3039177
1842	2557079	3040777
1843	2558464	3042376
1844	2559850	3043948
1845	2561237	3045547
1846	2562623	3047177
1847	2564008	3048777
1848	2565394	3050376
1849	2566779	3051977
1850	2568164	3053567
1851	2569550	3055147
1852	2570938	3056768
1853	2572323	3058366
1854	2573709	3059947
1855	2575095	3061577
1856	2576480	3063177
1857	2577866	3064777
1858	2579252	3066377
1859	2580637	3067967
1860	2582023	3069566
1861	2583408	3071167
1862	2584793	3072766
1863	2586179	3074377
1864	2587564	3075977
1865	2588949	3077576
1866	2590334	3079177
1867	2591720	3080768
1868	2593107	3082346
1869	2594492	3083978
1870	2595878	3085577
1871	2597263	3087177
1872	2598649	3088776
1873	2600034	3090376
1874	2601420	3091977
1875	2602805	3093566
1876	2604190	3095166
1877	2605575	3096766
1878	2606961	3098377
1879	2608346	3099977
1880	2609731	3101577
1881	2611116	3103177
1882	2612500	3104777
1883	2613884	3106367
1884	2615273	3107980
1885	2616661	3109596
1886	2618047	3111175
1887	2619433	3112775
1888	2620818	3114366
1889	2622203	3115965
1890	2623587	3117547
1891	2624971	3119146
1892	2626361	3120745
1893	2627746	3122377
1894	2629131	3123979
1895	2630515	3125577
1896	2631899	3127177
1897	2633284	3128747
1898	2634667	3130377
1899	2636052	3131977
1900	2637438	3133577
1901	2638822	3135178
1902	2640206	3136776
1903	2641590	3138377
1904	2642974	3139977
1905	2644358	3141577
1906	2645742	3143166
1907	2647126	3144777
1908	2648517	3146377
1909	2649901	3147977
1910	2651288	3149576
1911	2652672	3151177
1912	2654059	3152777
1913	2655444	3154378
1914	2656830	3155977
1915	2658217	3157577
1916	2659603	3159177
1917	2660987	3160777
1918	2662371	3162377
1919	2663755	3163977
1920	2665139	3165576
1921	2666523	3167177
1922	2667907	3168776
1923	2669294	3170367
1924	2670678	3171977
1925	2672062	3173576
1926	2673446	3175178
1927	2674830	3176776
1928	2676217	3178377
1929	2677601	3179958
1930	2679003	3181551
1931	2680395	3183177
1932	2681780	3184778
1933	2683161	3186375
1934	2684541	3187984
1935	2685923	3189577
1936	2687303	3191177
1937	2688683	3192776
1938	2690063	3194377
1939	2691443	3195977
1940	2692825	3197576
1941	2694205	3199177
1942	2695588	3200777
1943	2696970	3202376
1944	2698352	3203978
1945	2699733	3205576
1946	2701114	3207177
1947	2702496	3208777
1948	2703879	3210377
1949	2705262	3211976
1950	2706643	3213577
1951	2708024	3215150
1952	2709406	3216746
1953	2710787	3218377
1954	2712168	3219976
1955	2713550	3221577
1956	2714933	3223167
1957	2716324	3224748
1958	2717706	3226377
1959	2719088	3227978
1960	2720468	3229577
1961	2721849	3231177
1962	2723232	3232777
1963	2724614	3234378
1964	2725999	3235977
1965	2727381	3237576
1966	2728765	3239167
1967	2730146	3240777
1968	2731527	3242376
1969	2732915	3243978
1970	2734306	3245577
1971	2735689	3247177
1972	2737071	3248777
1973	2738453	3250377
1974	2739834	3251977
1975	2741216	3253575
1976	2742598	3255178
1977	2743979	3256777
1978	2745361	3258377
1979	2746743	3259977
1980	2748127	3261576
1981	2749509	3263177
1982	2750890	3264780
1983	2752271	3266378
1984	2753652	3267977
1985	2755034	3269577
1986	2756417	3271177
1987	2757797	3272776
1988	2759179	3274377
1989	2760561	3275977
1990	2761941	3277576
1991	2763323	3279176
1992	2764704	3280777
1993	2766086	3282377
1994	2767468	3283977
1995	2768870	3285577
1996	2770254	3287178
1997	2771635	3288777
1998	2773017	3290376
1999	2774398	3291977
2000	2775780	3293576
