1	0	100517
2	8402	108698
3	9974	110079
4	11418	111497
5	12857	113028
6	14355	114678
7	15948	116143
8	17464	117677
9	18988	119109
10	20456	120618
11	21949	122046
12	23384	123461
13	24818	124927
14	26271	126336
15	27707	127843
16	29143	129269
17	30577	130697
18	32013	132112
19	33448	133545
20	34882	134968
21	36317	136443
22	37752	137879
23	39185	139311
24	40619	140747
25	42054	142170
26	43488	143606
27	44924	145022
28	46358	146454
29	47792	147891
30	49228	149324
31	50662	150760
32	52096	152193
33	53530	153626
34	54964	155046
35	56398	156481
36	57832	157915
37	59266	159348
38	60699	160784
39	62134	162217
40	63568	163650
41	65001	165098
42	66435	166541
43	67879	167976
44	69314	169410
45	70748	170846
46	72183	172279
47	73617	173713
48	75051	175147
49	76485	176581
50	77919	178044
51	79352	179477
52	80786	180887
53	82223	182319
54	83657	183729
55	85093	185157
56	86527	186707
57	87962	188307
58	89395	189932
59	90829	191509
60	92266	193106
61	93700	194685
62	95134	196279
63	96568	197878
64	98002	199478
65	99436	201078
66	100869	202677
67	102306	204278
68	103740	205878
69	105174	207478
70	106608	209077
71	108041	210678
72	109476	212278
73	110910	213880
74	112346	215479
75	113781	217078
76	115220	218678
77	116655	220278
78	118089	221878
79	119524	223479
80	120958	225078
81	122393	226678
82	123828	228306
83	125263	229906
84	126697	231480
85	128131	233079
86	129565	234678
87	130999	236306
88	132434	237909
89	133870	239498
90	135305	241097
91	136739	242679
92	138176	244278
93	139610	245878
94	141044	247479
95	142478	249078
96	143913	250678
97	145347	252278
98	146782	253877
99	148219	255479
100	149654	257078
101	151089	258677
102	152524	260315
103	153959	261907
104	155394	263498
105	156829	265079
106	158263	266677
107	159698	268277
108	161134	269885
109	162570	271479
110	164005	273078
111	165439	274677
112	166874	276278
113	168308	277907
114	169743	279507
115	171177	281099
116	172612	282679
117	174047	284277
118	175482	285878
119	176916	287535
120	178351	289108
121	179785	290707
122	181224	292307
123	182660	293879
124	184097	295498
125	185532	297079
126	186967	298677
127	188401	300278
128	189835	301877
129	191270	303478
130	192706	305077
131	194143	306678
132	195578	308277
133	197012	309878
134	198447	311478
135	199883	313081
136	201319	314678
137	202754	316277
138	204188	317878
139	205622	319478
140	207059	321093
141	208496	322700
142	209930	324280
143	211366	325879
144	212800	327507
145	214237	329107
146	215673	330707
147	217108	332280
148	218543	333878
149	219977	335478
150	221412	337106
151	222847	338708
152	224283	340308
153	225717	341897
154	227152	343520
155	228586	345079
156	230023	346678
157	231458	348277
158	232894	349878
159	234330	351478
160	235765	353077
161	237199	354678
162	238634	356277
163	240068	357878
164	241503	359484
165	242937	361078
166	244374	362678
167	245809	364278
168	247242	365878
169	248678	367479
170	250113	369078
171	251548	370678
172	252985	372284
173	254420	373877
174	255856	375479
175	257291	377107
176	258729	378706
177	260164	380307
178	261599	381879
179	263033	383478
180	264467	385132
181	265903	386727
182	267338	388307
183	268773	389893
184	270219	391488
185	271655	393086
186	273090	394685
187	274526	396285
188	275962	397884
189	277397	399485
190	278831	401085
191	280265	402684
192	281700	404287
193	283139	405886
194	284574	407485
195	286008	409086
196	287443	410685
197	288877	412285
198	290311	413887
199	291746	415486
200	293180	417085
201	294617	418689
202	296051	420316
203	297487	421898
204	298924	423520
205	300359	425108
206	301794	426684
207	303230	428284
208	304665	429892
209	306100	431486
210	307535	433085
211	308970	434684
212	310405	436284
213	311840	437884
214	313275	439485
215	314710	441086
216	316144	442686
217	317578	444284
218	319013	445884
219	320448	447484
220	321886	449084
221	323321	450684
222	324758	452284
223	326193	453884
224	327629	455484
225	329063	457092
226	330506	458683
227	331941	460284
228	333375	461883
229	334810	463484
230	336245	465084
231	337679	466684
232	339113	468284
233	340547	469884
234	341982	471484
235	343416	473084
236	344854	474688
237	346290	476284
238	347725	477883
239	349159	479484
240	350594	481084
241	352030	482683
242	353465	484284
243	354899	485885
244	356334	487484
245	357769	489085
246	359202	490684
247	360638	492284
248	362073	493884
249	363508	495484
250	364943	497084
251	366378	498692
252	367816	500285
253	369251	501885
254	370686	503484
255	372123	505084
256	373557	506684
257	374992	508284
258	376428	509883
259	377863	511486
260	379297	513091
261	380732	514691
262	382167	516284
263	383603	517885
264	385038	519485
265	386478	521085
266	387917	522683
267	389390	524284
268	390837	525885
269	392276	527485
270	393712	529084
271	395149	530684
272	396585	532284
273	398021	533884
274	399456	535484
275	400891	537084
276	402328	538684
277	403763	540286
278	405199	541885
279	406636	543484
280	408072	545085
281	409507	546684
282	410958	548284
283	412395	549914
284	413834	551485
285	415269	553084
286	416704	554683
287	418140	556285
288	419583	557884
289	421020	559484
290	422479	561084
291	423918	562684
292	425360	564283
293	426802	565884
294	428249	567483
295	429684	569087
296	431122	570684
297	432559	572284
298	433994	573883
299	435430	575484
300	436868	577083
301	438304	578684
302	439739	580284
303	441174	581884
304	442611	583484
305	444045	585084
306	445481	586684
307	446916	588290
308	448352	589884
309	449787	591484
310	451228	593084
311	452663	594684
312	454099	596292
313	455535	597884
314	456970	599484
315	458404	601083
316	459842	602684
317	461278	604283
318	462723	605884
319	464161	607483
320	465596	609084
321	467032	610687
322	468468	612284
323	469903	613884
324	471340	615484
325	472775	617083
326	474210	618684
327	475645	620284
328	477081	621883
329	478518	623484
330	479954	625084
331	481390	626683
332	482828	628284
333	484263	629884
334	485698	631483
335	487133	633083
336	488568	634683
337	490004	636283
338	491440	637900
339	492876	639487
340	494312	641083
341	495748	642684
342	497183	644283
343	498619	645883
344	500053	647484
345	501490	649084
346	502926	650684
347	504362	652284
348	505800	653884
349	507237	655483
350	508673	657084
351	510108	658684
352	511544	660284
353	512981	661884
354	514426	663483
355	515876	665085
356	517314	666684
357	518749	668283
358	520183	669883
359	521620	671484
360	523055	673084
361	524491	674683
362	525931	676284
363	527393	677883
364	528834	679484
365	530271	681084
366	531709	682683
367	533145	684284
368	534581	685883
369	536017	687484
370	537453	689084
371	538888	690684
372	540325	692292
373	541760	693884
374	543194	695484
375	544630	697084
376	546067	698683
377	547504	700287
378	548954	701884
379	550387	703484
380	551823	705084
381	553255	706692
382	554687	708283
383	556119	709889
384	557552	711484
385	558984	713084
386	560416	714685
387	561849	716284
388	563282	717883
389	564714	719484
390	566152	721085
391	567584	722684
392	569016	724283
393	570448	725884
394	571880	727484
395	573313	729084
396	574747	730684
397	576179	732284
398	577611	733885
399	579044	735484
400	580476	737083
401	581909	738685
402	583341	740284
403	584773	741884
404	586205	743484
405	587637	745083
406	589070	746684
407	590502	748284
408	591935	749884
409	593367	751484
410	594799	753084
411	596233	754683
412	597667	756284
413	599099	757883
414	600532	759484
415	601965	761090
416	603397	762684
417	604829	764284
418	606262	765883
419	607694	767484
420	609126	769084
421	610559	770684
422	611991	772284
423	613423	773883
424	614855	775484
425	616288	777084
426	617720	778683
427	619152	780284
428	620587	781884
429	622020	783483
430	623452	785084
431	624884	786684
432	626316	788291
433	627748	789885
434	629186	791485
435	630618	793083
436	632051	794684
437	633486	796284
438	634918	797884
439	636351	799484
440	637783	801084
441	639217	802692
442	640649	804284
443	642081	805884
444	643518	807484
445	644950	809084
446	646382	810685
447	647815	812335
448	649247	813885
449	650679	815485
450	652111	817084
451	653544	818684
452	654976	820285
453	656408	821883
454	657840	823484
455	659273	825083
456	660705	826684
457	662138	828284
458	663570	829892
459	665003	831484
460	666436	833084
461	667868	834683
462	669301	836284
463	670733	837883
464	672166	839484
465	673606	841084
466	675039	842683
467	676471	844284
468	677903	845884
469	679336	847484
470	680767	849083
471	682200	850684
472	683633	852284
473	685065	853883
474	686497	855483
475	687938	857084
476	689373	858684
477	690806	860284
478	692240	861884
479	693672	863483
480	695104	865084
481	696537	866684
482	697969	868283
483	699401	869883
484	700834	871484
485	702267	873084
486	703699	874684
487	705132	876283
488	706564	877883
489	707996	879484
490	709429	881084
491	710861	882683
492	712296	884292
493	713729	885884
494	715161	887484
495	716593	889084
496	718025	890685
497	719458	892284
498	720890	893884
499	722323	895483
500	723755	897083
501	725196	898684
502	726629	900284
503	728061	901884
504	729498	903485
505	730931	905084
506	732364	906684
507	733797	908284
508	735233	909883
509	736665	911492
510	738098	913084
511	739530	914684
512	740962	916284
513	742395	917884
514	743828	919483
515	745260	921084
516	746692	922683
517	748125	924284
518	749557	925892
519	750989	927484
520	752422	929084
521	753854	930685
522	755287	932283
523	756719	933885
524	758153	935484
525	759586	937084
526	761018	938687
527	762450	940284
528	763882	941884
529	765315	943484
530	766747	945084
531	768179	946683
532	769612	948284
533	771044	949884
534	772477	951484
535	773910	953085
536	775342	954684
537	776773	956284
538	778206	957884
539	779638	959483
540	781073	961084
541	782506	962683
542	783938	964284
543	785371	965884
544	786803	967484
545	788237	969084
546	789668	970684
547	791100	972284
548	792533	973883
549	793966	975484
550	795398	977084
551	796830	978684
552	798263	980293
553	799695	981884
554	801128	983483
555	802561	985083
556	803994	986685
557	805427	988283
558	806859	989885
559	808292	991485
560	809724	993083
561	811156	994684
562	812589	996284
563	814021	997884
564	815454	999484
565	816885	1001084
566	818317	1002684
567	819749	1004284
568	821182	1005884
569	822615	1007492
570	824047	1009083
571	825480	1010684
572	826914	1012284
573	828347	1013886
574	829779	1015491
575	831210	1017085
576	832643	1018684
577	834076	1020284
578	835508	1021884
579	836941	1023498
580	838373	1025084
581	839805	1026684
582	841251	1028285
583	842684	1029885
584	844116	1031485
585	845549	1033084
586	846981	1034684
587	848414	1036285
588	849848	1037883
589	851281	1039484
590	852713	1041084
591	854146	1042684
592	855578	1044284
593	857010	1045883
594	858441	1047483
595	859874	1049087
596	861307	1050684
597	862739	1052284
598	864171	1053883
599	865604	1055483
600	867036	1057083
601	868468	1058683
602	869901	1060284
603	871334	1061883
604	872768	1063483
605	874200	1065083
606	875632	1066683
607	877065	1068284
608	878497	1069884
609	879930	1071484
610	881362	1073083
611	882795	1074683
612	884229	1076291
613	885661	1077884
614	887093	1079483
615	888525	1081084
616	889958	1082683
617	891390	1084284
618	892823	1085883
619	894255	1087484
620	895689	1089084
621	897122	1090685
622	898554	1092284
623	899986	1093884
624	901418	1095483
625	902851	1097083
626	904283	1098683
627	905716	1100284
628	907148	1101883
629	908581	1103483
630	910013	1105084
631	911446	1106683
632	912877	1108284
633	914309	1109883
634	915742	1111484
635	917174	1113083
636	918608	1114683
637	920041	1116284
638	921474	1117892
639	922906	1119483
640	924338	1121085
641	925770	1122684
642	927202	1124283
643	928634	1125883
644	930067	1127483
645	931500	1129084
646	932932	1130683
647	934388	1132283
648	935821	1133884
649	937257	1135483
650	938689	1137084
651	940121	1138682
652	941554	1140284
653	942986	1141884
654	944418	1143483
655	945850	1145092
656	947282	1146684
657	948714	1148283
658	950147	1149884
659	951579	1151484
660	953011	1153084
661	954442	1154684
662	955874	1156283
663	957306	1157883
664	958738	1159484
665	960172	1161084
666	961604	1162684
667	963036	1164283
668	964468	1165883
669	965901	1167484
670	967334	1169083
671	968765	1170684
672	970197	1172291
673	971629	1173883
674	973062	1175484
675	974494	1177084
676	975925	1178683
677	977357	1180284
678	978789	1181883
679	980224	1183484
680	981655	1185083
681	983090	1186685
682	984522	1188283
683	985954	1189884
684	987387	1191483
685	988819	1193084
686	990251	1194683
687	991683	1196284
688	993115	1197883
689	994548	1199492
690	995979	1201085
691	997411	1202683
692	998843	1204284
693	1000275	1205883
694	1001708	1207484
695	1003140	1209083
696	1004572	1210684
697	1006006	1212283
698	1007439	1213884
699	1008871	1215484
700	1010303	1217083
701	1011744	1218684
702	1013176	1220285
703	1014609	1221884
704	1016040	1223484
705	1017473	1225084
706	1018905	1226691
707	1020337	1228284
708	1021770	1229883
709	1023201	1231483
710	1024634	1233084
711	1026066	1234683
712	1027498	1236284
713	1028952	1237884
714	1030390	1239484
715	1031825	1241083
716	1033259	1242683
717	1034692	1244283
718	1036126	1245884
719	1037559	1247483
720	1038991	1249083
721	1040424	1250683
722	1041856	1252284
723	1043289	1253892
724	1044721	1255483
725	1046153	1257084
726	1047585	1258684
727	1049017	1260283
728	1050448	1261884
729	1051883	1263483
730	1053323	1265083
731	1054755	1266683
732	1056187	1268283
733	1057619	1269883
734	1059051	1271484
735	1060482	1273084
736	1061915	1274683
737	1063347	1276283
738	1064779	1277884
739	1066210	1279485
740	1067642	1281093
741	1069075	1282684
742	1070506	1284284
743	1071939	1285883
744	1073371	1287483
745	1074805	1289086
746	1076239	1290684
747	1077670	1292284
748	1079102	1293883
749	1080534	1295484
750	1081967	1297086
751	1083399	1298683
752	1084831	1300284
753	1086263	1301883
754	1087707	1303484
755	1089139	1305083
756	1090570	1306683
757	1092008	1308293
758	1093442	1309884
759	1094873	1311484
760	1096306	1313083
761	1097739	1314684
762	1099171	1316284
763	1100602	1317883
764	1102034	1319483
765	1103465	1321083
766	1104895	1322683
767	1106327	1324283
768	1107758	1325884
769	1109189	1327483
770	1110620	1329083
771	1112052	1330684
772	1113483	1332326
773	1114914	1333886
774	1116345	1335492
775	1117777	1337085
776	1119207	1338684
777	1120641	1340284
778	1122072	1341883
779	1123504	1343483
780	1124935	1345083
781	1126366	1346682
782	1127797	1348283
783	1129231	1349882
784	1130662	1351486
785	1132093	1353083
786	1133524	1354682
787	1134956	1356283
788	1136387	1357883
789	1137818	1359484
790	1139250	1361084
791	1140680	1362691
792	1142112	1364283
793	1143546	1365883
794	1144977	1367483
795	1146408	1369083
796	1147839	1370684
797	1149270	1372283
798	1150701	1373882
799	1152133	1375484
800	1153564	1377083
801	1154995	1378683
802	1156427	1380283
803	1157858	1381883
804	1159289	1383483
805	1160720	1385083
806	1162151	1386682
807	1163582	1388283
808	1165014	1389891
809	1166447	1391484
810	1167879	1393084
811	1169310	1394683
812	1170741	1396282
813	1172173	1397883
814	1173604	1399483
815	1175035	1401083
816	1176466	1402683
817	1177898	1404288
818	1179329	1405883
819	1180760	1407483
820	1182192	1409093
821	1183624	1410683
822	1185055	1412284
823	1186486	1413884
824	1187917	1415484
825	1189350	1417091
826	1190782	1418684
827	1192216	1420285
828	1193648	1421884
829	1195079	1423483
830	1196510	1425084
831	1197942	1426683
832	1199373	1428283
833	1200804	1429884
834	1202237	1431491
835	1203669	1433083
836	1205100	1434684
837	1206531	1436284
838	1207962	1437884
839	1209394	1439484
840	1210825	1441084
841	1212259	1442683
842	1213689	1444283
843	1215120	1445884
844	1216552	1447483
845	1217983	1449083
846	1219414	1450683
847	1220846	1452284
848	1222278	1453884
849	1223709	1455483
850	1225141	1457084
851	1226574	1458692
852	1228004	1460283
853	1229435	1461883
854	1230867	1463484
855	1232299	1465084
856	1233730	1466683
857	1235163	1468284
858	1236595	1469883
859	1238026	1471484
860	1239457	1473084
861	1240888	1474682
862	1242320	1476283
863	1243751	1477884
864	1245182	1479484
865	1246614	1481084
866	1248045	1482682
867	1249477	1484283
868	1250908	1485891
869	1252340	1487484
870	1253772	1489083
871	1255202	1490684
872	1256633	1492283
873	1258068	1493883
874	1259499	1495483
875	1260931	1497083
876	1262362	1498682
877	1263794	1500284
878	1265228	1501884
879	1266659	1503483
880	1268089	1505083
881	1269521	1506683
882	1270952	1508282
883	1272384	1509884
884	1273815	1511484
885	1275247	1513091
886	1276678	1514684
887	1278109	1516284
888	1279540	1517884
889	1280975	1519484
890	1282407	1521083
891	1283838	1522683
892	1285269	1524283
893	1286700	1525883
894	1288132	1527483
895	1289569	1529084
896	1291001	1530687
897	1292433	1532285
898	1293865	1533885
899	1295295	1535484
900	1296737	1537084
901	1298172	1538683
902	1299604	1540285
903	1301036	1541883
904	1302469	1543484
905	1303903	1545084
906	1305336	1546683
907	1306789	1548284
908	1308223	1549883
909	1309654	1551484
910	1311085	1553084
911	1312518	1554683
912	1313950	1556283
913	1315381	1557883
914	1316813	1559483
915	1318244	1561084
916	1319676	1562683
917	1321107	1564284
918	1322540	1565883
919	1323970	1567484
920	1325404	1569083
921	1326836	1570684
922	1328267	1572285
923	1329699	1573885
924	1331131	1575485
925	1332563	1577084
926	1333995	1578685
927	1335427	1580283
928	1336858	1581883
929	1338290	1583484
930	1339721	1585083
931	1341153	1586683
932	1342585	1588285
933	1344017	1589884
934	1345449	1591483
935	1346880	1593082
936	1348312	1594685
937	1349744	1596283
938	1351174	1597883
939	1352606	1599483
940	1354038	1601083
941	1355469	1602683
942	1356901	1604283
943	1358333	1605883
944	1359764	1607483
945	1361196	1609083
946	1362628	1610683
947	1364059	1612283
948	1365491	1613884
949	1366922	1615484
950	1368354	1617083
951	1369788	1618683
952	1371226	1620284
953	1372658	1621889
954	1374090	1623483
955	1375521	1625083
956	1376953	1626683
957	1378384	1628283
958	1379818	1629883
959	1381250	1631483
960	1382682	1633083
961	1384114	1634683
962	1385546	1636283
963	1386977	1637883
964	1388409	1639483
965	1389841	1641083
966	1391272	1642683
967	1392704	1644283
968	1394136	1645883
969	1395567	1647483
970	1396999	1649090
971	1398430	1650683
972	1399862	1652283
973	1401294	1653882
974	1402728	1655484
975	1404160	1657083
976	1405590	1658682
977	1407022	1660283
978	1408454	1661883
979	1409886	1663484
980	1411318	1665083
981	1412750	1666683
982	1414182	1668282
983	1415613	1669883
984	1417045	1671483
985	1418476	1673083
986	1419907	1674683
987	1421339	1676292
988	1422771	1677883
989	1424203	1679483
990	1425636	1681084
991	1427068	1682683
992	1428500	1684283
993	1429932	1685883
994	1431364	1687485
995	1432794	1689085
996	1434229	1690686
997	1435660	1692286
998	1437099	1693884
999	1438530	1695484
1000	1439961	1697084
1001	1441394	1698684
1002	1442825	1700284
1003	1444257	1701883
1004	1445688	1703491
1005	1447119	1705084
1006	1448553	1706683
1007	1449984	1708283
1008	1451416	1709884
1009	1452848	1711484
1010	1454280	1713083
1011	1455711	1714684
1012	1457143	1716284
1013	1458574	1717883
1014	1460005	1719483
1015	1461437	1721085
1016	1462868	1722685
1017	1464300	1724285
1018	1465731	1725884
1019	1467163	1727485
1020	1468594	1729085
1021	1470026	1730684
1022	1471460	1732285
1023	1472891	1733885
1024	1474323	1735485
1025	1475754	1737084
1026	1477186	1738684
1027	1478617	1740286
1028	1480049	1741885
1029	1481481	1743484
1030	1482913	1745085
1031	1484345	1746684
1032	1485776	1748284
1033	1487206	1749884
1034	1488638	1751483
1035	1490070	1753083
1036	1491502	1754683
1037	1492933	1756282
1038	1494367	1757891
1039	1495798	1759486
1040	1497232	1761083
1041	1498663	1762683
1042	1500094	1764283
1043	1501526	1765883
1044	1502957	1767483
1045	1504390	1769083
1046	1505821	1770683
1047	1507253	1772287
1048	1508685	1773883
1049	1510116	1775483
1050	1511549	1777083
1051	1512981	1778683
1052	1514411	1780283
1053	1515842	1781882
1054	1517276	1783483
1055	1518707	1785090
1056	1520139	1786683
1057	1521571	1788284
1058	1523003	1789884
1059	1524434	1791483
1060	1525866	1793083
1061	1527296	1794683
1062	1528728	1796283
1063	1530159	1797883
1064	1531598	1799494
1065	1533033	1801084
1066	1534468	1802684
1067	1535900	1804283
1068	1537333	1805883
1069	1538767	1807483
1070	1540201	1809083
1071	1541633	1810683
1072	1543065	1812284
1073	1544497	1813884
1074	1545928	1815483
1075	1547360	1817083
1076	1548792	1818683
1077	1550226	1820283
1078	1551658	1821883
1079	1553090	1823482
1080	1554522	1825083
1081	1555954	1826701
1082	1557385	1828283
1083	1558817	1829883
1084	1560249	1831484
1085	1561681	1833083
1086	1563116	1834683
1087	1564548	1836283
1088	1565980	1837882
1089	1567413	1839483
1090	1568843	1841084
1091	1570278	1842684
1092	1571710	1844283
1093	1573142	1845883
1094	1574573	1847483
1095	1576004	1849083
1096	1577435	1850683
1097	1578866	1852284
1098	1580297	1853906
1099	1581730	1855486
1100	1583161	1857088
1101	1584593	1858684
1102	1586026	1860284
1103	1587457	1861883
1104	1588889	1863484
1105	1590320	1865083
1106	1591752	1866683
1107	1593184	1868283
1108	1594615	1869884
1109	1596046	1871484
1110	1597478	1873083
1111	1598909	1874683
1112	1600341	1876283
1113	1601772	1877883
1114	1603204	1879483
1115	1604636	1881107
1116	1606067	1882683
1117	1607499	1884283
1118	1608933	1885884
1119	1610363	1887483
1120	1611795	1889083
1121	1613229	1890683
1122	1614661	1892283
1123	1616092	1893883
1124	1617524	1895483
1125	1618955	1897083
1126	1620387	1898683
1127	1621819	1900284
1128	1623249	1901883
1129	1624681	1903483
1130	1626112	1905083
1131	1627544	1906684
1132	1628975	1908285
1133	1630406	1909883
1134	1631841	1911483
1135	1633273	1913085
1136	1634704	1914684
1137	1636136	1916284
1138	1637566	1917883
1139	1638999	1919483
1140	1640430	1921083
1141	1641862	1922683
1142	1643294	1924283
1143	1644725	1925883
1144	1646156	1927483
1145	1647588	1929083
1146	1649019	1930684
1147	1650450	1932283
1148	1651882	1933883
1149	1653314	1935484
1150	1654747	1937084
1151	1656179	1938684
1152	1657610	1940286
1153	1659041	1941885
1154	1660473	1943484
1155	1661905	1945084
1156	1663337	1946683
1157	1664767	1948283
1158	1666198	1949883
1159	1667630	1951484
1160	1669062	1953083
1161	1670493	1954683
1162	1671925	1956282
1163	1673356	1957884
1164	1674788	1959484
1165	1676222	1961083
1166	1677654	1962684
1167	1679086	1964283
1168	1680518	1965883
1169	1681950	1967483
1170	1683381	1969083
1171	1684813	1970683
1172	1686245	1972283
1173	1687676	1973884
1174	1689108	1975484
1175	1690543	1977104
1176	1691984	1978684
1177	1693415	1980286
1178	1694848	1981884
1179	1696280	1983484
1180	1697711	1985082
1181	1699142	1986682
1182	1700575	1988282
1183	1702007	1989885
1184	1703440	1991484
1185	1704871	1993083
1186	1706303	1994716
1187	1707734	1996281
1188	1709166	1997881
1189	1710597	1999481
1190	1712029	2001081
1191	1713461	2002683
1192	1714892	2004282
1193	1716324	2005880
1194	1717755	2007488
1195	1719186	2009089
1196	1720617	2010683
1197	1722049	2012298
1198	1723484	2013880
1199	1724915	2015481
1200	1726346	2017081
1201	1727777	2018680
1202	1729208	2020280
1203	1730639	2021879
1204	1732069	2023480
1205	1733501	2025079
1206	1734932	2026680
1207	1736363	2028280
1208	1737794	2029880
1209	1739229	2031482
1210	1740662	2033083
1211	1742093	2034680
1212	1743525	2036280
1213	1744956	2037880
1214	1746388	2039480
1215	1747819	2041080
1216	1749249	2042680
1217	1750680	2044288
1218	1752112	2045879
1219	1753544	2047480
1220	1754975	2049080
1221	1756407	2050680
1222	1757838	2052280
1223	1759269	2053880
1224	1760701	2055479
1225	1762133	2057080
1226	1763564	2058679
1227	1764996	2060280
1228	1766427	2061879
1229	1767859	2063480
1230	1769293	2065079
1231	1770725	2066679
1232	1772157	2068280
1233	1773588	2069879
1234	1775020	2071487
1235	1776451	2073080
1236	1777883	2074679
1237	1779315	2076279
1238	1780746	2077880
1239	1782179	2079480
1240	1783611	2081079
1241	1785042	2082679
1242	1786473	2084288
1243	1787905	2085879
1244	1789353	2087481
1245	1790789	2089080
1246	1792226	2090681
1247	1793657	2092282
1248	1795089	2093881
1249	1796521	2095480
1250	1797953	2097080
1251	1799384	2098679
1252	1800815	2100280
1253	1802247	2101880
1254	1803678	2103479
1255	1805110	2105079
1256	1806541	2106680
1257	1807973	2108279
1258	1809405	2109879
1259	1810836	2111480
1260	1812268	2113079
1261	1813699	2114680
1262	1815133	2116279
1263	1816565	2117879
1264	1817996	2119480
1265	1819428	2121079
1266	1820859	2122679
1267	1822292	2124279
1268	1823723	2125879
1269	1825155	2127479
1270	1826587	2129080
1271	1828017	2130680
1272	1829449	2132279
1273	1830880	2133879
1274	1832312	2135479
1275	1833744	2137079
1276	1835175	2138684
1277	1836607	2140279
1278	1838041	2141880
1279	1839472	2143479
1280	1840903	2145079
1281	1842335	2146679
1282	1843766	2148279
1283	1845198	2149880
1284	1846629	2151488
1285	1848061	2153079
1286	1849492	2154679
1287	1850924	2156280
1288	1852356	2157879
1289	1853788	2159479
1290	1855220	2161080
1291	1856652	2162679
1292	1858083	2164280
1293	1859515	2165879
1294	1860949	2167479
1295	1862381	2169080
1296	1863813	2170680
1297	1865244	2172279
1298	1866676	2173880
1299	1868107	2175478
1300	1869538	2177080
1301	1870970	2178681
1302	1872402	2180280
1303	1873834	2181880
1304	1875266	2183479
1305	1876697	2185079
1306	1878129	2186680
1307	1879560	2188280
1308	1880992	2189879
1309	1882423	2191481
1310	1883858	2193080
1311	1885289	2194680
1312	1886721	2196279
1313	1888153	2197879
1314	1889584	2199480
1315	1891016	2201079
1316	1892448	2202679
1317	1893880	2204280
1318	1895311	2205879
1319	1896743	2207480
1320	1898175	2209079
1321	1899606	2210680
1322	1901038	2212280
1323	1902470	2213878
1324	1903902	2215480
1325	1905342	2217080
1326	1906775	2218686
1327	1908207	2220280
1328	1909637	2221880
1329	1911069	2223479
1330	1912501	2225079
1331	1913934	2226679
1332	1915365	2228280
1333	1916797	2229879
1334	1918230	2231479
1335	1919662	2233079
1336	1921093	2234679
1337	1922527	2236279
1338	1923958	2237880
1339	1925389	2239479
1340	1926821	2241080
1341	1928252	2242680
1342	1929685	2244280
1343	1931117	2245887
1344	1932549	2247480
1345	1933981	2249081
1346	1935412	2250680
1347	1936843	2252280
1348	1938274	2253879
1349	1939722	2255481
1350	1941160	2257081
1351	1942597	2258679
1352	1944027	2260280
1353	1945457	2261879
1354	1946886	2263479
1355	1948316	2265079
1356	1949746	2266679
1357	1951177	2268279
1358	1952607	2269879
1359	1954037	2271480
1360	1955467	2273079
1361	1956896	2274679
1362	1958327	2276280
1363	1959756	2277879
1364	1961186	2279478
1365	1962616	2281080
1366	1964045	2282680
1367	1965475	2284279
1368	1966904	2285882
1369	1968343	2287488
1370	1969772	2289079
1371	1971202	2290680
1372	1972632	2292280
1373	1974064	2293879
1374	1975494	2295480
1375	1976924	2297079
1376	1978352	2298679
1377	1979783	2300280
1378	1981216	2301879
1379	1982646	2303480
1380	1984075	2305079
1381	1985505	2306680
1382	1986934	2308279
1383	1988364	2309879
1384	1989794	2311480
1385	1991228	2313088
1386	1992658	2314680
1387	1994088	2316280
1388	1995517	2317880
1389	1996951	2319480
1390	1998381	2321080
1391	1999811	2322679
1392	2001242	2324279
1393	2002671	2325879
1394	2004100	2327480
1395	2005529	2329080
1396	2006958	2330680
1397	2008388	2332279
1398	2009823	2333880
1399	2011254	2335480
1400	2012683	2337079
1401	2014115	2338679
1402	2015545	2340280
1403	2016974	2341879
1404	2018403	2343480
1405	2019837	2345080
1406	2021271	2346679
1407	2022700	2348279
1408	2024146	2349879
1409	2025576	2351480
1410	2027006	2353081
1411	2028436	2354681
1412	2029865	2356280
1413	2031294	2357881
1414	2032739	2359481
1415	2034174	2361081
1416	2035607	2362680
1417	2037038	2364280
1418	2038469	2365880
1419	2039899	2367481
1420	2041330	2369088
1421	2042762	2370680
1422	2044192	2372279
1423	2045621	2373881
1424	2047050	2375482
1425	2048490	2377080
1426	2049919	2378680
1427	2051350	2380280
1428	2052780	2381882
1429	2054210	2383480
1430	2055640	2385080
1431	2057069	2386680
1432	2058498	2388280
1433	2059927	2389879
1434	2061358	2391480
1435	2062787	2393080
1436	2064219	2394680
1437	2065651	2396279
1438	2067080	2397880
1439	2068510	2399479
1440	2069939	2401080
1441	2071369	2402688
1442	2072798	2404279
1443	2074230	2405880
1444	2075660	2407479
1445	2077089	2409080
1446	2078519	2410680
1447	2079948	2412280
1448	2081378	2413880
1449	2082809	2415488
1450	2084238	2417080
1451	2085667	2418679
1452	2087097	2420282
1453	2088528	2421880
1454	2089959	2423480
1455	2091389	2425079
1456	2092819	2426679
1457	2094248	2428280
1458	2095677	2429880
1459	2097105	2431479
1460	2098535	2433080
1461	2099963	2434679
1462	2101393	2436279
1463	2102823	2437881
1464	2104252	2439479
1465	2105682	2441080
1466	2107112	2442691
1467	2108541	2444280
1468	2109971	2445880
1469	2111404	2447479
1470	2112832	2449080
1471	2114262	2450680
1472	2115691	2452280
1473	2117121	2453880
1474	2118550	2455480
1475	2119979	2457079
1476	2121410	2458680
1477	2122839	2460280
1478	2124269	2461879
1479	2125698	2463480
1480	2127127	2465080
1481	2128556	2466679
1482	2129986	2468279
1483	2131416	2469880
1484	2132846	2471480
1485	2134278	2473080
1486	2135707	2474679
1487	2137137	2476279
1488	2138566	2477880
1489	2139994	2479479
1490	2141425	2481080
1491	2142855	2482683
1492	2144284	2484283
1493	2145713	2485880
1494	2147143	2487479
1495	2148572	2489080
1496	2150001	2490679
1497	2151433	2492279
1498	2152861	2493880
1499	2154290	2495480
1500	2155720	2497079
1501	2157151	2498680
1502	2158581	2500280
1503	2160010	2501905
1504	2161441	2503480
1505	2162870	2505079
1506	2164300	2506679
1507	2165730	2508280
1508	2167158	2509880
1509	2168587	2511480
1510	2170017	2513079
1511	2171447	2514680
1512	2172876	2516281
1513	2174306	2517881
1514	2175735	2519479
1515	2177165	2521080
1516	2178594	2522680
1517	2180025	2524279
1518	2181455	2525880
1519	2182885	2527479
1520	2184314	2529079
1521	2185744	2530679
1522	2187173	2532281
1523	2188602	2533882
1524	2190032	2535481
1525	2191462	2537081
1526	2192891	2538681
1527	2194320	2540281
1528	2195749	2541889
1529	2197179	2543481
1530	2198608	2545080
1531	2200037	2546680
1532	2201467	2548279
1533	2202900	2549902
1534	2204330	2551480
1535	2205760	2553079
1536	2207188	2554680
1537	2208617	2556279
1538	2210046	2557880
1539	2211476	2559479
1540	2212906	2561080
1541	2214335	2562679
1542	2215764	2564279
1543	2217193	2565880
1544	2218622	2567480
1545	2220051	2569080
1546	2221481	2570680
1547	2222910	2572279
1548	2224340	2573880
1549	2225771	2575480
1550	2227200	2577079
1551	2228630	2578679
1552	2230060	2580280
1553	2231490	2581880
1554	2232920	2583480
1555	2234348	2585080
1556	2235777	2586679
1557	2237207	2588280
1558	2238636	2589882
1559	2240065	2591482
1560	2241495	2593080
1561	2242925	2594680
1562	2244354	2596279
1563	2245784	2597879
1564	2247215	2599479
1565	2248647	2601079
1566	2250076	2602680
1567	2251507	2604279
1568	2252937	2605879
1569	2254366	2607479
1570	2255795	2609080
1571	2257228	2610680
1572	2258657	2612279
1573	2260085	2613880
1574	2261515	2615480
1575	2262944	2617079
1576	2264373	2618680
1577	2265803	2620279
1578	2267234	2621880
1579	2268663	2623479
1580	2270092	2625079
1581	2271524	2626679
1582	2272954	2628279
1583	2274383	2629880
1584	2275812	2631480
1585	2277241	2633079
1586	2278670	2634679
1587	2280100	2636280
1588	2281530	2637879
1589	2282959	2639479
1590	2284389	2641080
1591	2285818	2642679
1592	2287247	2644280
1593	2288676	2645880
1594	2290105	2647480
1595	2291535	2649079
1596	2292965	2650680
1597	2294396	2652281
1598	2295825	2653880
1599	2297255	2655479
1600	2298684	2657079
1601	2300114	2658679
1602	2301544	2660279
1603	2302973	2661881
1604	2304403	2663480
1605	2305832	2665080
1606	2307262	2666680
1607	2308691	2668279
1608	2310120	2669880
1609	2311550	2671480
1610	2312980	2673083
1611	2314408	2674681
1612	2315838	2676280
1613	2317269	2677880
1614	2318699	2679480
1615	2320128	2681081
1616	2321558	2682681
1617	2322988	2684280
1618	2324417	2685880
1619	2325846	2687479
1620	2327275	2689079
1621	2328704	2690681
1622	2330133	2692280
1623	2331563	2693880
1624	2332993	2695480
1625	2334422	2697080
1626	2335851	2698680
1627	2337280	2700280
1628	2338709	2701880
1629	2340141	2703479
1630	2341570	2705080
1631	2343000	2706679
1632	2344429	2708280
1633	2345858	2709887
1634	2347287	2711479
1635	2348717	2713080
1636	2350145	2714680
1637	2351575	2716279
1638	2353004	2717880
1639	2354433	2719480
1640	2355863	2721079
1641	2357293	2722680
1642	2358722	2724280
1643	2360150	2725880
1644	2361579	2727480
1645	2363010	2729083
1646	2364438	2730680
1647	2365871	2732280
1648	2368257	2733879
1649	2369691	2735479
1650	2371122	2737092
1651	2372559	2738680
1652	2373989	2740279
1653	2375418	2741881
1654	2376846	2743480
1655	2378275	2745079
1656	2379703	2746679
1657	2381132	2748280
1658	2382562	2749885
1659	2383992	2751480
1660	2385420	2753079
1661	2386858	2754679
1662	2388295	2756280
1663	2389725	2757879
1664	2391152	2759480
1665	2392582	2761079
1666	2394010	2762679
1667	2395439	2764280
1668	2396867	2765879
1669	2398296	2767479
1670	2399725	2769079
1671	2401153	2770680
1672	2402582	2772279
1673	2404010	2773879
1674	2405439	2775479
1675	2406868	2777087
1676	2408296	2778680
1677	2409727	2780279
1678	2411156	2781880
1679	2412585	2783479
1680	2414014	2785080
1681	2415442	2786680
1682	2416870	2788280
1683	2418298	2789888
1684	2419727	2791480
1685	2421155	2793079
1686	2422584	2794679
1687	2424013	2796279
1688	2425442	2797879
1689	2426870	2799479
1690	2428299	2801080
1691	2429728	2802680
1692	2431156	2804280
1693	2432587	2805880
1694	2434016	2807480
1695	2435444	2809079
1696	2436873	2810679
1697	2438302	2812280
1698	2439731	2813879
1699	2441160	2815480
1700	2442589	2817087
1701	2444017	2818680
1702	2445445	2820279
1703	2446873	2821880
1704	2448302	2823479
1705	2449730	2825080
1706	2451159	2826679
1707	2452588	2828279
1708	2454020	2829880
1709	2455451	2831480
1710	2456879	2833079
1711	2458308	2834679
1712	2459736	2836279
1713	2461165	2837880
1714	2462594	2839479
1715	2464023	2841080
1716	2465451	2842679
1717	2466880	2844280
1718	2468308	2845880
1719	2469737	2847479
1720	2471164	2849079
1721	2472597	2850680
1722	2474026	2852279
1723	2475454	2853880
1724	2476883	2855479
1725	2478314	2857097
1726	2479742	2858680
1727	2481171	2860280
1728	2482600	2861879
1729	2484028	2863480
1730	2485457	2865079
1731	2486886	2866679
1732	2488314	2868280
1733	2489744	2869879
1734	2491172	2871479
1735	2492602	2873080
1736	2494030	2874679
1737	2495460	2876278
1738	2496887	2877880
1739	2498315	2879478
1740	2499744	2881080
1741	2501175	2882679
1742	2502604	2884279
1743	2504034	2885879
1744	2505462	2887480
1745	2506890	2889080
1746	2508318	2890679
1747	2509748	2892280
1748	2511175	2893879
1749	2512604	2895479
1750	2514033	2897079
1751	2515461	2898678
1752	2516889	2900279
1753	2518318	2901879
1754	2519754	2903478
1755	2521182	2905079
1756	2522611	2906678
1757	2524043	2908279
1758	2525471	2909878
1759	2526899	2911479
1760	2528328	2913079
1761	2529756	2914679
1762	2531184	2916279
1763	2532613	2917886
1764	2534042	2919482
1765	2535477	2921081
1766	2536906	2922681
1767	2538336	2924278
1768	2539774	2925879
1769	2541204	2927479
1770	2542634	2929078
1771	2544075	2930679
1772	2545504	2932279
1773	2546935	2933880
1774	2548363	2935479
1775	2549791	2937078
1776	2551221	2938680
1777	2552650	2940279
1778	2554079	2941880
1779	2555508	2943479
1780	2556936	2945079
1781	2558364	2946679
1782	2559792	2948279
1783	2561223	2949879
1784	2562652	2951479
1785	2564080	2953080
1786	2565508	2954678
1787	2566937	2956279
1788	2568365	2957879
1789	2569796	2959479
1790	2571226	2961080
1791	2572655	2962679
1792	2574083	2964278
1793	2575512	2965879
1794	2576940	2967479
1795	2578367	2969079
1796	2579795	2970679
1797	2581225	2972278
1798	2582654	2973879
1799	2584082	2975478
1800	2585510	2977079
1801	2586939	2978679
1802	2588368	2980279
1803	2589797	2981879
1804	2591226	2983478
1805	2592664	2985079
1806	2594101	2986678
1807	2595530	2988279
1808	2596959	2989931
1809	2598387	2991480
1810	2599815	2993078
1811	2601244	2994678
1812	2602673	2996279
1813	2604101	2997879
1814	2605529	2999478
1815	2606957	3001078
1816	2608386	3002678
1817	2609814	3004278
1818	2611242	3005877
1819	2612671	3007478
1820	2614100	3009078
1821	2615530	3010678
1822	2616959	3012278
1823	2618386	3013878
1824	2619814	3015479
1825	2621242	3017079
1826	2622671	3018678
1827	2624100	3020279
1828	2625528	3021878
1829	2626957	3023478
1830	2628385	3025078
1831	2629813	3026678
1832	2631241	3028277
1833	2632670	3029878
1834	2634098	3031477
1835	2635527	3033078
1836	2636955	3034680
1837	2638385	3036280
1838	2639815	3037880
1839	2641243	3039478
1840	2642672	3041079
1841	2644100	3042678
1842	2645528	3044278
1843	2646957	3045878
1844	2648385	3047478
1845	2649813	3049078
1846	2651241	3050678
1847	2652670	3052278
1848	2654099	3053878
1849	2655527	3055478
1850	2656955	3057078
1851	2658383	3058677
1852	2659811	3060278
1853	2661242	3061878
1854	2662671	3063478
1855	2664099	3065078
1856	2665528	3066678
1857	2666956	3068278
1858	2668384	3069878
1859	2669813	3071478
1860	2671240	3073077
1861	2672669	3074678
1862	2674098	3076278
1863	2675527	3077878
1864	2676955	3079485
1865	2678383	3081085
1866	2679811	3082678
1867	2681241	3084278
1868	2682669	3085878
1869	2684099	3087478
1870	2685526	3089078
1871	2686955	3090678
1872	2688383	3092279
1873	2689813	3093879
1874	2691241	3095478
1875	2692671	3097078
1876	2694099	3098678
1877	2695529	3100279
1878	2696957	3101879
1879	2698385	3103478
1880	2699813	3105078
1881	2701241	3106678
1882	2702670	3108278
1883	2704099	3109879
1884	2705528	3111479
1885	2706959	3113078
1886	2708387	3114679
1887	2709816	3116279
1888	2711253	3117879
1889	2712682	3119479
1890	2714110	3121079
1891	2715538	3122678
1892	2716967	3124279
1893	2718395	3125878
1894	2719823	3127478
1895	2721251	3129078
1896	2722680	3130679
1897	2724109	3132278
1898	2725537	3133879
1899	2726965	3135479
1900	2728393	3137079
1901	2729824	3138678
1902	2731252	3140279
1903	2732681	3141879
1904	2734109	3143479
1905	2735537	3145079
1906	2736966	3146679
1907	2738393	3148278
1908	2739822	3149879
1909	2741250	3151478
1910	2742680	3153080
1911	2744108	3154678
1912	2745536	3156278
1913	2746965	3157879
1914	2748393	3159479
1915	2749822	3161079
1916	2751249	3162678
1917	2752680	3164279
1918	2754109	3165879
1919	2755537	3167479
1920	2756966	3169078
1921	2758395	3170678
1922	2759825	3172278
1923	2761254	3173879
1924	2762683	3175478
1925	2764112	3177078
1926	2765540	3178678
1927	2766969	3180279
1928	2768397	3181879
1929	2769825	3183478
1930	2771254	3185085
1931	2772683	3186681
1932	2774111	3188279
1933	2775542	3189879
1934	2776970	3191479
1935	2778398	3193078
1936	2779826	3194678
1937	2781255	3196278
1938	2782684	3197878
1939	2784112	3199477
1940	2785541	3201078
1941	2786969	3202678
1942	2788397	3204278
1943	2789827	3205878
1944	2791254	3207477
1945	2792683	3209078
1946	2794112	3210678
1947	2795540	3212278
1948	2796969	3213878
1949	2798399	3215478
1950	2799828	3217077
1951	2801256	3218678
1952	2802685	3220278
1953	2804115	3221878
1954	2805543	3223478
1955	2806971	3225078
1956	2808399	3226678
1957	2809827	3228278
1958	2811255	3229878
1959	2812685	3231478
1960	2814113	3233078
1961	2815541	3234677
1962	2816970	3236278
1963	2818397	3237877
1964	2819826	3239486
1965	2821258	3241078
1966	2822687	3242678
1967	2824116	3244277
1968	2825544	3245878
1969	2826990	3247477
1970	2828419	3249077
1971	2829848	3250678
1972	2831276	3252277
1973	2832705	3253878
1974	2834134	3255477
1975	2835562	3257078
1976	2836990	3258677
1977	2838419	3260287
1978	2839848	3261879
1979	2841276	3263478
1980	2842706	3265078
1981	2844137	3266677
1982	2845564	3268277
1983	2846993	3269878
1984	2848421	3271478
1985	2849849	3273078
1986	2851278	3274677
1987	2852707	3276277
1988	2854135	3277878
1989	2855564	3279477
1990	2856992	3281078
1991	2858420	3282678
1992	2859848	3284278
1993	2861277	3285878
1994	2862706	3287478
1995	2864134	3289078
1996	2865562	3290678
1997	2866993	3292278
1998	2868421	3293878
1999	2869850	3295478
2000	2871277	3297077
