1	0	100692
2	10891	111128
3	12474	112685
4	14062	114341
5	15707	115896
6	17282	117512
7	18889	118978
8	20400	120490
9	21912	122108
10	23492	123613
11	25001	125108
12	26495	126597
13	27982	128081
14	29468	129568
15	30955	131054
16	32441	132539
17	33927	134026
18	35413	135511
19	36899	136999
20	38387	138485
21	39873	139973
22	41360	141458
23	42846	142944
24	44332	144430
25	45818	145916
26	47304	147404
27	48792	148893
28	50279	150378
29	51766	151893
30	53252	153378
31	54738	154864
32	56224	156342
33	57709	157814
34	59200	159297
35	60692	160789
36	62179	162269
37	63665	163764
38	65152	165240
39	66637	166736
40	68130	168258
41	69616	169750
42	71108	171228
43	72597	172714
44	74083	174181
45	75568	175665
46	77054	177151
47	78539	178625
48	80033	180135
49	81522	181619
50	83007	183104
51	84492	184590
52	85978	186078
53	87466	187568
54	88953	189051
55	90439	190536
56	91924	192022
57	93410	193507
58	94895	194992
59	96380	196480
60	97868	197966
61	99355	199455
62	100842	200945
63	102329	202427
64	103815	203912
65	105300	205398
66	106786	206859
67	108275	208338
68	109760	209824
69	111246	211313
70	112733	212827
71	114226	214291
72	115713	215780
73	117199	217266
74	118685	218760
75	120172	220241
76	121661	221734
77	123150	223217
78	124637	224703
79	126123	226190
80	127609	227676
81	129095	229163
82	130582	230749
83	132069	232345
84	133555	233945
85	135041	235544
86	136527	237145
87	138016	238745
88	139502	240345
89	140989	241945
90	142476	243545
91	143962	245152
92	145451	246749
93	146937	248345
94	148424	249945
95	149910	251573
96	151397	253174
97	152882	254767
98	154368	256346
99	155853	257945
100	157339	259546
101	158827	261174
102	160314	262773
103	161800	264372
104	163286	266005
105	164772	267575
106	166258	269176
107	167743	270776
108	169248	272365
109	170734	273964
110	172220	275546
111	173705	277145
112	175193	278746
113	176679	280345
114	178165	281946
115	179652	283545
116	181141	285145
117	182627	286747
118	184114	288346
119	185601	289946
120	187087	291545
121	188576	293144
122	190063	294746
123	191550	296345
124	193038	297946
125	194526	299546
126	196012	301145
127	197498	302746
128	198987	304345
129	200474	305945
130	201961	307545
131	203447	309145
132	204933	310747
133	206420	312345
134	207906	313945
135	209392	315545
136	210879	317145
137	212366	318751
138	213853	320345
139	215339	321945
140	216828	323545
141	218317	325145
142	219804	326746
143	221292	328345
144	222778	329946
145	224265	331545
146	225751	333146
147	227237	334776
148	228723	336373
149	230210	337947
150	231697	339545
151	233183	341145
152	234669	342746
153	236158	344351
154	237647	345947
155	239136	347546
156	240626	349146
157	242113	350787
158	243599	352365
159	245085	353964
160	246571	355565
161	248059	357146
162	249545	358748
163	251033	360346
164	252520	361965
165	254012	363564
166	255504	365164
167	256993	366766
168	258482	368367
169	259968	369966
170	261456	371586
171	262942	373165
172	264433	374765
173	265919	376371
174	267412	377946
175	268898	379545
176	270384	381146
177	271876	382747
178	273363	384345
179	274848	385976
180	276336	387547
181	277822	389147
182	279309	390747
183	280796	392346
184	282282	393949
185	283769	395546
186	285255	397145
187	286742	398746
188	288234	400346
189	289721	401946
190	291209	403545
191	292695	405145
192	294181	406746
193	295668	408345
194	297156	409948
195	298646	411546
196	300138	413145
197	301625	414788
198	303112	416346
199	304599	417948
200	306086	419546
201	307572	421145
202	309059	422746
203	310545	424345
204	312034	425945
205	313521	427545
206	315007	429146
207	316494	430746
208	317980	432350
209	319467	433947
210	320954	435547
211	322441	437146
212	323928	438746
213	325414	440346
214	326901	441945
215	328387	443545
216	329874	445145
217	331360	446747
218	332846	448345
219	334333	449946
220	335822	451545
221	337308	453173
222	338795	454775
223	340283	456364
224	341770	457946
225	343257	459546
226	344743	461174
227	346230	462775
228	347716	464374
229	349203	465973
230	350690	467565
231	352176	469167
232	353661	470748
233	355150	472345
234	356635	473945
235	358122	475545
236	359611	477145
237	361098	478746
238	362584	480345
239	364070	481948
240	365556	483545
241	367042	485145
242	368530	486746
243	370020	488345
244	371506	489946
245	372992	491545
246	374477	493145
247	375963	494746
248	377448	496345
249	378935	497946
250	380423	499546
251	381909	501173
252	383398	502775
253	384884	504365
254	386371	505947
255	387869	507545
256	389382	509146
257	390871	510776
258	392376	512373
259	393864	513974
260	395359	515564
261	396846	517164
262	398335	518753
263	399822	520376
264	401309	521946
265	402795	523545
266	404282	525145
267	405769	526746
268	407261	528345
269	408748	529946
270	410237	531545
271	411725	533145
272	413211	534746
273	414698	536345
274	416183	537945
275	417670	539546
276	419159	541145
277	420646	542747
278	422135	544345
279	423622	545945
280	425109	547545
281	426595	549148
282	428081	550748
283	429568	552375
284	431057	553975
285	432544	555566
286	434031	557146
287	435518	558746
288	437003	560346
289	438492	561974
290	439979	563582
291	441466	565174
292	442953	566775
293	444440	568376
294	445926	569975
295	447412	571574
296	448899	573173
297	450386	574766
298	451873	576365
299	453358	577946
300	454846	579546
301	456332	581145
302	457826	582753
303	459314	584347
304	460801	585946
305	462287	587546
306	463773	589147
307	465258	590749
308	466745	592345
309	468231	593945
310	469717	595545
311	471203	597145
312	472698	598746
313	474185	600346
314	475677	601946
315	477164	603545
316	478654	605147
317	480147	606747
318	481633	608345
319	483120	609946
320	484607	611545
321	486094	613145
322	487581	614747
323	489070	616345
324	490557	617948
325	492044	619546
326	493531	621145
327	495017	622746
328	496504	624355
329	497990	625945
330	499480	627577
331	500966	629152
332	502456	630747
333	503942	632345
334	505427	633946
335	506913	635545
336	508400	637146
337	509887	638746
338	511374	640346
339	512860	641945
340	514346	643545
341	515832	645145
342	517317	646747
343	518803	648346
344	520292	649946
345	521777	651546
346	523264	653174
347	524750	654776
348	526246	656347
349	527733	657945
350	529220	659546
351	530707	661145
352	532194	662776
353	533681	664374
354	535167	665982
355	536654	667573
356	538146	669167
357	539633	670766
358	541120	672347
359	542606	673945
360	544094	675546
361	545580	677146
362	547067	678747
363	548553	680345
364	550067	681946
365	551558	683546
366	553046	685146
367	554534	686746
368	556021	688345
369	557509	689946
370	558994	691545
371	560478	693146
372	561962	694746
373	563446	696346
374	564928	697945
375	566411	699546
376	567893	701175
377	569376	702776
378	570859	704365
379	572341	705946
380	573826	707546
381	575309	709183
382	576791	710775
383	578274	712374
384	579758	713964
385	581242	715564
386	582725	717148
387	584208	718753
388	585692	720346
389	587175	721946
390	588665	723545
391	590155	725145
392	591639	726746
393	593122	728349
394	594606	729949
395	596090	731545
396	597575	733146
397	599061	734746
398	600545	736345
399	602037	737948
400	603521	739546
401	605003	741145
402	606488	742746
403	607973	744345
404	609456	745945
405	610940	747576
406	612423	749147
407	613906	750746
408	615390	752373
409	616873	753973
410	618356	755575
411	619839	757148
412	621325	758748
413	622809	760346
414	624292	761947
415	625774	763545
416	627258	765145
417	628744	766751
418	630229	768357
419	631712	769946
420	633195	771546
421	634679	773145
422	636162	774746
423	637645	776375
424	639133	777974
425	640617	779566
426	642101	781164
427	643584	782747
428	645070	784346
429	646555	785945
430	648038	787545
431	649521	789146
432	651005	790747
433	652488	792345
434	653971	793945
435	655453	795545
436	656936	797146
437	658420	798746
438	659904	800346
439	661387	801948
440	662870	803545
441	664359	805145
442	665843	806748
443	667326	808350
444	668813	809947
445	670296	811546
446	671779	813145
447	673270	814747
448	674754	816345
449	676237	817945
450	677721	819548
451	679205	821146
452	680689	822807
453	682172	824347
454	683657	825950
455	685143	827548
456	686634	829146
457	688124	830748
458	689608	832349
459	691099	833973
460	692585	835568
461	694068	837195
462	695552	838766
463	697035	840377
464	698521	841949
465	700005	843546
466	701488	845147
467	702971	846749
468	704454	848348
469	705941	849946
470	707424	851549
471	708908	853166
472	710392	854767
473	711875	856346
474	713359	857981
475	714842	859578
476	716327	861197
477	717812	862791
478	719302	864389
479	720786	865970
480	722270	867549
481	723753	869149
482	725237	870750
483	726721	872378
484	728203	873948
485	729687	875573
486	731171	877175
487	732655	878750
488	734140	880346
489	735624	881974
490	737107	883574
491	738593	885173
492	740079	886749
493	741564	888350
494	743047	889948
495	744531	891546
496	746014	893174
497	747497	894748
498	748981	896346
499	750465	897946
500	751949	899546
501	753432	901145
502	754915	902747
503	756402	904345
504	757886	905974
505	759371	907574
506	760856	909165
507	762339	910748
508	763826	912346
509	765310	913945
510	766792	915548
511	768284	917146
512	769767	918753
513	771251	920346
514	772735	921945
515	774218	923574
516	775702	925168
517	777184	926765
518	778667	928346
519	780154	929946
520	781637	931545
521	783121	933145
522	784605	934752
523	786088	936382
524	787574	937965
525	789060	939565
526	790543	941146
527	792026	942747
528	793510	944345
529	794993	945945
530	796476	947547
531	797960	949146
532	799445	950748
533	800929	952345
534	802413	953945
535	803896	955574
536	805380	957176
537	806863	958781
538	808346	960348
539	809829	961946
540	811316	963547
541	812800	965174
542	814283	966775
543	815767	968375
544	817250	969967
545	818733	971547
546	820218	973146
547	821701	974748
548	823184	976345
549	824667	977945
550	826154	979546
551	827636	981145
552	829121	982748
553	830604	984346
554	832089	985946
555	833571	987545
556	835071	989147
557	836563	990747
558	838057	992374
559	839546	993974
560	841030	995566
561	842512	997147
562	843997	998749
563	845481	1000346
564	846965	1001974
565	848449	1003574
566	849932	1005174
567	851416	1006766
568	852899	1008364
569	854383	1009948
570	855866	1011545
571	857351	1013146
572	858837	1014748
573	860324	1016346
574	861835	1017975
575	863325	1019549
576	864841	1021146
577	866326	1022747
578	867814	1024346
579	869307	1025946
580	870794	1027545
581	872279	1029146
582	873785	1030749
583	875276	1032346
584	876762	1033962
585	878246	1035546
586	879729	1037145
587	881215	1038796
588	882703	1040374
589	884186	1041965
590	885668	1043546
591	887156	1045144
592	888658	1046744
593	890162	1048374
594	891648	1049974
595	893134	1051565
596	894626	1053164
597	896109	1054748
598	897594	1056345
599	899081	1057945
600	900567	1059546
601	902050	1061145
602	903534	1062744
603	905017	1064345
604	906504	1065945
605	907988	1067544
606	909471	1069147
607	910957	1070775
608	912441	1072374
609	913937	1073965
610	915443	1075546
611	916932	1077145
612	918418	1078775
613	919903	1080373
614	921390	1081971
615	922874	1083575
616	924358	1085163
617	925841	1086765
618	927324	1088364
619	928806	1089966
620	930295	1091565
621	931782	1093165
622	933269	1094748
623	934755	1096345
624	936240	1097945
625	937723	1099565
626	939216	1101150
627	940700	1102766
628	942184	1104346
629	943668	1105946
630	945153	1107565
631	946637	1109163
632	948149	1110763
633	949644	1112364
634	951129	1113964
635	952613	1115564
636	954103	1117164
637	955586	1118765
638	957071	1120347
639	958554	1121945
640	960037	1123545
641	961520	1125145
642	963004	1126747
643	964490	1128345
644	965972	1129946
645	967455	1131545
646	968938	1133145
647	970421	1134747
648	971904	1136345
649	973387	1137944
650	974871	1139545
651	976354	1141144
652	977841	1142747
653	979323	1144344
654	980807	1145944
655	982291	1147544
656	983774	1149145
657	985258	1150746
658	986741	1152345
659	988224	1153944
660	989710	1155545
661	991195	1157144
662	992678	1158747
663	994161	1160345
664	995643	1161977
665	997126	1163547
666	998611	1165145
667	1000096	1166744
668	1001584	1168344
669	1003067	1169948
670	1004549	1171551
671	1006031	1173174
672	1007514	1174774
673	1008997	1176365
674	1010480	1177946
675	1011964	1179545
676	1013447	1181173
677	1014931	1182789
678	1016414	1184375
679	1017897	1185974
680	1019379	1187572
681	1020863	1189171
682	1022347	1190767
683	1023830	1192365
684	1025315	1193947
685	1026798	1195544
686	1028281	1197145
687	1029765	1198746
688	1031249	1200345
689	1032732	1201945
690	1034218	1203545
691	1035715	1205145
692	1037200	1206746
693	1038686	1208345
694	1040170	1209946
695	1041653	1211545
696	1043137	1213145
697	1044620	1214746
698	1046104	1216345
699	1047587	1217947
700	1049073	1219547
701	1050556	1221145
702	1052039	1222785
703	1053521	1224346
704	1055004	1225945
705	1056488	1227545
706	1057971	1229146
707	1059454	1230748
708	1060937	1232346
709	1062420	1233950
710	1063903	1235547
711	1065386	1237147
712	1066870	1238749
713	1068353	1240375
714	1069836	1241974
715	1071319	1243551
716	1072804	1245145
717	1074293	1246747
718	1075778	1248373
719	1077261	1249965
720	1078749	1251564
721	1080241	1253146
722	1081737	1254747
723	1083241	1256345
724	1084726	1257945
725	1086209	1259546
726	1087692	1261145
727	1089178	1262749
728	1090678	1264374
729	1092163	1265974
730	1093646	1267565
731	1095129	1269149
732	1096616	1270747
733	1098099	1272344
734	1099584	1273945
735	1101078	1275573
736	1102563	1277173
737	1104049	1278774
738	1105534	1280374
739	1107018	1281973
740	1108501	1283602
741	1109985	1285173
742	1111475	1286775
743	1112957	1288364
744	1114441	1289965
745	1115923	1291546
746	1117405	1293174
747	1118887	1294775
748	1120372	1296374
749	1121856	1297974
750	1123338	1299575
751	1124821	1301165
752	1126303	1302766
753	1127786	1304388
754	1129272	1305963
755	1130755	1307561
756	1132237	1309145
757	1133720	1310746
758	1135203	1312345
759	1136685	1313945
760	1138167	1315545
761	1139652	1317144
762	1141138	1318750
763	1142620	1320345
764	1144105	1321945
765	1145588	1323551
766	1147070	1325176
767	1148552	1326748
768	1150035	1328345
769	1151518	1329946
770	1153000	1331545
771	1154483	1333146
772	1155965	1334747
773	1157448	1336345
774	1158930	1337945
775	1160413	1339545
776	1161896	1341145
777	1163377	1342747
778	1164860	1344345
779	1166342	1345945
780	1167827	1347544
781	1169309	1349146
782	1170792	1350747
783	1172275	1352360
784	1173757	1353946
785	1175248	1355545
786	1176730	1357145
787	1178213	1358747
788	1179695	1360345
789	1181178	1361944
790	1182662	1363545
791	1184146	1365144
792	1185627	1366745
793	1187109	1368344
794	1188595	1369947
795	1190077	1371545
796	1191561	1373145
797	1193043	1374746
798	1194525	1376344
799	1196009	1377945
800	1197491	1379545
801	1198976	1381145
802	1200459	1382775
803	1201942	1384373
804	1203424	1385965
805	1204907	1387545
806	1206390	1389169
807	1207872	1390749
808	1209354	1392364
809	1210837	1393964
810	1212319	1395546
811	1213802	1397146
812	1215286	1398748
813	1216768	1400345
814	1218252	1401944
815	1219734	1403544
816	1221217	1405144
817	1222700	1406745
818	1224181	1408353
819	1225664	1409945
820	1227149	1411544
821	1228631	1413144
822	1230113	1414745
823	1231596	1416344
824	1233079	1417944
825	1234561	1419547
826	1236043	1421145
827	1237526	1422746
828	1239014	1424345
829	1240496	1425945
830	1241978	1427545
831	1243462	1429146
832	1244944	1430747
833	1246427	1432344
834	1247909	1433944
835	1249391	1435544
836	1250873	1437144
837	1252355	1438745
838	1253838	1440374
839	1255321	1441974
840	1256803	1443573
841	1258286	1445174
842	1259768	1446775
843	1261251	1448405
844	1262736	1449974
845	1264218	1451564
846	1265703	1453163
847	1267185	1454747
848	1268667	1456345
849	1270154	1457944
850	1271637	1459545
851	1273120	1461145
852	1274609	1462746
853	1276092	1464345
854	1277574	1465945
855	1279056	1467545
856	1280538	1469177
857	1282020	1470748
858	1283509	1472345
859	1284991	1473945
860	1286476	1475545
861	1287958	1477145
862	1289441	1478746
863	1290924	1480345
864	1292407	1481945
865	1293889	1483544
866	1295371	1485144
867	1296853	1486747
868	1298335	1488344
869	1299819	1489945
870	1301303	1491545
871	1302784	1493145
872	1304276	1494749
873	1305758	1496345
874	1307241	1497944
875	1308722	1499545
876	1310208	1501145
877	1311691	1502746
878	1313173	1504344
879	1314655	1505944
880	1316146	1507544
881	1317628	1509146
882	1319111	1510748
883	1320594	1512345
884	1322080	1513945
885	1323609	1515545
886	1325093	1517145
887	1326575	1518748
888	1328058	1520347
889	1329541	1521945
890	1331025	1523545
891	1332508	1525145
892	1334007	1526747
893	1335491	1528345
894	1336974	1530003
895	1338457	1531564
896	1339943	1533147
897	1341426	1534747
898	1342909	1536345
899	1344392	1537945
900	1345874	1539565
901	1347356	1541146
902	1348838	1542746
903	1350321	1544345
904	1351804	1545945
905	1353286	1547544
906	1354771	1549145
907	1356254	1550746
908	1357739	1552344
909	1359256	1553944
910	1360740	1555544
911	1362223	1557144
912	1363706	1558746
913	1365188	1560345
914	1366671	1561944
915	1368155	1563544
916	1369638	1565145
917	1371121	1566744
918	1372603	1568345
919	1374086	1569948
920	1375568	1571545
921	1377051	1573144
922	1378533	1574744
923	1380016	1576345
924	1381501	1577944
925	1382984	1579545
926	1384466	1581145
927	1385948	1582744
928	1387439	1584345
929	1388924	1585945
930	1390408	1587544
931	1391902	1589145
932	1393394	1590763
933	1394883	1592346
934	1396375	1593945
935	1397859	1595545
936	1399347	1597173
937	1400834	1598773
938	1402326	1600347
939	1403813	1601945
940	1405301	1603545
941	1406785	1605145
942	1408273	1606746
943	1409755	1608344
944	1411241	1609945
945	1412724	1611555
946	1414206	1613145
947	1415689	1614744
948	1417172	1616345
949	1418654	1617945
950	1420143	1619548
951	1421626	1621145
952	1423108	1622746
953	1424591	1624373
954	1426074	1625974
955	1427560	1627573
956	1429046	1629173
957	1430528	1630773
958	1432011	1632381
959	1433493	1633973
960	1434976	1635564
961	1436458	1637164
962	1437943	1638746
963	1439428	1640344
964	1440911	1641945
965	1442393	1643544
966	1443875	1645144
967	1445357	1646744
968	1446838	1648344
969	1448320	1649945
970	1449802	1651544
971	1451284	1653145
972	1452766	1654746
973	1454255	1656344
974	1455739	1657944
975	1457222	1659545
976	1458704	1661145
977	1460188	1662746
978	1461673	1664344
979	1463157	1665944
980	1464639	1667544
981	1466121	1669149
982	1467604	1670744
983	1469103	1672356
984	1470588	1673945
985	1472071	1675545
986	1473553	1677144
987	1475043	1678746
988	1476526	1680345
989	1478009	1681945
990	1479491	1683545
991	1480975	1685145
992	1482457	1686746
993	1483940	1688345
994	1485425	1689946
995	1486908	1691545
996	1488390	1693157
997	1489875	1694746
998	1491357	1696344
999	1492840	1697944
1000	1494323	1699545
1001	1495806	1701145
1002	1497289	1702746
1003	1498779	1704344
1004	1500263	1705944
1005	1501746	1707544
1006	1503228	1709145
1007	1504711	1710744
1008	1506193	1712344
1009	1507676	1713972
1010	1509162	1715573
1011	1510645	1717164
1012	1512127	1718748
1013	1513609	1720347
1014	1515092	1721945
1015	1516574	1723573
1016	1518057	1725165
1017	1519539	1726763
1018	1521023	1728346
1019	1522505	1729946
1020	1523987	1731545
1021	1525470	1733149
1022	1526952	1734749
1023	1528435	1736346
1024	1529917	1737946
1025	1531400	1739574
1026	1532883	1741173
1027	1534365	1742766
1028	1535849	1744346
1029	1537332	1745944
1030	1538814	1747545
1031	1540298	1749146
1032	1541780	1750748
1033	1543263	1752344
1034	1544745	1753974
1035	1546228	1755546
1036	1547710	1757145
1037	1549193	1758747
1038	1550677	1760345
1039	1552159	1761945
1040	1553641	1763544
1041	1555124	1765144
1042	1556609	1766747
1043	1558091	1768344
1044	1559573	1769947
1045	1561056	1771574
1046	1562539	1773173
1047	1564021	1774793
1048	1565504	1776375
1049	1566986	1777973
1050	1568468	1779573
1051	1569951	1781173
1052	1571434	1782775
1053	1572917	1784366
1054	1574400	1785964
1055	1575883	1787546
1056	1577366	1789146
1057	1578848	1790747
1058	1580334	1792345
1059	1581816	1793945
1060	1583298	1795545
1061	1584781	1797144
1062	1586263	1798746
1063	1587746	1800346
1064	1589231	1801945
1065	1590714	1803545
1066	1592196	1805144
1067	1593689	1806746
1068	1595173	1808350
1069	1596656	1809946
1070	1598140	1811545
1071	1599624	1813144
1072	1601106	1814785
1073	1602590	1816347
1074	1604075	1817945
1075	1605558	1819548
1076	1607040	1821145
1077	1608523	1822744
1078	1610006	1824345
1079	1611489	1825949
1080	1612970	1827545
1081	1614452	1829145
1082	1615935	1830746
1083	1617417	1832344
1084	1618899	1833945
1085	1620382	1835544
1086	1621864	1837144
1087	1623346	1838744
1088	1624831	1840345
1089	1626313	1841944
1090	1627796	1843544
1091	1629278	1845145
1092	1630760	1846746
1093	1632243	1848344
1094	1633725	1849945
1095	1635214	1851544
1096	1636695	1853144
1097	1638177	1854746
1098	1639662	1856345
1099	1641147	1857949
1100	1642630	1859549
1101	1644112	1861174
1102	1645594	1862776
1103	1647077	1864347
1104	1648559	1865945
1105	1650041	1867545
1106	1651528	1869146
1107	1653010	1870777
1108	1654493	1872374
1109	1655975	1873973
1110	1657457	1875602
1111	1658940	1877173
1112	1660423	1878773
1113	1661905	1880373
1114	1663387	1881965
1115	1664869	1883568
1116	1666359	1885147
1117	1667842	1886748
1118	1669324	1888346
1119	1670807	1889947
1120	1672290	1891548
1121	1673771	1893147
1122	1675263	1894748
1123	1676746	1896376
1124	1678229	1897945
1125	1679711	1899546
1126	1681195	1901145
1127	1682679	1902747
1128	1684177	1904346
1129	1685665	1905945
1130	1687152	1907545
1131	1688636	1909145
1132	1690121	1910745
1133	1691606	1912344
1134	1693091	1913944
1135	1694573	1915545
1136	1696055	1917145
1137	1697538	1918747
1138	1699025	1920347
1139	1700508	1921945
1140	1701991	1923544
1141	1703473	1925145
1142	1704955	1926746
1143	1706438	1928345
1144	1707920	1929945
1145	1709403	1931544
1146	1710886	1933145
1147	1712369	1934746
1148	1713851	1936344
1149	1715332	1937945
1150	1716814	1939545
1151	1718296	1941146
1152	1719785	1942746
1153	1721269	1944345
1154	1722754	1945974
1155	1724236	1947573
1156	1725718	1949165
1157	1727199	1950747
1158	1728682	1952344
1159	1730165	1953945
1160	1731648	1955544
1161	1733130	1957145
1162	1734611	1958747
1163	1736095	1960346
1164	1737577	1961944
1165	1739059	1963545
1166	1740545	1965145
1167	1742027	1966746
1168	1743508	1968345
1169	1744990	1969947
1170	1746475	1971545
1171	1747958	1973145
1172	1749443	1974744
1173	1750926	1976345
1174	1752419	1977945
1175	1753903	1979576
1176	1755385	1981146
1177	1756867	1982747
1178	1758350	1984346
1179	1759832	1985944
1180	1761316	1987544
1181	1762799	1989145
1182	1764281	1990747
1183	1765764	1992345
1184	1767246	1993945
1185	1768729	1995545
1186	1770214	1997191
1187	1771697	1998774
1188	1773178	2000399
1189	1774662	2001973
1190	1776146	2003573
1191	1777628	2005174
1192	1779109	2006775
1193	1780592	2008374
1194	1782073	2009964
1195	1783555	2011564
1196	1785043	2013146
1197	1786525	2014771
1198	1788009	2016343
1199	1789494	2017942
1200	1790977	2019543
1201	1792460	2021174
1202	1793945	2022745
1203	1795428	2024342
1204	1796911	2025942
1205	1798393	2027542
1206	1799879	2029143
1207	1801362	2030742
1208	1802844	2032355
1209	1804327	2033942
1210	1805810	2035540
1211	1807293	2037140
1212	1808775	2038740
1213	1810258	2040341
1214	1811740	2041940
1215	1813223	2043541
1216	1814706	2045141
1217	1816187	2046741
1218	1817672	2048340
1219	1819156	2049941
1220	1820639	2051541
1221	1822121	2053141
1222	1823604	2054741
1223	1825086	2056341
1224	1826569	2057940
1225	1828051	2059541
1226	1829533	2061141
1227	1831016	2062741
1228	1832499	2064340
1229	1833981	2065941
1230	1835463	2067541
1231	1836944	2069141
1232	1838427	2070743
1233	1839912	2072341
1234	1841397	2073941
1235	1842880	2075541
1236	1844362	2077141
1237	1845845	2078742
1238	1847327	2080342
1239	1848809	2081963
1240	1850292	2083541
1241	1851775	2085141
1242	1853257	2086770
1243	1854739	2088370
1244	1856221	2089971
1245	1857704	2091543
1246	1859186	2093142
1247	1860669	2094740
1248	1862153	2096370
1249	1863635	2097970
1250	1865126	2099571
1251	1866610	2101142
1252	1868093	2102742
1253	1869575	2104340
1254	1871058	2105940
1255	1872540	2107541
1256	1874021	2109141
1257	1875517	2110741
1258	1876999	2112342
1259	1878481	2113940
1260	1879963	2115540
1261	1881445	2117140
1262	1882927	2118740
1263	1884409	2120347
1264	1885890	2121941
1265	1887374	2123541
1266	1888862	2125141
1267	1890348	2126741
1268	1891847	2128342
1269	1893341	2129941
1270	1894826	2131541
1271	1896309	2133141
1272	1897792	2134741
1273	1899276	2136340
1274	1900761	2137940
1275	1902244	2139541
1276	1903727	2141141
1277	1905211	2142740
1278	1906693	2144369
1279	1908176	2145970
1280	1909658	2147572
1281	1911144	2149170
1282	1912629	2150770
1283	1914111	2152373
1284	1915594	2153969
1285	1917076	2155571
1286	1918558	2157170
1287	1920040	2158770
1288	1921523	2160370
1289	1923006	2161987
1290	1924488	2163570
1291	1925971	2165170
1292	1927453	2166770
1293	1928936	2168370
1294	1930418	2169972
1295	1931901	2171570
1296	1933383	2173170
1297	1934866	2174769
1298	1936351	2176371
1299	1937834	2177969
1300	1939315	2179570
1301	1940801	2181170
1302	1942311	2182743
1303	1943797	2184340
1304	1945281	2185940
1305	1946762	2187540
1306	1948244	2189141
1307	1949725	2190740
1308	1951210	2192341
1309	1952692	2193941
1310	1954177	2195541
1311	1955662	2197141
1312	1957147	2198741
1313	1958630	2200341
1314	1960113	2201940
1315	1961596	2203541
1316	1963079	2205140
1317	1964564	2206741
1318	1966045	2208341
1319	1967528	2209941
1320	1969010	2211541
1321	1970493	2213141
1322	1971976	2214741
1323	1973458	2216341
1324	1974941	2217941
1325	1976423	2219541
1326	1977944	2221142
1327	1979474	2222741
1328	1980988	2224341
1329	1982501	2225941
1330	1984013	2227541
1331	1985503	2229141
1332	1986985	2230740
1333	1988466	2232342
1334	1989949	2233940
1335	1991431	2235570
1336	1992911	2237170
1337	1994392	2238743
1338	1995872	2240341
1339	1997352	2241941
1340	1998834	2243569
1341	2000317	2245142
1342	2001800	2246740
1343	2003280	2248340
1344	2004761	2249970
1345	2006251	2251569
1346	2007730	2253170
1347	2009219	2254761
1348	2010699	2256360
1349	2012179	2257942
1350	2013660	2259541
1351	2015143	2261141
1352	2016650	2262742
1353	2018145	2264340
1354	2019628	2265941
1355	2021110	2267541
1356	2022589	2269141
1357	2024070	2270743
1358	2025554	2272340
1359	2027035	2273940
1360	2028516	2275540
1361	2029996	2277141
1362	2031477	2278741
1363	2032958	2280341
1364	2034464	2281941
1365	2035950	2283540
1366	2037432	2285140
1367	2038913	2286740
1368	2040397	2288342
1369	2041878	2289941
1370	2043357	2291541
1371	2044838	2293140
1372	2046319	2294740
1373	2047799	2296342
1374	2049282	2297940
1375	2050763	2299541
1376	2052261	2301155
1377	2053746	2302741
1378	2055228	2304340
1379	2056708	2305940
1380	2058188	2307541
1381	2059668	2309141
1382	2061151	2310741
1383	2062633	2312340
1384	2064112	2313940
1385	2065593	2315541
1386	2067073	2317141
1387	2068553	2318740
1388	2070033	2320343
1389	2071516	2321941
1390	2073000	2323541
1391	2074480	2325140
1392	2075969	2326740
1393	2077451	2328340
1394	2078940	2329941
1395	2080434	2331540
1396	2081916	2333141
1397	2083397	2334741
1398	2084877	2336340
1399	2086357	2337941
1400	2087838	2339542
1401	2089320	2341146
1402	2090802	2342740
1403	2092286	2344342
1404	2093767	2345940
1405	2095248	2347540
1406	2096731	2349141
1407	2098211	2350740
1408	2099707	2352342
1409	2101192	2353940
1410	2102678	2355541
1411	2104160	2357141
1412	2105640	2358741
1413	2107121	2360342
1414	2108601	2361941
1415	2110081	2363541
1416	2111563	2365142
1417	2113043	2366740
1418	2114524	2368342
1419	2116004	2369941
1420	2117485	2371543
1421	2118965	2373141
1422	2120449	2374740
1423	2121929	2376340
1424	2123409	2377941
1425	2124890	2379541
1426	2126371	2381141
1427	2127851	2382740
1428	2129333	2384347
1429	2130814	2385943
1430	2132294	2387542
1431	2133774	2389142
1432	2135255	2390741
1433	2136736	2392344
1434	2138216	2393943
1435	2139697	2395542
1436	2141180	2397142
1437	2142661	2398741
1438	2144145	2400342
1439	2145625	2401942
1440	2147105	2403542
1441	2148585	2405141
1442	2150065	2406742
1443	2151545	2408341
1444	2153025	2409942
1445	2154505	2411541
1446	2155984	2413140
1447	2157464	2414741
1448	2158944	2416342
1449	2160425	2417941
1450	2161905	2419541
1451	2163384	2421173
1452	2164864	2422742
1453	2166343	2424341
1454	2167825	2425941
1455	2169305	2427540
1456	2170785	2429141
1457	2172265	2430741
1458	2173745	2432341
1459	2175225	2433941
1460	2176705	2435541
1461	2178184	2437140
1462	2179664	2438741
1463	2181152	2440342
1464	2182633	2441941
1465	2184113	2443540
1466	2185594	2445141
1467	2187075	2446741
1468	2188555	2448341
1469	2190038	2449941
1470	2191521	2451541
1471	2193002	2453140
1472	2194482	2454741
1473	2195962	2456340
1474	2197443	2457941
1475	2198923	2459541
1476	2200406	2461140
1477	2201887	2462741
1478	2203366	2464341
1479	2204847	2465941
1480	2206327	2467540
1481	2207808	2469141
1482	2209288	2470743
1483	2210769	2472340
1484	2212250	2473941
1485	2213730	2475541
1486	2215213	2477140
1487	2216693	2478741
1488	2218174	2480341
1489	2219654	2481941
1490	2221137	2483541
1491	2222618	2485141
1492	2224099	2486740
1493	2225579	2488340
1494	2227060	2489941
1495	2228540	2491540
1496	2230020	2493141
1497	2231501	2494741
1498	2232982	2496341
1499	2234462	2497941
1500	2235941	2499541
1501	2237421	2501141
1502	2238903	2502741
1503	2240386	2504341
1504	2241867	2505941
1505	2243347	2507570
1506	2244826	2509171
1507	2246306	2510769
1508	2247787	2512371
1509	2249267	2513969
1510	2250748	2515569
1511	2252228	2517170
1512	2253707	2518761
1513	2255187	2520389
1514	2256667	2521961
1515	2258151	2523542
1516	2259631	2525141
1517	2261112	2526740
1518	2262595	2528342
1519	2264076	2529942
1520	2265560	2531541
1521	2267040	2533141
1522	2268521	2534748
1523	2270001	2536342
1524	2271482	2537942
1525	2272963	2539544
1526	2274443	2541143
1527	2275931	2542743
1528	2277413	2544341
1529	2278893	2545941
1530	2280375	2547541
1531	2281855	2549142
1532	2283335	2550741
1533	2284815	2552341
1534	2286298	2553940
1535	2287779	2555540
1536	2289259	2557140
1537	2290742	2558741
1538	2292223	2560342
1539	2293703	2561940
1540	2295183	2563541
1541	2296664	2565141
1542	2298147	2566740
1543	2299630	2568340
1544	2301111	2569942
1545	2302591	2571543
1546	2304072	2573140
1547	2305552	2574741
1548	2307033	2576341
1549	2308513	2577941
1550	2309997	2579571
1551	2311478	2581143
1552	2312958	2582742
1553	2314439	2584342
1554	2315920	2585941
1555	2317400	2587541
1556	2318881	2589141
1557	2320362	2590740
1558	2321843	2592340
1559	2323322	2593946
1560	2324803	2595541
1561	2326283	2597170
1562	2327763	2598769
1563	2329243	2600370
1564	2330724	2601941
1565	2332205	2603540
1566	2333687	2605140
1567	2335168	2606769
1568	2336648	2608371
1569	2338128	2609970
1570	2339609	2611569
1571	2341092	2613161
1572	2342572	2614760
1573	2344052	2616344
1574	2345533	2617941
1575	2347013	2619541
1576	2348494	2621143
1577	2349974	2622741
1578	2351456	2624341
1579	2352937	2625940
1580	2354417	2627541
1581	2355898	2629141
1582	2357380	2630740
1583	2358861	2632340
1584	2360353	2633941
1585	2361834	2635541
1586	2363314	2637141
1587	2364794	2638756
1588	2366275	2640341
1589	2367756	2641941
1590	2369237	2643540
1591	2370718	2645140
1592	2372199	2646741
1593	2373679	2648340
1594	2375159	2649941
1595	2376640	2651541
1596	2378120	2653141
1597	2379601	2654741
1598	2381084	2656341
1599	2382564	2657970
1600	2384044	2659570
1601	2385525	2661142
1602	2387006	2662740
1603	2388487	2664342
1604	2389967	2665970
1605	2391451	2667570
1606	2392932	2669171
1607	2394428	2670772
1608	2395918	2672370
1609	2397400	2673961
1610	2398883	2675542
1611	2400371	2677143
1612	2401855	2678741
1613	2403336	2680342
1614	2404821	2681940
1615	2406302	2683541
1616	2407783	2685141
1617	2409266	2686741
1618	2410749	2688342
1619	2412229	2689942
1620	2413709	2691540
1621	2415188	2693140
1622	2416668	2694740
1623	2418150	2696341
1624	2419630	2697940
1625	2421111	2699542
1626	2422590	2701141
1627	2424070	2702741
1628	2425550	2704342
1629	2427029	2705941
1630	2428511	2707569
1631	2429991	2709170
1632	2431471	2710771
1633	2432951	2712362
1634	2434431	2713941
1635	2435911	2715540
1636	2437391	2717169
1637	2438870	2718780
1638	2440353	2720371
1639	2441834	2721969
1640	2443313	2723567
1641	2444793	2725167
1642	2446272	2726770
1643	2447752	2728372
1644	2449232	2729970
1645	2450712	2731560
1646	2452194	2733161
1647	2453674	2734761
1648	2455156	2736360
1649	2456636	2737987
1650	2458116	2739569
1651	2459601	2741161
1652	2461083	2742760
1653	2462562	2744360
1654	2464042	2745960
1655	2465521	2747560
1656	2467001	2749161
1657	2468481	2750758
1658	2469960	2752360
1659	2471441	2753959
1660	2472921	2755559
1661	2474401	2757163
1662	2475883	2758783
1663	2477370	2760344
1664	2478850	2761942
1665	2480331	2763542
1666	2481810	2765142
1667	2483291	2766760
1668	2484771	2768362
1669	2486251	2769961
1670	2487730	2771544
1671	2489210	2773141
1672	2490693	2774740
1673	2492173	2776340
1674	2493653	2777941
1675	2495135	2779542
1676	2496615	2781141
1677	2498095	2782780
1678	2499580	2784341
1679	2501061	2785941
1680	2502543	2787541
1681	2504023	2789141
1682	2505503	2790740
1683	2506983	2792341
1684	2508462	2793941
1685	2509941	2795540
1686	2511421	2797141
1687	2512901	2798741
1688	2514380	2800341
1689	2515859	2801940
1690	2517338	2803541
1691	2518818	2805141
1692	2520298	2806740
1693	2521777	2808347
1694	2523258	2809942
1695	2524739	2811541
1696	2526219	2813141
1697	2527699	2814741
1698	2529179	2816341
1699	2530661	2817941
1700	2532144	2819541
1701	2533623	2821143
1702	2535102	2822741
1703	2536582	2824341
1704	2538062	2825941
1705	2539541	2827541
1706	2541025	2829142
1707	2542504	2830741
1708	2543984	2832341
1709	2545463	2833941
1710	2546945	2835541
1711	2548425	2837141
1712	2549904	2838740
1713	2551385	2840346
1714	2552865	2841941
1715	2554345	2843541
1716	2555824	2845140
1717	2557304	2846740
1718	2558787	2848342
1719	2560267	2849941
1720	2561746	2851540
1721	2563226	2853141
1722	2564705	2854740
1723	2566184	2856342
1724	2567664	2857970
1725	2569145	2859562
1726	2570628	2861142
1727	2572107	2862741
1728	2573587	2864341
1729	2575066	2865961
1730	2576546	2867541
1731	2578025	2869141
1732	2579505	2870772
1733	2580984	2872370
1734	2582464	2873969
1735	2583945	2875570
1736	2585428	2877170
1737	2586908	2878770
1738	2588389	2880370
1739	2589869	2881987
1740	2591351	2883561
1741	2592835	2885161
1742	2594322	2886742
1743	2595801	2888341
1744	2597281	2889941
1745	2598760	2891540
1746	2600242	2893141
1747	2601721	2894743
1748	2603202	2896341
1749	2604681	2897941
1750	2606161	2899542
1751	2607640	2901142
1752	2609119	2902741
1753	2610598	2904341
1754	2612078	2905940
1755	2613557	2907540
1756	2615036	2909141
1757	2616515	2910741
1758	2617998	2912342
1759	2619478	2913941
1760	2620958	2915541
1761	2622438	2917140
1762	2623917	2918740
1763	2625396	2920341
1764	2626876	2921972
1765	2628355	2923542
1766	2629834	2925140
1767	2631315	2926740
1768	2632794	2928340
1769	2634274	2929941
1770	2635753	2931541
1771	2637232	2933141
1772	2638712	2934740
1773	2640191	2936342
1774	2641677	2937940
1775	2643157	2939541
1776	2644637	2941140
1777	2646117	2942740
1778	2647597	2944342
1779	2649077	2945940
1780	2650557	2947541
1781	2652037	2949142
1782	2653517	2950741
1783	2654996	2952341
1784	2656476	2953941
1785	2657955	2955541
1786	2659435	2957141
1787	2660915	2958770
1788	2662394	2960371
1789	2663875	2961976
1790	2665357	2963543
1791	2666844	2965141
1792	2668324	2966769
1793	2669803	2968371
1794	2671283	2969970
1795	2672762	2971571
1796	2674241	2973160
1797	2675720	2974760
1798	2677205	2976341
1799	2678687	2977940
1800	2680166	2979543
1801	2681647	2981169
1802	2683127	2982768
1803	2684607	2984368
1804	2686086	2985969
1805	2687565	2987569
1806	2689048	2989171
1807	2690531	2990816
1808	2692011	2992370
1809	2693491	2993969
1810	2694970	2995569
1811	2696451	2997169
1812	2697930	2998769
1813	2699409	3000370
1814	2700892	3001968
1815	2702372	3003569
1816	2703851	3005169
1817	2705332	3006769
1818	2706811	3008370
1819	2708291	3009972
1820	2709770	3011569
1821	2711250	3013169
1822	2712731	3014769
1823	2714212	3016369
1824	2715691	3017969
1825	2717171	3019569
1826	2718651	3021172
1827	2720143	3022770
1828	2721623	3024370
1829	2723102	3025969
1830	2724582	3027570
1831	2726061	3029170
1832	2727540	3030769
1833	2729019	3032368
1834	2730499	3033970
1835	2731978	3035573
1836	2733457	3037169
1837	2734936	3038768
1838	2736417	3040370
1839	2737896	3041968
1840	2739375	3043569
1841	2740857	3045169
1842	2742336	3046769
1843	2743815	3048370
1844	2745294	3049970
1845	2746773	3051570
1846	2748252	3053169
1847	2749731	3054769
1848	2751219	3056370
1849	2752699	3057969
1850	2754184	3059570
1851	2756046	3061167
1852	2757527	3062767
1853	2759011	3064369
1854	2760502	3065969
1855	2761984	3067570
1856	2763466	3069170
1857	2764945	3070769
1858	2766426	3072370
1859	2767905	3073969
1860	2769384	3075569
1861	2770864	3077170
1862	2772343	3078770
1863	2773824	3080369
1864	2775304	3081969
1865	2776784	3083569
1866	2778263	3085169
1867	2779743	3086769
1868	2781223	3088369
1869	2782703	3089970
1870	2784185	3091568
1871	2785664	3093170
1872	2787146	3094768
1873	2788626	3096370
1874	2790105	3097969
1875	2791588	3099570
1876	2793068	3101170
1877	2794548	3102770
1878	2796028	3104369
1879	2797507	3105969
1880	2798987	3107569
1881	2800470	3109170
1882	2801950	3110769
1883	2803430	3112369
1884	2804909	3113969
1885	2806389	3115568
1886	2807871	3117167
1887	2809351	3118768
1888	2810831	3120370
1889	2812311	3121971
1890	2813791	3123569
1891	2815270	3125169
1892	2816750	3126770
1893	2818230	3128369
1894	2819709	3129970
1895	2821190	3131570
1896	2822670	3133169
1897	2824150	3134770
1898	2825630	3136369
1899	2827110	3137969
1900	2828594	3139570
1901	2830075	3141169
1902	2831561	3142769
1903	2833041	3144370
1904	2834521	3145969
1905	2836001	3147569
1906	2837480	3149170
1907	2838960	3150770
1908	2840441	3152369
1909	2841923	3153969
1910	2843402	3155569
1911	2844883	3157169
1912	2846363	3158768
1913	2847842	3160370
1914	2849322	3161969
1915	2850802	3163569
1916	2852282	3165170
1917	2853762	3166769
1918	2855244	3168369
1919	2856724	3169970
1920	2858203	3171570
1921	2859682	3173169
1922	2861164	3174770
1923	2862645	3176369
1924	2864123	3177969
1925	2865603	3179570
1926	2867083	3181169
1927	2868563	3182769
1928	2870043	3184374
1929	2871522	3185973
1930	2873002	3187569
1931	2874481	3189171
1932	2875960	3190770
1933	2877445	3192370
1934	2878928	3193970
1935	2880408	3195569
1936	2881896	3197169
1937	2883375	3198769
1938	2884854	3200369
1939	2886333	3201969
1940	2887814	3203569
1941	2889297	3205169
1942	2890780	3206769
1943	2892260	3208369
1944	2893739	3209971
1945	2895238	3211569
1946	2896727	3213169
1947	2898209	3214770
1948	2899692	3216369
1949	2901174	3217969
1950	2902658	3219569
1951	2904140	3221171
1952	2905620	3222769
1953	2907099	3224369
1954	2908579	3225969
1955	2910058	3227569
1956	2911538	3229170
1957	2913018	3230769
1958	2914498	3232369
1959	2915977	3233970
1960	2917457	3235569
1961	2918936	3237169
1962	2920417	3238769
1963	2921896	3240370
1964	2923375	3241970
1965	2924855	3243569
1966	2926336	3245169
1967	2927816	3246769
1968	2929296	3248369
1969	2930779	3249969
1970	2932263	3251570
1971	2933745	3253174
1972	2935227	3254768
1973	2936707	3256367
1974	2938186	3257969
1975	2939665	3259570
1976	2941151	3261169
1977	2942631	3262769
1978	2944110	3264369
1979	2945590	3265969
1980	2947069	3267570
1981	2948549	3269170
1982	2950031	3270769
1983	2951512	3272370
1984	2952991	3273969
1985	2954473	3275569
1986	2955958	3277169
1987	2957439	3278769
1988	2958919	3280370
1989	2960399	3281969
1990	2961888	3283569
1991	2963367	3285169
1992	2964848	3286769
1993	2966328	3288369
1994	2967808	3289970
1995	2969287	3291569
1996	2970766	3293169
1997	2972246	3294769
1998	2973729	3296370
1999	2975208	3297969
2000	2976688	3299569
