1	0
2	8402
3	9974
4	11418
5	12857
6	14355
7	15948
8	17464
9	18988
10	20456
11	21949
12	23384
13	24818
14	26271
15	27707
16	29143
17	30577
18	32013
19	33448
20	34882
21	36317
22	37752
23	39185
24	40619
25	42054
26	43488
27	44924
28	46358
29	47792
30	49228
31	50662
32	52096
33	53530
34	54964
35	56398
36	57832
37	59266
38	60699
39	62134
40	63568
41	65001
42	66435
43	67879
44	69314
45	70748
46	72183
47	73617
48	75051
49	76485
50	77919
51	79352
52	80786
53	82223
54	83657
55	85093
56	86527
57	87962
58	89395
59	90829
60	92266
61	93700
62	95134
63	96568
64	98002
65	99436
66	100869
67	102306
68	103740
69	105174
70	106608
71	108041
72	109476
73	110910
74	112346
75	113781
76	115220
77	116655
78	118089
79	119524
80	120958
81	122393
82	123828
83	125263
84	126697
85	128131
86	129565
87	130999
88	132434
89	133870
90	135305
91	136739
92	138176
93	139610
94	141044
95	142478
96	143913
97	145347
98	146782
99	148219
100	149654
101	151089
102	152524
103	153959
104	155394
105	156829
106	158263
107	159698
108	161134
109	162570
110	164005
111	165439
112	166874
113	168308
114	169743
115	171177
116	172612
117	174047
118	175482
119	176916
120	178351
121	179785
122	181224
123	182660
124	184097
125	185532
126	186967
127	188401
128	189835
129	191270
130	192706
131	194143
132	195578
133	197012
134	198447
135	199883
136	201319
137	202754
138	204188
139	205622
140	207059
141	208496
142	209930
143	211366
144	212800
145	214237
146	215673
147	217108
148	218543
149	219977
150	221412
151	222847
152	224283
153	225717
154	227152
155	228586
156	230023
157	231458
158	232894
159	234330
160	235765
161	237199
162	238634
163	240068
164	241503
165	242937
166	244374
167	245809
168	247242
169	248678
170	250113
171	251548
172	252985
173	254420
174	255856
175	257291
176	258729
177	260164
178	261599
179	263033
180	264467
181	265903
182	267338
183	268773
184	270219
185	271655
186	273090
187	274526
188	275962
189	277397
190	278831
191	280265
192	281700
193	283139
194	284574
195	286008
196	287443
197	288877
198	290311
199	291746
200	293180
201	294617
202	296051
203	297487
204	298924
205	300359
206	301794
207	303230
208	304665
209	306100
210	307535
211	308970
212	310405
213	311840
214	313275
215	314710
216	316144
217	317578
218	319013
219	320448
220	321886
221	323321
222	324758
223	326193
224	327629
225	329063
226	330506
227	331941
228	333375
229	334810
230	336245
231	337679
232	339113
233	340547
234	341982
235	343416
236	344854
237	346290
238	347725
239	349159
240	350594
241	352030
242	353465
243	354899
244	356334
245	357769
246	359202
247	360638
248	362073
249	363508
250	364943
251	366378
252	367816
253	369251
254	370686
255	372123
256	373557
257	374992
258	376428
259	377863
260	379297
261	380732
262	382167
263	383603
264	385038
265	386478
266	387917
267	389390
268	390837
269	392276
270	393712
271	395149
272	396585
273	398021
274	399456
275	400891
276	402328
277	403763
278	405199
279	406636
280	408072
281	409507
282	410958
283	412395
284	413834
285	415269
286	416704
287	418140
288	419583
289	421020
290	422479
291	423918
292	425360
293	426802
294	428249
295	429684
296	431122
297	432559
298	433994
299	435430
300	436868
301	438304
302	439739
303	441174
304	442611
305	444045
306	445481
307	446916
308	448352
309	449787
310	451228
311	452663
312	454099
313	455535
314	456970
315	458404
316	459842
317	461278
318	462723
319	464161
320	465596
321	467032
322	468468
323	469903
324	471340
325	472775
326	474210
327	475645
328	477081
329	478518
330	479954
331	481390
332	482828
333	484263
334	485698
335	487133
336	488568
337	490004
338	491440
339	492876
340	494312
341	495748
342	497183
343	498619
344	500053
345	501490
346	502926
347	504362
348	505800
349	507237
350	508673
351	510108
352	511544
353	512981
354	514426
355	515876
356	517314
357	518749
358	520183
359	521620
360	523055
361	524491
362	525931
363	527393
364	528834
365	530271
366	531709
367	533145
368	534581
369	536017
370	537453
371	538888
372	540325
373	541760
374	543194
375	544630
376	546067
377	547504
378	548954
379	550387
380	551823
381	553255
382	554687
383	556119
384	557552
385	558984
386	560416
387	561849
388	563282
389	564714
390	566152
391	567584
392	569016
393	570448
394	571880
395	573313
396	574747
397	576179
398	577611
399	579044
400	580476
401	581909
402	583341
403	584773
404	586205
405	587637
406	589070
407	590502
408	591935
409	593367
410	594799
411	596233
412	597667
413	599099
414	600532
415	601965
416	603397
417	604829
418	606262
419	607694
420	609126
421	610559
422	611991
423	613423
424	614855
425	616288
426	617720
427	619152
428	620587
429	622020
430	623452
431	624884
432	626316
433	627748
434	629186
435	630618
436	632051
437	633486
438	634918
439	636351
440	637783
441	639217
442	640649
443	642081
444	643518
445	644950
446	646382
447	647815
448	649247
449	650679
450	652111
451	653544
452	654976
453	656408
454	657840
455	659273
456	660705
457	662138
458	663570
459	665003
460	666436
461	667868
462	669301
463	670733
464	672166
465	673606
466	675039
467	676471
468	677903
469	679336
470	680767
471	682200
472	683633
473	685065
474	686497
475	687938
476	689373
477	690806
478	692240
479	693672
480	695104
481	696537
482	697969
483	699401
484	700834
485	702267
486	703699
487	705132
488	706564
489	707996
490	709429
491	710861
492	712296
493	713729
494	715161
495	716593
496	718025
497	719458
498	720890
499	722323
500	723755
501	725196
502	726629
503	728061
504	729498
505	730931
506	732364
507	733797
508	735233
509	736665
510	738098
511	739530
512	740962
513	742395
514	743828
515	745260
516	746692
517	748125
518	749557
519	750989
520	752422
521	753854
522	755287
523	756719
524	758153
525	759586
526	761018
527	762450
528	763882
529	765315
530	766747
531	768179
532	769612
533	771044
534	772477
535	773910
536	775342
537	776773
538	778206
539	779638
540	781073
541	782506
542	783938
543	785371
544	786803
545	788237
546	789668
547	791100
548	792533
549	793966
550	795398
551	796830
552	798263
553	799695
554	801128
555	802561
556	803994
557	805427
558	806859
559	808292
560	809724
561	811156
562	812589
563	814021
564	815454
565	816885
566	818317
567	819749
568	821182
569	822615
570	824047
571	825480
572	826914
573	828347
574	829779
575	831210
576	832643
577	834076
578	835508
579	836941
580	838373
581	839805
582	841251
583	842684
584	844116
585	845549
586	846981
587	848414
588	849848
589	851281
590	852713
591	854146
592	855578
593	857010
594	858441
595	859874
596	861307
597	862739
598	864171
599	865604
600	867036
601	868468
602	869901
603	871334
604	872768
605	874200
606	875632
607	877065
608	878497
609	879930
610	881362
611	882795
612	884229
613	885661
614	887093
615	888525
616	889958
617	891390
618	892823
619	894255
620	895689
621	897122
622	898554
623	899986
624	901418
625	902851
626	904283
627	905716
628	907148
629	908581
630	910013
631	911446
632	912877
633	914309
634	915742
635	917174
636	918608
637	920041
638	921474
639	922906
640	924338
641	925770
642	927202
643	928634
644	930067
645	931500
646	932932
647	934388
648	935821
649	937257
650	938689
651	940121
652	941554
653	942986
654	944418
655	945850
656	947282
657	948714
658	950147
659	951579
660	953011
661	954442
662	955874
663	957306
664	958738
665	960172
666	961604
667	963036
668	964468
669	965901
670	967334
671	968765
672	970197
673	971629
674	973062
675	974494
676	975925
677	977357
678	978789
679	980224
680	981655
681	983090
682	984522
683	985954
684	987387
685	988819
686	990251
687	991683
688	993115
689	994548
690	995979
691	997411
692	998843
693	1000275
694	1001708
695	1003140
696	1004572
697	1006006
698	1007439
699	1008871
700	1010303
701	1011744
702	1013176
703	1014609
704	1016040
705	1017473
706	1018905
707	1020337
708	1021770
709	1023201
710	1024634
711	1026066
712	1027498
713	1028952
714	1030390
715	1031825
716	1033259
717	1034692
718	1036126
719	1037559
720	1038991
721	1040424
722	1041856
723	1043289
724	1044721
725	1046153
726	1047585
727	1049017
728	1050448
729	1051883
730	1053323
731	1054755
732	1056187
733	1057619
734	1059051
735	1060482
736	1061915
737	1063347
738	1064779
739	1066210
740	1067642
741	1069075
742	1070506
743	1071939
744	1073371
745	1074805
746	1076239
747	1077670
748	1079102
749	1080534
750	1081967
751	1083399
752	1084831
753	1086263
754	1087707
755	1089139
756	1090570
757	1092008
758	1093442
759	1094873
760	1096306
761	1097739
762	1099171
763	1100602
764	1102034
765	1103465
766	1104895
767	1106327
768	1107758
769	1109189
770	1110620
771	1112052
772	1113483
773	1114914
774	1116345
775	1117777
776	1119207
777	1120641
778	1122072
779	1123504
780	1124935
781	1126366
782	1127797
783	1129231
784	1130662
785	1132093
786	1133524
787	1134956
788	1136387
789	1137818
790	1139250
791	1140680
792	1142112
793	1143546
794	1144977
795	1146408
796	1147839
797	1149270
798	1150701
799	1152133
800	1153564
801	1154995
802	1156427
803	1157858
804	1159289
805	1160720
806	1162151
807	1163582
808	1165014
809	1166447
810	1167879
811	1169310
812	1170741
813	1172173
814	1173604
815	1175035
816	1176466
817	1177898
818	1179329
819	1180760
820	1182192
821	1183624
822	1185055
823	1186486
824	1187917
825	1189350
826	1190782
827	1192216
828	1193648
829	1195079
830	1196510
831	1197942
832	1199373
833	1200804
834	1202237
835	1203669
836	1205100
837	1206531
838	1207962
839	1209394
840	1210825
841	1212259
842	1213689
843	1215120
844	1216552
845	1217983
846	1219414
847	1220846
848	1222278
849	1223709
850	1225141
851	1226574
852	1228004
853	1229435
854	1230867
855	1232299
856	1233730
857	1235163
858	1236595
859	1238026
860	1239457
861	1240888
862	1242320
863	1243751
864	1245182
865	1246614
866	1248045
867	1249477
868	1250908
869	1252340
870	1253772
871	1255202
872	1256633
873	1258068
874	1259499
875	1260931
876	1262362
877	1263794
878	1265228
879	1266659
880	1268089
881	1269521
882	1270952
883	1272384
884	1273815
885	1275247
886	1276678
887	1278109
888	1279540
889	1280975
890	1282407
891	1283838
892	1285269
893	1286700
894	1288132
895	1289569
896	1291001
897	1292433
898	1293865
899	1295295
900	1296737
901	1298172
902	1299604
903	1301036
904	1302469
905	1303903
906	1305336
907	1306789
908	1308223
909	1309654
910	1311085
911	1312518
912	1313950
913	1315381
914	1316813
915	1318244
916	1319676
917	1321107
918	1322540
919	1323970
920	1325404
921	1326836
922	1328267
923	1329699
924	1331131
925	1332563
926	1333995
927	1335427
928	1336858
929	1338290
930	1339721
931	1341153
932	1342585
933	1344017
934	1345449
935	1346880
936	1348312
937	1349744
938	1351174
939	1352606
940	1354038
941	1355469
942	1356901
943	1358333
944	1359764
945	1361196
946	1362628
947	1364059
948	1365491
949	1366922
950	1368354
951	1369788
952	1371226
953	1372658
954	1374090
955	1375521
956	1376953
957	1378384
958	1379818
959	1381250
960	1382682
961	1384114
962	1385546
963	1386977
964	1388409
965	1389841
966	1391272
967	1392704
968	1394136
969	1395567
970	1396999
971	1398430
972	1399862
973	1401294
974	1402728
975	1404160
976	1405590
977	1407022
978	1408454
979	1409886
980	1411318
981	1412750
982	1414182
983	1415613
984	1417045
985	1418476
986	1419907
987	1421339
988	1422771
989	1424203
990	1425636
991	1427068
992	1428500
993	1429932
994	1431364
995	1432794
996	1434229
997	1435660
998	1437099
999	1438530
1000	1439961
1001	1441394
1002	1442825
1003	1444257
1004	1445688
1005	1447119
1006	1448553
1007	1449984
1008	1451416
1009	1452848
1010	1454280
1011	1455711
1012	1457143
1013	1458574
1014	1460005
1015	1461437
1016	1462868
1017	1464300
1018	1465731
1019	1467163
1020	1468594
1021	1470026
1022	1471460
1023	1472891
1024	1474323
1025	1475754
1026	1477186
1027	1478617
1028	1480049
1029	1481481
1030	1482913
1031	1484345
1032	1485776
1033	1487206
1034	1488638
1035	1490070
1036	1491502
1037	1492933
1038	1494367
1039	1495798
1040	1497232
1041	1498663
1042	1500094
1043	1501526
1044	1502957
1045	1504390
1046	1505821
1047	1507253
1048	1508685
1049	1510116
1050	1511549
1051	1512981
1052	1514411
1053	1515842
1054	1517276
1055	1518707
1056	1520139
1057	1521571
1058	1523003
1059	1524434
1060	1525866
1061	1527296
1062	1528728
1063	1530159
1064	1531598
1065	1533033
1066	1534468
1067	1535900
1068	1537333
1069	1538767
1070	1540201
1071	1541633
1072	1543065
1073	1544497
1074	1545928
1075	1547360
1076	1548792
1077	1550226
1078	1551658
1079	1553090
1080	1554522
1081	1555954
1082	1557385
1083	1558817
1084	1560249
1085	1561681
1086	1563116
1087	1564548
1088	1565980
1089	1567413
1090	1568843
1091	1570278
1092	1571710
1093	1573142
1094	1574573
1095	1576004
1096	1577435
1097	1578866
1098	1580297
1099	1581730
1100	1583161
1101	1584593
1102	1586026
1103	1587457
1104	1588889
1105	1590320
1106	1591752
1107	1593184
1108	1594615
1109	1596046
1110	1597478
1111	1598909
1112	1600341
1113	1601772
1114	1603204
1115	1604636
1116	1606067
1117	1607499
1118	1608933
1119	1610363
1120	1611795
1121	1613229
1122	1614661
1123	1616092
1124	1617524
1125	1618955
1126	1620387
1127	1621819
1128	1623249
1129	1624681
1130	1626112
1131	1627544
1132	1628975
1133	1630406
1134	1631841
1135	1633273
1136	1634704
1137	1636136
1138	1637566
1139	1638999
1140	1640430
1141	1641862
1142	1643294
1143	1644725
1144	1646156
1145	1647588
1146	1649019
1147	1650450
1148	1651882
1149	1653314
1150	1654747
1151	1656179
1152	1657610
1153	1659041
1154	1660473
1155	1661905
1156	1663337
1157	1664767
1158	1666198
1159	1667630
1160	1669062
1161	1670493
1162	1671925
1163	1673356
1164	1674788
1165	1676222
1166	1677654
1167	1679086
1168	1680518
1169	1681950
1170	1683381
1171	1684813
1172	1686245
1173	1687676
1174	1689108
1175	1690543
1176	1691984
1177	1693415
1178	1694848
1179	1696280
1180	1697711
1181	1699142
1182	1700575
1183	1702007
1184	1703440
1185	1704871
1186	1706303
1187	1707734
1188	1709166
1189	1710597
1190	1712029
1191	1713461
1192	1714892
1193	1716324
1194	1717755
1195	1719186
1196	1720617
1197	1722049
1198	1723484
1199	1724915
1200	1726346
1201	1727777
1202	1729208
1203	1730639
1204	1732069
1205	1733501
1206	1734932
1207	1736363
1208	1737794
1209	1739229
1210	1740662
1211	1742093
1212	1743525
1213	1744956
1214	1746388
1215	1747819
1216	1749249
1217	1750680
1218	1752112
1219	1753544
1220	1754975
1221	1756407
1222	1757838
1223	1759269
1224	1760701
1225	1762133
1226	1763564
1227	1764996
1228	1766427
1229	1767859
1230	1769293
1231	1770725
1232	1772157
1233	1773588
1234	1775020
1235	1776451
1236	1777883
1237	1779315
1238	1780746
1239	1782179
1240	1783611
1241	1785042
1242	1786473
1243	1787905
1244	1789353
1245	1790789
1246	1792226
1247	1793657
1248	1795089
1249	1796521
1250	1797953
1251	1799384
1252	1800815
1253	1802247
1254	1803678
1255	1805110
1256	1806541
1257	1807973
1258	1809405
1259	1810836
1260	1812268
1261	1813699
1262	1815133
1263	1816565
1264	1817996
1265	1819428
1266	1820859
1267	1822292
1268	1823723
1269	1825155
1270	1826587
1271	1828017
1272	1829449
1273	1830880
1274	1832312
1275	1833744
1276	1835175
1277	1836607
1278	1838041
1279	1839472
1280	1840903
1281	1842335
1282	1843766
1283	1845198
1284	1846629
1285	1848061
1286	1849492
1287	1850924
1288	1852356
1289	1853788
1290	1855220
1291	1856652
1292	1858083
1293	1859515
1294	1860949
1295	1862381
1296	1863813
1297	1865244
1298	1866676
1299	1868107
1300	1869538
1301	1870970
1302	1872402
1303	1873834
1304	1875266
1305	1876697
1306	1878129
1307	1879560
1308	1880992
1309	1882423
1310	1883858
1311	1885289
1312	1886721
1313	1888153
1314	1889584
1315	1891016
1316	1892448
1317	1893880
1318	1895311
1319	1896743
1320	1898175
1321	1899606
1322	1901038
1323	1902470
1324	1903902
1325	1905342
1326	1906775
1327	1908207
1328	1909637
1329	1911069
1330	1912501
1331	1913934
1332	1915365
1333	1916797
1334	1918230
1335	1919662
1336	1921093
1337	1922527
1338	1923958
1339	1925389
1340	1926821
1341	1928252
1342	1929685
1343	1931117
1344	1932549
1345	1933981
1346	1935412
1347	1936843
1348	1938274
1349	1939722
1350	1941160
1351	1942597
1352	1944027
1353	1945457
1354	1946886
1355	1948316
1356	1949746
1357	1951177
1358	1952607
1359	1954037
1360	1955467
1361	1956896
1362	1958327
1363	1959756
1364	1961186
1365	1962616
1366	1964045
1367	1965475
1368	1966904
1369	1968343
1370	1969772
1371	1971202
1372	1972632
1373	1974064
1374	1975494
1375	1976924
1376	1978352
1377	1979783
1378	1981216
1379	1982646
1380	1984075
1381	1985505
1382	1986934
1383	1988364
1384	1989794
1385	1991228
1386	1992658
1387	1994088
1388	1995517
1389	1996951
1390	1998381
1391	1999811
1392	2001242
1393	2002671
1394	2004100
1395	2005529
1396	2006958
1397	2008388
1398	2009823
1399	2011254
1400	2012683
1401	2014115
1402	2015545
1403	2016974
1404	2018403
1405	2019837
1406	2021271
1407	2022700
1408	2024146
1409	2025576
1410	2027006
1411	2028436
1412	2029865
1413	2031294
1414	2032739
1415	2034174
1416	2035607
1417	2037038
1418	2038469
1419	2039899
1420	2041330
1421	2042762
1422	2044192
1423	2045621
1424	2047050
1425	2048490
1426	2049919
1427	2051350
1428	2052780
1429	2054210
1430	2055640
1431	2057069
1432	2058498
1433	2059927
1434	2061358
1435	2062787
1436	2064219
1437	2065651
1438	2067080
1439	2068510
1440	2069939
1441	2071369
1442	2072798
1443	2074230
1444	2075660
1445	2077089
1446	2078519
1447	2079948
1448	2081378
1449	2082809
1450	2084238
1451	2085667
1452	2087097
1453	2088528
1454	2089959
1455	2091389
1456	2092819
1457	2094248
1458	2095677
1459	2097105
1460	2098535
1461	2099963
1462	2101393
1463	2102823
1464	2104252
1465	2105682
1466	2107112
1467	2108541
1468	2109971
1469	2111404
1470	2112832
1471	2114262
1472	2115691
1473	2117121
1474	2118550
1475	2119979
1476	2121410
1477	2122839
1478	2124269
1479	2125698
1480	2127127
1481	2128556
1482	2129986
1483	2131416
1484	2132846
1485	2134278
1486	2135707
1487	2137137
1488	2138566
1489	2139994
1490	2141425
1491	2142855
1492	2144284
1493	2145713
1494	2147143
1495	2148572
1496	2150001
1497	2151433
1498	2152861
1499	2154290
1500	2155720
1501	2157151
1502	2158581
1503	2160010
1504	2161441
1505	2162870
1506	2164300
1507	2165730
1508	2167158
1509	2168587
1510	2170017
1511	2171447
1512	2172876
1513	2174306
1514	2175735
1515	2177165
1516	2178594
1517	2180025
1518	2181455
1519	2182885
1520	2184314
1521	2185744
1522	2187173
1523	2188602
1524	2190032
1525	2191462
1526	2192891
1527	2194320
1528	2195749
1529	2197179
1530	2198608
1531	2200037
1532	2201467
1533	2202900
1534	2204330
1535	2205760
1536	2207188
1537	2208617
1538	2210046
1539	2211476
1540	2212906
1541	2214335
1542	2215764
1543	2217193
1544	2218622
1545	2220051
1546	2221481
1547	2222910
1548	2224340
1549	2225771
1550	2227200
1551	2228630
1552	2230060
1553	2231490
1554	2232920
1555	2234348
1556	2235777
1557	2237207
1558	2238636
1559	2240065
1560	2241495
1561	2242925
1562	2244354
1563	2245784
1564	2247215
1565	2248647
1566	2250076
1567	2251507
1568	2252937
1569	2254366
1570	2255795
1571	2257228
1572	2258657
1573	2260085
1574	2261515
1575	2262944
1576	2264373
1577	2265803
1578	2267234
1579	2268663
1580	2270092
1581	2271524
1582	2272954
1583	2274383
1584	2275812
1585	2277241
1586	2278670
1587	2280100
1588	2281530
1589	2282959
1590	2284389
1591	2285818
1592	2287247
1593	2288676
1594	2290105
1595	2291535
1596	2292965
1597	2294396
1598	2295825
1599	2297255
1600	2298684
1601	2300114
1602	2301544
1603	2302973
1604	2304403
1605	2305832
1606	2307262
1607	2308691
1608	2310120
1609	2311550
1610	2312980
1611	2314408
1612	2315838
1613	2317269
1614	2318699
1615	2320128
1616	2321558
1617	2322988
1618	2324417
1619	2325846
1620	2327275
1621	2328704
1622	2330133
1623	2331563
1624	2332993
1625	2334422
1626	2335851
1627	2337280
1628	2338709
1629	2340141
1630	2341570
1631	2343000
1632	2344429
1633	2345858
1634	2347287
1635	2348717
1636	2350145
1637	2351575
1638	2353004
1639	2354433
1640	2355863
1641	2357293
1642	2358722
1643	2360150
1644	2361579
1645	2363010
1646	2364438
1647	2365871
1648	2368257
1649	2369691
1650	2371122
1651	2372559
1652	2373989
1653	2375418
1654	2376846
1655	2378275
1656	2379703
1657	2381132
1658	2382562
1659	2383992
1660	2385420
1661	2386858
1662	2388295
1663	2389725
1664	2391152
1665	2392582
1666	2394010
1667	2395439
1668	2396867
1669	2398296
1670	2399725
1671	2401153
1672	2402582
1673	2404010
1674	2405439
1675	2406868
1676	2408296
1677	2409727
1678	2411156
1679	2412585
1680	2414014
1681	2415442
1682	2416870
1683	2418298
1684	2419727
1685	2421155
1686	2422584
1687	2424013
1688	2425442
1689	2426870
1690	2428299
1691	2429728
1692	2431156
1693	2432587
1694	2434016
1695	2435444
1696	2436873
1697	2438302
1698	2439731
1699	2441160
1700	2442589
1701	2444017
1702	2445445
1703	2446873
1704	2448302
1705	2449730
1706	2451159
1707	2452588
1708	2454020
1709	2455451
1710	2456879
1711	2458308
1712	2459736
1713	2461165
1714	2462594
1715	2464023
1716	2465451
1717	2466880
1718	2468308
1719	2469737
1720	2471164
1721	2472597
1722	2474026
1723	2475454
1724	2476883
1725	2478314
1726	2479742
1727	2481171
1728	2482600
1729	2484028
1730	2485457
1731	2486886
1732	2488314
1733	2489744
1734	2491172
1735	2492602
1736	2494030
1737	2495460
1738	2496887
1739	2498315
1740	2499744
1741	2501175
1742	2502604
1743	2504034
1744	2505462
1745	2506890
1746	2508318
1747	2509748
1748	2511175
1749	2512604
1750	2514033
1751	2515461
1752	2516889
1753	2518318
1754	2519754
1755	2521182
1756	2522611
1757	2524043
1758	2525471
1759	2526899
1760	2528328
1761	2529756
1762	2531184
1763	2532613
1764	2534042
1765	2535477
1766	2536906
1767	2538336
1768	2539774
1769	2541204
1770	2542634
1771	2544075
1772	2545504
1773	2546935
1774	2548363
1775	2549791
1776	2551221
1777	2552650
1778	2554079
1779	2555508
1780	2556936
1781	2558364
1782	2559792
1783	2561223
1784	2562652
1785	2564080
1786	2565508
1787	2566937
1788	2568365
1789	2569796
1790	2571226
1791	2572655
1792	2574083
1793	2575512
1794	2576940
1795	2578367
1796	2579795
1797	2581225
1798	2582654
1799	2584082
1800	2585510
1801	2586939
1802	2588368
1803	2589797
1804	2591226
1805	2592664
1806	2594101
1807	2595530
1808	2596959
1809	2598387
1810	2599815
1811	2601244
1812	2602673
1813	2604101
1814	2605529
1815	2606957
1816	2608386
1817	2609814
1818	2611242
1819	2612671
1820	2614100
1821	2615530
1822	2616959
1823	2618386
1824	2619814
1825	2621242
1826	2622671
1827	2624100
1828	2625528
1829	2626957
1830	2628385
1831	2629813
1832	2631241
1833	2632670
1834	2634098
1835	2635527
1836	2636955
1837	2638385
1838	2639815
1839	2641243
1840	2642672
1841	2644100
1842	2645528
1843	2646957
1844	2648385
1845	2649813
1846	2651241
1847	2652670
1848	2654099
1849	2655527
1850	2656955
1851	2658383
1852	2659811
1853	2661242
1854	2662671
1855	2664099
1856	2665528
1857	2666956
1858	2668384
1859	2669813
1860	2671240
1861	2672669
1862	2674098
1863	2675527
1864	2676955
1865	2678383
1866	2679811
1867	2681241
1868	2682669
1869	2684099
1870	2685526
1871	2686955
1872	2688383
1873	2689813
1874	2691241
1875	2692671
1876	2694099
1877	2695529
1878	2696957
1879	2698385
1880	2699813
1881	2701241
1882	2702670
1883	2704099
1884	2705528
1885	2706959
1886	2708387
1887	2709816
1888	2711253
1889	2712682
1890	2714110
1891	2715538
1892	2716967
1893	2718395
1894	2719823
1895	2721251
1896	2722680
1897	2724109
1898	2725537
1899	2726965
1900	2728393
1901	2729824
1902	2731252
1903	2732681
1904	2734109
1905	2735537
1906	2736966
1907	2738393
1908	2739822
1909	2741250
1910	2742680
1911	2744108
1912	2745536
1913	2746965
1914	2748393
1915	2749822
1916	2751249
1917	2752680
1918	2754109
1919	2755537
1920	2756966
1921	2758395
1922	2759825
1923	2761254
1924	2762683
1925	2764112
1926	2765540
1927	2766969
1928	2768397
1929	2769825
1930	2771254
1931	2772683
1932	2774111
1933	2775542
1934	2776970
1935	2778398
1936	2779826
1937	2781255
1938	2782684
1939	2784112
1940	2785541
1941	2786969
1942	2788397
1943	2789827
1944	2791254
1945	2792683
1946	2794112
1947	2795540
1948	2796969
1949	2798399
1950	2799828
1951	2801256
1952	2802685
1953	2804115
1954	2805543
1955	2806971
1956	2808399
1957	2809827
1958	2811255
1959	2812685
1960	2814113
1961	2815541
1962	2816970
1963	2818397
1964	2819826
1965	2821258
1966	2822687
1967	2824116
1968	2825544
1969	2826990
1970	2828419
1971	2829848
1972	2831276
1973	2832705
1974	2834134
1975	2835562
1976	2836990
1977	2838419
1978	2839848
1979	2841276
1980	2842706
1981	2844137
1982	2845564
1983	2846993
1984	2848421
1985	2849849
1986	2851278
1987	2852707
1988	2854135
1989	2855564
1990	2856992
1991	2858420
1992	2859848
1993	2861277
1994	2862706
1995	2864134
1996	2865562
1997	2866993
1998	2868421
1999	2869850
2000	2871277
