1	0
2	6292
3	7969
4	9608
5	11236
6	13056
7	14754
8	16508
9	18239
10	19845
11	21446
12	23046
13	24646
14	26248
15	27854
16	29454
17	31053
18	32653
19	34252
20	35852
21	37451
22	39051
23	40650
24	42249
25	43848
26	45449
27	47052
28	48651
29	50250
30	51849
31	53448
32	55047
33	56647
34	58246
35	59846
36	61445
37	63044
38	64643
39	66242
40	67849
41	69448
42	71047
43	72659
44	74258
45	75858
46	77458
47	79057
48	80656
49	82255
50	83856
51	85456
52	87055
53	88654
54	90253
55	91852
56	93452
57	95051
58	96651
59	98250
60	99851
61	101450
62	103050
63	104650
64	106249
65	107848
66	109447
67	111047
68	112646
69	114245
70	115845
71	117444
72	119076
73	120684
74	122285
75	123885
76	125488
77	127089
78	128688
79	130286
80	131887
81	133486
82	135085
83	136686
84	138286
85	139885
86	141485
87	143084
88	144685
89	146285
90	147885
91	149484
92	151085
93	152685
94	154284
95	155884
96	157483
97	159082
98	160682
99	162281
100	163880
101	165480
102	167079
103	168679
104	170278
105	171877
106	173476
107	175076
108	176678
109	178278
110	179877
111	181477
112	183076
113	184677
114	186277
115	187877
116	189479
117	191078
118	192679
119	194282
120	195885
121	197488
122	199098
123	200699
124	202302
125	203901
126	205503
127	207103
128	208703
129	210302
130	211902
131	213509
132	215109
133	216709
134	218309
135	219908
136	221508
137	223107
138	224707
139	226307
140	227917
141	229518
142	231118
143	232718
144	234318
145	235919
146	237518
147	239118
148	240719
149	242319
150	243919
151	245542
152	247149
153	248749
154	250348
155	251954
156	253559
157	255165
158	256766
159	258366
160	259966
161	261566
162	263166
163	264766
164	266367
165	267967
166	269568
167	271168
168	272768
169	274370
170	275971
171	277571
172	279173
173	280774
174	282374
175	283977
176	285578
177	287178
178	288777
179	290377
180	291978
181	293578
182	295183
183	296782
184	298382
185	299982
186	301583
187	303183
188	304785
189	306386
190	307986
191	309587
192	311187
193	312787
194	314387
195	315987
196	317588
197	319189
198	320789
199	322389
200	323990
201	325590
202	327192
203	328792
204	330394
205	331994
206	333595
207	335195
208	336795
209	338395
210	339994
211	341596
212	343196
213	344796
214	346396
215	347996
216	349595
217	351194
218	352794
219	354393
220	355997
221	357598
222	359198
223	360799
224	362399
225	363998
226	365599
227	367199
228	368799
229	370399
230	371999
231	373600
232	375201
233	376802
234	378402
235	380002
236	381604
237	383204
238	384807
239	386408
240	388009
241	389608
242	391208
243	392809
244	394409
245	396009
246	397609
247	399208
248	400808
249	402407
250	404007
251	405607
252	407211
253	408812
254	410412
255	412012
256	413613
257	415215
258	416815
259	418415
260	420016
261	421616
262	423217
263	424817
264	426418
265	428019
266	429626
267	431227
268	432830
269	434431
270	436032
271	437632
272	439233
273	440833
274	442434
275	444035
276	445636
277	447236
278	448835
279	450441
280	452041
281	453641
282	455241
283	456843
284	458445
285	460046
286	461646
287	463246
288	464847
289	466448
290	468048
291	469649
292	471250
293	472850
294	474451
295	476052
296	477652
297	479253
298	480853
299	482453
300	484058
301	485659
302	487260
303	488860
304	490461
305	492061
306	493666
307	495268
308	496868
309	498467
310	500067
311	501669
312	503269
313	504877
314	506478
315	508079
316	509682
317	511283
318	512883
319	514485
320	516088
321	517688
322	519287
323	520887
324	522489
325	524090
326	525692
327	527292
328	528894
329	530496
330	532097
331	533699
332	535304
333	536903
334	538503
335	540103
336	541704
337	543306
338	544906
339	546506
340	548116
341	550231
342	551834
343	553452
344	555074
345	556679
346	558280
347	559881
348	561484
349	563085
350	564685
351	566285
352	567910
353	569517
354	571119
355	572721
356	574324
357	575925
358	577542
359	579140
360	580736
361	582333
362	583931
363	585528
364	587128
365	588724
366	590321
367	591917
368	593513
369	595110
370	596707
371	598304
372	599901
373	601497
374	603093
375	604690
376	606287
377	607883
378	609480
379	611076
380	612674
381	614270
382	615866
383	617463
384	619060
385	620671
386	622282
387	623881
388	625479
389	627077
390	628679
391	630282
392	631879
393	633478
394	635074
395	636672
396	638271
397	639868
398	641464
399	643060
400	644663
401	646260
402	647857
403	649453
404	651049
405	652646
406	654242
407	655838
408	657435
409	659032
410	660628
411	662225
412	663825
413	665422
414	667020
415	668620
416	670221
417	671818
418	673425
419	675023
420	676620
421	678218
422	679815
423	681412
424	683008
425	684608
426	686206
427	687803
428	689402
429	690999
430	692597
431	694194
432	695790
433	697387
434	698984
435	700581
436	702177
437	703773
438	705370
439	706968
440	708565
441	710162
442	711759
443	713356
444	714964
445	716563
446	718161
447	719758
448	721354
449	722951
450	724550
451	726154
452	727751
453	729348
454	730945
455	732542
456	734140
457	735737
458	737334
459	738931
460	740529
461	742128
462	743725
463	745322
464	746919
465	748516
466	750112
467	751709
468	753305
469	754902
470	756499
471	758097
472	759698
473	761295
474	762892
475	764489
476	766088
477	767685
478	769288
479	770884
480	772481
481	774080
482	775676
483	777274
484	778871
485	780468
486	782064
487	783661
488	785262
489	786859
490	788456
491	790053
492	791653
493	793250
494	794847
495	796444
496	798041
497	799637
498	801235
499	802832
500	804429
501	806025
502	807622
503	809219
504	810815
505	812412
506	814010
507	815607
508	817207
509	818804
510	820401
511	821998
512	823594
513	825192
514	826789
515	828386
516	829991
517	831588
518	833185
519	834782
520	836379
521	837976
522	839572
523	841169
524	842770
525	844367
526	845964
527	847561
528	849159
529	850773
530	852371
531	853968
532	855565
533	857163
534	858761
535	860358
536	861955
537	863552
538	865151
539	866748
540	868357
541	869953
542	871551
543	873157
544	874756
545	876358
546	877955
547	879552
548	881151
549	882747
550	884347
551	885945
552	887544
553	889143
554	890740
555	892337
556	893938
557	895542
558	897143
559	898740
560	900337
561	901933
562	903530
563	905126
564	906725
565	908324
566	909922
567	911519
568	913117
569	914715
570	916314
571	917911
572	919511
573	921109
574	922707
575	924305
576	925902
577	927500
578	929097
579	930695
580	932294
581	933892
582	935489
583	937087
584	938684
585	940280
586	941878
587	943477
588	945076
589	946673
590	948275
591	949872
592	951469
593	953065
594	954662
595	956260
596	957859
597	959457
598	961055
599	962652
600	964250
601	965848
602	967447
603	969044
604	970645
605	972243
606	973867
607	975466
608	977063
609	978661
610	980259
611	981856
612	983454
613	985054
614	986661
615	988258
616	989855
617	991454
618	993051
619	994649
620	996248
621	997844
622	999440
623	1001037
624	1002635
625	1004233
626	1005831
627	1007429
628	1009027
629	1010623
630	1012221
631	1013821
632	1015418
633	1017019
634	1018615
635	1020212
636	1021809
637	1023407
638	1025006
639	1026611
640	1028208
641	1029812
642	1031415
643	1033013
644	1034611
645	1036209
646	1037806
647	1039402
648	1041001
649	1042603
650	1044199
651	1045806
652	1047406
653	1049003
654	1050601
655	1052205
656	1053802
657	1055398
658	1056997
659	1058595
660	1060193
661	1061790
662	1063388
663	1064985
664	1066582
665	1068182
666	1069779
667	1071375
668	1072972
669	1074570
670	1076168
671	1077764
672	1079361
673	1080958
674	1082555
675	1084156
676	1085753
677	1087350
678	1088947
679	1090543
680	1092143
681	1093742
682	1095339
683	1096936
684	1098532
685	1100128
686	1101724
687	1103321
688	1104919
689	1106516
690	1108113
691	1109709
692	1111306
693	1112903
694	1114500
695	1116097
696	1117694
697	1119293
698	1120890
699	1122499
700	1124105
701	1125704
702	1127312
703	1128912
704	1130509
705	1132113
706	1133713
707	1135318
708	1136917
709	1138513
710	1140108
711	1141704
712	1143302
713	1144900
714	1146497
715	1148093
716	1149689
717	1151284
718	1152880
719	1154475
720	1156072
721	1157669
722	1159265
723	1160861
724	1162457
725	1164053
726	1165649
727	1167246
728	1168842
729	1170440
730	1172036
731	1173632
732	1175229
733	1176826
734	1178422
735	1180018
736	1181614
737	1183210
738	1184810
739	1186407
740	1188002
741	1189598
742	1191195
743	1192793
744	1194389
745	1195987
746	1197584
747	1199179
748	1200775
749	1202372
750	1203968
751	1205570
752	1207167
753	1208763
754	1210359
755	1211955
756	1213551
757	1215149
758	1216747
759	1218343
760	1219938
761	1221538
762	1223136
763	1224733
764	1226330
765	1227925
766	1229523
767	1231127
768	1232724
769	1234321
770	1235919
771	1237515
772	1239111
773	1240707
774	1242304
775	1243900
776	1245497
777	1247096
778	1248691
779	1250287
780	1251884
781	1253480
782	1255078
783	1256676
784	1258272
785	1259869
786	1261466
787	1263062
788	1264657
789	1266253
790	1267850
791	1269447
792	1271045
793	1272642
794	1274246
795	1275845
796	1277443
797	1279039
798	1280636
799	1282234
800	1283830
801	1285429
802	1287025
803	1288621
804	1290216
805	1291812
806	1293408
807	1295006
808	1296602
809	1298202
810	1299799
811	1301394
812	1302990
813	1304585
814	1306182
815	1307777
816	1309372
817	1310968
818	1312563
819	1314168
820	1315764
821	1317362
822	1318958
823	1320557
824	1322159
825	1323758
826	1325356
827	1326953
828	1328554
829	1330155
830	1331753
831	1333351
832	1334947
833	1336545
834	1338142
835	1339738
836	1341335
837	1342932
838	1344528
839	1346126
840	1347722
841	1349320
842	1350915
843	1352511
844	1354106
845	1355702
846	1357299
847	1358895
848	1360493
849	1362089
850	1363686
851	1365283
852	1366887
853	1368485
854	1370082
855	1371679
856	1373287
857	1374889
858	1376488
859	1378084
860	1379682
861	1381280
862	1382877
863	1384479
864	1386075
865	1387672
866	1389267
867	1390863
868	1392460
869	1394057
870	1395653
871	1397249
872	1398845
873	1400443
874	1402038
875	1403636
876	1405233
877	1406830
878	1408428
879	1410024
880	1411621
881	1413219
882	1414815
883	1416412
884	1418019
885	1419620
886	1421221
887	1422822
888	1424431
889	1426034
890	1427635
891	1429237
892	1430842
893	1432444
894	1434045
895	1435646
896	1437248
897	1438848
898	1440447
899	1442047
900	1443646
901	1445247
902	1446848
903	1448448
904	1450047
905	1451652
906	1453251
907	1454851
908	1456450
909	1458050
910	1459649
911	1461248
912	1462848
913	1464447
914	1466047
915	1467646
916	1469246
917	1470845
918	1472444
919	1474043
920	1475643
921	1477244
922	1478844
923	1480443
924	1482042
925	1483641
926	1485242
927	1486841
928	1488441
929	1490040
930	1491640
931	1493239
932	1494839
933	1496438
934	1498037
935	1499637
936	1501237
937	1502837
938	1504436
939	1506039
940	1507639
941	1509238
942	1510838
943	1512437
944	1514038
945	1515638
946	1517239
947	1518838
948	1520437
949	1522037
950	1523636
951	1525236
952	1526840
953	1528441
954	1530040
955	1531639
956	1533239
957	1534838
958	1536438
959	1538039
960	1539639
961	1541238
962	1542838
963	1544437
964	1546036
965	1547636
966	1549235
967	1550835
968	1552434
969	1554033
970	1555635
971	1557234
972	1558835
973	1560435
974	1562035
975	1563636
976	1565235
977	1566835
978	1568434
979	1570033
980	1571632
981	1573232
982	1574831
983	1576430
984	1578029
985	1579628
986	1581227
987	1582826
988	1584425
989	1586024
990	1587624
991	1589225
992	1590823
993	1592423
994	1594022
995	1595622
996	1597223
997	1598823
998	1600422
999	1602021
1000	1603622
1001	1605221
1002	1606820
1003	1608419
1004	1610018
1005	1611617
1006	1613216
1007	1614817
1008	1616418
1009	1618017
1010	1619616
1011	1621215
1012	1622816
1013	1624488
1014	1626125
1015	1627730
1016	1629379
1017	1630984
1018	1632599
1019	1634201
1020	1635802
1021	1637401
1022	1639031
1023	1640630
1024	1642229
1025	1643829
1026	1645429
1027	1647030
1028	1648629
1029	1650228
1030	1651827
1031	1653428
1032	1655027
1033	1656626
1034	1658225
1035	1659825
1036	1661429
1037	1663031
1038	1664705
1039	1666357
1040	1667964
1041	1669576
1042	1671190
1043	1672791
1044	1674393
1045	1675994
1046	1677596
1047	1679196
1048	1680797
1049	1682398
1050	1683998
1051	1685598
1052	1687198
1053	1688798
1054	1690400
1055	1692000
1056	1693600
1057	1695200
1058	1696800
1059	1698415
1060	1700015
1061	1701614
1062	1703214
1063	1704814
1064	1706414
1065	1708014
1066	1709616
1067	1711215
1068	1712815
1069	1714415
1070	1716019
1071	1717619
1072	1719219
1073	1720819
1074	1722419
1075	1724019
1076	1725620
1077	1727221
1078	1728821
1079	1730421
1080	1732020
1081	1733620
1082	1735220
1083	1736820
1084	1738420
1085	1740024
1086	1741626
1087	1743226
1088	1744826
1089	1746426
1090	1748026
1091	1749625
1092	1751225
1093	1752825
1094	1754425
1095	1756024
1096	1757624
1097	1759224
1098	1760824
1099	1762424
1100	1764023
1101	1765624
1102	1767226
1103	1768826
1104	1770426
1105	1772025
1106	1773625
1107	1775225
1108	1776825
1109	1778425
1110	1780025
1111	1781624
1112	1783224
1113	1784825
1114	1786425
1115	1788025
1116	1789625
1117	1791224
1118	1792826
1119	1794425
1120	1796025
1121	1797625
1122	1799225
1123	1800825
1124	1802425
1125	1804025
1126	1805624
1127	1807224
1128	1808824
1129	1810424
1130	1812024
1131	1813624
1132	1815223
1133	1816824
1134	1818425
1135	1820025
1136	1821625
1137	1823224
1138	1824824
1139	1826424
1140	1828024
1141	1829624
1142	1831224
1143	1832836
1144	1834437
1145	1836037
1146	1837638
1147	1839238
1148	1840838
1149	1842438
1150	1844040
1151	1845640
1152	1847240
1153	1848840
1154	1850440
1155	1852040
1156	1853639
1157	1855239
1158	1856839
1159	1858439
1160	1860039
1161	1861639
1162	1863238
1163	1864839
1164	1866439
1165	1868039
1166	1869640
1167	1871240
1168	1872840
1169	1874440
1170	1876040
1171	1877640
1172	1879240
1173	1880841
1174	1882441
1175	1884042
1176	1885642
1177	1887242
1178	1888843
1179	1890442
1180	1892042
1181	1893642
1182	1895244
1183	1896844
1184	1898444
1185	1900043
1186	1901643
1187	1903243
1188	1904843
1189	1906443
1190	1908043
1191	1909642
1192	1911242
1193	1912842
1194	1914442
1195	1916042
1196	1917642
1197	1919242
1198	1920844
1199	1922444
1200	1924044
1201	1925643
1202	1927243
1203	1928843
1204	1930442
1205	1932042
1206	1933642
1207	1935241
1208	1936842
1209	1938441
1210	1940041
1211	1941641
1212	1943241
1213	1944841
1214	1946442
1215	1948042
1216	1949642
1217	1951242
1218	1952842
1219	1954442
1220	1956043
1221	1957643
1222	1959243
1223	1960843
1224	1962443
1225	1964042
1226	1965642
1227	1967242
1228	1968842
1229	1970442
1230	1972044
1231	1973644
1232	1975243
1233	1976844
1234	1978443
1235	1980043
1236	1981642
1237	1983242
1238	1984842
1239	1986442
1240	1988042
1241	1989641
1242	1991241
1243	1992841
1244	1994441
1245	1996041
1246	1997643
1247	1999269
1248	2000870
1249	2002471
1250	2004070
1251	2005670
1252	2007270
1253	2008870
1254	2010470
1255	2012069
1256	2013669
1257	2015269
1258	2016869
1259	2018471
1260	2020071
1261	2021670
1262	2023270
1263	2024869
1264	2026469
1265	2028069
1266	2029669
1267	2031269
1268	2032906
1269	2034509
1270	2036109
1271	2037709
1272	2039309
1273	2040909
1274	2042508
1275	2044111
1276	2045710
1277	2047320
1278	2048920
1279	2050520
1280	2052119
1281	2053735
1282	2055352
1283	2056958
1284	2058564
1285	2060163
1286	2061761
1287	2063360
1288	2064958
1289	2066557
1290	2068157
1291	2069757
1292	2071355
1293	2072953
1294	2074551
1295	2076164
1296	2077762
1297	2079360
1298	2080958
1299	2082557
1300	2084253
1301	2085861
1302	2087461
1303	2089061
1304	2090660
1305	2092258
1306	2093856
1307	2095456
1308	2097055
1309	2098653
1310	2100251
1311	2101850
1312	2103448
1313	2105046
1314	2106645
1315	2108243
1316	2109842
1317	2111440
1318	2113038
1319	2114636
1320	2116234
1321	2117832
1322	2119430
1323	2121030
1324	2122628
1325	2124226
1326	2125824
1327	2127470
1328	2129075
1329	2130676
1330	2132274
1331	2133872
1332	2135471
1333	2137070
1334	2138668
1335	2140267
1336	2141865
1337	2143463
1338	2145061
1339	2146661
1340	2148260
1341	2149858
1342	2151456
1343	2153054
1344	2154652
1345	2156250
1346	2157849
1347	2159447
1348	2161045
1349	2162643
1350	2164241
1351	2165840
1352	2167438
1353	2169036
1354	2170635
1355	2172235
1356	2173833
1357	2175432
1358	2177030
1359	2178629
1360	2180227
1361	2181824
1362	2183422
1363	2185022
1364	2186620
1365	2188219
1366	2189817
1367	2191416
1368	2193014
1369	2194614
1370	2196214
1371	2197816
1372	2199441
1373	2201041
1374	2202640
1375	2204266
1376	2205865
1377	2207464
1378	2209062
1379	2210660
1380	2212258
1381	2213856
1382	2215454
1383	2217053
1384	2218651
1385	2220249
1386	2221849
1387	2223447
1388	2225045
1389	2226644
1390	2228242
1391	2229841
1392	2231439
1393	2233037
1394	2234639
1395	2236238
1396	2237837
1397	2239435
1398	2241033
1399	2242631
1400	2244233
1401	2245832
1402	2247432
1403	2249030
1404	2250628
1405	2252226
1406	2253825
1407	2255423
1408	2257021
1409	2258619
1410	2260217
1411	2261816
1412	2263414
1413	2265012
1414	2266613
1415	2268211
1416	2269809
1417	2271407
1418	2273007
1419	2274606
1420	2276204
1421	2277802
1422	2279401
1423	2280999
1424	2282597
1425	2284195
1426	2285794
1427	2287392
1428	2288991
1429	2290589
1430	2292187
1431	2293785
1432	2295383
1433	2296982
1434	2298584
1435	2300191
1436	2301790
1437	2303388
1438	2304987
1439	2306586
1440	2308193
1441	2309791
1442	2311389
1443	2312987
1444	2314585
1445	2316184
1446	2317783
1447	2319381
1448	2320979
1449	2322577
1450	2324178
1451	2325776
1452	2327374
1453	2328972
1454	2330570
1455	2332168
1456	2333766
1457	2335364
1458	2336963
1459	2338561
1460	2340169
1461	2341767
1462	2343365
1463	2344963
1464	2346561
1465	2348161
1466	2349762
1467	2351360
1468	2352958
1469	2354556
1470	2356159
1471	2357757
1472	2359355
1473	2360953
1474	2362551
1475	2364159
1476	2365757
1477	2367355
1478	2368953
1479	2370552
1480	2372160
1481	2373758
1482	2375357
1483	2376955
1484	2378553
1485	2380153
1486	2381751
1487	2383349
1488	2384947
1489	2386546
1490	2388145
1491	2389743
1492	2391342
1493	2392940
1494	2394538
1495	2396142
1496	2397740
1497	2399338
1498	2400939
1499	2402537
1500	2404137
1501	2405735
1502	2407333
1503	2408931
1504	2410529
1505	2412127
1506	2413725
1507	2415323
1508	2416921
1509	2418519
1510	2420117
1511	2421715
1512	2423313
1513	2424912
1514	2426512
1515	2428113
1516	2429712
1517	2431310
1518	2432908
1519	2434510
1520	2436108
1521	2437707
1522	2439305
1523	2440903
1524	2442501
1525	2444099
1526	2445697
1527	2447296
1528	2448894
1529	2450492
1530	2452106
1531	2453705
1532	2455303
1533	2456901
1534	2458499
1535	2460097
1536	2461695
1537	2463293
1538	2464891
1539	2466489
1540	2468087
1541	2469685
1542	2471283
1543	2472881
1544	2474479
1545	2476077
1546	2477677
1547	2479275
1548	2480873
1549	2482471
1550	2484069
1551	2485685
1552	2487284
1553	2488882
1554	2490479
1555	2492077
1556	2493675
1557	2495287
1558	2496886
1559	2498485
1560	2500082
1561	2501682
1562	2503279
1563	2504876
1564	2506478
1565	2508075
1566	2509673
1567	2511271
1568	2512868
1569	2514465
1570	2516063
1571	2517660
1572	2519258
1573	2520856
1574	2522453
1575	2524050
1576	2525648
1577	2527248
1578	2528846
1579	2530443
1580	2532040
1581	2533638
1582	2535235
1583	2536841
1584	2538439
1585	2540036
1586	2541633
1587	2543230
1588	2544827
1589	2546425
1590	2548022
1591	2549620
1592	2551217
1593	2552816
1594	2554414
1595	2556011
1596	2557609
1597	2559206
1598	2560803
1599	2562401
1600	2563998
1601	2565595
1602	2567200
1603	2568798
1604	2570395
1605	2571992
1606	2573589
1607	2575186
1608	2576784
1609	2578383
1610	2579980
1611	2581577
1612	2583174
1613	2584772
1614	2586370
1615	2587967
1616	2589564
1617	2591171
1618	2592768
1619	2594365
1620	2595962
1621	2597559
1622	2599161
1623	2600758
1624	2602355
1625	2603954
1626	2605551
1627	2607158
1628	2608755
1629	2610352
1630	2611949
1631	2613546
1632	2615153
1633	2616750
1634	2618347
1635	2619944
1636	2621541
1637	2623140
1638	2624737
1639	2626334
1640	2627931
1641	2629551
1642	2631154
1643	2632752
1644	2634350
1645	2635951
1646	2637549
1647	2639149
1648	2640746
1649	2642343
1650	2643940
1651	2645543
1652	2647143
1653	2648741
1654	2650338
1655	2651935
1656	2653532
1657	2655132
1658	2656729
1659	2658326
1660	2659923
1661	2661520
1662	2663117
1663	2664713
1664	2666311
1665	2667908
1666	2669504
1667	2671101
1668	2672699
1669	2674296
1670	2675893
1671	2677490
1672	2679087
1673	2680686
1674	2682283
1675	2683880
1676	2685478
1677	2687075
1678	2688672
1679	2690269
1680	2691866
1681	2693466
1682	2695068
1683	2696665
1684	2698263
1685	2699860
1686	2701457
1687	2703054
1688	2704651
1689	2706251
1690	2707849
1691	2709446
1692	2711043
1693	2712640
1694	2714237
1695	2715834
1696	2717431
1697	2719028
1698	2720625
1699	2722222
1700	2723819
1701	2725416
1702	2727013
1703	2728610
1704	2730207
1705	2731806
1706	2733403
1707	2735000
1708	2736597
1709	2738194
1710	2739791
1711	2741388
1712	2742985
1713	2744582
1714	2746180
1715	2747780
1716	2749377
1717	2750974
1718	2752571
1719	2754168
1720	2755765
1721	2757364
1722	2758961
1723	2760557
1724	2762156
1725	2763753
1726	2765350
1727	2766947
1728	2768544
1729	2770143
1730	2771742
1731	2773357
1732	2774971
1733	2776586
1734	2778198
1735	2779814
1736	2781424
1737	2783032
1738	2784632
1739	2786230
1740	2787825
1741	2789419
1742	2791013
1743	2792609
1744	2794203
1745	2795797
1746	2797391
1747	2798985
1748	2800579
1749	2802173
1750	2803766
1751	2805360
1752	2806957
1753	2808558
1754	2810153
1755	2811747
1756	2813340
1757	2814934
1758	2816529
1759	2818123
1760	2819716
1761	2821310
1762	2822903
1763	2824497
1764	2826093
1765	2827687
1766	2829281
1767	2830874
1768	2832471
1769	2834067
1770	2835668
1771	2837263
1772	2838857
1773	2840450
1774	2842045
1775	2843638
1776	2845232
1777	2846827
1778	2848420
1779	2850014
1780	2851607
1781	2853201
1782	2854794
1783	2856389
1784	2857983
1785	2859580
1786	2861173
1787	2862767
1788	2864361
1789	2865954
1790	2867548
1791	2869144
1792	2870737
1793	2872331
1794	2873924
1795	2875522
1796	2877117
1797	2878710
1798	2880303
1799	2881896
1800	2883493
1801	2885091
1802	2886686
1803	2888280
1804	2889873
1805	2891468
1806	2893061
1807	2894661
1808	2896259
1809	2897856
1810	2899451
1811	2901045
1812	2902639
1813	2904233
1814	2905827
1815	2907421
1816	2909016
1817	2910612
1818	2912206
1819	2913800
1820	2915393
1821	2916987
1822	2918582
1823	2920175
1824	2921769
1825	2923362
1826	2924957
1827	2926551
1828	2928146
1829	2929740
1830	2931333
1831	2932931
1832	2934524
1833	2936120
1834	2937715
1835	2939309
1836	2940902
1837	2942496
1838	2944090
1839	2945683
1840	2947278
1841	2948871
1842	2950465
1843	2952059
1844	2953652
1845	2955246
1846	2956841
1847	2958436
1848	2960029
1849	2961625
1850	2963219
1851	2964813
1852	2966408
1853	2968002
1854	2969595
1855	2971198
1856	2972791
1857	2974385
1858	2975982
1859	2977578
1860	2979173
1861	2980769
1862	2982363
1863	2983957
1864	2985554
1865	2987152
1866	2988746
1867	2990341
1868	2991935
1869	2993529
1870	2995123
1871	2996717
1872	2998311
1873	2999905
1874	3001499
1875	3003093
1876	3004708
1877	3006303
1878	3007897
1879	3009491
1880	3011085
1881	3012681
1882	3014275
1883	3015870
1884	3017464
1885	3019057
1886	3020651
1887	3022244
1888	3023838
1889	3025432
1890	3027026
1891	3028619
1892	3030213
1893	3031810
1894	3033404
1895	3034998
1896	3036598
1897	3038196
1898	3039790
1899	3041384
1900	3042978
1901	3044571
1902	3046166
1903	3047760
1904	3049356
1905	3050950
1906	3052543
1907	3054139
1908	3055733
1909	3057327
1910	3058921
1911	3060515
1912	3062108
1913	3063704
1914	3065299
1915	3066892
1916	3068486
1917	3070080
1918	3071673
1919	3073267
1920	3074861
1921	3076455
1922	3078049
1923	3079644
1924	3081238
1925	3082833
1926	3084427
1927	3086024
1928	3087619
1929	3089216
1930	3090810
1931	3092404
1932	3093998
1933	3095594
1934	3097188
1935	3098783
1936	3100376
1937	3101970
1938	3103563
1939	3105162
1940	3106755
1941	3108350
1942	3109943
1943	3111537
1944	3113139
1945	3114736
1946	3116330
1947	3117924
1948	3119518
1949	3121112
1950	3122705
1951	3124299
1952	3125894
1953	3127487
1954	3129081
1955	3130686
1956	3132289
1957	3133886
1958	3135482
1959	3137077
1960	3138671
1961	3140269
1962	3141863
1963	3143456
1964	3145049
1965	3146644
1966	3148238
1967	3149831
1968	3151426
1969	3153019
1970	3154613
1971	3156216
1972	3157810
1973	3159404
1974	3160998
1975	3162591
1976	3164194
1977	3165790
1978	3167383
1979	3168977
1980	3170571
1981	3172164
1982	3173758
1983	3175353
1984	3176947
1985	3178540
1986	3180136
1987	3181730
1988	3183323
1989	3184917
1990	3186513
1991	3188107
1992	3189701
1993	3191298
1994	3192894
1995	3194488
1996	3196082
1997	3197679
1998	3199273
1999	3200867
2000	3202460
