1	0
2	1527
3	6514
4	7991
5	9413
6	10832
7	12316
8	13888
9	15440
10	17007
11	18425
12	19833
13	21243
14	22640
15	24028
16	25418
17	26805
18	28191
19	29577
20	30964
21	32351
22	33738
23	35124
24	36512
25	37898
26	39285
27	40674
28	42060
29	43447
30	44833
31	46223
32	47609
33	48996
34	50382
35	51768
36	53154
37	54540
38	55928
39	57314
40	58722
41	60152
42	61564
43	62993
44	64404
45	65797
46	67204
47	68591
48	69977
49	71364
50	72750
51	74137
52	75527
53	76914
54	78300
55	79688
56	81075
57	82462
58	83848
59	85241
60	86644
61	88031
62	89420
63	90829
64	92237
65	93633
66	95049
67	96470
68	97885
69	99292
70	100702
71	102090
72	103478
73	104867
74	106255
75	107643
76	109038
77	110426
78	111813
79	113204
80	114592
81	115981
82	117367
83	118754
84	120143
85	121530
86	122918
87	124306
88	125711
89	127098
90	128485
91	129871
92	131263
93	132650
94	134038
95	135426
96	136814
97	138201
98	139588
99	140975
100	142362
101	143748
102	145137
103	146529
104	147918
105	149307
106	150696
107	152084
108	153474
109	154860
110	156248
111	157635
112	159024
113	160412
114	161799
115	163188
116	164576
117	165964
118	167352
119	168740
120	170126
121	171527
122	172923
123	174312
124	175707
125	177094
126	178480
127	179869
128	181257
129	182645
130	184034
131	185425
132	186817
133	188206
134	189597
135	190987
136	192375
137	193763
138	195150
139	196537
140	197934
141	199332
142	200719
143	202107
144	203494
145	204880
146	206268
147	207657
148	209045
149	210431
150	211818
151	213206
152	214594
153	215984
154	217372
155	218760
156	220150
157	221539
158	222958
159	224347
160	225739
161	227127
162	228513
163	229900
164	231295
165	232684
166	234072
167	235461
168	236849
169	238240
170	239629
171	241017
172	242409
173	243796
174	245183
175	246571
176	247958
177	249346
178	250735
179	252123
180	253510
181	254896
182	256292
183	257679
184	259067
185	260456
186	261844
187	263233
188	264630
189	266017
190	267404
191	268791
192	270180
193	271569
194	272964
195	274353
196	275744
197	277133
198	278522
199	279910
200	281299
201	282688
202	284075
203	285465
204	286856
205	288244
206	289633
207	291022
208	292411
209	293799
210	295185
211	296575
212	297962
213	299349
214	300737
215	302123
216	303511
217	304899
218	306294
219	307680
220	309070
221	310457
222	311844
223	313232
224	314619
225	316007
226	317403
227	318790
228	320177
229	321564
230	322950
231	324338
232	325727
233	327121
234	328508
235	329895
236	331284
237	332671
238	334058
239	335446
240	336832
241	338230
242	339621
243	341009
244	342398
245	343785
246	345172
247	346560
248	347947
249	349343
250	350733
251	352124
252	353523
253	354911
254	356300
255	357687
256	359074
257	360461
258	361847
259	363236
260	364623
261	366018
262	367405
263	368792
264	370181
265	371568
266	372955
267	374342
268	375735
269	377123
270	378510
271	379897
272	381283
273	382670
274	384057
275	385445
276	386832
277	388221
278	389608
279	391004
280	392391
281	393778
282	395165
283	396552
284	397942
285	399329
286	400715
287	402102
288	403489
289	404876
290	406263
291	407650
292	409046
293	410433
294	411828
295	413216
296	414603
297	415990
298	417377
299	418764
300	420153
301	421540
302	422935
303	424322
304	425710
305	427099
306	428486
307	429873
308	431260
309	432648
310	434035
311	435423
312	436816
313	438203
314	439593
315	440983
316	442375
317	443771
318	445159
319	446547
320	447934
321	449323
322	450713
323	452100
324	453494
325	454882
326	456269
327	457657
328	459046
329	460436
330	461823
331	463215
332	464607
333	465995
334	467385
335	468774
336	470161
337	471548
338	472936
339	474325
340	475713
341	477104
342	478494
343	479880
344	481268
345	482657
346	484045
347	485435
348	486826
349	488216
350	489606
351	490995
352	492386
353	493774
354	495165
355	496554
356	497941
357	499329
358	500718
359	502106
360	503495
361	504883
362	506270
363	507658
364	509049
365	510439
366	511827
367	513218
368	514605
369	515993
370	517383
371	518771
372	520157
373	521547
374	522936
375	524325
376	525714
377	527109
378	528498
379	529886
380	531279
381	532668
382	534057
383	535447
384	536837
385	538236
386	539640
387	541027
388	542413
389	543798
390	545183
391	546571
392	547955
393	549342
394	550728
395	552113
396	553502
397	554887
398	556271
399	557659
400	559046
401	560431
402	561815
403	563201
404	564588
405	565973
406	567359
407	568745
408	570129
409	571515
410	572899
411	574286
412	575673
413	577061
414	578448
415	579832
416	581219
417	582604
418	583989
419	585376
420	586762
421	588146
422	589532
423	590918
424	592306
425	593690
426	595074
427	596460
428	597847
429	599235
430	600621
431	602006
432	603392
433	604776
434	606161
435	607545
436	608932
437	610319
438	611702
439	613088
440	614476
441	615871
442	617265
443	618655
444	620046
445	621433
446	622818
447	624203
448	625588
449	626976
450	628361
451	629745
452	631133
453	632517
454	633902
455	635288
456	636673
457	638057
458	639441
459	640826
460	642215
461	643599
462	644983
463	646369
464	647753
465	649138
466	650523
467	651907
468	653291
469	654675
470	656060
471	657445
472	658838
473	660226
474	661611
475	662995
476	664381
477	665767
478	667152
479	668536
480	669921
481	671306
482	672690
483	674102
484	675496
485	676885
486	678271
487	679657
488	681042
489	682427
490	683812
491	685196
492	686585
493	687970
494	689354
495	690738
496	692123
497	693509
498	694893
499	696278
500	697662
501	699046
502	700431
503	701816
504	703200
505	704587
506	705971
507	707361
508	708749
509	710135
510	711519
511	712904
512	714288
513	715673
514	717058
515	718442
516	719827
517	721214
518	722599
519	723983
520	725369
521	726755
522	728149
523	729536
524	730926
525	732310
526	733695
527	735080
528	736465
529	737850
530	739236
531	740621
532	742005
533	743390
534	744774
535	746159
536	747543
537	748927
538	750312
539	751697
540	753084
541	754470
542	755855
543	757239
544	758623
545	760007
546	761392
547	762777
548	764161
549	765547
550	766931
551	768316
552	769701
553	771086
554	772470
555	773857
556	775243
557	776631
558	778019
559	779404
560	780789
561	782173
562	783557
563	784943
564	786338
565	787722
566	789108
567	790493
568	791877
569	793262
570	794646
571	796031
572	797417
573	798801
574	800187
575	801571
576	802956
577	804340
578	805724
579	807108
580	808493
581	809877
582	811263
583	812647
584	814032
585	815417
586	816802
587	818186
588	819572
589	820957
590	822341
591	823725
592	825109
593	826497
594	827882
595	829266
596	830650
597	832034
598	833419
599	834804
600	836189
601	837574
602	838958
603	840342
604	841729
605	843114
606	844498
607	845883
608	847267
609	848652
610	850036
611	851420
612	852805
613	854189
614	855573
615	856957
616	858343
617	859727
618	861113
619	862497
620	863884
621	865270
622	866655
623	868039
624	869424
625	870807
626	872192
627	873576
628	874960
629	876352
630	877737
631	879121
632	880505
633	881890
634	883274
635	884659
636	886046
637	887431
638	888824
639	890209
640	891593
641	892977
642	894362
643	895747
644	897131
645	898516
646	899902
647	901287
648	902672
649	904056
650	905441
651	906825
652	908217
653	909601
654	911003
655	912388
656	913771
657	915155
658	916540
659	917924
660	919308
661	920692
662	922101
663	923486
664	924870
665	926257
666	927643
667	929033
668	930417
669	931810
670	933194
671	934580
672	935965
673	937349
674	938733
675	940118
676	941502
677	942886
678	944276
679	945661
680	947045
681	948432
682	949818
683	951202
684	952590
685	953974
686	955358
687	956742
688	958127
689	959513
690	960897
691	962281
692	963665
693	965049
694	966434
695	967818
696	969202
697	970589
698	971972
699	973357
700	974741
701	976126
702	977514
703	978898
704	980283
705	981667
706	983051
707	984435
708	985820
709	987204
710	988589
711	989973
712	991357
713	992744
714	994128
715	995514
716	996898
717	998281
718	999665
719	1001051
720	1002436
721	1003821
722	1005205
723	1006589
724	1007973
725	1009357
726	1010743
727	1012127
728	1013534
729	1014929
730	1016316
731	1017701
732	1019085
733	1020470
734	1021855
735	1023241
736	1024625
737	1026010
738	1027397
739	1028781
740	1030166
741	1031558
742	1032942
743	1034327
744	1035712
745	1037100
746	1038484
747	1039868
748	1041252
749	1042637
750	1044021
751	1045406
752	1046789
753	1048173
754	1049557
755	1050942
756	1052326
757	1053711
758	1055094
759	1056482
760	1057866
761	1059252
762	1060637
763	1062022
764	1063406
765	1064790
766	1066176
767	1067559
768	1068944
769	1070328
770	1071712
771	1073096
772	1074482
773	1075866
774	1077253
775	1078636
776	1080023
777	1081410
778	1082795
779	1084180
780	1085564
781	1086949
782	1088332
783	1089715
784	1091099
785	1092483
786	1093866
787	1095250
788	1096634
789	1098017
790	1099401
791	1100784
792	1102168
793	1103554
794	1104937
795	1106321
796	1107704
797	1109087
798	1110470
799	1111854
800	1113238
801	1114625
802	1116009
803	1117393
804	1118776
805	1120159
806	1121543
807	1122927
808	1124311
809	1125697
810	1127084
811	1128475
812	1129860
813	1131244
814	1132628
815	1134011
816	1135396
817	1136780
818	1138163
819	1139546
820	1140930
821	1142314
822	1143697
823	1145080
824	1146464
825	1147850
826	1149236
827	1150619
828	1152003
829	1153387
830	1154770
831	1156153
832	1157536
833	1158927
834	1160310
835	1161693
836	1163076
837	1164460
838	1165845
839	1167230
840	1168614
841	1169999
842	1171383
843	1172766
844	1174150
845	1175555
846	1176944
847	1178330
848	1179715
849	1181100
850	1182485
851	1183868
852	1185253
853	1186637
854	1188021
855	1189404
856	1190787
857	1192173
858	1193557
859	1194940
860	1196325
861	1197708
862	1199092
863	1200475
864	1201859
865	1203243
866	1204626
867	1206009
868	1207393
869	1208776
870	1210160
871	1211543
872	1212928
873	1214315
874	1215699
875	1217083
876	1218467
877	1219850
878	1221235
879	1222619
880	1224002
881	1225386
882	1226777
883	1228162
884	1229545
885	1230928
886	1232313
887	1233696
888	1235080
889	1236467
890	1237851
891	1239236
892	1240619
893	1242002
894	1243386
895	1244769
896	1246153
897	1247536
898	1248922
899	1250306
900	1251689
901	1253072
902	1254456
903	1255840
904	1257226
905	1258611
906	1259994
907	1261387
908	1262770
909	1264161
910	1265546
911	1266930
912	1268314
913	1269702
914	1271132
915	1272517
916	1273902
917	1275288
918	1276672
919	1278059
920	1279444
921	1280832
922	1282218
923	1283601
924	1284985
925	1286369
926	1287752
927	1289135
928	1290518
929	1291901
930	1293284
931	1294667
932	1296054
933	1297438
934	1298823
935	1300207
936	1301590
937	1302983
938	1304369
939	1305753
940	1307136
941	1308519
942	1309902
943	1311286
944	1312669
945	1314052
946	1315438
947	1316821
948	1318206
949	1319591
950	1320976
951	1322361
952	1323750
953	1325135
954	1326520
955	1327907
956	1329300
957	1330685
958	1332069
959	1333457
960	1334841
961	1336228
962	1337614
963	1338998
964	1340383
965	1341767
966	1343152
967	1344537
968	1345923
969	1347306
970	1348690
971	1350074
972	1351459
973	1352844
974	1354230
975	1355616
976	1356999
977	1358382
978	1359765
979	1361148
980	1362531
981	1363914
982	1365298
983	1366682
984	1368066
985	1369450
986	1370833
987	1372219
988	1373603
989	1374987
990	1376371
991	1377760
992	1379144
993	1380528
994	1381912
995	1383296
996	1384679
997	1386063
998	1387447
999	1388831
1000	1390216
1001	1391600
1002	1392984
1003	1394369
1004	1395762
1005	1397145
1006	1398528
1007	1399915
1008	1401299
1009	1402683
1010	1404066
1011	1405465
1012	1406849
1013	1408233
1014	1409616
1015	1410999
1016	1412384
1017	1413767
1018	1415151
1019	1416536
1020	1417920
1021	1419305
1022	1420688
1023	1422074
1024	1423458
1025	1424842
1026	1426229
1027	1427614
1028	1428998
1029	1430382
1030	1431765
1031	1433149
1032	1434533
1033	1435917
1034	1437300
1035	1438684
1036	1440068
1037	1441451
1038	1442835
1039	1444224
1040	1445608
1041	1447000
1042	1448383
1043	1449768
1044	1451152
1045	1452536
1046	1453919
1047	1455303
1048	1456686
1049	1458069
1050	1459453
1051	1460837
1052	1462223
1053	1463607
1054	1464991
1055	1466378
1056	1467762
1057	1469144
1058	1470528
1059	1471911
1060	1473294
1061	1474679
1062	1476063
1063	1477450
1064	1478833
1065	1480218
1066	1481601
1067	1482985
1068	1484369
1069	1485754
1070	1487137
1071	1488522
1072	1489908
1073	1491291
1074	1492675
1075	1494064
1076	1495449
1077	1496832
1078	1498217
1079	1499601
1080	1500984
1081	1502368
1082	1503752
1083	1505135
1084	1506520
1085	1507903
1086	1509286
1087	1510672
1088	1512055
1089	1513439
1090	1514822
1091	1516205
1092	1517590
1093	1518977
1094	1520360
1095	1521743
1096	1523127
1097	1524511
1098	1525895
1099	1527282
1100	1528666
1101	1530056
1102	1531440
1103	1532826
1104	1534213
1105	1535598
1106	1536982
1107	1538366
1108	1539750
1109	1541133
1110	1542517
1111	1543919
1112	1545305
1113	1546688
1114	1548071
1115	1549454
1116	1550837
1117	1552223
1118	1553609
1119	1554992
1120	1556376
1121	1557758
1122	1559141
1123	1560533
1124	1561915
1125	1563298
1126	1564682
1127	1566067
1128	1567451
1129	1568834
1130	1570220
1131	1571602
1132	1572985
1133	1574368
1134	1575753
1135	1577136
1136	1578521
1137	1579904
1138	1581287
1139	1582669
1140	1584052
1141	1585435
1142	1586818
1143	1588201
1144	1589585
1145	1590969
1146	1592352
1147	1593735
1148	1595119
1149	1596502
1150	1597887
1151	1599270
1152	1600655
1153	1602037
1154	1603421
1155	1604804
1156	1606187
1157	1607570
1158	1608955
1159	1610338
1160	1611730
1161	1613117
1162	1614500
1163	1615883
1164	1617266
1165	1618649
1166	1620036
1167	1621421
1168	1622804
1169	1624188
1170	1625576
1171	1626964
1172	1628351
1173	1629734
1174	1631128
1175	1632514
1176	1633900
1177	1635285
1178	1636668
1179	1638052
1180	1639436
1181	1640820
1182	1642206
1183	1643589
1184	1644972
1185	1646356
1186	1647739
1187	1649121
1188	1650506
1189	1651890
1190	1653273
1191	1654656
1192	1656040
1193	1657423
1194	1658806
1195	1660188
1196	1661571
1197	1662955
1198	1664340
1199	1665723
1200	1667106
1201	1668489
1202	1669871
1203	1671254
1204	1672637
1205	1674020
1206	1675403
1207	1676798
1208	1678191
1209	1679577
1210	1680962
1211	1682355
1212	1683740
1213	1685125
1214	1686513
1215	1687897
1216	1689281
1217	1690664
1218	1692048
1219	1693432
1220	1694815
1221	1696199
1222	1697583
1223	1698967
1224	1700351
1225	1701734
1226	1703118
1227	1704501
1228	1705885
1229	1707269
1230	1708655
1231	1710039
1232	1711423
1233	1712808
1234	1714191
1235	1715575
1236	1716959
1237	1718342
1238	1719726
1239	1721110
1240	1722493
1241	1723877
1242	1725260
1243	1726644
1244	1728031
1245	1729415
1246	1730808
1247	1732193
1248	1733577
1249	1734967
1250	1736354
1251	1737738
1252	1739121
1253	1740505
1254	1741889
1255	1743273
1256	1744662
1257	1746048
1258	1747434
1259	1748819
1260	1750204
1261	1751590
1262	1752977
1263	1754361
1264	1755747
1265	1757129
1266	1758513
1267	1759897
1268	1761281
1269	1762665
1270	1764048
1271	1765433
1272	1766816
1273	1768199
1274	1769583
1275	1770966
1276	1772350
1277	1773735
1278	1775120
1279	1776504
1280	1777890
1281	1779274
1282	1780658
1283	1782042
1284	1783426
1285	1784810
1286	1786195
1287	1787577
1288	1788961
1289	1790345
1290	1791729
1291	1793113
1292	1794496
1293	1795881
1294	1797266
1295	1798650
1296	1800033
1297	1801417
1298	1802801
1299	1804184
1300	1805569
1301	1806953
1302	1808335
1303	1809719
1304	1811103
1305	1812496
1306	1813880
1307	1815265
1308	1816649
1309	1818031
1310	1819419
1311	1820802
1312	1822186
1313	1823570
1314	1824954
1315	1826338
1316	1827724
1317	1829109
1318	1830493
1319	1831877
1320	1833261
1321	1834643
1322	1836038
1323	1837422
1324	1838805
1325	1840189
1326	1841574
1327	1842957
1328	1844340
1329	1845724
1330	1847109
1331	1848492
1332	1849875
1333	1851259
1334	1852643
1335	1854026
1336	1855411
1337	1856795
1338	1858179
1339	1859561
1340	1860945
1341	1862329
1342	1863715
1343	1865099
1344	1866483
1345	1867867
1346	1869250
1347	1870634
1348	1872017
1349	1873401
1350	1874785
1351	1876169
1352	1877553
1353	1878940
1354	1880324
1355	1881707
1356	1883091
1357	1884477
1358	1885872
1359	1887256
1360	1888640
1361	1890031
1362	1891415
1363	1892799
1364	1894183
1365	1895568
1366	1896951
1367	1898335
1368	1899718
1369	1901103
1370	1902510
1371	1903901
1372	1905291
1373	1906693
1374	1908077
1375	1909459
1376	1910839
1377	1912223
1378	1913605
1379	1914987
1380	1916369
1381	1917751
1382	1919133
1383	1920514
1384	1921897
1385	1923278
1386	1924659
1387	1926041
1388	1927422
1389	1928809
1390	1930199
1391	1931581
1392	1932962
1393	1934343
1394	1935725
1395	1937107
1396	1938488
1397	1939869
1398	1941250
1399	1942631
1400	1944011
1401	1945399
1402	1946780
1403	1948161
1404	1949542
1405	1950935
1406	1952318
1407	1953700
1408	1955084
1409	1956466
1410	1957849
1411	1959235
1412	1960616
1413	1961997
1414	1963378
1415	1964759
1416	1966141
1417	1967522
1418	1968904
1419	1970305
1420	1971688
1421	1973643
1422	1975039
1423	1976444
1424	1977834
1425	1979218
1426	1980599
1427	1981980
1428	1983361
1429	1984743
1430	1986134
1431	1987521
1432	1988908
1433	1990295
1434	1991682
1435	1993125
1436	1994517
1437	1995905
1438	1997291
1439	1998676
1440	2000061
1441	2001447
1442	2002832
1443	2004218
1444	2005610
1445	2006995
1446	2008379
1447	2009765
1448	2011150
1449	2012534
1450	2013919
1451	2015304
1452	2016689
1453	2018076
1454	2019461
1455	2020846
1456	2022233
1457	2023617
1458	2025002
1459	2026387
1460	2027776
1461	2029160
1462	2030545
1463	2031930
1464	2033315
1465	2034700
1466	2036086
1467	2037471
1468	2038855
1469	2040242
1470	2041627
1471	2043012
1472	2044397
1473	2045782
1474	2047167
1475	2048552
1476	2049937
1477	2051322
1478	2052707
1479	2054092
1480	2055477
1481	2056862
1482	2058254
1483	2059639
1484	2061024
1485	2062410
1486	2063795
1487	2065179
1488	2066564
1489	2067949
1490	2069342
1491	2070727
1492	2072112
1493	2073496
1494	2074881
1495	2076266
1496	2077650
1497	2079036
1498	2080421
1499	2081805
1500	2083190
1501	2084577
1502	2085962
1503	2087347
1504	2088732
1505	2090125
1506	2091510
1507	2092895
1508	2094279
1509	2095664
1510	2097049
1511	2098434
1512	2099819
1513	2101204
1514	2102588
1515	2103973
1516	2105358
1517	2106747
1518	2108131
1519	2109516
1520	2110901
1521	2112286
1522	2113671
1523	2115057
1524	2116443
1525	2117828
1526	2119215
1527	2120600
1528	2121985
1529	2123369
1530	2124754
1531	2126140
1532	2127525
1533	2128912
1534	2130309
1535	2131697
1536	2133083
1537	2134468
1538	2135854
1539	2137239
1540	2138624
1541	2140009
1542	2141403
1543	2142788
1544	2144173
1545	2145558
1546	2146945
1547	2148330
1548	2149715
1549	2151103
1550	2152488
1551	2153873
1552	2155258
1553	2156644
1554	2158028
1555	2159413
1556	2160798
1557	2162192
1558	2163577
1559	2164962
1560	2166347
1561	2167732
1562	2169117
1563	2170502
1564	2171887
1565	2173274
1566	2174659
1567	2176044
1568	2177429
1569	2178830
1570	2180222
1571	2181609
1572	2182996
1573	2184381
1574	2185767
1575	2187152
1576	2188537
1577	2189921
1578	2191306
1579	2192691
1580	2194076
1581	2195463
1582	2196848
1583	2198235
1584	2199619
1585	2201004
1586	2202389
1587	2203776
1588	2205161
1589	2206546
1590	2207931
1591	2209316
1592	2210702
1593	2212087
1594	2213472
1595	2214857
1596	2216243
1597	2217632
1598	2219017
1599	2220403
1600	2221790
1601	2223176
1602	2224562
1603	2225948
1604	2227334
1605	2228720
1606	2230104
1607	2231489
1608	2232874
1609	2234259
1610	2235644
1611	2237028
1612	2238413
1613	2239800
1614	2241185
1615	2242570
1616	2243961
1617	2245347
1618	2246732
1619	2248117
1620	2249502
1621	2250886
1622	2252271
1623	2253656
1624	2255041
1625	2256426
1626	2257810
1627	2259195
1628	2260580
1629	2261967
1630	2263351
1631	2264736
1632	2266130
1633	2267514
1634	2268900
1635	2270284
1636	2271680
1637	2273065
1638	2274450
1639	2275835
1640	2277222
1641	2278627
1642	2280012
1643	2281403
1644	2282792
1645	2284177
1646	2285564
1647	2286950
1648	2288344
1649	2289730
1650	2291117
1651	2292510
1652	2293895
1653	2295281
1654	2296666
1655	2298051
1656	2299436
1657	2300821
1658	2302207
1659	2303592
1660	2304979
1661	2306365
1662	2307751
1663	2309138
1664	2310524
1665	2311911
1666	2313297
1667	2314684
1668	2316071
1669	2317457
1670	2318842
1671	2320228
1672	2321612
1673	2322997
1674	2324381
1675	2325765
1676	2327152
1677	2328545
1678	2329930
1679	2331314
1680	2332702
1681	2334086
1682	2335471
1683	2336855
1684	2338239
1685	2339623
1686	2341007
1687	2342391
1688	2343775
1689	2345159
1690	2346544
1691	2347928
1692	2349322
1693	2350707
1694	2352091
1695	2353475
1696	2354859
1697	2356243
1698	2357630
1699	2359015
1700	2360398
1701	2361782
1702	2363166
1703	2364550
1704	2365935
1705	2367319
1706	2368703
1707	2370087
1708	2371474
1709	2372858
1710	2374242
1711	2375626
1712	2377010
1713	2378395
1714	2379788
1715	2381172
1716	2382557
1717	2383941
1718	2385325
1719	2386709
1720	2388094
1721	2389478
1722	2390862
1723	2392250
1724	2393636
1725	2395020
1726	2396404
1727	2397788
1728	2399173
1729	2400558
1730	2401942
1731	2403326
1732	2404710
1733	2406095
1734	2407479
1735	2408863
1736	2410247
1737	2411631
1738	2413015
1739	2414399
1740	2415787
1741	2417171
1742	2418555
1743	2419939
1744	2421332
1745	2422716
1746	2424100
1747	2425484
1748	2426868
1749	2428253
1750	2429637
1751	2431021
1752	2432405
1753	2433790
1754	2435174
1755	2436558
1756	2437944
1757	2439328
1758	2440713
1759	2442097
1760	2443481
1761	2444865
1762	2446250
1763	2447634
1764	2449018
1765	2450402
1766	2451795
1767	2453179
1768	2454563
1769	2455947
1770	2457331
1771	2458716
1772	2460102
1773	2461486
1774	2462870
1775	2464254
1776	2465639
1777	2467023
1778	2468406
1779	2469790
1780	2471174
1781	2472564
1782	2473952
1783	2475337
1784	2476722
1785	2478106
1786	2479491
1787	2480876
1788	2482262
1789	2483646
1790	2485029
1791	2486413
1792	2487797
1793	2489182
1794	2490566
1795	2491961
1796	2493346
1797	2494730
1798	2496118
1799	2497506
1800	2498891
1801	2500275
1802	2501659
1803	2503043
1804	2504430
1805	2505814
1806	2507198
1807	2508582
1808	2509966
1809	2511350
1810	2512734
1811	2514126
1812	2515511
1813	2516895
1814	2518280
1815	2519664
1816	2521048
1817	2522434
1818	2523819
1819	2525206
1820	2526593
1821	2527977
1822	2529362
1823	2530746
1824	2532134
1825	2533520
1826	2534905
1827	2536290
1828	2537676
1829	2539062
1830	2540447
1831	2541833
1832	2543221
1833	2544606
1834	2545992
1835	2547378
1836	2548765
1837	2550151
1838	2551537
1839	2552922
1840	2554308
1841	2555693
1842	2557079
1843	2558464
1844	2559850
1845	2561237
1846	2562623
1847	2564008
1848	2565394
1849	2566779
1850	2568164
1851	2569550
1852	2570938
1853	2572323
1854	2573709
1855	2575095
1856	2576480
1857	2577866
1858	2579252
1859	2580637
1860	2582023
1861	2583408
1862	2584793
1863	2586179
1864	2587564
1865	2588949
1866	2590334
1867	2591720
1868	2593107
1869	2594492
1870	2595878
1871	2597263
1872	2598649
1873	2600034
1874	2601420
1875	2602805
1876	2604190
1877	2605575
1878	2606961
1879	2608346
1880	2609731
1881	2611116
1882	2612500
1883	2613884
1884	2615273
1885	2616661
1886	2618047
1887	2619433
1888	2620818
1889	2622203
1890	2623587
1891	2624971
1892	2626361
1893	2627746
1894	2629131
1895	2630515
1896	2631899
1897	2633284
1898	2634667
1899	2636052
1900	2637438
1901	2638822
1902	2640206
1903	2641590
1904	2642974
1905	2644358
1906	2645742
1907	2647126
1908	2648517
1909	2649901
1910	2651288
1911	2652672
1912	2654059
1913	2655444
1914	2656830
1915	2658217
1916	2659603
1917	2660987
1918	2662371
1919	2663755
1920	2665139
1921	2666523
1922	2667907
1923	2669294
1924	2670678
1925	2672062
1926	2673446
1927	2674830
1928	2676217
1929	2677601
1930	2679003
1931	2680395
1932	2681780
1933	2683161
1934	2684541
1935	2685923
1936	2687303
1937	2688683
1938	2690063
1939	2691443
1940	2692825
1941	2694205
1942	2695588
1943	2696970
1944	2698352
1945	2699733
1946	2701114
1947	2702496
1948	2703879
1949	2705262
1950	2706643
1951	2708024
1952	2709406
1953	2710787
1954	2712168
1955	2713550
1956	2714933
1957	2716324
1958	2717706
1959	2719088
1960	2720468
1961	2721849
1962	2723232
1963	2724614
1964	2725999
1965	2727381
1966	2728765
1967	2730146
1968	2731527
1969	2732915
1970	2734306
1971	2735689
1972	2737071
1973	2738453
1974	2739834
1975	2741216
1976	2742598
1977	2743979
1978	2745361
1979	2746743
1980	2748127
1981	2749509
1982	2750890
1983	2752271
1984	2753652
1985	2755034
1986	2756417
1987	2757797
1988	2759179
1989	2760561
1990	2761941
1991	2763323
1992	2764704
1993	2766086
1994	2767468
1995	2768870
1996	2770254
1997	2771635
1998	2773017
1999	2774398
2000	2775780
