1	0
2	6922
3	8544
4	10102
5	11668
6	13584
7	15324
8	16990
9	18558
10	20169
11	21715
12	23268
13	24814
14	26359
15	27904
16	29448
17	30991
18	32535
19	34079
20	35623
21	37167
22	38710
23	40263
24	41806
25	43350
26	44895
27	46441
28	48008
29	49552
30	51096
31	52640
32	54184
33	55728
34	57276
35	58820
36	60364
37	61908
38	63453
39	64997
40	66541
41	68092
42	69636
43	71183
44	72726
45	74271
46	75815
47	77360
48	78904
49	80448
50	81992
51	83536
52	85080
53	86624
54	88168
55	89712
56	91265
57	92808
58	94352
59	95896
60	97442
61	98986
62	100530
63	102074
64	103618
65	105162
66	106706
67	108258
68	109806
69	111350
70	112895
71	114439
72	115983
73	117527
74	119071
75	120615
76	122161
77	123706
78	125258
79	126802
80	128346
81	129890
82	131434
83	132978
84	134522
85	136067
86	137611
87	139155
88	140699
89	142244
90	143788
91	145332
92	146878
93	148422
94	149994
95	151540
96	153088
97	154633
98	156179
99	157725
100	159270
101	160815
102	162360
103	163906
104	165453
105	166998
106	168544
107	170090
108	171636
109	173181
110	174726
111	176271
112	177816
113	179361
114	180905
115	182450
116	183995
117	185540
118	187085
119	188629
120	190174
121	191719
122	193263
123	194808
124	196355
125	197900
126	199445
127	200990
128	202535
129	204080
130	205624
131	207169
132	208714
133	210259
134	211803
135	213348
136	214892
137	216437
138	217982
139	219527
140	221074
141	222619
142	224164
143	225709
144	227254
145	228799
146	230343
147	231888
148	233432
149	234977
150	236522
151	238067
152	239612
153	241156
154	242701
155	244246
156	245793
157	247338
158	248887
159	250433
160	251986
161	253533
162	255079
163	256625
164	258170
165	259715
166	261260
167	262805
168	264350
169	265895
170	267440
171	268985
172	270532
173	272078
174	273622
175	275168
176	276714
177	278259
178	279804
179	281349
180	282895
181	284439
182	285984
183	287529
184	289080
185	290625
186	292170
187	293715
188	295262
189	296807
190	298352
191	299897
192	301442
193	302986
194	304531
195	306076
196	307621
197	309166
198	310711
199	312256
200	313800
201	315345
202	316890
203	318435
204	319983
205	321528
206	323073
207	324619
208	326164
209	327709
210	329254
211	330799
212	332344
213	333889
214	335434
215	336979
216	338524
217	340069
218	341614
219	343159
220	344707
221	346252
222	347797
223	349342
224	350887
225	352432
226	353977
227	355522
228	357067
229	358612
230	360157
231	361702
232	363247
233	364792
234	366336
235	367881
236	369428
237	370973
238	372521
239	374070
240	375615
241	377160
242	378705
243	380250
244	381794
245	383339
246	384884
247	386429
248	387974
249	389519
250	391064
251	392609
252	394156
253	395701
254	397245
255	398790
256	400335
257	401880
258	403425
259	404970
260	406515
261	408060
262	409605
263	411151
264	412696
265	414241
266	415786
267	417331
268	418878
269	420423
270	421968
271	423513
272	425058
273	426603
274	428148
275	429693
276	431238
277	432783
278	434327
279	435872
280	437418
281	438962
282	440507
283	442052
284	443599
285	445144
286	446689
287	448234
288	449783
289	451328
290	452873
291	454422
292	455967
293	457511
294	459057
295	460602
296	462147
297	463692
298	465237
299	466782
300	468329
301	469874
302	471419
303	472964
304	474511
305	476057
306	477602
307	479152
308	480699
309	482245
310	483790
311	485336
312	486881
313	488427
314	489972
315	491517
316	493072
317	494618
318	496163
319	497709
320	499254
321	500799
322	502345
323	503890
324	505435
325	506980
326	508525
327	510070
328	511615
329	513159
330	514704
331	516249
332	517796
333	519342
334	520886
335	522431
336	523976
337	525522
338	527067
339	528612
340	530157
341	531702
342	533247
343	534792
344	536337
345	537882
346	539427
347	540972
348	542519
349	544064
350	545609
351	547155
352	548700
353	550245
354	551790
355	553335
356	554880
357	556428
358	557975
359	559521
360	561068
361	562614
362	564171
363	565714
364	567258
365	568801
366	570343
367	571885
368	573427
369	574969
370	576511
371	578053
372	579595
373	581137
374	582679
375	584221
376	585763
377	587305
378	588847
379	590390
380	591933
381	593475
382	595019
383	596561
384	598103
385	599645
386	601187
387	602729
388	604271
389	605813
390	607359
391	608900
392	610442
393	611983
394	613525
395	615067
396	616611
397	618154
398	619695
399	621237
400	622779
401	624321
402	625864
403	627406
404	628947
405	630489
406	632033
407	633575
408	635116
409	636658
410	638201
411	639742
412	641286
413	642828
414	644369
415	645911
416	647465
417	649027
418	650573
419	652117
420	653663
421	655205
422	656747
423	658289
424	659831
425	661373
426	662916
427	664458
428	666008
429	667550
430	669092
431	670634
432	672176
433	673717
434	675260
435	676802
436	678345
437	679886
438	681428
439	682970
440	684512
441	686056
442	687600
443	689144
444	690690
445	692232
446	693774
447	695316
448	696858
449	698404
450	699947
451	701489
452	703033
453	704575
454	706117
455	707660
456	709202
457	710744
458	712286
459	713828
460	715372
461	716914
462	718456
463	719998
464	721540
465	723082
466	724624
467	726166
468	727708
469	729250
470	730792
471	732334
472	733876
473	735418
474	736960
475	738503
476	740049
477	741592
478	743134
479	744677
480	746219
481	747761
482	749303
483	750845
484	752387
485	753960
486	755508
487	757053
488	758596
489	760139
490	761681
491	763224
492	764768
493	766310
494	767852
495	769394
496	770936
497	772478
498	774022
499	775565
500	777107
501	778649
502	780192
503	781733
504	783275
505	784817
506	786359
507	787901
508	789446
509	790988
510	792530
511	794073
512	795615
513	797157
514	798699
515	800241
516	801783
517	803325
518	804868
519	806410
520	807953
521	809495
522	811037
523	812579
524	814123
525	815666
526	817208
527	818750
528	820292
529	821834
530	823376
531	824918
532	826460
533	828005
534	829547
535	831089
536	832630
537	834172
538	835714
539	837256
540	838800
541	840342
542	841885
543	843426
544	844968
545	846510
546	848052
547	849595
548	851140
549	852682
550	854225
551	855767
552	857309
553	858851
554	860393
555	861935
556	863479
557	865023
558	866565
559	868107
560	869650
561	871192
562	872733
563	874276
564	875818
565	877361
566	878903
567	880445
568	881987
569	883529
570	885071
571	886614
572	888158
573	889700
574	891242
575	892784
576	894326
577	895868
578	897410
579	898952
580	900494
581	902036
582	903578
583	905131
584	906674
585	908217
586	909759
587	911301
588	912846
589	914388
590	915929
591	917472
592	919016
593	920558
594	922100
595	923642
596	925186
597	926728
598	928270
599	929812
600	931354
601	932895
602	934437
603	935980
604	937523
605	939065
606	940607
607	942149
608	943691
609	945233
610	946775
611	948317
612	949859
613	951401
614	952943
615	954485
616	956032
617	957574
618	959116
619	960658
620	962202
621	963744
622	965294
623	966836
624	968378
625	969920
626	971462
627	973006
628	974548
629	976091
630	977633
631	979175
632	980716
633	982258
634	983799
635	985341
636	986885
637	988427
638	989969
639	991511
640	993053
641	994594
642	996136
643	997678
644	999219
645	1000761
646	1002303
647	1003844
648	1005386
649	1006928
650	1008469
651	1010013
652	1011558
653	1013100
654	1014642
655	1016183
656	1017725
657	1019267
658	1020809
659	1022354
660	1023896
661	1025439
662	1026981
663	1028523
664	1030065
665	1031606
666	1033148
667	1034690
668	1036234
669	1037782
670	1039324
671	1040867
672	1042409
673	1043951
674	1045494
675	1047036
676	1048578
677	1050120
678	1051666
679	1053208
680	1054750
681	1056293
682	1057838
683	1059380
684	1060925
685	1062467
686	1064011
687	1065554
688	1067096
689	1068638
690	1070180
691	1071722
692	1073263
693	1074806
694	1076348
695	1077890
696	1079432
697	1080974
698	1082516
699	1084058
700	1085602
701	1087144
702	1088686
703	1090228
704	1091770
705	1093312
706	1094853
707	1096396
708	1097938
709	1099479
710	1101024
711	1102566
712	1104116
713	1105659
714	1107200
715	1108742
716	1110290
717	1111833
718	1113377
719	1114920
720	1116475
721	1118021
722	1119564
723	1121106
724	1122647
725	1124188
726	1125730
727	1127271
728	1128812
729	1130353
730	1131894
731	1133435
732	1134978
733	1136520
734	1138061
735	1139602
736	1141143
737	1142684
738	1144225
739	1145766
740	1147307
741	1148848
742	1150389
743	1151929
744	1153471
745	1155014
746	1156555
747	1158096
748	1159639
749	1161184
750	1162725
751	1164266
752	1165811
753	1167353
754	1168894
755	1170435
756	1171976
757	1173517
758	1175058
759	1176600
760	1178141
761	1179682
762	1181223
763	1182764
764	1184307
765	1185849
766	1187390
767	1188930
768	1190472
769	1192015
770	1193557
771	1195097
772	1196638
773	1198179
774	1199720
775	1201261
776	1202802
777	1204343
778	1205884
779	1207425
780	1208968
781	1210509
782	1212050
783	1213591
784	1215132
785	1216673
786	1218214
787	1219755
788	1221296
789	1222837
790	1224378
791	1225920
792	1227463
793	1229017
794	1230565
795	1232110
796	1233655
797	1235197
798	1236739
799	1238280
800	1239822
801	1241364
802	1242906
803	1244448
804	1245988
805	1247532
806	1249073
807	1250615
808	1252160
809	1253709
810	1255297
811	1256859
812	1258439
813	1259983
814	1261528
815	1263071
816	1264615
817	1266157
818	1267701
819	1269251
820	1270792
821	1272333
822	1273874
823	1275417
824	1276959
825	1278501
826	1280042
827	1281583
828	1283126
829	1284669
830	1286211
831	1287753
832	1289295
833	1290838
834	1292380
835	1293922
836	1295463
837	1297007
838	1298548
839	1300089
840	1301631
841	1303172
842	1304713
843	1306254
844	1307797
845	1309338
846	1310879
847	1312420
848	1313961
849	1315502
850	1317043
851	1318585
852	1320126
853	1321667
854	1323208
855	1324750
856	1326293
857	1327843
858	1329385
859	1330926
860	1332469
861	1334013
862	1335554
863	1337095
864	1338647
865	1340188
866	1341729
867	1343270
868	1344816
869	1346392
870	1347935
871	1349477
872	1351023
873	1352565
874	1354107
875	1355649
876	1357195
877	1358736
878	1360277
879	1361819
880	1363360
881	1364919
882	1366465
883	1368009
884	1369552
885	1371093
886	1372634
887	1374176
888	1375718
889	1377260
890	1378801
891	1380376
892	1381921
893	1383462
894	1385006
895	1386548
896	1388090
897	1389631
898	1391173
899	1392714
900	1394256
901	1395798
902	1397339
903	1398881
904	1400422
905	1401963
906	1403505
907	1405046
908	1406590
909	1408131
910	1409673
911	1411214
912	1412756
913	1414297
914	1415838
915	1417380
916	1418921
917	1420462
918	1422007
919	1423548
920	1425089
921	1426631
922	1428172
923	1429713
924	1431257
925	1432798
926	1434339
927	1435880
928	1437422
929	1438963
930	1440505
931	1442047
932	1443588
933	1445130
934	1446671
935	1448212
936	1449754
937	1451295
938	1452841
939	1454383
940	1455924
941	1457465
942	1459009
943	1460551
944	1462092
945	1463634
946	1465175
947	1466717
948	1468258
949	1469800
950	1471341
951	1472882
952	1474424
953	1475966
954	1477507
955	1479051
956	1480595
957	1482137
958	1483678
959	1485219
960	1486761
961	1488303
962	1489847
963	1491388
964	1492929
965	1494471
966	1496035
967	1497577
968	1499117
969	1500659
970	1502209
971	1503750
972	1505291
973	1506833
974	1508374
975	1509915
976	1511457
977	1512998
978	1514541
979	1516083
980	1517624
981	1519165
982	1520706
983	1522248
984	1523789
985	1525330
986	1526872
987	1528413
988	1529954
989	1531496
990	1533037
991	1534578
992	1536120
993	1537661
994	1539205
995	1540747
996	1542288
997	1543830
998	1545371
999	1546912
1000	1548453
1001	1549994
1002	1551536
1003	1553077
1004	1554618
1005	1556160
1006	1557701
1007	1559242
1008	1560783
1009	1562325
1010	1563868
1011	1565409
1012	1566951
1013	1568492
1014	1570035
1015	1571576
1016	1573117
1017	1574659
1018	1576201
1019	1577743
1020	1579284
1021	1580826
1022	1582367
1023	1583907
1024	1585449
1025	1586990
1026	1588534
1027	1590075
1028	1591617
1029	1593158
1030	1594699
1031	1596241
1032	1597782
1033	1599324
1034	1600865
1035	1602406
1036	1603948
1037	1605489
1038	1607033
1039	1608575
1040	1610116
1041	1611658
1042	1613201
1043	1614742
1044	1616284
1045	1617825
1046	1619366
1047	1620907
1048	1622448
1049	1623989
1050	1625530
1051	1627072
1052	1628613
1053	1630154
1054	1631698
1055	1633244
1056	1634787
1057	1636329
1058	1637873
1059	1639414
1060	1640955
1061	1642497
1062	1644037
1063	1645578
1064	1647120
1065	1648662
1066	1650203
1067	1651744
1068	1653289
1069	1654831
1070	1656373
1071	1657914
1072	1659455
1073	1660996
1074	1662540
1075	1664081
1076	1665623
1077	1667164
1078	1668705
1079	1670246
1080	1671787
1081	1673336
1082	1674878
1083	1676419
1084	1677960
1085	1679501
1086	1681043
1087	1682588
1088	1684129
1089	1685671
1090	1687214
1091	1688756
1092	1690300
1093	1691842
1094	1693383
1095	1694924
1096	1696465
1097	1698008
1098	1699550
1099	1701091
1100	1702632
1101	1704173
1102	1705714
1103	1707256
1104	1708797
1105	1710338
1106	1711881
1107	1713422
1108	1714964
1109	1716506
1110	1718047
1111	1719588
1112	1721131
1113	1722673
1114	1724214
1115	1725756
1116	1727297
1117	1728839
1118	1730380
1119	1731921
1120	1733462
1121	1735008
1122	1736552
1123	1738093
1124	1739635
1125	1741176
1126	1742717
1127	1744258
1128	1745800
1129	1747341
1130	1748882
1131	1750423
1132	1751964
1133	1753505
1134	1755046
1135	1756626
1136	1758176
1137	1759718
1138	1761259
1139	1762797
1140	1764335
1141	1765872
1142	1767411
1143	1768949
1144	1770486
1145	1772026
1146	1773563
1147	1775101
1148	1776641
1149	1778178
1150	1779716
1151	1781255
1152	1782793
1153	1784330
1154	1785870
1155	1787409
1156	1788947
1157	1790487
1158	1792029
1159	1793567
1160	1795106
1161	1796647
1162	1798188
1163	1799729
1164	1801270
1165	1802808
1166	1804347
1167	1805887
1168	1807426
1169	1808963
1170	1810504
1171	1812041
1172	1813579
1173	1815117
1174	1816656
1175	1818194
1176	1819732
1177	1821270
1178	1822810
1179	1824348
1180	1825888
1181	1827426
1182	1828964
1183	1830502
1184	1832039
1185	1833577
1186	1835116
1187	1836655
1188	1838192
1189	1839730
1190	1841268
1191	1842806
1192	1844343
1193	1845881
1194	1847419
1195	1848957
1196	1850494
1197	1852032
1198	1853578
1199	1855117
1200	1856656
1201	1858194
1202	1859734
1203	1861272
1204	1862810
1205	1864347
1206	1865885
1207	1867424
1208	1868962
1209	1870499
1210	1872037
1211	1873575
1212	1875112
1213	1876651
1214	1878189
1215	1879727
1216	1881264
1217	1882802
1218	1884342
1219	1885880
1220	1887418
1221	1888956
1222	1890495
1223	1892033
1224	1893570
1225	1895108
1226	1896646
1227	1898184
1228	1899722
1229	1901260
1230	1902797
1231	1904335
1232	1905872
1233	1907411
1234	1908951
1235	1910489
1236	1912028
1237	1913566
1238	1915102
1239	1916641
1240	1918178
1241	1919716
1242	1921253
1243	1922791
1244	1924328
1245	1925867
1246	1927406
1247	1928944
1248	1930482
1249	1932021
1250	1933561
1251	1935099
1252	1936637
1253	1938175
1254	1939712
1255	1941250
1256	1942788
1257	1944325
1258	1945863
1259	1947401
1260	1948939
1261	1950476
1262	1952017
1263	1953556
1264	1955092
1265	1956632
1266	1958172
1267	1959710
1268	1961248
1269	1962785
1270	1964323
1271	1965861
1272	1967425
1273	1968963
1274	1970501
1275	1972039
1276	1973576
1277	1975114
1278	1976654
1279	1978194
1280	1979731
1281	1981269
1282	1982807
1283	1984344
1284	1985882
1285	1987421
1286	1988959
1287	1990498
1288	1992036
1289	1993574
1290	1995111
1291	1996649
1292	1998187
1293	1999725
1294	2001262
1295	2002803
1296	2004341
1297	2005879
1298	2007417
1299	2008955
1300	2010501
1301	2012039
1302	2013598
1303	2015142
1304	2016685
1305	2018222
1306	2019757
1307	2021292
1308	2022827
1309	2024363
1310	2025904
1311	2027451
1312	2028988
1313	2030526
1314	2032062
1315	2033597
1316	2035134
1317	2036670
1318	2038206
1319	2039742
1320	2041278
1321	2042813
1322	2044349
1323	2045885
1324	2047422
1325	2048958
1326	2050496
1327	2052032
1328	2053575
1329	2055111
1330	2056649
1331	2058192
1332	2059728
1333	2061263
1334	2062799
1335	2064334
1336	2065869
1337	2067406
1338	2068941
1339	2070476
1340	2072014
1341	2073549
1342	2075086
1343	2076625
1344	2078161
1345	2079696
1346	2081240
1347	2082776
1348	2084312
1349	2085856
1350	2087393
1351	2088929
1352	2090467
1353	2092006
1354	2093542
1355	2095078
1356	2096614
1357	2098150
1358	2099689
1359	2101224
1360	2102760
1361	2104296
1362	2105832
1363	2107368
1364	2108905
1365	2110441
1366	2111983
1367	2113519
1368	2115055
1369	2116592
1370	2118128
1371	2119664
1372	2121200
1373	2122736
1374	2124274
1375	2125810
1376	2127348
1377	2128884
1378	2130420
1379	2131955
1380	2133491
1381	2135028
1382	2136565
1383	2138101
1384	2139636
1385	2141172
1386	2142708
1387	2144243
1388	2145779
1389	2147316
1390	2148854
1391	2150390
1392	2151925
1393	2153461
1394	2154996
1395	2156533
1396	2158069
1397	2159604
1398	2161140
1399	2162676
1400	2164212
1401	2165748
1402	2167287
1403	2168823
1404	2170359
1405	2171895
1406	2173433
1407	2174969
1408	2176507
1409	2178043
1410	2179579
1411	2181114
1412	2182650
1413	2184186
1414	2185721
1415	2187258
1416	2188793
1417	2190331
1418	2191867
1419	2193402
1420	2194938
1421	2196475
1422	2198015
1423	2199551
1424	2201088
1425	2202624
1426	2204159
1427	2205695
1428	2207231
1429	2208767
1430	2210303
1431	2211838
1432	2213374
1433	2214910
1434	2216446
1435	2217982
1436	2219517
1437	2221053
1438	2222591
1439	2224127
1440	2225662
1441	2227200
1442	2228737
1443	2230272
1444	2231808
1445	2233344
1446	2234880
1447	2236416
1448	2237952
1449	2239488
1450	2241025
1451	2242561
1452	2244097
1453	2245632
1454	2247171
1455	2248708
1456	2250244
1457	2251779
1458	2253315
1459	2254857
1460	2256394
1461	2257930
1462	2259480
1463	2261028
1464	2262565
1465	2264102
1466	2265638
1467	2267176
1468	2268712
1469	2270257
1470	2271795
1471	2273331
1472	2274866
1473	2276404
1474	2277940
1475	2279479
1476	2281017
1477	2282553
1478	2284089
1479	2285624
1480	2287161
1481	2288697
1482	2290237
1483	2291773
1484	2293309
1485	2294845
1486	2296383
1487	2297919
1488	2299455
1489	2300991
1490	2302526
1491	2304062
1492	2305598
1493	2307135
1494	2308670
1495	2310205
1496	2311741
1497	2313277
1498	2314813
1499	2316349
1500	2317885
1501	2319421
1502	2320959
1503	2322495
1504	2324030
1505	2325566
1506	2327104
1507	2328640
1508	2330176
1509	2331712
1510	2333256
1511	2334791
1512	2336328
1513	2337864
1514	2339400
1515	2340936
1516	2342471
1517	2344010
1518	2345550
1519	2347085
1520	2348621
1521	2350157
1522	2351698
1523	2353242
1524	2354777
1525	2356314
1526	2357850
1527	2359386
1528	2360921
1529	2362457
1530	2363992
1531	2365528
1532	2367065
1533	2368600
1534	2370138
1535	2371674
1536	2373218
1537	2374754
1538	2376292
1539	2377828
1540	2379364
1541	2380900
1542	2382436
1543	2383972
1544	2385507
1545	2387043
1546	2388579
1547	2390115
1548	2391653
1549	2393188
1550	2394726
1551	2396263
1552	2397799
1553	2399334
1554	2400870
1555	2402405
1556	2403941
1557	2405477
1558	2407016
1559	2408553
1560	2410089
1561	2411625
1562	2413160
1563	2414699
1564	2416243
1565	2417779
1566	2419317
1567	2420854
1568	2422389
1569	2423925
1570	2425460
1571	2426998
1572	2428534
1573	2430070
1574	2431606
1575	2433141
1576	2434678
1577	2436214
1578	2437750
1579	2439285
1580	2440821
1581	2442357
1582	2443894
1583	2445431
1584	2446967
1585	2448504
1586	2450041
1587	2451577
1588	2453113
1589	2454648
1590	2456190
1591	2457727
1592	2459263
1593	2460799
1594	2462334
1595	2463870
1596	2465406
1597	2466942
1598	2468481
1599	2470019
1600	2471554
1601	2473089
1602	2474626
1603	2476165
1604	2477705
1605	2479252
1606	2480789
1607	2482326
1608	2483862
1609	2485401
1610	2486942
1611	2488481
1612	2490025
1613	2491564
1614	2493102
1615	2494637
1616	2496175
1617	2497714
1618	2499258
1619	2500795
1620	2502330
1621	2503865
1622	2505400
1623	2506936
1624	2508471
1625	2510008
1626	2511543
1627	2513078
1628	2514613
1629	2516156
1630	2517698
1631	2519243
1632	2520778
1633	2522313
1634	2523848
1635	2525383
1636	2526921
1637	2528456
1638	2529991
1639	2531526
1640	2533061
1641	2534596
1642	2536132
1643	2537667
1644	2539202
1645	2540737
1646	2542274
1647	2543809
1648	2545344
1649	2546879
1650	2548414
1651	2549954
1652	2551490
1653	2553027
1654	2554562
1655	2556098
1656	2557633
1657	2559168
1658	2560703
1659	2562257
1660	2563792
1661	2565327
1662	2566865
1663	2568400
1664	2569935
1665	2571470
1666	2573007
1667	2574541
1668	2576077
1669	2577613
1670	2579149
1671	2580683
1672	2582217
1673	2583752
1674	2585287
1675	2586822
1676	2588358
1677	2589892
1678	2591431
1679	2592966
1680	2594501
1681	2596037
1682	2597572
1683	2599107
1684	2600642
1685	2602176
1686	2603711
1687	2605255
1688	2606791
1689	2608326
1690	2609861
1691	2611396
1692	2612930
1693	2614467
1694	2616009
1695	2617546
1696	2619080
1697	2620615
1698	2622150
1699	2623685
1700	2625228
1701	2626765
1702	2628300
1703	2629835
1704	2631370
1705	2632905
1706	2634440
1707	2635983
1708	2637520
1709	2639056
1710	2640603
1711	2642138
1712	2643673
1713	2645217
1714	2646753
1715	2648287
1716	2649822
1717	2651361
1718	2652895
1719	2654430
1720	2655972
1721	2657507
1722	2659043
1723	2660578
1724	2662112
1725	2663647
1726	2665186
1727	2666726
1728	2668261
1729	2669796
1730	2671331
1731	2672866
1732	2674401
1733	2675936
1734	2677473
1735	2679010
1736	2680544
1737	2682080
1738	2683615
1739	2685151
1740	2686687
1741	2688222
1742	2689760
1743	2691296
1744	2692832
1745	2694367
1746	2695901
1747	2697437
1748	2698972
1749	2700506
1750	2702041
1751	2703576
1752	2705111
1753	2706646
1754	2708181
1755	2709716
1756	2711259
1757	2712794
1758	2714331
1759	2715866
1760	2717402
1761	2718937
1762	2720472
1763	2722009
1764	2723544
1765	2725079
1766	2726614
1767	2728151
1768	2729686
1769	2731237
1770	2732772
1771	2734306
1772	2735841
1773	2737377
1774	2738914
1775	2740449
1776	2741983
1777	2743518
1778	2745053
1779	2746589
1780	2748124
1781	2749659
1782	2751194
1783	2752728
1784	2754263
1785	2755798
1786	2757334
1787	2758869
1788	2760421
1789	2761965
1790	2763504
1791	2765039
1792	2766575
1793	2768110
1794	2769645
1795	2771181
1796	2772715
1797	2774250
1798	2775786
1799	2777324
1800	2778859
1801	2780394
1802	2781928
1803	2783463
1804	2784998
1805	2786534
1806	2788071
1807	2789615
1808	2791152
1809	2792687
1810	2794222
1811	2795757
1812	2797292
1813	2798829
1814	2800364
1815	2801899
1816	2803434
1817	2804969
1818	2806506
1819	2808041
1820	2809576
1821	2811111
1822	2812648
1823	2814183
1824	2815718
1825	2817261
1826	2818796
1827	2820331
1828	2821866
1829	2823401
1830	2824937
1831	2826472
1832	2828011
1833	2829546
1834	2831081
1835	2832616
1836	2834151
1837	2835686
1838	2837240
1839	2838775
1840	2840310
1841	2841845
1842	2843380
1843	2844915
1844	2846451
1845	2847986
1846	2849521
1847	2851055
1848	2852590
1849	2854126
1850	2855668
1851	2857210
1852	2858746
1853	2860282
1854	2861820
1855	2863355
1856	2864891
1857	2866427
1858	2867963
1859	2869498
1860	2871034
1861	2872569
1862	2874104
1863	2875640
1864	2877177
1865	2878713
1866	2880249
1867	2881784
1868	2883320
1869	2884855
1870	2886394
1871	2887930
1872	2889465
1873	2891006
1874	2892542
1875	2894077
1876	2895613
1877	2897149
1878	2898686
1879	2900222
1880	2901757
1881	2903293
1882	2904828
1883	2906365
1884	2907900
1885	2909436
1886	2910974
1887	2912510
1888	2914045
1889	2915580
1890	2917117
1891	2918652
1892	2920188
1893	2921724
1894	2923259
1895	2924794
1896	2926331
1897	2927868
1898	2929404
1899	2930939
1900	2932475
1901	2934012
1902	2935550
1903	2937087
1904	2938623
1905	2940159
1906	2941694
1907	2943230
1908	2944765
1909	2946301
1910	2947837
1911	2949373
1912	2950910
1913	2952446
1914	2953981
1915	2955516
1916	2957054
1917	2958590
1918	2960128
1919	2961664
1920	2963199
1921	2964735
1922	2966271
1923	2967806
1924	2969342
1925	2970877
1926	2972413
1927	2973948
1928	2975491
1929	2977042
1930	2978581
1931	2980117
1932	2981652
1933	2983187
1934	2984725
1935	2986261
1936	2987796
1937	2989331
1938	2990870
1939	2992405
1940	2993941
1941	2995475
1942	2997017
1943	2998553
1944	3000088
1945	3001623
1946	3003159
1947	3004697
1948	3006242
1949	3007776
1950	3009315
1951	3010850
1952	3012384
1953	3013919
1954	3015454
1955	3016990
1956	3018525
1957	3020060
1958	3021595
1959	3023130
1960	3024664
1961	3026208
1962	3027744
1963	3029279
1964	3030814
1965	3032349
1966	3033886
1967	3035421
1968	3036956
1969	3038491
1970	3040028
1971	3041562
1972	3043096
1973	3044631
1974	3046166
1975	3047701
1976	3049244
1977	3050779
1978	3052315
1979	3053850
1980	3055385
1981	3056927
1982	3058471
1983	3060010
1984	3061545
1985	3063081
1986	3064616
1987	3066153
1988	3067688
1989	3069223
1990	3070759
1991	3072294
1992	3073829
1993	3075365
1994	3076901
1995	3078438
1996	3079973
1997	3081508
1998	3083054
1999	3084589
2000	3086126
