1	0
2	7428
3	9211
4	10921
5	12695
6	14546
7	16360
8	18101
9	19768
10	21489
11	23155
12	24819
13	26482
14	28150
15	29813
16	31477
17	33141
18	34806
19	36472
20	38135
21	39799
22	41462
23	43126
24	44790
25	46453
26	48116
27	49781
28	51445
29	53109
30	54772
31	56435
32	58099
33	59762
34	61425
35	63089
36	64752
37	66415
38	68087
39	69750
40	71414
41	73078
42	74742
43	76408
44	78071
45	79735
46	81399
47	83063
48	84727
49	86392
50	88056
51	89720
52	91384
53	93048
54	94712
55	96376
56	98039
57	99703
58	101367
59	103032
60	104698
61	106364
62	108028
63	109692
64	111356
65	113021
66	114687
67	116352
68	118018
69	119684
70	121350
71	123017
72	124682
73	126347
74	128017
75	129683
76	131352
77	133017
78	134683
79	136348
80	138015
81	139679
82	141344
83	143009
84	144673
85	146338
86	148002
87	149666
88	151331
89	152996
90	154660
91	156324
92	157991
93	159655
94	161319
95	162985
96	164649
97	166313
98	167977
99	169642
100	171306
101	172971
102	174636
103	176300
104	177965
105	179629
106	181294
107	182961
108	184627
109	186291
110	187960
111	189625
112	191297
113	192963
114	194627
115	196293
116	197960
117	199624
118	201292
119	202960
120	204624
121	206292
122	207960
123	209624
124	211291
125	212970
126	214655
127	216328
128	217995
129	219662
130	221329
131	222994
132	224662
133	226327
134	227992
135	229656
136	231321
137	232986
138	234651
139	236317
140	237986
141	239652
142	241319
143	242985
144	244651
145	246317
146	247982
147	249672
148	251341
149	253009
150	254675
151	256342
152	258007
153	259673
154	261338
155	263005
156	264674
157	266340
158	268004
159	269670
160	271336
161	273001
162	274666
163	276332
164	277997
165	279663
166	281329
167	282994
168	284660
169	286326
170	287994
171	289660
172	291328
173	292995
174	294661
175	296327
176	297991
177	299657
178	301322
179	302988
180	304653
181	306320
182	307987
183	309655
184	311321
185	312987
186	314653
187	316319
188	317992
189	319657
190	321353
191	323052
192	324720
193	326387
194	328053
195	329718
196	331385
197	333059
198	334733
199	336402
200	338071
201	339738
202	341405
203	343073
204	344745
205	346412
206	348087
207	349754
208	351423
209	353092
210	354758
211	356424
212	358090
213	359756
214	361421
215	363087
216	364753
217	366419
218	368085
219	369750
220	371418
221	373084
222	374749
223	376415
224	378080
225	379745
226	381411
227	383076
228	384742
229	386408
230	388077
231	389758
232	391423
233	393091
234	394758
235	396425
236	398097
237	399764
238	401438
239	403105
240	404771
241	406439
242	408113
243	409787
244	411461
245	413127
246	414793
247	416466
248	418144
249	419812
250	421479
251	423148
252	424817
253	426484
254	428152
255	429817
256	431484
257	433151
258	434819
259	436489
260	438159
261	439825
262	441492
263	443160
264	444828
265	446509
266	448183
267	449857
268	451527
269	453195
270	454863
271	456530
272	458198
273	459865
274	461533
275	463201
276	464869
277	466544
278	468222
279	469887
280	471552
281	473219
282	474885
283	476552
284	478221
285	479886
286	481552
287	483219
288	484886
289	486553
290	488221
291	489886
292	491552
293	493220
294	494886
295	496553
296	498219
297	499884
298	501550
299	503217
300	504886
301	506554
302	508222
303	509891
304	511559
305	513231
306	514900
307	516566
308	518233
309	519899
310	521566
311	523234
312	524901
313	526568
314	528236
315	529901
316	531570
317	533238
318	534913
319	536581
320	538249
321	539915
322	541582
323	543249
324	544929
325	546601
326	548274
327	549945
328	551613
329	553281
330	554955
331	556623
332	558291
333	559959
334	561625
335	563299
336	564972
337	566647
338	568324
339	569990
340	571657
341	573325
342	574992
343	576660
344	578327
345	579994
346	581662
347	583330
348	584999
349	586667
350	588365
351	590055
352	591742
353	593434
354	595124
355	596811
356	598496
357	600168
358	601831
359	603494
360	605156
361	606821
362	608483
363	610144
364	611808
365	613471
366	615133
367	616806
368	618474
369	620136
370	621799
371	623461
372	625122
373	626784
374	628445
375	630108
376	631771
377	633435
378	635098
379	636764
380	638431
381	640093
382	641756
383	643420
384	645083
385	646746
386	648409
387	650070
388	651734
389	653401
390	655065
391	656728
392	658391
393	660052
394	661715
395	663380
396	665045
397	666708
398	668371
399	670034
400	671697
401	673360
402	675021
403	676682
404	678344
405	680006
406	681668
407	683330
408	684992
409	686654
410	688318
411	689980
412	691644
413	693307
414	694972
415	696634
416	698296
417	699958
418	701620
419	703283
420	704947
421	706611
422	708273
423	709940
424	711604
425	713267
426	714931
427	716593
428	718259
429	719921
430	721586
431	723251
432	724917
433	726583
434	728246
435	729908
436	731572
437	733235
438	734897
439	736562
440	738226
441	739888
442	741550
443	743213
444	744878
445	746539
446	748202
447	749864
448	751528
449	753191
450	754853
451	756515
452	758186
453	759848
454	761510
455	763181
456	764843
457	766505
458	768167
459	769829
460	771500
461	773172
462	774834
463	776496
464	778158
465	779820
466	781482
467	783144
468	784806
469	786480
470	788153
471	789819
472	791481
473	793144
474	794806
475	796468
476	798141
477	799803
478	801465
479	803127
480	804790
481	806454
482	808119
483	809781
484	811444
485	813107
486	814769
487	816431
488	818093
489	819755
490	821418
491	823080
492	824745
493	826407
494	828069
495	829732
496	831394
497	833057
498	834719
499	836384
500	838048
501	839710
502	841372
503	843035
504	844697
505	846359
506	848022
507	849684
508	851348
509	853011
510	854673
511	856336
512	857998
513	859660
514	861322
515	862985
516	864647
517	866309
518	867971
519	869633
520	871297
521	872959
522	874621
523	876283
524	877949
525	879611
526	881273
527	882938
528	884600
529	886262
530	887925
531	889587
532	891250
533	892912
534	894574
535	896237
536	897898
537	899561
538	901223
539	902885
540	904549
541	906213
542	907875
543	909537
544	911199
545	912862
546	914528
547	916190
548	917852
549	919514
550	921176
551	922839
552	924501
553	926171
554	927833
555	929495
556	931159
557	932821
558	934483
559	936163
560	937827
561	939490
562	941171
563	942834
564	944500
565	946171
566	947833
567	949494
568	951156
569	952819
570	954481
571	956152
572	957816
573	959478
574	961140
575	962802
576	964467
577	966138
578	967800
579	969462
580	971125
581	972787
582	974449
583	976111
584	977773
585	979435
586	981097
587	982759
588	984424
589	986086
590	987750
591	989411
592	991074
593	992736
594	994398
595	996060
596	997722
597	999384
598	1001046
599	1002709
600	1004371
601	1006049
602	1007716
603	1009379
604	1011068
605	1012731
606	1014394
607	1016056
608	1017718
609	1019380
610	1021042
611	1022704
612	1024366
613	1026035
614	1027697
615	1029359
616	1031021
617	1032685
618	1034347
619	1036009
620	1037678
621	1039341
622	1041002
623	1042666
624	1044327
625	1045989
626	1047650
627	1049312
628	1050974
629	1052636
630	1054298
631	1055960
632	1057622
633	1059286
634	1060949
635	1062611
636	1064273
637	1065936
638	1067598
639	1069259
640	1070924
641	1072588
642	1074250
643	1075915
644	1077581
645	1079245
646	1080908
647	1082572
648	1084234
649	1085899
650	1087563
651	1089225
652	1090885
653	1092547
654	1094208
655	1095868
656	1097529
657	1099190
658	1100851
659	1102517
660	1104179
661	1105846
662	1107507
663	1109177
664	1110839
665	1112503
666	1114173
667	1115834
668	1117501
669	1119182
670	1120851
671	1122514
672	1124186
673	1125848
674	1127511
675	1129172
676	1130833
677	1132500
678	1134170
679	1135832
680	1137498
681	1139165
682	1140826
683	1142488
684	1144149
685	1145810
686	1147472
687	1149142
688	1150804
689	1152466
690	1154136
691	1155798
692	1157461
693	1159123
694	1160785
695	1162447
696	1164109
697	1165798
698	1167482
699	1169175
700	1170839
701	1172503
702	1174182
703	1175844
704	1177505
705	1179174
706	1180835
707	1182501
708	1184171
709	1185832
710	1187493
711	1189170
712	1190831
713	1192500
714	1194170
715	1195831
716	1197492
717	1199169
718	1200830
719	1202492
720	1204169
721	1205830
722	1207490
723	1209168
724	1210829
725	1212490
726	1214168
727	1215829
728	1217490
729	1219169
730	1220830
731	1222492
732	1224169
733	1225830
734	1227491
735	1229168
736	1230829
737	1232491
738	1234168
739	1235830
740	1237491
741	1239168
742	1240829
743	1242491
744	1244168
745	1245831
746	1247492
747	1249169
748	1250834
749	1252500
750	1254170
751	1255831
752	1257491
753	1259169
754	1260830
755	1262492
756	1264169
757	1265831
758	1267492
759	1269169
760	1270830
761	1272500
762	1274170
763	1275831
764	1277491
765	1279153
766	1280814
767	1282475
768	1284153
769	1285814
770	1287475
771	1289152
772	1290813
773	1292475
774	1294144
775	1295805
776	1297466
777	1299137
778	1300798
779	1302460
780	1304121
781	1305782
782	1307444
783	1309104
784	1310765
785	1312426
786	1314087
787	1315748
788	1317409
789	1319070
790	1320739
791	1322401
792	1324062
793	1325725
794	1327386
795	1329048
796	1330709
797	1332371
798	1334034
799	1335695
800	1337356
801	1339017
802	1340678
803	1342340
804	1344001
805	1345662
806	1347323
807	1348984
808	1350645
809	1352308
810	1353969
811	1355630
812	1357291
813	1358951
814	1360613
815	1362274
816	1363935
817	1365596
818	1367257
819	1368918
820	1370579
821	1372240
822	1373901
823	1375562
824	1377223
825	1378887
826	1380549
827	1382211
828	1383873
829	1385535
830	1387196
831	1388858
832	1390520
833	1392191
834	1393851
835	1395512
836	1397173
837	1398835
838	1400503
839	1402183
840	1403844
841	1405508
842	1407179
843	1408840
844	1410502
845	1412174
846	1413836
847	1415497
848	1417158
849	1418819
850	1420480
851	1422166
852	1423827
853	1425489
854	1427166
855	1428835
856	1430516
857	1432190
858	1433851
859	1435513
860	1437183
861	1438845
862	1440522
863	1442194
864	1443856
865	1445517
866	1447178
867	1448840
868	1450503
869	1452173
870	1453834
871	1455496
872	1457159
873	1458820
874	1460482
875	1462143
876	1463837
877	1465500
878	1467162
879	1468823
880	1470484
881	1472146
882	1473807
883	1475468
884	1477130
885	1478791
886	1480452
887	1482114
888	1483777
889	1485438
890	1487100
891	1488761
892	1490422
893	1492084
894	1493745
895	1495406
896	1497068
897	1498729
898	1500393
899	1502055
900	1503716
901	1505377
902	1507041
903	1508702
904	1510365
905	1512031
906	1513693
907	1515354
908	1517015
909	1518676
910	1520337
911	1521998
912	1523660
913	1525321
914	1526982
915	1528644
916	1530305
917	1531966
918	1533627
919	1535288
920	1536952
921	1538614
922	1540274
923	1541936
924	1543597
925	1545259
926	1546920
927	1548581
928	1550242
929	1551903
930	1553565
931	1555226
932	1556887
933	1558549
934	1560210
935	1561871
936	1563533
937	1565194
938	1566854
939	1568516
940	1570177
941	1571838
942	1573500
943	1575161
944	1576822
945	1578483
946	1580145
947	1581806
948	1583467
949	1585129
950	1586790
951	1588454
952	1590115
953	1591791
954	1593453
955	1595114
956	1596775
957	1598436
958	1600099
959	1601760
960	1603421
961	1605082
962	1606743
963	1608404
964	1610064
965	1611725
966	1613387
967	1615049
968	1616710
969	1618371
970	1620035
971	1621712
972	1623377
973	1625042
974	1626706
975	1628368
976	1630031
977	1631692
978	1633354
979	1635015
980	1636676
981	1638337
982	1639998
983	1641659
984	1643321
985	1644981
986	1646642
987	1648303
988	1649964
989	1651625
990	1653289
991	1654950
992	1656611
993	1658272
994	1659932
995	1661593
996	1663255
997	1664916
998	1666577
999	1668237
1000	1669898
1001	1671559
1002	1673221
1003	1674882
1004	1676543
1005	1678204
1006	1679867
1007	1681529
1008	1683190
1009	1684851
1010	1686512
1011	1688173
1012	1689834
1013	1691496
1014	1693157
1015	1694819
1016	1696480
1017	1698141
1018	1699802
1019	1701463
1020	1703125
1021	1704807
1022	1706468
1023	1708130
1024	1709790
1025	1711451
1026	1713113
1027	1714774
1028	1716435
1029	1718097
1030	1719766
1031	1721429
1032	1723090
1033	1724751
1034	1726412
1035	1728073
1036	1729734
1037	1731397
1038	1733059
1039	1734720
1040	1736381
1041	1738043
1042	1739704
1043	1741365
1044	1743029
1045	1744690
1046	1746351
1047	1748012
1048	1749673
1049	1751334
1050	1752996
1051	1754657
1052	1756318
1053	1757981
1054	1759642
1055	1761303
1056	1762964
1057	1764625
1058	1766286
1059	1767947
1060	1769608
1061	1771269
1062	1772930
1063	1774592
1064	1776253
1065	1777913
1066	1779574
1067	1781235
1068	1782897
1069	1784559
1070	1786220
1071	1787881
1072	1789543
1073	1791203
1074	1792865
1075	1794526
1076	1796187
1077	1797848
1078	1799509
1079	1801170
1080	1802831
1081	1804492
1082	1806153
1083	1807818
1084	1809480
1085	1811143
1086	1812805
1087	1814466
1088	1816126
1089	1817787
1090	1819448
1091	1821109
1092	1822771
1093	1824432
1094	1826093
1095	1827753
1096	1829414
1097	1831075
1098	1832736
1099	1834397
1100	1836058
1101	1837721
1102	1839383
1103	1841045
1104	1842707
1105	1844368
1106	1846031
1107	1847692
1108	1849353
1109	1851014
1110	1852675
1111	1854337
1112	1855997
1113	1857658
1114	1859319
1115	1860980
1116	1862642
1117	1864305
1118	1865966
1119	1867627
1120	1869288
1121	1870948
1122	1872610
1123	1874271
1124	1875932
1125	1877593
1126	1879254
1127	1880915
1128	1882577
1129	1884238
1130	1885899
1131	1887560
1132	1889221
1133	1890884
1134	1892545
1135	1894206
1136	1895868
1137	1897529
1138	1899191
1139	1900851
1140	1902513
1141	1904174
1142	1905836
1143	1907496
1144	1909157
1145	1910818
1146	1912479
1147	1914141
1148	1915801
1149	1917465
1150	1919126
1151	1920787
1152	1922449
1153	1924110
1154	1925771
1155	1927432
1156	1929092
1157	1930753
1158	1932415
1159	1934076
1160	1935737
1161	1937398
1162	1939059
1163	1940720
1164	1942382
1165	1944047
1166	1945708
1167	1947369
1168	1949032
1169	1950693
1170	1952355
1171	1954016
1172	1955677
1173	1957338
1174	1959008
1175	1960671
1176	1962333
1177	1963994
1178	1965655
1179	1967316
1180	1968977
1181	1970641
1182	1972302
1183	1973964
1184	1975625
1185	1977286
1186	1978947
1187	1980608
1188	1982270
1189	1983931
1190	1985592
1191	1987253
1192	1988914
1193	1990575
1194	1992237
1195	1993898
1196	1995559
1197	1997222
1198	1998884
1199	2000545
1200	2002207
1201	2003868
1202	2005529
1203	2007191
1204	2008852
1205	2010513
1206	2012174
1207	2013836
1208	2015497
1209	2017158
1210	2018819
1211	2020480
1212	2022143
1213	2023807
1214	2025467
1215	2027128
1216	2028790
1217	2030450
1218	2032120
1219	2033785
1220	2035446
1221	2037108
1222	2038769
1223	2040431
1224	2042093
1225	2043754
1226	2045415
1227	2047076
1228	2048737
1229	2050400
1230	2052062
1231	2053723
1232	2055384
1233	2057047
1234	2058708
1235	2060369
1236	2062036
1237	2063698
1238	2065359
1239	2067021
1240	2068682
1241	2070343
1242	2072012
1243	2073674
1244	2075335
1245	2076998
1246	2078687
1247	2080349
1248	2082010
1249	2083672
1250	2085333
1251	2086995
1252	2088656
1253	2090317
1254	2091978
1255	2093639
1256	2095300
1257	2096961
1258	2098624
1259	2100285
1260	2101946
1261	2103607
1262	2105269
1263	2106930
1264	2108591
1265	2110256
1266	2111926
1267	2113587
1268	2115248
1269	2116909
1270	2118570
1271	2120231
1272	2121892
1273	2123572
1274	2125238
1275	2126902
1276	2128565
1277	2130227
1278	2131890
1279	2133553
1280	2135232
1281	2136920
1282	2138587
1283	2140252
1284	2141912
1285	2143572
1286	2145243
1287	2146904
1288	2148563
1289	2150229
1290	2151888
1291	2153548
1292	2155208
1293	2156867
1294	2158526
1295	2160185
1296	2161844
1297	2163513
1298	2165173
1299	2166832
1300	2168492
1301	2170151
1302	2171810
1303	2173471
1304	2175130
1305	2176791
1306	2178449
1307	2180108
1308	2181766
1309	2183426
1310	2185086
1311	2186747
1312	2188407
1313	2190066
1314	2191725
1315	2193385
1316	2195046
1317	2196705
1318	2198364
1319	2200026
1320	2201685
1321	2203347
1322	2205006
1323	2206674
1324	2208333
1325	2209992
1326	2211651
1327	2213311
1328	2214970
1329	2216629
1330	2218288
1331	2219947
1332	2221607
1333	2223266
1334	2224926
1335	2226585
1336	2228243
1337	2229904
1338	2231563
1339	2233224
1340	2234882
1341	2236541
1342	2238200
1343	2239859
1344	2241518
1345	2243178
1346	2244837
1347	2246496
1348	2248155
1349	2249814
1350	2251474
1351	2253134
1352	2254793
1353	2256454
1354	2258113
1355	2259774
1356	2261443
1357	2263143
1358	2264813
1359	2266474
1360	2268134
1361	2269794
1362	2271454
1363	2273115
1364	2274775
1365	2276436
1366	2278097
1367	2279756
1368	2281416
1369	2283081
1370	2284740
1371	2286434
1372	2288095
1373	2289756
1374	2291416
1375	2293076
1376	2294734
1377	2296394
1378	2298054
1379	2299714
1380	2301378
1381	2303085
1382	2304791
1383	2306474
1384	2308138
1385	2309798
1386	2311458
1387	2313119
1388	2314777
1389	2316435
1390	2318095
1391	2319755
1392	2321413
1393	2323072
1394	2324730
1395	2326389
1396	2328048
1397	2329706
1398	2331370
1399	2333031
1400	2334692
1401	2336350
1402	2338008
1403	2339667
1404	2341326
1405	2342984
1406	2344643
1407	2346301
1408	2347959
1409	2349618
1410	2351278
1411	2352938
1412	2354597
1413	2356256
1414	2357914
1415	2359573
1416	2361234
1417	2362893
1418	2364552
1419	2366213
1420	2367872
1421	2369531
1422	2371190
1423	2372849
1424	2374508
1425	2376167
1426	2377825
1427	2379484
1428	2381142
1429	2382801
1430	2384461
1431	2386120
1432	2387781
1433	2389439
1434	2391097
1435	2392756
1436	2394415
1437	2396075
1438	2397734
1439	2399392
1440	2401052
1441	2402712
1442	2404371
1443	2406032
1444	2407690
1445	2409349
1446	2411007
1447	2412667
1448	2414328
1449	2415986
1450	2417645
1451	2419303
1452	2420962
1453	2422621
1454	2424280
1455	2425938
1456	2427597
1457	2429255
1458	2430913
1459	2432572
1460	2434233
1461	2435891
1462	2437550
1463	2439209
1464	2440869
1465	2442528
1466	2444186
1467	2445844
1468	2447504
1469	2449163
1470	2450822
1471	2452482
1472	2454140
1473	2455799
1474	2457458
1475	2459116
1476	2460775
1477	2462434
1478	2464093
1479	2465752
1480	2467412
1481	2469071
1482	2470730
1483	2472389
1484	2474049
1485	2475707
1486	2477366
1487	2479027
1488	2480685
1489	2482344
1490	2484002
1491	2485662
1492	2487320
1493	2488979
1494	2490637
1495	2492297
1496	2493957
1497	2495615
1498	2497273
1499	2498933
1500	2500592
1501	2502251
1502	2503910
1503	2505568
1504	2507227
1505	2508885
1506	2510545
1507	2512204
1508	2513863
1509	2515522
1510	2517181
1511	2518839
1512	2520500
1513	2522159
1514	2523818
1515	2525477
1516	2527135
1517	2528794
1518	2530452
1519	2532111
1520	2533769
1521	2535427
1522	2537087
1523	2538746
1524	2540404
1525	2542064
1526	2543722
1527	2545382
1528	2547045
1529	2548717
1530	2550375
1531	2552039
1532	2553698
1533	2555356
1534	2557016
1535	2558674
1536	2560333
1537	2561991
1538	2563651
1539	2565310
1540	2566968
1541	2568626
1542	2570285
1543	2571944
1544	2573605
1545	2575264
1546	2576923
1547	2578582
1548	2580240
1549	2581899
1550	2583558
1551	2585216
1552	2586876
1553	2588535
1554	2590193
1555	2591851
1556	2593512
1557	2595171
1558	2596830
1559	2598488
1560	2600149
1561	2601807
1562	2603465
1563	2605123
1564	2606781
1565	2608439
1566	2610097
1567	2611754
1568	2613413
1569	2615071
1570	2616729
1571	2618388
1572	2620047
1573	2621705
1574	2623363
1575	2625045
1576	2626710
1577	2628371
1578	2630032
1579	2631690
1580	2633352
1581	2635010
1582	2636668
1583	2638326
1584	2639984
1585	2641643
1586	2643302
1587	2644960
1588	2646618
1589	2648276
1590	2649934
1591	2651592
1592	2653254
1593	2654912
1594	2656570
1595	2658228
1596	2659885
1597	2661543
1598	2663202
1599	2664860
1600	2666518
1601	2668176
1602	2669833
1603	2671491
1604	2673150
1605	2674808
1606	2676466
1607	2678124
1608	2679784
1609	2681442
1610	2683100
1611	2684759
1612	2686417
1613	2688075
1614	2689733
1615	2691391
1616	2693049
1617	2694706
1618	2696365
1619	2698025
1620	2699683
1621	2701345
1622	2703004
1623	2704662
1624	2706321
1625	2707979
1626	2709636
1627	2711294
1628	2712952
1629	2714609
1630	2716266
1631	2717923
1632	2719581
1633	2721238
1634	2722896
1635	2724554
1636	2726212
1637	2727869
1638	2729526
1639	2731183
1640	2732843
1641	2734501
1642	2736158
1643	2737815
1644	2739474
1645	2741131
1646	2742789
1647	2744448
1648	2746106
1649	2747764
1650	2749421
1651	2751083
1652	2752742
1653	2754400
1654	2756057
1655	2757720
1656	2759382
1657	2761042
1658	2762701
1659	2764359
1660	2766018
1661	2767675
1662	2769332
1663	2770990
1664	2772648
1665	2774305
1666	2775962
1667	2777619
1668	2779277
1669	2780934
1670	2782591
1671	2784249
1672	2785908
1673	2787565
1674	2789222
1675	2790879
1676	2792537
1677	2794195
1678	2795852
1679	2797510
1680	2799176
1681	2800841
1682	2802501
1683	2804159
1684	2805817
1685	2807475
1686	2809133
1687	2810791
1688	2812451
1689	2814109
1690	2815767
1691	2817425
1692	2819083
1693	2820741
1694	2822399
1695	2824057
1696	2825715
1697	2827373
1698	2829033
1699	2830690
1700	2832349
1701	2834006
1702	2835665
1703	2837323
1704	2838983
1705	2840641
1706	2842299
1707	2843956
1708	2845613
1709	2847271
1710	2848930
1711	2850587
1712	2852246
1713	2853908
1714	2855566
1715	2857224
1716	2858881
1717	2860539
1718	2862198
1719	2863856
1720	2865516
1721	2867174
1722	2868832
1723	2870489
1724	2872148
1725	2873806
1726	2875463
1727	2877121
1728	2878778
1729	2880436
1730	2882094
1731	2883751
1732	2885410
1733	2887068
1734	2888726
1735	2890383
1736	2892048
1737	2893705
1738	2895362
1739	2897020
1740	2898677
1741	2900335
1742	2901992
1743	2903650
1744	2905309
1745	2906967
1746	2908625
1747	2910282
1748	2911940
1749	2913598
1750	2915257
1751	2916914
1752	2918577
1753	2920235
1754	2921893
1755	2923551
1756	2925209
1757	2926867
1758	2928525
1759	2930183
1760	2931840
1761	2933497
1762	2935156
1763	2936814
1764	2938472
1765	2940129
1766	2941787
1767	2943445
1768	2945104
1769	2946761
1770	2948419
1771	2950077
1772	2951735
1773	2953394
1774	2955051
1775	2956709
1776	2958367
1777	2960028
1778	2961686
1779	2963345
1780	2965004
1781	2966661
1782	2968319
1783	2969976
1784	2971637
1785	2973295
1786	2974952
1787	2976610
1788	2978267
1789	2979925
1790	2981582
1791	2983240
1792	2984898
1793	2986557
1794	2988214
1795	2989872
1796	2991529
1797	2993187
1798	2994844
1799	2996502
1800	2998161
1801	2999827
1802	3001485
1803	3003143
1804	3004800
1805	3006458
1806	3008115
1807	3009772
1808	3011430
1809	3013088
1810	3014745
1811	3016402
1812	3018059
1813	3019716
1814	3021374
1815	3023034
1816	3024694
1817	3026351
1818	3028010
1819	3029668
1820	3031325
1821	3032983
1822	3034641
1823	3036300
1824	3037958
1825	3039615
1826	3041273
1827	3042931
1828	3044590
1829	3046247
1830	3047905
1831	3049562
1832	3051221
1833	3052879
1834	3054536
1835	3056193
1836	3057852
1837	3059510
1838	3061168
1839	3062826
1840	3064484
1841	3066142
1842	3067799
1843	3069457
1844	3071115
1845	3072773
1846	3074431
1847	3076089
1848	3077748
1849	3079406
1850	3081063
1851	3082721
1852	3084378
1853	3086040
1854	3087698
1855	3089356
1856	3091013
1857	3092672
1858	3094331
1859	3095990
1860	3097649
1861	3099308
1862	3100967
1863	3102626
1864	3104287
1865	3105946
1866	3107605
1867	3109264
1868	3110923
1869	3112583
1870	3114242
1871	3115901
1872	3117558
1873	3119215
1874	3120872
1875	3122532
1876	3124200
1877	3125860
1878	3127526
1879	3129187
1880	3130849
1881	3132508
1882	3134169
1883	3135829
1884	3137487
1885	3139145
1886	3140803
1887	3142461
1888	3144119
1889	3145776
1890	3147434
1891	3149091
1892	3150748
1893	3152408
1894	3154067
1895	3155724
1896	3157384
1897	3159044
1898	3160702
1899	3162360
1900	3164018
1901	3165676
1902	3167334
1903	3168991
1904	3170649
1905	3172307
1906	3173965
1907	3175622
1908	3177280
1909	3178938
1910	3180596
1911	3182254
1912	3183913
1913	3185572
1914	3187230
1915	3188888
1916	3190545
1917	3192204
1918	3193861
1919	3195519
1920	3197176
1921	3198833
1922	3200490
1923	3202148
1924	3203807
1925	3205465
1926	3207123
1927	3208781
1928	3210441
1929	3212100
1930	3213757
1931	3215415
1932	3217073
1933	3218731
1934	3220389
1935	3222051
1936	3223709
1937	3225368
1938	3227029
1939	3228688
1940	3230347
1941	3232004
1942	3233662
1943	3235321
1944	3236982
1945	3238641
1946	3240299
1947	3241956
1948	3243615
1949	3245275
1950	3246932
1951	3248590
1952	3250247
1953	3251906
1954	3253564
1955	3255222
1956	3256880
1957	3258537
1958	3260195
1959	3261853
1960	3263513
1961	3265171
1962	3266829
1963	3268487
1964	3270145
1965	3271803
1966	3273461
1967	3275119
1968	3276777
1969	3278435
1970	3280092
1971	3281750
1972	3283408
1973	3285067
1974	3286724
1975	3288382
1976	3290044
1977	3291701
1978	3293359
1979	3295016
1980	3296673
1981	3298332
1982	3299990
1983	3301647
1984	3303306
1985	3304964
1986	3306622
1987	3308279
1988	3309937
1989	3311595
1990	3313254
1991	3314912
1992	3316572
1993	3318230
1994	3319887
1995	3321544
1996	3323202
1997	3324861
1998	3326519
1999	3328176
2000	3329834
