1	0
2	7281
3	8728
4	10133
5	11506
6	12877
7	14350
8	15868
9	17386
10	18870
11	20237
12	21600
13	22971
14	24315
15	25658
16	27001
17	28345
18	29688
19	31031
20	32379
21	33722
22	35065
23	36408
24	37750
25	39092
26	40435
27	41780
28	43123
29	44465
30	45808
31	47150
32	48502
33	49845
34	51188
35	52531
36	53873
37	55215
38	56557
39	57900
40	59242
41	60584
42	61930
43	63275
44	64618
45	65960
46	67313
47	68656
48	69998
49	71342
50	72684
51	74036
52	75378
53	76720
54	78073
55	79416
56	80758
57	82102
58	83445
59	84788
60	86135
61	87477
62	88820
63	90163
64	91505
65	92851
66	94194
67	95537
68	96879
69	98222
70	99564
71	100907
72	102251
73	103595
74	104942
75	106285
76	107629
77	108973
78	110317
79	111662
80	113006
81	114349
82	115692
83	117036
84	118380
85	119723
86	121067
87	122411
88	123754
89	125098
90	126442
91	127787
92	129142
93	130487
94	131836
95	133180
96	134524
97	135867
98	137211
99	138555
100	139898
101	141244
102	142587
103	143934
104	145277
105	146621
106	147964
107	149307
108	150653
109	152015
110	153361
111	154706
112	156049
113	157393
114	158737
115	160081
116	161425
117	162767
118	164111
119	165454
120	166799
121	168142
122	169487
123	170829
124	172176
125	173520
126	174864
127	176207
128	177551
129	178896
130	180240
131	181584
132	182930
133	184274
134	185618
135	186962
136	188304
137	189648
138	190992
139	192336
140	193682
141	195025
142	196368
143	197712
144	199055
145	200399
146	201744
147	203088
148	204430
149	205774
150	207118
151	208461
152	209805
153	211150
154	212495
155	213839
156	215185
157	216530
158	217874
159	219221
160	220564
161	221937
162	223284
163	224630
164	225977
165	227322
166	228668
167	230012
168	231357
169	232705
170	234051
171	235395
172	236742
173	238085
174	239429
175	240772
176	242118
177	243463
178	244806
179	246150
180	247493
181	248844
182	250188
183	251533
184	252876
185	254220
186	255563
187	256906
188	258253
189	259596
190	260945
191	262289
192	263632
193	264976
194	266320
195	267664
196	269008
197	270352
198	271696
199	273040
200	274384
201	275729
202	277073
203	278419
204	279766
205	281118
206	282462
207	283807
208	285151
209	286495
210	287839
211	289182
212	290525
213	291870
214	293214
215	294557
216	295901
217	297244
218	298588
219	299934
220	301281
221	302625
222	303969
223	305314
224	306677
225	308030
226	309376
227	310720
228	312065
229	313409
230	314752
231	316096
232	317441
233	318785
234	320129
235	321474
236	322820
237	324164
238	325509
239	326853
240	328199
241	329543
242	330886
243	332234
244	333578
245	334926
246	336270
247	337614
248	338958
249	340301
250	341646
251	342990
252	344336
253	345680
254	347024
255	348371
256	349716
257	351061
258	352405
259	353756
260	355101
261	356445
262	357790
263	359135
264	360480
265	361825
266	363169
267	364514
268	365859
269	367204
270	368549
271	369893
272	371237
273	372581
274	373926
275	375270
276	376616
277	377966
278	379310
279	380654
280	381998
281	383341
282	384686
283	386030
284	387376
285	388720
286	390063
287	391408
288	392752
289	394096
290	395439
291	396783
292	398127
293	399470
294	400814
295	402159
296	403503
297	404847
298	406191
299	407534
300	408881
301	410224
302	411569
303	412913
304	414256
305	415599
306	416945
307	418291
308	419635
309	420980
310	422324
311	423667
312	425010
313	426354
314	427699
315	429044
316	430390
317	431735
318	433082
319	434427
320	435770
321	437115
322	438458
323	439802
324	441146
325	442490
326	443834
327	445178
328	446521
329	447880
330	449224
331	450569
332	451918
333	453262
334	454606
335	455950
336	457294
337	458638
338	459982
339	461326
340	462670
341	464014
342	465358
343	466701
344	468045
345	469390
346	470733
347	472078
348	473424
349	474767
350	476111
351	477455
352	478801
353	480145
354	481489
355	482832
356	484176
357	485520
358	486864
359	488208
360	489552
361	490896
362	492240
363	493584
364	494933
365	496277
366	497621
367	498983
368	500331
369	501676
370	503021
371	504365
372	505709
373	507053
374	508396
375	509740
376	511085
377	512429
378	513773
379	515117
380	516462
381	517807
382	519150
383	520494
384	521839
385	523183
386	524549
387	525895
388	527241
389	528589
390	529936
391	531286
392	532661
393	534004
394	535344
395	536685
396	538028
397	539371
398	540712
399	542053
400	543394
401	544734
402	546075
403	547415
404	548756
405	550096
406	551438
407	552779
408	554133
409	555476
410	556817
411	558158
412	559501
413	560841
414	562183
415	563524
416	564865
417	566206
418	567547
419	568888
420	570229
421	571570
422	572911
423	574253
424	575592
425	576934
426	578278
427	579619
428	580964
429	582305
430	583645
431	584986
432	586327
433	587668
434	589009
435	590350
436	591691
437	593032
438	594376
439	595717
440	597058
441	598399
442	599740
443	601081
444	602424
445	603764
446	605105
447	606446
448	607787
449	609126
450	610467
451	611814
452	613155
453	614496
454	615837
455	617177
456	618518
457	619859
458	621200
459	622541
460	623884
461	625225
462	626565
463	627906
464	629248
465	630589
466	631933
467	633279
468	634620
469	635961
470	637302
471	638642
472	639984
473	641325
474	642665
475	644006
476	645349
477	646690
478	648031
479	649382
480	650723
481	652065
482	653405
483	654746
484	656087
485	657428
486	658768
487	660109
488	661450
489	662791
490	664132
491	665473
492	666815
493	668157
494	669498
495	670838
496	672180
497	673521
498	674861
499	676201
500	677542
501	678884
502	680225
503	681566
504	682917
505	684258
506	685598
507	686941
508	688284
509	689625
510	690966
511	692306
512	693646
513	694987
514	696328
515	697669
516	699009
517	700349
518	701691
519	703032
520	704372
521	705713
522	707054
523	708394
524	709737
525	711078
526	712419
527	713760
528	715100
529	716440
530	717782
531	719122
532	720463
533	721805
534	723146
535	724488
536	725829
537	727171
538	728513
539	729854
540	731198
541	732544
542	733884
543	735225
544	736567
545	737908
546	739249
547	740589
548	741932
549	743273
550	744614
551	745955
552	747296
553	748637
554	749977
555	751319
556	752662
557	754019
558	755365
559	756707
560	758047
561	759387
562	760728
563	762070
564	763411
565	764756
566	766098
567	767439
568	768780
569	770121
570	771463
571	772804
572	774147
573	775487
574	776828
575	778169
576	779511
577	780853
578	782195
579	783535
580	784876
581	786217
582	787558
583	788899
584	790240
585	791581
586	792924
587	794265
588	795608
589	796949
590	798290
591	799630
592	800972
593	802335
594	803698
595	805062
596	806427
597	807789
598	809162
599	810541
600	811886
601	813229
602	814572
603	815944
604	817314
605	818681
606	820034
607	821398
608	822742
609	824084
610	825425
611	826766
612	828108
613	829452
614	830794
615	832136
616	833478
617	834819
618	836159
619	837501
620	838845
621	840186
622	841529
623	842869
624	844210
625	845551
626	846894
627	848235
628	849576
629	850923
630	852264
631	853606
632	854947
633	856288
634	857628
635	858969
636	860311
637	861653
638	862994
639	864334
640	865675
641	867016
642	868356
643	869697
644	871039
645	872380
646	873721
647	875062
648	876401
649	877742
650	879085
651	880425
652	881771
653	883112
654	884452
655	885793
656	887134
657	888475
658	889816
659	891158
660	892499
661	893840
662	895181
663	896522
664	897877
665	899220
666	900560
667	901905
668	903248
669	904595
670	905939
671	907280
672	908620
673	909962
674	911304
675	912675
676	914024
677	915364
678	916706
679	918046
680	919387
681	920730
682	922073
683	923413
684	924754
685	926103
686	927444
687	928787
688	930128
689	931468
690	932809
691	934150
692	935490
693	936830
694	938174
695	939514
696	940855
697	942199
698	943539
699	944880
700	946220
701	947561
702	948901
703	950242
704	951583
705	952926
706	954266
707	955614
708	956955
709	958296
710	959636
711	960978
712	962319
713	963662
714	965003
715	966344
716	967684
717	969033
718	970374
719	971716
720	973065
721	974406
722	975747
723	977087
724	978428
725	979770
726	981112
727	982452
728	983793
729	985136
730	986477
731	987818
732	989158
733	990501
734	991843
735	993183
736	994523
737	995864
738	997204
739	998545
740	999886
741	1001227
742	1002568
743	1003909
744	1005250
745	1006593
746	1007946
747	1009286
748	1010627
749	1011969
750	1013309
751	1014650
752	1015991
753	1017331
754	1018672
755	1020012
756	1021353
757	1022694
758	1024035
759	1025375
760	1026715
761	1028063
762	1029405
763	1030746
764	1032088
765	1033437
766	1034777
767	1036119
768	1037460
769	1038800
770	1040143
771	1041485
772	1042825
773	1044166
774	1045507
775	1046847
776	1048188
777	1049531
778	1050871
779	1052213
780	1053554
781	1054895
782	1056236
783	1057577
784	1058920
785	1060260
786	1061601
787	1062943
788	1064284
789	1065625
790	1066967
791	1068308
792	1069650
793	1070995
794	1072337
795	1073677
796	1075017
797	1076356
798	1077696
799	1079038
800	1080378
801	1081718
802	1083058
803	1084396
804	1085736
805	1087076
806	1088416
807	1089755
808	1091095
809	1092436
810	1093777
811	1095117
812	1096457
813	1097797
814	1099136
815	1100475
816	1101816
817	1103155
818	1104495
819	1105838
820	1107178
821	1108518
822	1109856
823	1111197
824	1112536
825	1113878
826	1115218
827	1116558
828	1117897
829	1119237
830	1120576
831	1121919
832	1123259
833	1124598
834	1125939
835	1127279
836	1128623
837	1129974
838	1131314
839	1132654
840	1133994
841	1135336
842	1136676
843	1138016
844	1139357
845	1140697
846	1142037
847	1143377
848	1144717
849	1146057
850	1147397
851	1148737
852	1150076
853	1151416
854	1152757
855	1154097
856	1155444
857	1156787
858	1158127
859	1159466
860	1160806
861	1162147
862	1163487
863	1164827
864	1166167
865	1167506
866	1168846
867	1170186
868	1171527
869	1172867
870	1174207
871	1175546
872	1176886
873	1178229
874	1179570
875	1180910
876	1182251
877	1183590
878	1184933
879	1186273
880	1187613
881	1188953
882	1190292
883	1191632
884	1192972
885	1194312
886	1195651
887	1196991
888	1198331
889	1199672
890	1201013
891	1202353
892	1203693
893	1205033
894	1206373
895	1207713
896	1209052
897	1210392
898	1211732
899	1213072
900	1214412
901	1215752
902	1217091
903	1218431
904	1219772
905	1221114
906	1222454
907	1223794
908	1225133
909	1226473
910	1227813
911	1229156
912	1230496
913	1231837
914	1233177
915	1234517
916	1235858
917	1237198
918	1238538
919	1239879
920	1241218
921	1242563
922	1243902
923	1245249
924	1246589
925	1247932
926	1249272
927	1250616
928	1252014
929	1253355
930	1254696
931	1256036
932	1257377
933	1258716
934	1260057
935	1261400
936	1262740
937	1264080
938	1265420
939	1266758
940	1268098
941	1269439
942	1270779
943	1272119
944	1273459
945	1274798
946	1276138
947	1277478
948	1278818
949	1280160
950	1281500
951	1282839
952	1284182
953	1285523
954	1286863
955	1288203
956	1289543
957	1290882
958	1292222
959	1293564
960	1294904
961	1296244
962	1297584
963	1298926
964	1300265
965	1301607
966	1302948
967	1304288
968	1305629
969	1306969
970	1308308
971	1309648
972	1310988
973	1312345
974	1313693
975	1315037
976	1316376
977	1317716
978	1319057
979	1320400
980	1321741
981	1323081
982	1324420
983	1325760
984	1327100
985	1328439
986	1329782
987	1331123
988	1332462
989	1333802
990	1335142
991	1336484
992	1337824
993	1339164
994	1340505
995	1341845
996	1343185
997	1344524
998	1345865
999	1347211
1000	1348552
1001	1349891
1002	1351232
1003	1352573
1004	1353913
1005	1355253
1006	1356600
1007	1357943
1008	1359283
1009	1360623
1010	1361964
1011	1363304
1012	1364644
1013	1365984
1014	1367324
1015	1368664
1016	1370004
1017	1371345
1018	1372685
1019	1374023
1020	1375363
1021	1376703
1022	1378043
1023	1379387
1024	1380727
1025	1382067
1026	1383424
1027	1384764
1028	1386105
1029	1387445
1030	1388785
1031	1390125
1032	1391464
1033	1392804
1034	1394144
1035	1395484
1036	1396824
1037	1398164
1038	1399503
1039	1400845
1040	1402186
1041	1403526
1042	1404866
1043	1406206
1044	1407545
1045	1408885
1046	1410225
1047	1411565
1048	1412905
1049	1414245
1050	1415584
1051	1416926
1052	1418266
1053	1419608
1054	1420951
1055	1422296
1056	1423638
1057	1424980
1058	1426328
1059	1427668
1060	1429008
1061	1430350
1062	1431691
1063	1433032
1064	1434381
1065	1435722
1066	1437071
1067	1438411
1068	1439750
1069	1441090
1070	1442430
1071	1443773
1072	1445114
1073	1446454
1074	1447793
1075	1449132
1076	1450472
1077	1451812
1078	1453153
1079	1454492
1080	1455832
1081	1457171
1082	1458511
1083	1459851
1084	1461191
1085	1462531
1086	1463871
1087	1465212
1088	1466552
1089	1467891
1090	1469232
1091	1470572
1092	1471912
1093	1473252
1094	1474591
1095	1475936
1096	1477276
1097	1478616
1098	1479957
1099	1481300
1100	1482639
1101	1483979
1102	1485319
1103	1486661
1104	1488001
1105	1489341
1106	1490680
1107	1492021
1108	1493361
1109	1494701
1110	1496041
1111	1497380
1112	1498719
1113	1500065
1114	1501406
1115	1502746
1116	1504086
1117	1505426
1118	1506765
1119	1508107
1120	1509466
1121	1510811
1122	1512153
1123	1513493
1124	1514839
1125	1516179
1126	1517519
1127	1518859
1128	1520200
1129	1521541
1130	1522880
1131	1524220
1132	1525579
1133	1526926
1134	1528269
1135	1529611
1136	1530951
1137	1532290
1138	1533630
1139	1534970
1140	1536311
1141	1537651
1142	1538999
1143	1540337
1144	1541678
1145	1543018
1146	1544357
1147	1545697
1148	1547045
1149	1548384
1150	1549726
1151	1551075
1152	1552415
1153	1553755
1154	1555101
1155	1556440
1156	1557786
1157	1559126
1158	1560466
1159	1561806
1160	1563146
1161	1564486
1162	1565825
1163	1567165
1164	1568505
1165	1569845
1166	1571188
1167	1572528
1168	1573867
1169	1575207
1170	1576558
1171	1577902
1172	1579244
1173	1580592
1174	1581949
1175	1583291
1176	1584631
1177	1585971
1178	1587311
1179	1588651
1180	1590006
1181	1591367
1182	1592730
1183	1594089
1184	1595431
1185	1596771
1186	1598111
1187	1599450
1188	1600790
1189	1602131
1190	1603472
1191	1604812
1192	1606152
1193	1607490
1194	1608829
1195	1610169
1196	1611509
1197	1612849
1198	1614191
1199	1615530
1200	1616869
1201	1618208
1202	1619549
1203	1620889
1204	1622229
1205	1623567
1206	1624906
1207	1626246
1208	1627585
1209	1628927
1210	1630269
1211	1631608
1212	1632949
1213	1634288
1214	1635631
1215	1636971
1216	1638311
1217	1639649
1218	1640989
1219	1642329
1220	1643668
1221	1645008
1222	1646347
1223	1647686
1224	1649025
1225	1650365
1226	1651705
1227	1653045
1228	1654385
1229	1655725
1230	1657066
1231	1658406
1232	1659746
1233	1661086
1234	1662426
1235	1663766
1236	1665104
1237	1666444
1238	1667783
1239	1669123
1240	1670463
1241	1671804
1242	1673142
1243	1674482
1244	1675822
1245	1677162
1246	1678504
1247	1679845
1248	1681185
1249	1682524
1250	1683864
1251	1685203
1252	1686544
1253	1687883
1254	1689222
1255	1690562
1256	1691902
1257	1693243
1258	1694592
1259	1695935
1260	1697274
1261	1698633
1262	1699987
1263	1701329
1264	1702670
1265	1704009
1266	1705349
1267	1706688
1268	1708028
1269	1709367
1270	1710707
1271	1712048
1272	1713387
1273	1714726
1274	1716065
1275	1717413
1276	1718753
1277	1720093
1278	1721437
1279	1722776
1280	1724115
1281	1725458
1282	1726798
1283	1728138
1284	1729478
1285	1730818
1286	1732159
1287	1733499
1288	1734839
1289	1736180
1290	1737520
1291	1738859
1292	1740198
1293	1741539
1294	1742882
1295	1744223
1296	1745563
1297	1746904
1298	1748243
1299	1749583
1300	1750929
1301	1752272
1302	1753612
1303	1754953
1304	1756344
1305	1757703
1306	1759054
1307	1760396
1308	1761739
1309	1763079
1310	1764422
1311	1765762
1312	1767102
1313	1768441
1314	1769782
1315	1771122
1316	1772461
1317	1773801
1318	1775141
1319	1776480
1320	1777820
1321	1779164
1322	1780507
1323	1781848
1324	1783189
1325	1784529
1326	1785872
1327	1787213
1328	1788553
1329	1789892
1330	1791233
1331	1792573
1332	1793913
1333	1795253
1334	1796593
1335	1797933
1336	1799273
1337	1800612
1338	1801953
1339	1803294
1340	1804638
1341	1805977
1342	1807319
1343	1808659
1344	1810003
1345	1811344
1346	1812684
1347	1814061
1348	1815403
1349	1816743
1350	1818082
1351	1819424
1352	1820764
1353	1822106
1354	1823444
1355	1824783
1356	1826124
1357	1827464
1358	1828806
1359	1830148
1360	1831488
1361	1832828
1362	1834168
1363	1835507
1364	1836848
1365	1838188
1366	1839526
1367	1840866
1368	1842207
1369	1843546
1370	1844889
1371	1846230
1372	1847568
1373	1848908
1374	1850251
1375	1851591
1376	1852933
1377	1854273
1378	1855612
1379	1856952
1380	1858291
1381	1859631
1382	1860971
1383	1862311
1384	1863650
1385	1864989
1386	1866328
1387	1867668
1388	1869007
1389	1870347
1390	1871690
1391	1873053
1392	1874399
1393	1875744
1394	1877084
1395	1878422
1396	1879768
1397	1881106
1398	1882444
1399	1883781
1400	1885119
1401	1886457
1402	1887803
1403	1889142
1404	1890480
1405	1891819
1406	1893159
1407	1894497
1408	1895834
1409	1897171
1410	1898512
1411	1899850
1412	1901188
1413	1902526
1414	1903864
1415	1905201
1416	1906539
1417	1907877
1418	1909218
1419	1910558
1420	1911900
1421	1913242
1422	1914586
1423	1915931
1424	1917269
1425	1918607
1426	1919945
1427	1921283
1428	1922620
1429	1923958
1430	1925296
1431	1926634
1432	1927971
1433	1929309
1434	1930648
1435	1931990
1436	1933329
1437	1934674
1438	1936016
1439	1937355
1440	1938692
1441	1940031
1442	1941370
1443	1942708
1444	1944048
1445	1945387
1446	1946724
1447	1948062
1448	1949400
1449	1950738
1450	1952077
1451	1953415
1452	1954754
1453	1956092
1454	1957434
1455	1958787
1456	1960131
1457	1961491
1458	1962839
1459	1964179
1460	1965517
1461	1966855
1462	1968193
1463	1969532
1464	1970869
1465	1972208
1466	1973546
1467	1974884
1468	1976221
1469	1977582
1470	1978935
1471	1980276
1472	1981615
1473	1982953
1474	1984291
1475	1985629
1476	1986968
1477	1988305
1478	1989642
1479	1990981
1480	1992319
1481	1993657
1482	1994995
1483	1996332
1484	1997669
1485	1999007
1486	2000347
1487	2001686
1488	2003033
1489	2004371
1490	2005714
1491	2007060
1492	2008398
1493	2009736
1494	2011082
1495	2012419
1496	2013757
1497	2015095
1498	2016433
1499	2017771
1500	2019108
1501	2020446
1502	2021787
1503	2023125
1504	2024463
1505	2025800
1506	2027138
1507	2028475
1508	2029814
1509	2031154
1510	2032492
1511	2033829
1512	2035167
1513	2036505
1514	2037842
1515	2039181
1516	2040519
1517	2041857
1518	2043199
1519	2044537
1520	2045874
1521	2047211
1522	2048549
1523	2049887
1524	2051225
1525	2052563
1526	2053901
1527	2055239
1528	2056576
1529	2057916
1530	2059254
1531	2060592
1532	2061932
1533	2063270
1534	2064610
1535	2065948
1536	2067285
1537	2068623
1538	2069960
1539	2071299
1540	2072636
1541	2073974
1542	2075311
1543	2076649
1544	2077985
1545	2079323
1546	2080667
1547	2082012
1548	2083351
1549	2084690
1550	2086030
1551	2087369
1552	2088707
1553	2090046
1554	2091385
1555	2092723
1556	2094059
1557	2095397
1558	2096735
1559	2098072
1560	2099410
1561	2100748
1562	2102086
1563	2103425
1564	2104762
1565	2106100
1566	2107443
1567	2108781
1568	2110119
1569	2111456
1570	2112794
1571	2114132
1572	2115469
1573	2116807
1574	2118144
1575	2119481
1576	2120819
1577	2122158
1578	2123496
1579	2124833
1580	2126171
1581	2127508
1582	2128848
1583	2130187
1584	2131526
1585	2132864
1586	2134201
1587	2135538
1588	2136885
1589	2138222
1590	2139560
1591	2140898
1592	2142236
1593	2143573
1594	2144910
1595	2146248
1596	2147585
1597	2148925
1598	2150265
1599	2151604
1600	2152941
1601	2154280
1602	2155617
1603	2156955
1604	2158293
1605	2159637
1606	2160976
1607	2162314
1608	2163652
1609	2164990
1610	2166328
1611	2167664
1612	2169002
1613	2170340
1614	2171705
1615	2173073
1616	2174415
1617	2175753
1618	2177089
1619	2178427
1620	2179765
1621	2181106
1622	2182444
1623	2183782
1624	2185119
1625	2186457
1626	2187806
1627	2189144
1628	2190481
1629	2191820
1630	2193160
1631	2194498
1632	2195835
1633	2197173
1634	2198511
1635	2199848
1636	2201186
1637	2202524
1638	2203862
1639	2205200
1640	2206538
1641	2207875
1642	2209212
1643	2210550
1644	2211888
1645	2213226
1646	2214566
1647	2215904
1648	2217240
1649	2218578
1650	2219921
1651	2221269
1652	2222611
1653	2223952
1654	2225299
1655	2226639
1656	2227978
1657	2229316
1658	2230656
1659	2231995
1660	2233335
1661	2234679
1662	2236020
1663	2237359
1664	2238703
1665	2240042
1666	2241380
1667	2242718
1668	2244057
1669	2245395
1670	2246733
1671	2248071
1672	2249409
1673	2250746
1674	2252085
1675	2253423
1676	2254761
1677	2256099
1678	2257440
1679	2258781
1680	2260121
1681	2261461
1682	2262799
1683	2264137
1684	2265474
1685	2266811
1686	2268149
1687	2269486
1688	2270824
1689	2272164
1690	2273504
1691	2274841
1692	2276179
1693	2277518
1694	2278858
1695	2280203
1696	2281542
1697	2282879
1698	2284215
1699	2285552
1700	2286889
1701	2288227
1702	2289564
1703	2290900
1704	2292237
1705	2293574
1706	2294911
1707	2296248
1708	2297585
1709	2298924
1710	2300262
1711	2301600
1712	2302939
1713	2304276
1714	2305613
1715	2306950
1716	2308286
1717	2309623
1718	2310961
1719	2312298
1720	2313635
1721	2314982
1722	2316327
1723	2317665
1724	2319002
1725	2320356
1726	2321697
1727	2323034
1728	2324370
1729	2325707
1730	2327044
1731	2328381
1732	2329718
1733	2331057
1734	2332393
1735	2333730
1736	2335067
1737	2336404
1738	2337742
1739	2339078
1740	2340420
1741	2341758
1742	2343099
1743	2344436
1744	2345772
1745	2347108
1746	2348444
1747	2349780
1748	2351117
1749	2352454
1750	2353792
1751	2355129
1752	2356465
1753	2357802
1754	2359138
1755	2360482
1756	2361820
1757	2363158
1758	2364497
1759	2365834
1760	2367171
1761	2368512
1762	2369849
1763	2371187
1764	2372525
1765	2373861
1766	2375198
1767	2376534
1768	2377871
1769	2379208
1770	2380547
1771	2381884
1772	2383221
1773	2384558
1774	2385897
1775	2387235
1776	2388572
1777	2389908
1778	2391246
1779	2392583
1780	2393922
1781	2395259
1782	2396596
1783	2397933
1784	2399270
1785	2400607
1786	2401945
1787	2403282
1788	2404619
1789	2405957
1790	2407296
1791	2408633
1792	2409970
1793	2411308
1794	2412645
1795	2413981
1796	2415318
1797	2416656
1798	2417992
1799	2419329
1800	2420667
1801	2422004
1802	2423341
1803	2424678
1804	2426015
1805	2427352
1806	2428691
1807	2430027
1808	2431366
1809	2432703
1810	2434040
1811	2435377
1812	2436714
1813	2438071
1814	2439408
1815	2440745
1816	2442082
1817	2443419
1818	2444756
1819	2446093
1820	2447429
1821	2448765
1822	2450104
1823	2451442
1824	2452779
1825	2454120
1826	2455468
1827	2456830
1828	2458177
1829	2459515
1830	2460852
1831	2462190
1832	2463526
1833	2464863
1834	2466199
1835	2467536
1836	2468873
1837	2470209
1838	2471550
1839	2472887
1840	2474224
1841	2475561
1842	2476897
1843	2478234
1844	2479570
1845	2480909
1846	2482247
1847	2483584
1848	2484923
1849	2486260
1850	2487596
1851	2488936
1852	2490272
1853	2491610
1854	2492949
1855	2494286
1856	2495622
1857	2496959
1858	2498295
1859	2499632
1860	2500976
1861	2502313
1862	2503649
1863	2504999
1864	2506341
1865	2507679
1866	2509017
1867	2510355
1868	2511694
1869	2513031
1870	2514372
1871	2515709
1872	2517046
1873	2518383
1874	2519719
1875	2521056
1876	2522394
1877	2523730
1878	2525067
1879	2526403
1880	2527740
1881	2529075
1882	2530412
1883	2531752
1884	2533089
1885	2534425
1886	2535765
1887	2537101
1888	2538439
1889	2539780
1890	2541119
1891	2542457
1892	2543794
1893	2545131
1894	2546468
1895	2547805
1896	2549142
1897	2550479
1898	2551817
1899	2553153
1900	2554496
1901	2555834
1902	2557175
1903	2558511
1904	2559848
1905	2561191
1906	2562528
1907	2563865
1908	2565202
1909	2566539
1910	2567876
1911	2569214
1912	2570551
1913	2571889
1914	2573226
1915	2574563
1916	2575900
1917	2577236
1918	2578576
1919	2579913
1920	2581252
1921	2582592
1922	2583933
1923	2585270
1924	2586607
1925	2587945
1926	2589282
1927	2590619
1928	2591956
1929	2593294
1930	2594630
1931	2595990
1932	2597339
1933	2598678
1934	2600019
1935	2601358
1936	2602694
1937	2604032
1938	2605370
1939	2606707
1940	2608044
1941	2609381
1942	2610717
1943	2612054
1944	2613391
1945	2614728
1946	2616064
1947	2617401
1948	2618737
1949	2620074
1950	2621415
1951	2622753
1952	2624089
1953	2625427
1954	2626763
1955	2628100
1956	2629437
1957	2630776
1958	2632114
1959	2633451
1960	2634786
1961	2636137
1962	2637479
1963	2638820
1964	2640162
1965	2641502
1966	2642844
1967	2644185
1968	2645525
1969	2646866
1970	2648206
1971	2649546
1972	2650887
1973	2652228
1974	2653568
1975	2654909
1976	2656249
1977	2657590
1978	2658932
1979	2660272
1980	2661612
1981	2662954
1982	2664300
1983	2665642
1984	2666993
1985	2668335
1986	2669678
1987	2671028
1988	2672370
1989	2673712
1990	2675053
1991	2676393
1992	2677734
1993	2679075
1994	2680416
1995	2681758
1996	2683099
1997	2684439
1998	2685782
1999	2687123
2000	2688464
