1	0
2	10891
3	12474
4	14062
5	15707
6	17282
7	18889
8	20400
9	21912
10	23492
11	25001
12	26495
13	27982
14	29468
15	30955
16	32441
17	33927
18	35413
19	36899
20	38387
21	39873
22	41360
23	42846
24	44332
25	45818
26	47304
27	48792
28	50279
29	51766
30	53252
31	54738
32	56224
33	57709
34	59200
35	60692
36	62179
37	63665
38	65152
39	66637
40	68130
41	69616
42	71108
43	72597
44	74083
45	75568
46	77054
47	78539
48	80033
49	81522
50	83007
51	84492
52	85978
53	87466
54	88953
55	90439
56	91924
57	93410
58	94895
59	96380
60	97868
61	99355
62	100842
63	102329
64	103815
65	105300
66	106786
67	108275
68	109760
69	111246
70	112733
71	114226
72	115713
73	117199
74	118685
75	120172
76	121661
77	123150
78	124637
79	126123
80	127609
81	129095
82	130582
83	132069
84	133555
85	135041
86	136527
87	138016
88	139502
89	140989
90	142476
91	143962
92	145451
93	146937
94	148424
95	149910
96	151397
97	152882
98	154368
99	155853
100	157339
101	158827
102	160314
103	161800
104	163286
105	164772
106	166258
107	167743
108	169248
109	170734
110	172220
111	173705
112	175193
113	176679
114	178165
115	179652
116	181141
117	182627
118	184114
119	185601
120	187087
121	188576
122	190063
123	191550
124	193038
125	194526
126	196012
127	197498
128	198987
129	200474
130	201961
131	203447
132	204933
133	206420
134	207906
135	209392
136	210879
137	212366
138	213853
139	215339
140	216828
141	218317
142	219804
143	221292
144	222778
145	224265
146	225751
147	227237
148	228723
149	230210
150	231697
151	233183
152	234669
153	236158
154	237647
155	239136
156	240626
157	242113
158	243599
159	245085
160	246571
161	248059
162	249545
163	251033
164	252520
165	254012
166	255504
167	256993
168	258482
169	259968
170	261456
171	262942
172	264433
173	265919
174	267412
175	268898
176	270384
177	271876
178	273363
179	274848
180	276336
181	277822
182	279309
183	280796
184	282282
185	283769
186	285255
187	286742
188	288234
189	289721
190	291209
191	292695
192	294181
193	295668
194	297156
195	298646
196	300138
197	301625
198	303112
199	304599
200	306086
201	307572
202	309059
203	310545
204	312034
205	313521
206	315007
207	316494
208	317980
209	319467
210	320954
211	322441
212	323928
213	325414
214	326901
215	328387
216	329874
217	331360
218	332846
219	334333
220	335822
221	337308
222	338795
223	340283
224	341770
225	343257
226	344743
227	346230
228	347716
229	349203
230	350690
231	352176
232	353661
233	355150
234	356635
235	358122
236	359611
237	361098
238	362584
239	364070
240	365556
241	367042
242	368530
243	370020
244	371506
245	372992
246	374477
247	375963
248	377448
249	378935
250	380423
251	381909
252	383398
253	384884
254	386371
255	387869
256	389382
257	390871
258	392376
259	393864
260	395359
261	396846
262	398335
263	399822
264	401309
265	402795
266	404282
267	405769
268	407261
269	408748
270	410237
271	411725
272	413211
273	414698
274	416183
275	417670
276	419159
277	420646
278	422135
279	423622
280	425109
281	426595
282	428081
283	429568
284	431057
285	432544
286	434031
287	435518
288	437003
289	438492
290	439979
291	441466
292	442953
293	444440
294	445926
295	447412
296	448899
297	450386
298	451873
299	453358
300	454846
301	456332
302	457826
303	459314
304	460801
305	462287
306	463773
307	465258
308	466745
309	468231
310	469717
311	471203
312	472698
313	474185
314	475677
315	477164
316	478654
317	480147
318	481633
319	483120
320	484607
321	486094
322	487581
323	489070
324	490557
325	492044
326	493531
327	495017
328	496504
329	497990
330	499480
331	500966
332	502456
333	503942
334	505427
335	506913
336	508400
337	509887
338	511374
339	512860
340	514346
341	515832
342	517317
343	518803
344	520292
345	521777
346	523264
347	524750
348	526246
349	527733
350	529220
351	530707
352	532194
353	533681
354	535167
355	536654
356	538146
357	539633
358	541120
359	542606
360	544094
361	545580
362	547067
363	548553
364	550067
365	551558
366	553046
367	554534
368	556021
369	557509
370	558994
371	560478
372	561962
373	563446
374	564928
375	566411
376	567893
377	569376
378	570859
379	572341
380	573826
381	575309
382	576791
383	578274
384	579758
385	581242
386	582725
387	584208
388	585692
389	587175
390	588665
391	590155
392	591639
393	593122
394	594606
395	596090
396	597575
397	599061
398	600545
399	602037
400	603521
401	605003
402	606488
403	607973
404	609456
405	610940
406	612423
407	613906
408	615390
409	616873
410	618356
411	619839
412	621325
413	622809
414	624292
415	625774
416	627258
417	628744
418	630229
419	631712
420	633195
421	634679
422	636162
423	637645
424	639133
425	640617
426	642101
427	643584
428	645070
429	646555
430	648038
431	649521
432	651005
433	652488
434	653971
435	655453
436	656936
437	658420
438	659904
439	661387
440	662870
441	664359
442	665843
443	667326
444	668813
445	670296
446	671779
447	673270
448	674754
449	676237
450	677721
451	679205
452	680689
453	682172
454	683657
455	685143
456	686634
457	688124
458	689608
459	691099
460	692585
461	694068
462	695552
463	697035
464	698521
465	700005
466	701488
467	702971
468	704454
469	705941
470	707424
471	708908
472	710392
473	711875
474	713359
475	714842
476	716327
477	717812
478	719302
479	720786
480	722270
481	723753
482	725237
483	726721
484	728203
485	729687
486	731171
487	732655
488	734140
489	735624
490	737107
491	738593
492	740079
493	741564
494	743047
495	744531
496	746014
497	747497
498	748981
499	750465
500	751949
501	753432
502	754915
503	756402
504	757886
505	759371
506	760856
507	762339
508	763826
509	765310
510	766792
511	768284
512	769767
513	771251
514	772735
515	774218
516	775702
517	777184
518	778667
519	780154
520	781637
521	783121
522	784605
523	786088
524	787574
525	789060
526	790543
527	792026
528	793510
529	794993
530	796476
531	797960
532	799445
533	800929
534	802413
535	803896
536	805380
537	806863
538	808346
539	809829
540	811316
541	812800
542	814283
543	815767
544	817250
545	818733
546	820218
547	821701
548	823184
549	824667
550	826154
551	827636
552	829121
553	830604
554	832089
555	833571
556	835071
557	836563
558	838057
559	839546
560	841030
561	842512
562	843997
563	845481
564	846965
565	848449
566	849932
567	851416
568	852899
569	854383
570	855866
571	857351
572	858837
573	860324
574	861835
575	863325
576	864841
577	866326
578	867814
579	869307
580	870794
581	872279
582	873785
583	875276
584	876762
585	878246
586	879729
587	881215
588	882703
589	884186
590	885668
591	887156
592	888658
593	890162
594	891648
595	893134
596	894626
597	896109
598	897594
599	899081
600	900567
601	902050
602	903534
603	905017
604	906504
605	907988
606	909471
607	910957
608	912441
609	913937
610	915443
611	916932
612	918418
613	919903
614	921390
615	922874
616	924358
617	925841
618	927324
619	928806
620	930295
621	931782
622	933269
623	934755
624	936240
625	937723
626	939216
627	940700
628	942184
629	943668
630	945153
631	946637
632	948149
633	949644
634	951129
635	952613
636	954103
637	955586
638	957071
639	958554
640	960037
641	961520
642	963004
643	964490
644	965972
645	967455
646	968938
647	970421
648	971904
649	973387
650	974871
651	976354
652	977841
653	979323
654	980807
655	982291
656	983774
657	985258
658	986741
659	988224
660	989710
661	991195
662	992678
663	994161
664	995643
665	997126
666	998611
667	1000096
668	1001584
669	1003067
670	1004549
671	1006031
672	1007514
673	1008997
674	1010480
675	1011964
676	1013447
677	1014931
678	1016414
679	1017897
680	1019379
681	1020863
682	1022347
683	1023830
684	1025315
685	1026798
686	1028281
687	1029765
688	1031249
689	1032732
690	1034218
691	1035715
692	1037200
693	1038686
694	1040170
695	1041653
696	1043137
697	1044620
698	1046104
699	1047587
700	1049073
701	1050556
702	1052039
703	1053521
704	1055004
705	1056488
706	1057971
707	1059454
708	1060937
709	1062420
710	1063903
711	1065386
712	1066870
713	1068353
714	1069836
715	1071319
716	1072804
717	1074293
718	1075778
719	1077261
720	1078749
721	1080241
722	1081737
723	1083241
724	1084726
725	1086209
726	1087692
727	1089178
728	1090678
729	1092163
730	1093646
731	1095129
732	1096616
733	1098099
734	1099584
735	1101078
736	1102563
737	1104049
738	1105534
739	1107018
740	1108501
741	1109985
742	1111475
743	1112957
744	1114441
745	1115923
746	1117405
747	1118887
748	1120372
749	1121856
750	1123338
751	1124821
752	1126303
753	1127786
754	1129272
755	1130755
756	1132237
757	1133720
758	1135203
759	1136685
760	1138167
761	1139652
762	1141138
763	1142620
764	1144105
765	1145588
766	1147070
767	1148552
768	1150035
769	1151518
770	1153000
771	1154483
772	1155965
773	1157448
774	1158930
775	1160413
776	1161896
777	1163377
778	1164860
779	1166342
780	1167827
781	1169309
782	1170792
783	1172275
784	1173757
785	1175248
786	1176730
787	1178213
788	1179695
789	1181178
790	1182662
791	1184146
792	1185627
793	1187109
794	1188595
795	1190077
796	1191561
797	1193043
798	1194525
799	1196009
800	1197491
801	1198976
802	1200459
803	1201942
804	1203424
805	1204907
806	1206390
807	1207872
808	1209354
809	1210837
810	1212319
811	1213802
812	1215286
813	1216768
814	1218252
815	1219734
816	1221217
817	1222700
818	1224181
819	1225664
820	1227149
821	1228631
822	1230113
823	1231596
824	1233079
825	1234561
826	1236043
827	1237526
828	1239014
829	1240496
830	1241978
831	1243462
832	1244944
833	1246427
834	1247909
835	1249391
836	1250873
837	1252355
838	1253838
839	1255321
840	1256803
841	1258286
842	1259768
843	1261251
844	1262736
845	1264218
846	1265703
847	1267185
848	1268667
849	1270154
850	1271637
851	1273120
852	1274609
853	1276092
854	1277574
855	1279056
856	1280538
857	1282020
858	1283509
859	1284991
860	1286476
861	1287958
862	1289441
863	1290924
864	1292407
865	1293889
866	1295371
867	1296853
868	1298335
869	1299819
870	1301303
871	1302784
872	1304276
873	1305758
874	1307241
875	1308722
876	1310208
877	1311691
878	1313173
879	1314655
880	1316146
881	1317628
882	1319111
883	1320594
884	1322080
885	1323609
886	1325093
887	1326575
888	1328058
889	1329541
890	1331025
891	1332508
892	1334007
893	1335491
894	1336974
895	1338457
896	1339943
897	1341426
898	1342909
899	1344392
900	1345874
901	1347356
902	1348838
903	1350321
904	1351804
905	1353286
906	1354771
907	1356254
908	1357739
909	1359256
910	1360740
911	1362223
912	1363706
913	1365188
914	1366671
915	1368155
916	1369638
917	1371121
918	1372603
919	1374086
920	1375568
921	1377051
922	1378533
923	1380016
924	1381501
925	1382984
926	1384466
927	1385948
928	1387439
929	1388924
930	1390408
931	1391902
932	1393394
933	1394883
934	1396375
935	1397859
936	1399347
937	1400834
938	1402326
939	1403813
940	1405301
941	1406785
942	1408273
943	1409755
944	1411241
945	1412724
946	1414206
947	1415689
948	1417172
949	1418654
950	1420143
951	1421626
952	1423108
953	1424591
954	1426074
955	1427560
956	1429046
957	1430528
958	1432011
959	1433493
960	1434976
961	1436458
962	1437943
963	1439428
964	1440911
965	1442393
966	1443875
967	1445357
968	1446838
969	1448320
970	1449802
971	1451284
972	1452766
973	1454255
974	1455739
975	1457222
976	1458704
977	1460188
978	1461673
979	1463157
980	1464639
981	1466121
982	1467604
983	1469103
984	1470588
985	1472071
986	1473553
987	1475043
988	1476526
989	1478009
990	1479491
991	1480975
992	1482457
993	1483940
994	1485425
995	1486908
996	1488390
997	1489875
998	1491357
999	1492840
1000	1494323
1001	1495806
1002	1497289
1003	1498779
1004	1500263
1005	1501746
1006	1503228
1007	1504711
1008	1506193
1009	1507676
1010	1509162
1011	1510645
1012	1512127
1013	1513609
1014	1515092
1015	1516574
1016	1518057
1017	1519539
1018	1521023
1019	1522505
1020	1523987
1021	1525470
1022	1526952
1023	1528435
1024	1529917
1025	1531400
1026	1532883
1027	1534365
1028	1535849
1029	1537332
1030	1538814
1031	1540298
1032	1541780
1033	1543263
1034	1544745
1035	1546228
1036	1547710
1037	1549193
1038	1550677
1039	1552159
1040	1553641
1041	1555124
1042	1556609
1043	1558091
1044	1559573
1045	1561056
1046	1562539
1047	1564021
1048	1565504
1049	1566986
1050	1568468
1051	1569951
1052	1571434
1053	1572917
1054	1574400
1055	1575883
1056	1577366
1057	1578848
1058	1580334
1059	1581816
1060	1583298
1061	1584781
1062	1586263
1063	1587746
1064	1589231
1065	1590714
1066	1592196
1067	1593689
1068	1595173
1069	1596656
1070	1598140
1071	1599624
1072	1601106
1073	1602590
1074	1604075
1075	1605558
1076	1607040
1077	1608523
1078	1610006
1079	1611489
1080	1612970
1081	1614452
1082	1615935
1083	1617417
1084	1618899
1085	1620382
1086	1621864
1087	1623346
1088	1624831
1089	1626313
1090	1627796
1091	1629278
1092	1630760
1093	1632243
1094	1633725
1095	1635214
1096	1636695
1097	1638177
1098	1639662
1099	1641147
1100	1642630
1101	1644112
1102	1645594
1103	1647077
1104	1648559
1105	1650041
1106	1651528
1107	1653010
1108	1654493
1109	1655975
1110	1657457
1111	1658940
1112	1660423
1113	1661905
1114	1663387
1115	1664869
1116	1666359
1117	1667842
1118	1669324
1119	1670807
1120	1672290
1121	1673771
1122	1675263
1123	1676746
1124	1678229
1125	1679711
1126	1681195
1127	1682679
1128	1684177
1129	1685665
1130	1687152
1131	1688636
1132	1690121
1133	1691606
1134	1693091
1135	1694573
1136	1696055
1137	1697538
1138	1699025
1139	1700508
1140	1701991
1141	1703473
1142	1704955
1143	1706438
1144	1707920
1145	1709403
1146	1710886
1147	1712369
1148	1713851
1149	1715332
1150	1716814
1151	1718296
1152	1719785
1153	1721269
1154	1722754
1155	1724236
1156	1725718
1157	1727199
1158	1728682
1159	1730165
1160	1731648
1161	1733130
1162	1734611
1163	1736095
1164	1737577
1165	1739059
1166	1740545
1167	1742027
1168	1743508
1169	1744990
1170	1746475
1171	1747958
1172	1749443
1173	1750926
1174	1752419
1175	1753903
1176	1755385
1177	1756867
1178	1758350
1179	1759832
1180	1761316
1181	1762799
1182	1764281
1183	1765764
1184	1767246
1185	1768729
1186	1770214
1187	1771697
1188	1773178
1189	1774662
1190	1776146
1191	1777628
1192	1779109
1193	1780592
1194	1782073
1195	1783555
1196	1785043
1197	1786525
1198	1788009
1199	1789494
1200	1790977
1201	1792460
1202	1793945
1203	1795428
1204	1796911
1205	1798393
1206	1799879
1207	1801362
1208	1802844
1209	1804327
1210	1805810
1211	1807293
1212	1808775
1213	1810258
1214	1811740
1215	1813223
1216	1814706
1217	1816187
1218	1817672
1219	1819156
1220	1820639
1221	1822121
1222	1823604
1223	1825086
1224	1826569
1225	1828051
1226	1829533
1227	1831016
1228	1832499
1229	1833981
1230	1835463
1231	1836944
1232	1838427
1233	1839912
1234	1841397
1235	1842880
1236	1844362
1237	1845845
1238	1847327
1239	1848809
1240	1850292
1241	1851775
1242	1853257
1243	1854739
1244	1856221
1245	1857704
1246	1859186
1247	1860669
1248	1862153
1249	1863635
1250	1865126
1251	1866610
1252	1868093
1253	1869575
1254	1871058
1255	1872540
1256	1874021
1257	1875517
1258	1876999
1259	1878481
1260	1879963
1261	1881445
1262	1882927
1263	1884409
1264	1885890
1265	1887374
1266	1888862
1267	1890348
1268	1891847
1269	1893341
1270	1894826
1271	1896309
1272	1897792
1273	1899276
1274	1900761
1275	1902244
1276	1903727
1277	1905211
1278	1906693
1279	1908176
1280	1909658
1281	1911144
1282	1912629
1283	1914111
1284	1915594
1285	1917076
1286	1918558
1287	1920040
1288	1921523
1289	1923006
1290	1924488
1291	1925971
1292	1927453
1293	1928936
1294	1930418
1295	1931901
1296	1933383
1297	1934866
1298	1936351
1299	1937834
1300	1939315
1301	1940801
1302	1942311
1303	1943797
1304	1945281
1305	1946762
1306	1948244
1307	1949725
1308	1951210
1309	1952692
1310	1954177
1311	1955662
1312	1957147
1313	1958630
1314	1960113
1315	1961596
1316	1963079
1317	1964564
1318	1966045
1319	1967528
1320	1969010
1321	1970493
1322	1971976
1323	1973458
1324	1974941
1325	1976423
1326	1977944
1327	1979474
1328	1980988
1329	1982501
1330	1984013
1331	1985503
1332	1986985
1333	1988466
1334	1989949
1335	1991431
1336	1992911
1337	1994392
1338	1995872
1339	1997352
1340	1998834
1341	2000317
1342	2001800
1343	2003280
1344	2004761
1345	2006251
1346	2007730
1347	2009219
1348	2010699
1349	2012179
1350	2013660
1351	2015143
1352	2016650
1353	2018145
1354	2019628
1355	2021110
1356	2022589
1357	2024070
1358	2025554
1359	2027035
1360	2028516
1361	2029996
1362	2031477
1363	2032958
1364	2034464
1365	2035950
1366	2037432
1367	2038913
1368	2040397
1369	2041878
1370	2043357
1371	2044838
1372	2046319
1373	2047799
1374	2049282
1375	2050763
1376	2052261
1377	2053746
1378	2055228
1379	2056708
1380	2058188
1381	2059668
1382	2061151
1383	2062633
1384	2064112
1385	2065593
1386	2067073
1387	2068553
1388	2070033
1389	2071516
1390	2073000
1391	2074480
1392	2075969
1393	2077451
1394	2078940
1395	2080434
1396	2081916
1397	2083397
1398	2084877
1399	2086357
1400	2087838
1401	2089320
1402	2090802
1403	2092286
1404	2093767
1405	2095248
1406	2096731
1407	2098211
1408	2099707
1409	2101192
1410	2102678
1411	2104160
1412	2105640
1413	2107121
1414	2108601
1415	2110081
1416	2111563
1417	2113043
1418	2114524
1419	2116004
1420	2117485
1421	2118965
1422	2120449
1423	2121929
1424	2123409
1425	2124890
1426	2126371
1427	2127851
1428	2129333
1429	2130814
1430	2132294
1431	2133774
1432	2135255
1433	2136736
1434	2138216
1435	2139697
1436	2141180
1437	2142661
1438	2144145
1439	2145625
1440	2147105
1441	2148585
1442	2150065
1443	2151545
1444	2153025
1445	2154505
1446	2155984
1447	2157464
1448	2158944
1449	2160425
1450	2161905
1451	2163384
1452	2164864
1453	2166343
1454	2167825
1455	2169305
1456	2170785
1457	2172265
1458	2173745
1459	2175225
1460	2176705
1461	2178184
1462	2179664
1463	2181152
1464	2182633
1465	2184113
1466	2185594
1467	2187075
1468	2188555
1469	2190038
1470	2191521
1471	2193002
1472	2194482
1473	2195962
1474	2197443
1475	2198923
1476	2200406
1477	2201887
1478	2203366
1479	2204847
1480	2206327
1481	2207808
1482	2209288
1483	2210769
1484	2212250
1485	2213730
1486	2215213
1487	2216693
1488	2218174
1489	2219654
1490	2221137
1491	2222618
1492	2224099
1493	2225579
1494	2227060
1495	2228540
1496	2230020
1497	2231501
1498	2232982
1499	2234462
1500	2235941
1501	2237421
1502	2238903
1503	2240386
1504	2241867
1505	2243347
1506	2244826
1507	2246306
1508	2247787
1509	2249267
1510	2250748
1511	2252228
1512	2253707
1513	2255187
1514	2256667
1515	2258151
1516	2259631
1517	2261112
1518	2262595
1519	2264076
1520	2265560
1521	2267040
1522	2268521
1523	2270001
1524	2271482
1525	2272963
1526	2274443
1527	2275931
1528	2277413
1529	2278893
1530	2280375
1531	2281855
1532	2283335
1533	2284815
1534	2286298
1535	2287779
1536	2289259
1537	2290742
1538	2292223
1539	2293703
1540	2295183
1541	2296664
1542	2298147
1543	2299630
1544	2301111
1545	2302591
1546	2304072
1547	2305552
1548	2307033
1549	2308513
1550	2309997
1551	2311478
1552	2312958
1553	2314439
1554	2315920
1555	2317400
1556	2318881
1557	2320362
1558	2321843
1559	2323322
1560	2324803
1561	2326283
1562	2327763
1563	2329243
1564	2330724
1565	2332205
1566	2333687
1567	2335168
1568	2336648
1569	2338128
1570	2339609
1571	2341092
1572	2342572
1573	2344052
1574	2345533
1575	2347013
1576	2348494
1577	2349974
1578	2351456
1579	2352937
1580	2354417
1581	2355898
1582	2357380
1583	2358861
1584	2360353
1585	2361834
1586	2363314
1587	2364794
1588	2366275
1589	2367756
1590	2369237
1591	2370718
1592	2372199
1593	2373679
1594	2375159
1595	2376640
1596	2378120
1597	2379601
1598	2381084
1599	2382564
1600	2384044
1601	2385525
1602	2387006
1603	2388487
1604	2389967
1605	2391451
1606	2392932
1607	2394428
1608	2395918
1609	2397400
1610	2398883
1611	2400371
1612	2401855
1613	2403336
1614	2404821
1615	2406302
1616	2407783
1617	2409266
1618	2410749
1619	2412229
1620	2413709
1621	2415188
1622	2416668
1623	2418150
1624	2419630
1625	2421111
1626	2422590
1627	2424070
1628	2425550
1629	2427029
1630	2428511
1631	2429991
1632	2431471
1633	2432951
1634	2434431
1635	2435911
1636	2437391
1637	2438870
1638	2440353
1639	2441834
1640	2443313
1641	2444793
1642	2446272
1643	2447752
1644	2449232
1645	2450712
1646	2452194
1647	2453674
1648	2455156
1649	2456636
1650	2458116
1651	2459601
1652	2461083
1653	2462562
1654	2464042
1655	2465521
1656	2467001
1657	2468481
1658	2469960
1659	2471441
1660	2472921
1661	2474401
1662	2475883
1663	2477370
1664	2478850
1665	2480331
1666	2481810
1667	2483291
1668	2484771
1669	2486251
1670	2487730
1671	2489210
1672	2490693
1673	2492173
1674	2493653
1675	2495135
1676	2496615
1677	2498095
1678	2499580
1679	2501061
1680	2502543
1681	2504023
1682	2505503
1683	2506983
1684	2508462
1685	2509941
1686	2511421
1687	2512901
1688	2514380
1689	2515859
1690	2517338
1691	2518818
1692	2520298
1693	2521777
1694	2523258
1695	2524739
1696	2526219
1697	2527699
1698	2529179
1699	2530661
1700	2532144
1701	2533623
1702	2535102
1703	2536582
1704	2538062
1705	2539541
1706	2541025
1707	2542504
1708	2543984
1709	2545463
1710	2546945
1711	2548425
1712	2549904
1713	2551385
1714	2552865
1715	2554345
1716	2555824
1717	2557304
1718	2558787
1719	2560267
1720	2561746
1721	2563226
1722	2564705
1723	2566184
1724	2567664
1725	2569145
1726	2570628
1727	2572107
1728	2573587
1729	2575066
1730	2576546
1731	2578025
1732	2579505
1733	2580984
1734	2582464
1735	2583945
1736	2585428
1737	2586908
1738	2588389
1739	2589869
1740	2591351
1741	2592835
1742	2594322
1743	2595801
1744	2597281
1745	2598760
1746	2600242
1747	2601721
1748	2603202
1749	2604681
1750	2606161
1751	2607640
1752	2609119
1753	2610598
1754	2612078
1755	2613557
1756	2615036
1757	2616515
1758	2617998
1759	2619478
1760	2620958
1761	2622438
1762	2623917
1763	2625396
1764	2626876
1765	2628355
1766	2629834
1767	2631315
1768	2632794
1769	2634274
1770	2635753
1771	2637232
1772	2638712
1773	2640191
1774	2641677
1775	2643157
1776	2644637
1777	2646117
1778	2647597
1779	2649077
1780	2650557
1781	2652037
1782	2653517
1783	2654996
1784	2656476
1785	2657955
1786	2659435
1787	2660915
1788	2662394
1789	2663875
1790	2665357
1791	2666844
1792	2668324
1793	2669803
1794	2671283
1795	2672762
1796	2674241
1797	2675720
1798	2677205
1799	2678687
1800	2680166
1801	2681647
1802	2683127
1803	2684607
1804	2686086
1805	2687565
1806	2689048
1807	2690531
1808	2692011
1809	2693491
1810	2694970
1811	2696451
1812	2697930
1813	2699409
1814	2700892
1815	2702372
1816	2703851
1817	2705332
1818	2706811
1819	2708291
1820	2709770
1821	2711250
1822	2712731
1823	2714212
1824	2715691
1825	2717171
1826	2718651
1827	2720143
1828	2721623
1829	2723102
1830	2724582
1831	2726061
1832	2727540
1833	2729019
1834	2730499
1835	2731978
1836	2733457
1837	2734936
1838	2736417
1839	2737896
1840	2739375
1841	2740857
1842	2742336
1843	2743815
1844	2745294
1845	2746773
1846	2748252
1847	2749731
1848	2751219
1849	2752699
1850	2754184
1851	2756046
1852	2757527
1853	2759011
1854	2760502
1855	2761984
1856	2763466
1857	2764945
1858	2766426
1859	2767905
1860	2769384
1861	2770864
1862	2772343
1863	2773824
1864	2775304
1865	2776784
1866	2778263
1867	2779743
1868	2781223
1869	2782703
1870	2784185
1871	2785664
1872	2787146
1873	2788626
1874	2790105
1875	2791588
1876	2793068
1877	2794548
1878	2796028
1879	2797507
1880	2798987
1881	2800470
1882	2801950
1883	2803430
1884	2804909
1885	2806389
1886	2807871
1887	2809351
1888	2810831
1889	2812311
1890	2813791
1891	2815270
1892	2816750
1893	2818230
1894	2819709
1895	2821190
1896	2822670
1897	2824150
1898	2825630
1899	2827110
1900	2828594
1901	2830075
1902	2831561
1903	2833041
1904	2834521
1905	2836001
1906	2837480
1907	2838960
1908	2840441
1909	2841923
1910	2843402
1911	2844883
1912	2846363
1913	2847842
1914	2849322
1915	2850802
1916	2852282
1917	2853762
1918	2855244
1919	2856724
1920	2858203
1921	2859682
1922	2861164
1923	2862645
1924	2864123
1925	2865603
1926	2867083
1927	2868563
1928	2870043
1929	2871522
1930	2873002
1931	2874481
1932	2875960
1933	2877445
1934	2878928
1935	2880408
1936	2881896
1937	2883375
1938	2884854
1939	2886333
1940	2887814
1941	2889297
1942	2890780
1943	2892260
1944	2893739
1945	2895238
1946	2896727
1947	2898209
1948	2899692
1949	2901174
1950	2902658
1951	2904140
1952	2905620
1953	2907099
1954	2908579
1955	2910058
1956	2911538
1957	2913018
1958	2914498
1959	2915977
1960	2917457
1961	2918936
1962	2920417
1963	2921896
1964	2923375
1965	2924855
1966	2926336
1967	2927816
1968	2929296
1969	2930779
1970	2932263
1971	2933745
1972	2935227
1973	2936707
1974	2938186
1975	2939665
1976	2941151
1977	2942631
1978	2944110
1979	2945590
1980	2947069
1981	2948549
1982	2950031
1983	2951512
1984	2952991
1985	2954473
1986	2955958
1987	2957439
1988	2958919
1989	2960399
1990	2961888
1991	2963367
1992	2964848
1993	2966328
1994	2967808
1995	2969287
1996	2970766
1997	2972246
1998	2973729
1999	2975208
2000	2976688
