0	30
1225	99
1545	27
1205	80
810	13
346	138
270	124
143	110
371	97
628	21
443	4
919	88
266	50
823	68
348	325
267	144
384	53
244	19
479	100
1214	10
418	6
1981	385
342	20
724	135
489	23
2008	72
418	23
347	91
2028	156
953	379
392	227
272	92
398	132
1571	8
829	159
1107	57
356	260
1454	20
1443	127
1348	22
402	110
370	61
609	43
2001	8
1503	127
887	131
599	91
620	132
530	320
1561	121
1093	15
1223	47
367	57
1666	157
1884	68
266	79
269	98
212	86
2010	285
673	27
1023	83
268	185
1905	358
784	27
865	277
208	43
1924	12
1756	180
2502	87
432	135
289	86
992	24
416	59
2218	54
107	35
146	3
690	13
350	360
295	207
499	72
435	219
376	6
2952	31
533	109
1505	8
2942	19
1832	2
3881	132
837	8
691	68
885	58
2154	179
293	190
198	29
215	43
1110	628
807	125
2021	110
612	278
1374	125
929	66
374	114
666	16
451	80
1171	258
233	35
638	132
436	60
48	60
2450	69
1565	5
2132	7
1576	189
611	51
244	22
1186	9
1894	254
961	35
1510	145
190	35
1473	3
1454	28
506	36
280	97
1199	17
650	83
657	177
1740	57
824	6
112	147
688	34
2034	18
647	110
256	98
1476	35
1382	16
1430	148
154	57
1251	102
483	2
309	111
2128	35
2559	279
3387	3
3764	120
320	124
459	333
235	40
275	94
500	313
871	31
2985	402
52	7
24	102
19	152
33	33
52	98
1163	118
1183	131
326	14
1831	22
420	164
1075	340
30	49
1074	260
194	231
188	139
188	91
1302	20
1453	122
1003	5
538	168
1034	10
1371	191
1037	254
200	111
928	324
1340	186
1125	103
215	55
715	166
818	155
596	147
1548	57
1214	196
613	15
573	14
228	1
158	68
446	277
242	12
312	89
277	179
952	33
2383	6
586	170
377	54
1124	33
1590	78
1343	34
644	1
489	473
5736	241
1421	93
2508	43
40	91
980	87
315	632
188	43
925	67
269	88
206	19
195	12
30	99
1231	8
239	40
277	68
756	6
325	12
239	47
834	39
822	39
255	150
3406	30
1145	298
561	142
818	5
764	24
3105	69
988	26
710	130
2369	56
655	86
1284	69
789	193
1156	81
453	83
181	22
954	31
373	420
2712	90
3823	163
247	7
1072	320
387	100
620	5
290	116
276	55
401	67
257	126
1103	39
968	37
1580	187
197	50
908	14
1461	196
1116	59
1430	122
168	128
380	75
656	443
215	149
558	98
667	33
779	56
749	30
61	55
764	10
1008	93
953	82
877	79
559	340
231	112
144	53
3601	60
247	308
853	217
1533	325
1524	24
2418	29
153	14
1536	49
193	114
662	74
39	357
2037	79
717	130
1024	393
175	24
1127	28
674	113
253	241
2301	31
132	18
306	125
224	226
1434	31
225	17
228	175
604	69
1865	220
799	59
143	74
761	20
423	45
839	54
307	56
1106	125
3134	44
359	4
1639	5
406	3
199	17
147	51
797	173
746	211
622	263
146	26
346	19
1525	66
721	151
1913	190
1294	24
235	172
1209	36
1152	24
626	39
1064	20
786	245
165	115
453	22
1659	41
391	112
1097	99
292	93
611	187
727	204
1736	40
2496	48
945	137
645	76
807	379
1366	6
112	52
650	21
144	26
504	10
1219	268
791	56
342	204
929	15
1416	89
1309	36
852	93
583	28
1709	9
879	107
327	26
779	59
913	46
387	11
3313	69
466	110
213	90
1999	324
778	69
171	116
507	142
2270	98
604	154
50	201
167	656
673	39
756	162
1072	112
483	115
1254	20
3119	44
687	523
43	94
167	29
211	113
532	13
729	19
1299	319
544	115
1532	32
466	28
1318	15
1014	44
247	35
867	93
863	118
774	29
309	119
691	278
246	48
1912	162
1692	4
1075	36
28	39
272	151
216	91
970	108
919	113
501	17
1011	55
75	299
25	77
1204	43
273	277
2497	24
269	86
548	65
1255	63
1554	96
46	13
1050	200
513	33
1056	58
385	92
230	84
903	333
1175	43
473	159
789	344
661	24
1175	11
2000	36
1119	48
504	330
1499	74
263	101
1652	88
223	23
247	112
655	30
307	10
392	376
877	105
417	44
1584	164
674	18
927	59
2355	97
925	11
3259	101
3358	49
496	185
968	29
631	164
424	265
1780	12
1088	84
1323	41
1710	267
469	123
339	21
467	1
206	134
190	46
162	56
340	18
1672	52
663	37
469	73
325	63
509	153
1125	127
1173	76
22	154
936	153
803	16
233	34
157	49
1132	83
1845	29
785	170
1640	86
600	73
596	18
1935	16
820	209
203	64
156	69
2538	52
691	98
327	7
1230	703
908	82
2478	30
3372	118
916	67
813	594
164	56
917	38
914	96
418	24
196	200
1493	357
958	114
162	22
257	55
294	21
263	115
2152	3
685	66
218	10
1090	50
1867	67
77	94
728	85
1188	99
831	73
1491	56
488	86
890	3
2544	30
1219	243
607	219
1992	24
1139	9
174	12
2270	20
547	60
1490	181
20	39
940	158
148	192
1446	381
1137	9
815	16
209	108
1972	209
4580	123
171	523
26	123
1161	66
1189	22
1481	35
1120	10
2826	178
198	244
46	65
399	22
418	41
580	140
258	151
641	69
159	49
797	43
852	43
389	40
1817	77
2189	10
2019	23
409	49
297	103
898	98
455	44
1656	50
188	57
238	62
349	29
1045	15
563	6
149	153
163	63
455	1
3944	168
117	30
583	242
750	11
1205	4
1810	36
1106	245
1078	22
1644	62
219	151
270	78
134	185
250	92
669	21
225	74
185	183
416	298
232	19
1534	35
292	329
1058	177
400	40
1600	18
334	11
466	171
614	451
648	17
321	16
990	123
155	27
156	2
921	13
1026	4
760	122
33	16
517	45
1199	22
2125	31
382	46
283	2
544	51
145	169
1766	49
47	102
577	31
2088	51
1643	68
765	130
435	107
537	432
549	263
527	8
2973	121
446	123
675	6
1109	282
3190	126
1696	34
136	75
153	20
1586	69
2173	150
155	1
151	63
153	63
92	60
939	266
1114	18
1514	158
1325	202
885	36
2406	29
2479	14
21	139
182	196
2735	114
2094	47
2961	4
764	7
1158	291
543	37
287	76
1735	6
2462	77
18	16
2919	13
237	10
179	100
179	14
2970	389
398	10
292	174
410	195
872	106
1226	181
21	88
187	39
135	268
284	18
440	134
2185	95
901	19
276	12
728	125
349	60
268	1
1476	177
1316	122
226	98
585	90
212	71
413	29
2728	80
150	206
4349	158
625	2
447	2
4204	58
615	16
851	102
800	235
294	265
158	151
888	34
968	133
377	78
1173	20
750	132
883	20
1299	181
1279	23
213	34
165	80
189	62
152	6
1071	80
371	525
1934	66
1687	155
861	50
172	10
1509	223
509	47
424	335
223	20
1286	44
1199	45
182	141
270	4
675	7
241	82
364	135
1440	146
242	124
867	17
797	86
708	84
3776	128
112	17
869	32
599	507
29	351
843	148
1697	99
3351	170
21	191
1744	38
850	31
707	170
735	119
349	30
191	123
218	222
565	33
28	35
1004	10
39	101
598	15
1202	109
1712	6
1042	30
361	7
708	55
991	273
25	41
238	6
1242	222
855	45
2946	90
737	35
2687	24
1535	102
455	68
380	428
5864	8
3444	61
507	147
781	49
787	18
329	90
841	24
360	29
298	103
929	310
571	67
376	10
676	161
426	212
43	130
278	125
1274	29
183	35
677	141
366	4
661	64
1111	54
649	161
192	45
374	15
2897	60
575	109
184	91
1366	21
768	37
1488	118
1988	41
169	92
264	57
275	29
335	79
2497	24
1312	25
1204	5
1775	71
636	65
458	249
755	223
37	136
1737	11
747	61
2059	17
1167	29
462	291
221	14
545	21
347	85
970	232
532	17
961	15
272	31
641	5
780	148
3441	30
199	108
29	185
1882	314
458	70
193	39
1414	83
164	29
1050	75
646	683
1525	31
559	170
2671	19
788	26
1574	11
459	146
705	66
236	21
668	54
1715	297
46	23
247	33
1135	156
751	37
1193	239
417	58
154	102
311	202
240	159
1121	73
1077	53
1045	27
642	206
454	26
410	157
2080	156
190	245
823	266
52	159
467	138
619	95
2292	38
803	10
1424	27
664	84
1590	6
268	197
668	96
344	187
452	20
542	20
438	134
34	74
1598	56
347	63
630	57
2088	51
379	2
2107	16
2830	277
599	13
1133	42
675	137
211	95
705	191
1018	71
183	260
1363	82
160	239
730	88
509	60
299	65
1332	12
165	35
1254	144
251	263
1024	107
323	40
229	19
942	288
65	60
144	19
754	19
233	65
1089	3
511	467
1191	234
413	83
1526	44
933	124
1793	101
288	54
65	275
1664	65
613	24
543	56
1161	11
197	110
844	108
1076	48
528	322
1359	244
729	95
884	112
390	111
1640	48
339	7
251	218
1142	22
1623	112
464	55
281	38
392	328
3140	13
68	5
972	23
1103	226
1726	98
361	23
906	15
1392	84
29	9
782	143
167	17
811	64
262	64
746	129
291	10
874	290
40	35
1138	131
1187	59
554	102
3791	194
192	239
670	30
2393	176
591	55
362	47
587	50
764	312
1714	14
1598	138
427	117
38	291
2762	95
634	148
1523	46
1404	118
669	2
513	286
448	186
224	5
186	65
786	23
284	122
172	217
158	188
535	48
1538	315
2092	160
257	74
751	188
953	64
2052	13
1340	19
218	28
739	134
234	229
629	46
42	256
841	40
2145	32
433	90
1211	48
927	99
244	155
675	2
1928	57
160	13
1340	13
202	194
1825	39
1010	13
661	51
469	45
182	53
1266	158
551	22
3149	122
426	63
815	231
2119	14
1220	85
563	91
209	7
1673	23
3674	12
169	40
1265	85
738	102
393	52
792	97
165	22
201	203
2070	21
854	103
820	86
1081	27
62	41
1751	29
181	37
465	65
504	235
2700	229
329	144
585	12
680	25
122	107
1470	88
1963	94
2202	45
62	35
41	254
158	272
685	98
195	60
1474	23
175	434
1218	38
1612	138
332	191
3616	1
220	123
1179	35
1424	104
264	194
1054	6
1571	42
178	314
183	18
1490	21
297	243
176	128
529	14
665	268
2044	90
1531	157
205	113
186	30
294	8
192	23
166	134
667	444
992	111
313	85
696	6
391	25
195	149
2179	51
411	224
6	293
850	211
1496	62
1283	39
3120	136
15	101
4182	91
632	132
1985	20
176	27
566	397
153	393
860	19
834	26
382	88
1023	24
1038	7
12	86
745	325
153	80
565	125
387	92
1487	209
1078	108
574	8
1680	91
200	158
565	39
112	21
273	56
1185	119
54	61
420	37
146	4
556	39
1378	16
191	46
525	127
74	167
663	182
512	56
2479	128
77	119
339	179
1206	15
726	4
153	91
678	71
2420	130
986	191
1075	39
184	49
1145	7
819	347
243	80
203	114
165	512
1981	62
3533	75
768	115
1489	78
104	48
883	142
585	36
474	113
149	34
30	155
434	39
261	23
1513	142
762	207
1356	12
358	58
302	152
236	24
497	76
1373	339
1414	57
238	6
499	377
1474	20
1222	3
190	32
431	5
264	222
496	37
369	81
194	55
82	66
427	51
1457	4
275	24
289	48
603	55
217	116
2177	275
859	46
1697	17
636	17
287	79
3507	138
324	66
912	165
79	19
1051	365
236	50
762	150
574	90
1315	186
1180	12
345	49
1462	130
613	53
961	95
460	197
359	151
863	101
139	105
1003	137
1044	76
717	22
690	130
205	15
345	94
1383	227
1503	49
1729	38
334	25
187	64
1267	242
309	37
2138	134
513	5
166	99
392	98
371	177
442	116
299	152
3229	22
145	246
2254	213
847	7
446	67
149	298
281	86
90	48
1451	1
1577	4
64	29
395	113
1431	162
847	354
195	127
2477	310
465	53
1684	34
190	163
633	58
3652	107
148	56
221	29
840	187
34	46
710	6
1075	157
2786	103
1006	21
2747	135
970	122
72	77
852	98
260	60
1179	39
661	97
980	73
67	51
970	42
335	98
3648	25
2034	244
1652	75
385	88
1253	12
739	74
213	34
919	50
520	76
507	205
1986	139
1247	97
274	226
162	19
1217	31
820	51
1482	41
64	341
229	114
511	135
34	16
346	81
262	142
157	18
28	137
1376	110
855	32
842	56
1965	95
391	14
278	345
456	45
152	131
800	54
454	105
2160	19
141	364
1277	8
1463	184
599	3
1005	83
314	61
668	105
759	296
203	128
207	252
339	10
1271	51
1677	5
1134	45
607	188
206	79
1451	271
1230	87
314	44
1059	2
531	52
483	243
270	203
48	125
339	59
226	127
825	52
582	104
2048	184
533	154
1415	24
3309	168
843	8
1500	59
815	144
668	31
706	28
2142	50
2040	35
419	37
70	71
604	459
607	40
503	150
1694	101
1640	19
2740	1
234	143
292	52
1478	73
348	26
265	11
545	399
677	103
712	266
62	33
1145	157
2350	394
3250	75
434	101
798	160
167	124
347	45
255	23
257	128
788	79
470	81
3003	56
82	147
543	7
1274	258
806	437
1603	145
241	23
161	17
391	237
25	5
74	17
242	69
2009	92
1571	17
1336	106
1136	252
3738	2
1276	152
405	80
835	116
1157	17
1753	16
284	4
991	18
1330	225
150	1
1081	247
997	39
856	1
827	49
823	127
2127	87
1071	16
1176	4
2832	50
807	84
799	192
811	12
385	13
992	269
1221	18
1383	112
288	90
1792	73
1553	41
225	80
34	44
429	23
1168	15
1050	156
1298	65
2136	425
1338	73
172	202
134	7
380	5
31	5
220	322
296	129
186	32
155	9
854	107
294	76
532	32
159	103
630	8
1204	31
269	11
1021	56
213	23
617	27
354	82
4231	187
472	69
408	38
1224	74
946	161
1320	21
2308	16
705	49
410	72
1759	229
561	579
69	108
716	259
1347	94
1887	246
809	15
267	44
689	171
848	40
713	237
901	59
444	41
708	209
961	14
587	116
323	41
422	26
1137	16
1166	180
410	128
1562	129
2237	41
1403	34
95	459
2340	37
422	2
27	175
201	7
152	75
183	45
2131	55
140	159
205	39
2196	18
421	69
762	112
357	72
2990	14
1129	60
12	64
1795	121
1729	116
706	159
2094	133
291	343
140	24
2049	112
1467	27
419	11
1441	64
528	50
1109	47
438	21
732	245
59	51
1061	168
490	12
492	1
1157	159
1464	175
912	36
814	119
773	84
457	37
2166	4
352	73
1116	325
1805	14
418	85
659	24
1030	5
1123	177
353	59
711	36
1552	128
651	292
195	17
433	45
252	328
223	31
623	162
613	185
3302	16
372	12
55	54
646	31
6204	183
577	57
208	37
630	74
1523	90
795	420
240	55
1393	211
332	12
525	108
615	256
701	245
425	367
770	59
1013	20
1245	287
272	117
345	225
3815	45
1400	211
999	52
1306	194
430	32
888	46
417	71
676	29
1175	64
1517	6
1401	15
147	117
191	72
3062	6
466	12
1040	100
440	65
982	26
1410	9
30	23
3057	63
259	1
62	242
613	9
866	133
2577	198
1117	3
658	92
978	34
1572	3
3174	15
3134	41
168	182
283	114
934	190
931	26
1617	33
167	87
1121	76
179	577
783	154
1401	207
175	151
742	162
1197	139
1013	11
922	175
1088	267
45	5
3360	160
574	18
986	15
704	15
397	86
1654	19
589	79
1873	81
796	7
824	77
102	44
48	100
180	250
978	6
1461	61
847	37
568	200
708	53
792	137
553	189
185	41
1725	233
1017	14
685	22
2168	32
3487	22
155	223
885	116
26	40
2078	199
1738	76
3100	37
424	55
1232	31
1134	196
417	18
436	21
811	65
531	38
254	78
35	14
405	72
304	4
265	51
1158	211
453	112
1084	332
302	136
214	97
359	240
39	67
664	57
338	86
1604	147
1554	151
121	614
2118	45
279	231
983	72
940	25
759	57
48	39
699	417
2117	298
1454	33
656	99
1151	61
172	369
1334	13
300	112
48	65
1225	82
475	120
2055	62
557	53
461	13
833	56
250	92
456	239
1110	24
618	127
418	77
679	36
1202	37
248	193
541	121
1044	155
825	68
177	50
2067	121
271	318
1533	47
160	13
1089	1
1130	11
222	52
210	47
531	10
1306	3
260	56
29	245
928	46
574	86
307	268
502	49
154	82
3870	327
363	23
1979	111
1092	173
307	243
171	73
2759	4
203	1
409	20
2711	119
555	285
1233	112
179	141
633	17
537	14
215	38
2528	168
2724	33
901	57
139	15
330	37
745	167
696	114
816	349
1737	216
470	278
148	116
404	74
2073	47
125	335
3911	4
546	4
170	29
1155	2
747	37
302	115
3820	64
526	254
434	32
2780	83
192	68
1521	141
2054	349
37	35
389	164
157	16
497	10
67	82
315	29
689	25
685	18
173	188
1503	17
631	56
1430	32
297	152
406	166
135	89
535	52
308	42
1112	290
2599	201
322	97
254	77
970	36
204	34
2191	121
2038	102
509	17
606	126
518	528
520	4
969	166
703	11
2623	26
714	42
45	64
2152	252
1811	182
504	94
834	268
419	28
1787	8
3302	105
877	26
51	37
1632	274
2629	22
499	1
949	12
2100	41
471	45
195	162
255	34
2330	6
1010	28
801	100
445	56
1500	101
199	77
788	353
1159	21
561	123
388	56
163	292
324	122
1856	212
64	72
396	3
416	258
1481	337
945	66
152	221
2391	6
27	57
515	214
918	113
737	27
1059	84
2402	83
53	151
293	21
224	28
2153	189
221	187
219	165
256	120
406	261
1215	65
359	123
304	6
899	155
995	1
51	127
370	209
896	92
263	247
380	201
265	38
1721	14
1359	19
165	25
354	105
603	64
401	109
1631	57
413	33
532	122
2211	46
555	12
1134	96
765	20
690	12
4241	99
4492	99
511	71
2396	283
374	87
180	56
873	111
1231	160
177	9
386	365
268	31
213	47
1098	37
432	79
665	76
1707	129
325	49
282	19
169	168
775	170
256	37
968	22
851	234
2329	3
2689	195
744	32
1598	22
2749	196
32	99
1412	113
241	183
164	59
2187	95
2632	131
2440	24
648	97
1693	199
261	57
760	204
370	77
196	333
293	46
1046	23
494	26
705	9
1141	223
310	12
233	28
310	107
950	28
1063	168
93	151
417	95
350	98
1046	26
2311	50
1873	72
35	11
2937	61
888	170
177	148
1000	4
2338	42
737	315
224	70
1826	168
499	247
2173	107
1107	117
902	200
1191	4
1192	39
1509	227
332	128
1113	81
374	34
639	10
28	13
668	20
310	455
270	268
2632	35
1744	95
1958	99
937	188
63	1
140	156
1434	136
155	36
468	455
315	19
539	65
183	21
1568	33
3320	23
575	26
44	11
1034	46
266	31
553	93
1160	106
1368	25
2840	179
160	54
1431	352
57	62
967	20
177	2
290	88
645	102
311	90
405	252
423	51
1287	6
556	65
467	104
766	483
2207	369
163	87
260	41
519	38
818	38
1906	71
566	145
918	65
1135	49
379	135
1008	325
1048	97
3429	7
435	110
261	50
371	1
411	1
798	31
1487	34
1817	4
293	54
680	77
670	94
1884	6
2052	174
834	306
809	61
369	28
1089	71
729	27
57	208
456	46
559	94
832	203
81	76
267	2
2010	69
2994	452
236	9
301	15
967	326
299	17
4382	139
398	144
934	40
796	75
109	63
2806	77
53	106
239	8
127	24
817	18
2058	672
1019	33
676	75
24	16
320	194
550	207
2515	23
1165	20
723	165
615	105
1797	68
1147	152
2695	9
925	146
371	126
930	64
1426	52
179	13
2493	2
1237	196
2077	48
508	13
2039	89
441	11
936	84
423	66
910	15
1110	2
526	5
1233	101
1076	34
1159	50
914	60
407	17
402	45
1184	123
355	10
710	1
1951	38
1098	32
1102	67
1014	2
504	160
2499	139
622	42
371	1
897	107
1508	17
1819	89
1039	107
495	56
240	136
165	63
276	191
472	113
1500	51
162	51
1055	235
1269	125
30	64
1026	37
197	42
690	91
387	93
349	154
513	36
624	6
442	233
800	27
894	46
2138	11
102	50
157	58
650	138
1183	65
164	32
1550	11
1296	54
559	76
247	166
259	2
452	19
27	106
707	82
1017	60
1576	286
637	16
85	269
957	341
608	40
77	3
1184	57
619	70
727	11
1603	163
2621	5
3221	52
2038	312
222	60
254	141
1207	4
329	40
349	446
4082	146
406	64
387	131
43	227
622	289
1063	77
1537	46
1562	36
975	134
466	54
1325	308
1177	48
345	220
602	95
2793	37
1008	207
226	142
3352	83
178	88
1863	282
995	55
435	2
292	244
910	2
666	130
1477	132
981	21
800	19
389	102
1092	352
710	84
151	386
2258	92
578	17
505	138
550	177
546	18
2357	86
2214	2
342	38
1765	18
979	79
1858	141
426	35
2115	24
62	138
607	78
209	7
474	74
864	105
343	4
630	125
316	105
460	36
230	193
444	11
178	37
698	399
278	71
670	322
514	46
361	37
210	63
504	107
47	273
425	87
561	123
202	43
855	122
1077	20
292	23
974	327
534	170
764	95
1528	275
738	219
3329	18
97	14
225	357
1879	201
555	59
317	9
82	65
597	247
209	181
412	245
254	217
595	38
295	7
1001	25
64	47
1078	222
573	217
197	165
439	91
1802	2
1667	105
579	22
770	308
251	134
1448	124
1778	55
1066	124
214	78
150	16
313	176
554	143
550	210
623	37
395	66
253	26
2462	158
493	104
1119	18
219	34
1063	95
698	26
1272	3
66	252
166	63
575	18
428	155
304	126
514	51
13	2
223	51
951	33
1966	291
1632	64
27	199
296	38
1354	112
355	71
292	289
1206	134
602	213
1893	184
464	28
943	96
819	15
368	258
529	142
867	115
195	3
159	58
656	64
956	136
865	87
697	4
1409	94
1176	130
413	24
1924	94
788	61
974	150
161	15
1747	12
143	162
1562	64
793	685
621	22
554	336
1290	116
1115	22
1580	45
1228	89
277	98
146	63
1105	9
2552	51
1366	223
230	210
1288	13
198	58
599	2
1408	5
621	123
32	45
1137	98
265	35
486	26
182	50
912	276
160	129
34	32
998	25
652	1
516	48
2810	177
155	13
337	24
188	6
430	33
356	131
213	176
825	34
70	23
1238	28
491	31
347	11
727	77
477	7
640	37
520	34
332	21
1005	68
379	32
123	20
265	260
325	61
1189	114
2000	191
132	28
775	5
141	534
640	102
710	306
525	257
702	58
701	108
1057	22
1417	107
169	22
318	85
502	67
143	316
1507	238
1974	506
221	109
432	152
288	319
601	4
29	479
927	3
1079	3
190	137
210	182
304	10
2033	13
1191	81
2753	24
1535	159
1256	29
198	42
1790	38
401	214
154	213
52	5
568	37
573	263
31	128
308	6
618	6
154	213
1795	60
1293	136
1493	31
1363	345
291	116
244	10
1002	6
1354	54
184	187
326	76
225	50
473	147
512	163
1771	55
555	41
26	82
184	95
255	29
943	1
137	86
721	22
1829	44
1278	19
1043	16
871	22
155	92
25	81
573	44
219	356
182	7
1722	50
1966	165
161	217
366	40
3358	113
751	10
136	150
195	96
2072	192
643	1
470	150
148	118
764	97
1234	55
498	83
857	69
855	27
3331	439
171	1
172	37
261	117
832	230
440	42
465	32
308	105
951	67
1140	5
1279	143
938	3
1137	21
459	29
32	80
1151	7
491	29
286	78
698	2
259	9
136	68
283	85
558	16
1467	11
642	70
252	59
1151	71
736	36
498	93
1455	30
28	274
1107	25
42	36
675	46
663	72
281	72
1795	21
853	27
2069	44
154	5
261	49
954	15
650	140
585	14
29	142
481	377
156	28
1768	66
1287	139
155	47
589	61
673	88
901	63
2433	273
1281	95
520	123
258	110
1507	49
828	158
871	190
118	58
1590	202
1562	98
1136	63
374	70
63	95
1090	89
307	36
1229	53
139	41
162	65
176	37
2054	27
174	101
1734	26
1758	134
709	29
144	27
346	685
1060	16
2060	8
490	116
134	194
176	50
595	2
1610	150
227	23
1352	6
1272	39
148	151
177	92
1033	113
1236	130
1137	17
1188	23
26	402
1425	199
520	65
1812	33
1749	18
523	72
394	109
1090	33
2806	22
1327	10
757	58
381	783
422	104
231	24
245	108
2172	23
1174	8
815	224
239	43
1123	101
61	17
656	62
353	22
1147	17
392	177
768	357
883	19
995	67
394	34
229	74
271	72
1252	68
834	29
450	222
1159	35
916	175
614	131
571	162
1007	21
271	91
959	36
612	279
393	45
2563	9
2402	65
159	216
1908	212
1101	114
559	13
85	44
2781	458
2108	207
370	40
594	115
880	10
1393	46
1329	224
194	1
429	118
2138	22
1617	19
184	167
387	65
187	6
1922	49
1091	70
186	20
517	50
145	311
1920	13
589	12
2146	238
641	27
740	307
1250	62
175	36
1790	285
708	6
140	129
178	29
209	19
498	302
207	8
477	35
614	191
186	52
2444	49
345	34
449	43
286	1
2513	66
55	249
840	239
245	78
584	188
98	36
1032	160
13	65
227	67
1135	178
2077	49
42	185
1223	15
40	247
2540	12
424	159
444	102
390	200
51	146
94	61
2045	67
317	273
69	126
203	131
908	46
1568	199
736	31
512	16
1968	173
277	142
1351	37
1463	10
1647	14
742	34
555	82
571	127
1410	5
2001	106
380	20
250	12
819	223
1046	21
1248	4
1383	70
1707	39
999	36
201	62
820	36
736	17
164	214
1328	155
1388	59
2274	4
1391	2
613	40
1587	140
565	24
1576	216
256	224
876	22
1536	19
583	15
489	39
4035	119
623	12
395	129
69	186
192	236
1245	57
2356	5
243	4
1780	215
326	60
483	50
1838	302
74	20
622	120
702	148
659	114
400	181
2714	485
321	45
792	22
714	21
319	43
151	28
516	90
747	349
493	27
262	120
905	335
284	32
377	10
1225	76
497	136
1700	14
334	75
981	272
265	141
947	248
323	25
300	73
176	77
811	168
1474	18
246	317
489	201
1850	66
31	49
287	37
863	13
355	101
3756	243
572	268
370	84
155	99
968	214
857	3
1404	53
366	320
472	108
618	237
853	17
959	535
615	323
3842	62
3199	167
231	52
427	7
419	59
159	83
789	19
355	185
754	58
1382	220
180	103
121	10
727	89
1711	7
97	134
332	42
1302	107
975	56
274	123
1327	150
884	146
163	378
2597	231
1248	124
712	7
506	17
439	74
568	49
1515	154
171	89
1068	18
295	3
699	40
1416	73
1083	2
307	30
1465	8
1840	1
743	37
647	164
2364	192
1368	25
663	194
866	157
1659	543
1553	335
1902	2
820	98
255	97
1760	35
1530	75
5610	8
947	104
1086	21
1179	8
877	341
819	60
455	82
934	303
179	87
1077	12
313	1
785	32
28	158
1236	28
594	29
1263	70
1519	28
1386	23
313	211
2060	7
513	85
3140	45
46	300
673	98
1072	68
2117	150
343	85
1564	51
335	35
394	42
1675	22
306	59
812	6
2740	24
1360	358
161	56
1882	52
974	40
643	14
678	40
194	61
372	154
2387	179
157	19
931	200
661	61
1574	162
1224	97
2294	3
431	98
1072	116
625	2
468	61
1284	20
376	3
145	72
788	168
1361	301
748	99
287	30
4206	269
792	120
891	88
556	144
833	159
87	189
427	287
373	107
109	357
1659	52
297	62
1126	83
549	57
745	203
707	67
151	73
282	52
738	17
275	171
642	67
980	167
635	183
2678	148
157	176
1172	72
363	8
180	96
279	101
1144	79
46	3
302	399
256	46
301	326
232	166
2193	57
1044	217
1451	52
914	80
872	20
1222	57
2357	304
148	63
1562	5
1443	40
1044	274
252	723
512	41
601	70
240	90
1230	271
713	69
425	87
1941	189
351	73
337	160
409	44
556	32
396	47
504	128
1574	66
729	174
1912	123
1794	49
171	10
313	33
175	94
991	87
415	60
297	37
186	79
335	13
239	44
488	164
1264	73
1333	22
452	123
102	16
862	44
538	21
302	137
38	53
1846	179
312	308
865	199
363	181
1196	27
2926	9
995	148
180	1
1529	10
585	198
202	83
1126	206
356	10
2379	11
851	106
1823	56
466	90
1217	147
35	3
1062	156
60	253
2345	9
796	130
2401	12
1356	18
727	129
849	51
4026	42
103	197
98	49
930	52
433	131
294	192
383	37
469	35
257	34
890	68
1076	3
3972	105
1152	45
39	19
193	26
1429	4
679	295
319	318
178	60
315	6
263	3
864	66
2007	30
547	1
2400	205
999	98
619	38
1405	172
190	52
360	239
1070	377
668	159
1958	100
139	63
1130	15
2610	237
458	44
475	122
1008	10
372	151
2034	236
2146	92
1957	254
2031	158
882	127
1217	206
212	199
2485	116
998	224
442	5
720	54
237	492
49	28
508	108
105	46
977	117
471	132
520	272
1338	443
172	428
72	190
224	264
981	9
1385	95
479	181
668	49
3916	48
668	96
167	29
84	2
1711	30
58	35
744	244
430	2
930	271
183	142
486	118
1772	121
1277	46
35	6
615	110
47	340
211	49
255	108
316	41
48	16
695	234
796	510
851	174
327	3
105	88
495	134
877	14
569	80
902	145
686	78
449	12
1195	32
494	131
365	68
521	122
692	53
2339	174
35	168
1217	91
110	63
444	58
611	384
1355	51
432	71
302	233
1467	37
2560	105
1246	83
172	155
1155	303
910	44
56	163
1295	162
1439	113
1052	58
1445	83
470	8
1599	30
294	134
629	482
413	89
473	23
495	419
231	294
963	28
255	156
354	44
1442	17
1626	19
466	257
3087	8
750	65
451	100
462	107
72	15
194	26
4303	59
687	54
1277	37
86	14
3763	225
249	11
382	4
368	90
319	86
1398	21
1516	56
17	23
540	209
947	17
390	37
448	10
2261	58
424	1
244	237
197	33
286	171
1318	1
2243	3
2873	101
1046	13
363	294
46	61
487	33
460	112
777	47
334	12
592	8
1610	44
1073	173
945	104
725	302
1302	41
1889	34
289	159
973	52
705	62
434	115
1435	20
482	60
199	259
183	210
27	45
254	62
1736	272
484	60
407	14
4301	22
639	43
851	41
405	181
171	107
1743	183
721	15
2313	182
694	199
260	22
61	1
1104	9
402	25
250	244
377	77
1213	33
259	9
1997	33
561	30
291	26
175	214
1175	24
5389	28
209	27
206	22
519	163
369	61
1677	46
334	52
509	154
2145	76
62	137
145	60
739	76
591	27
810	59
261	58
321	13
829	25
697	12
994	56
1244	34
422	29
1263	32
329	195
322	8
807	222
1073	23
80	440
178	55
152	48
269	146
257	39
667	248
355	48
1232	20
245	48
208	96
526	28
224	4
694	28
3329	214
1065	140
209	82
55	37
246	163
1700	343
284	261
86	150
297	39
474	271
325	13
18	12
454	40
1864	57
1242	89
38	147
1082	112
828	3
623	5
717	243
527	30
1039	202
49	3
2022	23
192	197
406	27
523	43
220	213
356	287
350	63
99	20
1121	26
45	11
983	155
2495	77
1079	31
882	334
84	89
671	66
2085	148
419	71
689	117
438	93
1676	49
1085	20
2280	38
17	131
1145	317
2760	22
515	32
1074	254
1341	490
1248	29
976	18
1254	98
1147	15
530	162
532	235
626	113
279	136
40	8
224	109
37	103
232	24
918	170
3288	180
2364	243
488	265
1204	15
206	4
1544	1
826	3
394	558
1465	182
786	185
452	153
420	113
430	250
555	234
630	20
62	237
624	99
303	125
341	74
314	61
72	12
141	29
1850	118
404	8
419	19
1590	160
539	130
57	57
1058	132
1626	113
304	125
709	194
604	54
968	72
466	87
502	3
912	49
1008	398
641	268
1945	15
201	151
548	22
456	76
309	2
434	15
925	329
542	12
407	16
122	51
993	11
637	137
1095	413
1151	238
236	85
260	74
856	87
164	80
59	15
969	126
631	53
807	103
325	210
328	44
286	108
2383	344
47	92
412	22
522	208
163	20
1656	72
758	17
2289	103
374	95
2532	94
1070	9
1063	68
206	13
1848	398
304	37
849	217
272	197
836	69
1572	151
660	192
347	41
201	170
931	65
163	105
2285	122
2268	111
609	194
856	382
1037	14
769	89
706	215
681	49
231	70
1454	77
1270	76
1931	19
2581	33
373	6
778	126
259	56
1320	34
380	45
479	23
1116	9
936	45
1929	81
331	83
1405	76
842	9
453	35
977	165
655	259
1812	26
633	41
360	11
1708	44
3289	159
161	202
785	39
890	19
2426	74
925	193
668	151
732	188
994	461
580	158
493	115
252	35
1775	107
531	187
287	258
2490	106
54	227
896	68
1550	5
1625	132
424	112
726	348
1028	119
526	130
458	38
1099	149
235	105
3010	223
1221	3
41	105
329	2
2263	3
1019	163
2201	20
3386	168
323	141
370	63
641	48
146	60
337	41
832	22
3524	158
497	12
1310	20
266	87
159	515
283	56
234	67
598	11
286	78
2728	87
2926	38
1762	43
1461	54
435	54
89	375
83	697
972	337
170	34
1013	12
764	42
451	206
333	183
2303	149
142	44
842	7
133	38
194	119
182	35
162	97
52	25
283	129
294	25
390	131
182	84
604	15
617	127
1034	35
536	9
251	63
271	199
3545	21
370	56
435	121
684	51
1818	111
1103	58
323	52
1559	172
98	80
141	48
564	302
767	142
790	236
1880	45
507	23
191	115
749	77
55	92
857	253
1064	66
2016	19
1510	144
245	9
1914	19
147	253
223	32
132	89
439	72
385	98
1655	19
1963	119
1657	21
424	72
1543	124
147	5
608	73
545	130
268	23
465	80
851	120
503	6
735	78
771	211
294	169
2310	57
332	74
709	37
1312	100
157	264
88	151
649	61
212	167
1431	3
527	39
239	32
207	55
366	383
608	23
1611	185
890	268
793	49
854	16
1682	121
205	20
714	55
25	46
658	79
1431	296
1143	6
699	12
473	215
1186	265
65	82
4277	31
558	37
1489	2
902	31
1038	260
308	84
2091	113
165	28
248	320
407	115
904	220
54	11
302	63
1059	45
571	388
2879	72
886	32
146	101
307	108
66	35
2125	24
1083	152
2639	128
326	30
774	11
1851	8
209	40
3963	99
1063	19
221	66
1052	90
988	19
332	168
914	21
1398	21
1268	60
353	90
176	48
259	499
1710	56
375	33
237	55
737	175
1618	251
284	55
404	68
1383	56
2007	160
1695	372
243	140
870	199
416	172
61	183
174	262
697	4
176	134
690	171
639	190
478	322
46	7
483	310
795	100
1798	63
689	22
1719	102
226	223
1975	293
261	88
1053	97
2927	28
425	2
523	193
1288	87
1721	136
188	135
1694	37
443	74
78	28
1785	21
374	126
825	95
428	140
495	28
728	511
244	172
733	85
1063	133
899	62
1361	2
414	122
501	11
44	66
1164	96
558	243
2461	208
1842	10
250	154
504	99
377	126
1501	42
3554	127
516	38
386	284
1611	4
182	44
143	145
2071	9
419	272
1754	257
2808	26
780	124
655	89
358	244
1245	71
1377	155
514	47
1581	183
156	71
778	213
1503	27
700	65
465	7
1280	3
595	220
640	70
641	167
3248	4
178	162
42	80
1740	86
1647	73
995	178
459	10
180	55
1037	37
230	391
366	27
1534	18
180	95
783	141
626	35
506	257
745	21
1617	604
1708	105
363	33
863	2
2059	408
532	157
2519	277
2258	151
207	67
404	5
357	101
734	4
125	10
198	165
881	162
486	55
1433	97
251	124
300	77
178	206
1814	8
526	1
878	251
6851	71
1231	44
347	235
2174	81
172	57
1795	43
1759	15
1369	24
848	200
987	31
460	40
1333	22
654	8
1472	79
237	7
596	32
1413	45
1208	27
287	46
1039	68
1188	44
448	147
1692	167
317	65
1363	83
1135	40
374	68
198	152
2395	255
878	81
470	157
583	171
1252	200
1123	112
240	34
1725	90
268	24
379	2
822	4
1088	164
368	38
1082	29
1857	42
1053	179
622	29
450	43
354	52
227	50
2188	14
755	37
584	143
1375	16
896	172
585	196
1033	119
915	177
170	308
470	24
1638	1
46	95
307	144
903	191
181	18
743	184
210	110
2013	109
40	306
664	127
782	135
397	261
153	120
173	21
163	121
186	57
449	142
1102	20
675	113
1029	161
385	232
210	162
582	261
792	48
660	233
1242	36
2018	3
32	378
244	42
420	87
173	143
142	93
761	21
1200	47
233	65
835	14
2966	64
344	24
1023	53
27	34
589	366
294	272
3134	55
2255	160
2405	179
521	76
1059	47
588	41
2794	40
431	98
168	48
642	5
87	179
268	103
768	64
895	98
819	53
2265	107
330	171
1190	4
166	54
1574	49
43	164
989	58
516	34
929	38
644	5
751	109
843	17
3514	57
196	234
1231	29
398	185
167	449
2434	107
663	98
3116	137
742	1
3217	191
308	288
483	75
255	282
698	24
349	339
27	29
452	36
230	3
608	54
360	1
273	24
434	111
585	89
689	61
1148	166
293	14
816	131
630	152
650	30
623	30
578	113
1421	50
309	202
1624	5
333	167
2392	1
1176	17
1401	83
292	167
734	181
1891	10
429	44
130	39
1232	42
311	45
193	91
444	34
945	90
29	40
1220	318
1161	7
2434	476
637	116
653	111
265	104
287	259
1203	58
1394	21
487	4
352	153
688	55
185	7
1302	17
520	221
2001	32
501	234
979	186
240	192
1004	292
170	98
252	272
443	59
561	110
554	134
56	150
1009	98
137	42
1115	42
776	149
744	26
3093	44
452	45
143	512
691	43
1067	83
1764	62
612	27
505	5
3005	3
761	56
229	234
768	12
903	9
720	33
1846	13
1808	68
586	205
424	108
306	87
755	60
1435	70
740	14
683	58
268	45
475	144
1807	8
384	254
1789	248
273	179
430	79
1215	84
41	233
1769	260
365	68
788	36
185	13
521	179
352	26
705	75
103	81
468	132
530	25
1727	67
4095	40
194	7
736	88
2423	142
951	158
759	124
640	36
481	34
521	163
694	16
444	124
3405	52
3036	68
605	108
2418	315
1631	269
1702	151
795	60
342	176
1282	61
1119	424
100	166
257	229
1192	158
409	78
1880	43
430	106
1625	163
512	17
2051	187
294	66
594	90
1275	9
176	161
176	20
874	44
2232	10
1902	105
30	47
1536	81
328	174
4307	142
144	38
226	93
226	53
596	382
443	66
204	17
1115	79
676	185
162	32
258	399
330	17
2480	51
559	15
272	34
201	19
256	339
600	128
24	118
434	178
375	32
672	2
547	83
245	128
2033	43
876	111
3418	21
168	131
493	139
1400	419
365	56
1584	144
2741	6
47	54
1723	336
810	234
686	289
277	78
1382	549
40	64
862	85
722	200
1210	2
795	264
686	5
500	42
786	62
429	103
633	171
1625	27
951	8
346	9
2582	165
736	5
748	107
226	34
2527	37
586	222
1147	12
235	7
688	168
4972	34
1583	17
1479	42
770	25
1920	23
308	48
1881	98
628	70
638	171
242	22
1059	573
616	64
240	8
112	151
809	31
1761	50
197	49
1593	55
3349	125
1167	46
1572	4
843	25
1480	107
421	90
1264	206
2671	2
381	22
1995	142
49	121
548	30
521	4
671	2
1152	176
1422	188
912	157
2130	150
1058	6
263	27
789	350
564	106
295	224
282	341
581	13
556	334
1408	132
1689	2
334	76
551	103
1499	56
300	168
646	58
827	190
549	119
168	106
303	104
1229	39
1632	18
753	89
218	14
259	185
507	8
1746	327
513	104
283	27
1291	19
744	100
3351	362
1374	10
243	8
444	38
367	85
1084	32
433	15
1330	30
103	232
69	11
237	28
164	5
482	15
1494	202
178	171
779	81
536	7
1389	355
635	114
463	295
1215	1
283	242
962	35
3885	136
162	109
2890	83
222	4
1576	103
529	242
175	123
676	66
419	5
493	97
1844	88
1054	48
1140	95
2783	26
640	24
337	7
343	4
881	55
77	80
1683	144
2489	43
436	147
465	28
270	40
1268	81
1431	90
273	92
175	119
299	73
666	106
783	38
113	9
674	54
342	57
913	141
332	114
1057	225
2293	143
75	78
518	157
147	45
184	109
1049	4
847	159
1773	62
1399	39
897	20
569	83
496	4
1465	88
2063	56
1220	35
89	113
463	246
281	71
446	45
454	51
73	46
833	132
859	13
425	293
345	169
1685	95
2449	60
853	194
1142	49
216	166
516	142
512	296
53	202
606	172
697	10
470	96
233	199
892	69
719	56
1266	30
1441	422
524	112
712	35
329	36
2825	11
1216	134
266	189
443	4
1223	35
2232	206
815	60
831	1
350	19
798	16
173	22
425	92
1751	59
961	210
28	159
1723	86
1307	4
318	128
307	123
146	133
312	36
1390	35
466	18
638	74
278	202
521	148
71	149
2022	11
383	3
1112	110
1444	36
600	29
1149	16
48	298
784	100
694	20
2234	85
195	19
3443	17
2952	50
385	73
329	235
2634	114
44	3
435	303
406	27
658	7
315	5
601	22
1332	42
2845	2
929	49
528	179
563	7
235	17
219	184
1512	67
167	38
585	124
812	83
1566	52
474	128
408	4
810	110
253	9
658	5
35	19
2629	7
429	24
219	42
1423	38
53	113
920	37
729	94
216	322
291	21
224	278
900	84
1098	243
697	28
370	47
398	8
325	93
168	74
551	58
315	157
887	22
920	323
338	27
464	33
2394	36
599	274
438	13
574	26
1158	93
2017	44
3545	82
182	58
906	81
1509	207
827	101
396	46
852	183
2332	237
804	88
851	17
1838	7
1956	780
615	27
2773	71
605	39
294	195
98	211
318	2
2030	222
1082	116
180	26
875	19
946	3
941	204
79	49
437	24
232	154
507	39
3899	28
1129	84
234	6
119	254
275	78
282	19
1102	29
165	58
1180	191
191	371
701	176
1648	464
201	131
45	97
946	69
842	577
1082	44
317	24
647	192
1606	9
495	157
1764	127
231	30
214	215
1152	106
1193	140
209	27
624	75
2593	164
31	67
404	188
1311	47
1663	79
167	11
26	144
776	17
319	110
44	308
482	4
1176	148
827	56
1108	227
174	174
312	259
705	27
572	61
437	194
865	21
231	243
566	229
1418	65
2791	4
2099	33
856	197
1348	58
356	30
201	3
200	72
620	11
1549	93
355	94
492	26
173	51
1578	96
1056	8
565	144
460	92
1213	29
702	5
697	110
544	62
67	32
1831	27
2827	38
695	165
1088	164
731	32
1036	95
604	7
869	125
2897	19
1326	32
467	7
3932	7
1522	76
696	216
652	25
1056	32
205	37
529	99
624	95
1702	46
911	81
1037	78
868	29
211	166
257	287
33	7
399	372
758	204
176	7
197	78
1612	254
424	251
2849	649
293	57
1969	129
153	57
555	110
201	38
422	244
1285	24
1583	35
333	50
408	175
1931	112
151	51
1739	99
2954	1
1520	148
2193	144
1411	259
3665	19
938	12
927	85
4676	33
861	313
323	85
541	146
2313	189
1136	32
1576	185
634	89
2365	9
791	82
573	139
208	74
793	86
1683	170
1085	35
451	9
1170	69
778	107
185	32
2251	144
3116	3
793	152
434	95
51	132
888	98
610	87
31	160
189	318
226	2
417	17
2352	102
4427	18
343	283
1347	33
47	58
456	3
110	212
223	221
1946	27
498	22
87	3
975	96
1354	39
421	69
1060	45
36	88
1003	10
276	1
242	68
1769	36
1040	137
1595	169
34	163
819	215
1745	42
276	218
372	30
793	53
801	69
49	35
276	19
452	303
513	40
1408	291
1770	184
1017	126
171	197
1997	96
848	18
1113	38
288	32
415	239
2962	21
1837	104
1113	8
528	228
465	92
226	39
513	228
1740	227
70	81
2187	215
554	3
164	100
68	4
276	13
1195	63
264	150
1053	82
476	156
1002	322
2293	3
592	326
697	68
327	187
262	33
1449	1
135	78
349	66
169	30
696	8
293	82
45	53
2869	25
427	157
173	26
159	336
378	115
1292	39
185	27
1853	18
1110	37
182	55
2189	73
193	8
460	98
510	14
680	24
508	236
1538	130
227	48
2536	38
694	52
1484	11
360	11
1408	18
607	167
732	98
1366	36
367	62
333	23
602	160
2396	146
1280	18
392	106
193	23
332	33
2620	22
174	25
578	26
2207	155
74	311
1709	157
181	189
178	75
915	52
971	186
1755	405
543	153
282	271
631	53
523	42
623	35
209	54
577	20
319	6
2100	40
386	5
308	33
1983	49
645	12
218	65
816	25
2273	214
170	35
2827	88
1685	91
811	71
746	43
61	34
1255	43
976	84
3252	334
870	138
706	7
979	14
961	5
307	65
792	118
677	4
67	13
160	22
56	256
941	22
815	212
914	131
1641	20
188	83
850	319
1970	22
943	144
381	333
246	12
408	5
748	11
39	142
354	74
1440	15
236	74
280	97
2404	2
463	158
189	73
1518	106
1463	2
1370	106
561	15
1826	79
178	133
746	36
1199	4
381	84
284	242
282	114
1352	31
502	139
1994	258
274	216
652	37
879	44
1047	22
1700	18
770	21
451	21
1049	107
236	66
1080	43
170	15
859	5
406	24
2978	123
1494	63
1315	72
1027	250
1154	164
2332	11
2836	59
1089	219
478	121
2265	59
124	19
284	3
1594	409
1911	11
809	96
1458	80
1839	197
551	28
551	33
525	11
412	104
491	95
4007	24
23	181
848	200
353	48
775	58
2196	23
200	78
606	76
809	56
769	73
585	21
443	34
321	51
308	11
1046	75
97	204
663	34
305	41
521	88
787	320
808	88
892	190
1235	332
482	6
434	143
56	85
191	181
383	89
1616	41
1103	59
1485	2
340	135
1261	13
801	38
182	47
786	512
615	18
269	53
1399	23
856	38
205	41
2904	145
1182	91
703	58
911	13
824	111
617	19
3550	49
65	77
295	10
1189	50
179	76
195	150
1141	450
1551	510
1497	142
106	726
1066	42
798	175
207	365
379	59
292	17
1834	1
1224	43
1811	11
1897	109
105	106
288	7
491	28
1244	59
3962	72
284	94
2145	209
340	128
1910	130
1774	153
1087	294
263	25
819	436
645	85
180	64
3373	41
460	143
76	107
307	167
1006	192
833	155
103	5
789	187
53	26
1368	87
347	31
279	99
1507	143
2053	30
505	4
100	60
1180	35
49	33
325	55
311	28
703	6
34	283
907	50
370	47
58	259
1637	177
2523	58
30	215
528	9
1443	100
326	73
443	26
1499	95
1249	121
634	8
784	439
446	20
1053	106
930	107
805	63
1122	37
527	49
1012	48
1263	223
879	87
412	59
2079	6
523	104
226	62
1920	134
354	47
391	32
1457	59
1129	100
24	52
423	46
1587	56
231	93
322	23
556	198
825	126
1523	66
637	102
266	384
219	22
318	5
1095	8
1633	26
481	59
473	1
837	1
948	68
260	9
1198	186
953	422
1383	81
276	284
705	130
462	49
53	3
1581	13
226	310
305	84
2091	12
548	141
574	92
164	32
257	50
865	155
1889	42
216	49
1656	169
1605	1
722	120
878	45
923	43
637	74
836	105
1140	344
444	80
876	38
178	34
182	61
761	206
189	112
282	9
784	17
1195	266
478	125
573	144
882	195
450	149
362	22
201	229
440	30
472	311
325	73
527	38
660	39
330	102
760	452
1549	77
387	120
971	49
738	142
793	276
2089	117
312	343
3464	138
1874	171
569	2
1266	68
495	83
48	15
499	81
244	124
557	473
1822	9
1393	253
189	110
2746	77
1864	43
160	76
743	54
314	57
811	44
197	369
318	127
568	49
2175	138
444	112
742	139
169	153
2941	182
1619	123
959	194
280	58
584	127
421	391
610	50
4095	333
1039	319
217	67
543	175
1004	120
405	145
883	309
941	8
340	211
593	26
1191	132
343	213
417	183
53	291
838	52
163	54
1048	353
1755	4
189	6
161	12
293	29
229	103
536	165
2157	137
238	33
94	360
598	9
307	5
2438	39
1653	59
817	39
901	206
389	15
1341	84
858	94
1102	97
2043	152
358	16
211	125
790	72
323	58
251	129
287	154
505	162
521	70
1464	121
823	17
211	40
356	35
2181	91
263	380
685	74
418	19
1519	60
264	53
320	169
198	39
271	47
1957	121
602	47
1060	138
257	156
1606	18
719	162
405	114
221	106
63	116
664	87
241	120
1544	34
2050	174
360	22
1939	670
665	71
259	140
474	105
612	59
431	115
1490	16
252	83
558	21
756	6
1143	42
1512	285
1015	82
1144	339
533	116
843	47
226	46
295	16
197	32
2337	174
1126	100
155	22
626	63
1498	49
1792	28
1354	69
1301	86
633	61
954	165
1748	51
1258	135
834	79
852	23
342	3
443	164
827	56
497	25
2508	68
492	86
2693	20
1375	208
2123	150
349	105
770	49
289	166
462	24
338	26
2292	11
360	88
754	167
429	68
202	29
314	122
388	45
686	124
69	102
270	6
807	117
1133	61
55	33
772	26
662	527
919	63
1475	47
505	31
4058	85
845	20
389	100
706	130
345	70
2519	41
2252	21
103	68
88	466
1114	284
875	94
150	111
2742	59
22	37
6	27
1417	21
586	5
1876	125
401	18
940	38
1309	70
213	171
222	41
1330	95
362	36
757	149
56	104
397	217
496	40
756	230
1957	99
398	27
1790	58
194	40
3469	2
601	82
546	10
3567	7
1334	216
663	123
620	7
248	149
141	35
333	253
4593	248
330	14
202	227
1013	6
377	13
1361	5
1922	1
885	96
463	69
70	11
1943	10
121	125
190	38
477	87
420	128
1707	111
827	53
1457	180
254	81
259	15
352	45
511	17
167	120
25	57
2323	6
1373	22
688	124
1435	105
1001	158
280	269
1174	36
3038	54
457	401
750	14
1133	7
612	226
1081	332
2226	60
494	15
215	108
285	45
254	21
2253	245
475	20
247	27
174	48
415	110
396	140
163	134
1405	31
196	127
1133	60
1104	117
828	140
296	35
1332	2
1901	62
184	417
48	79
155	273
640	115
195	15
968	174
2738	22
792	130
161	76
799	108
596	42
909	239
798	38
535	109
1715	90
234	21
1367	109
66	341
1530	149
1544	6
660	29
560	22
1313	32
1158	17
361	191
310	36
1866	4
2160	46
47	45
646	9
44	52
1015	138
1019	21
274	105
396	254
802	53
1321	46
1775	3
204	93
282	1
64	21
570	48
1756	31
1581	22
619	20
33	154
174	229
66	12
1514	25
245	184
815	53
1228	20
1953	1
388	298
420	336
519	63
191	38
519	125
673	5
1348	11
780	96
2641	146
602	17
4017	229
3733	436
1554	14
936	221
243	121
191	208
177	38
1256	38
1026	155
618	148
1109	361
917	110
62	75
1608	39
344	324
1740	101
273	50
1681	152
168	126
216	4
175	89
208	6
3646	163
1611	78
763	60
1929	55
213	234
2278	140
508	59
1820	3
234	74
173	32
321	141
584	87
372	100
396	96
558	46
340	9
771	23
980	3
387	10
1020	116
968	285
2131	311
282	42
3630	62
1158	97
2598	2
1903	20
305	79
1595	131
276	357
263	146
319	89
1023	41
682	61
1148	120
1142	77
723	5
1022	25
1518	54
536	224
909	188
1235	108
52	8
1180	43
463	61
200	57
407	3
2488	126
1111	41
220	16
1318	46
223	10
1033	202
2837	22
2549	150
1670	143
2545	21
655	47
646	22
72	67
420	268
1154	107
392	121
1568	234
582	89
251	317
1613	336
591	348
157	29
2625	220
1699	498
53	7
236	73
788	128
184	41
189	74
1384	102
194	93
547	175
1196	6
388	2
1083	11
367	53
82	21
358	11
3303	53
3640	100
593	87
111	244
276	2
732	276
226	20
1756	41
1266	55
1477	20
316	235
1085	63
217	30
863	31
524	362
836	39
2757	233
479	34
852	387
542	5
254	61
341	57
367	141
331	37
141	430
220	194
82	125
655	46
2558	35
527	78
844	66
55	58
1377	30
1599	119
234	107
395	6
211	187
367	214
902	67
872	13
216	14
969	206
2783	105
415	106
960	30
212	86
1013	28
2662	215
2421	183
490	24
755	436
487	45
1463	51
178	14
50	124
347	23
280	31
1013	60
361	251
519	19
504	24
3268	49
142	205
286	23
851	61
815	78
1637	47
378	29
1415	90
1009	195
587	57
935	33
80	131
235	40
513	163
292	35
312	53
594	161
154	66
416	164
60	135
242	24
1367	7
292	60
173	22
1231	42
404	14
353	67
563	28
759	4
372	61
1603	12
1102	170
517	102
759	52
373	86
1201	3
981	140
790	242
508	104
259	50
61	33
1406	111
46	15
648	30
617	60
423	45
2047	380
929	57
1431	123
774	161
1049	68
313	265
416	158
798	26
6608	318
42	34
6	12
721	270
14	31
1792	8
17	121
6	19
6	462
1104	63
15	287
2887	160
1490	267
2945	153
21	80
7	154
5	15
6	63
5	2
5	64
7	190
862	71
1727	18
1937	13
814	44
779	432
177	17
155	212
247	48
404	213
566	40
63	56
483	11
1290	7
722	189
139	34
1376	273
181	15
715	17
160	298
1697	59
310	13
5615	52
909	308
1831	54
611	192
530	25
1857	115
1797	5
305	226
1423	159
860	258
273	17
2030	32
1831	89
485	149
763	47
67	22
2502	50
1462	45
422	26
1484	16
719	46
1399	41
93	66
628	23
991	77
279	42
169	47
454	317
212	20
2515	37
2577	61
794	99
1687	87
1948	113
1892	55
431	11
523	97
206	54
78	195
187	6
2269	85
205	113
2200	399
789	27
2703	59
1581	4
556	27
1156	439
122	83
1496	148
658	203
384	113
686	30
2098	120
2200	58
332	145
255	27
1941	20
171	96
2423	36
517	301
1755	18
2094	65
76	15
1001	48
272	238
1293	91
638	45
744	48
2614	47
1068	17
439	36
234	69
1575	48
500	79
383	8
977	5
504	29
77	248
2048	284
1244	155
190	42
446	123
177	286
747	10
383	78
187	40
253	18
1685	179
73	101
1261	156
370	225
389	242
191	8
610	9
178	26
756	27
884	36
91	293
957	326
3105	93
435	33
704	20
777	76
548	179
3215	23
1409	32
625	76
877	44
107	24
223	29
196	35
900	55
1848	46
676	56
1561	167
357	67
444	107
207	123
287	152
66	58
813	30
1980	106
419	14
2634	372
637	64
2372	17
2127	62
3138	335
1173	34
1207	478
1082	916
457	139
1325	87
547	181
2029	101
926	19
298	23
2029	71
519	28
618	253
4151	35
2062	9
740	237
209	308
175	229
591	14
808	123
2041	5
724	88
209	93
469	61
215	206
293	246
395	303
839	223
992	171
834	217
700	69
278	58
539	217
648	95
796	390
1347	77
1964	194
443	60
916	173
944	487
1096	139
1259	184
2357	50
307	34
1164	37
1656	79
1347	30
1315	37
58	27
1085	104
34	74
456	22
802	176
1073	146
118	4
863	1
276	23
412	23
169	12
660	10
410	119
92	98
898	18
365	22
260	80
24	280
751	19
182	82
159	67
457	59
303	46
223	54
329	11
50	16
718	209
1914	24
707	161
907	2
52	33
1000	81
1143	73
2059	300
410	234
2359	17
278	100
1680	59
2365	127
1373	77
507	14
64	20
351	165
278	26
952	100
597	88
258	27
1115	203
127	61
1166	191
1778	27
116	32
263	193
65	66
197	117
602	69
1707	37
895	68
1662	97
488	21
98	15
444	287
3079	27
400	239
509	85
384	129
1104	55
2286	35
1525	1
1155	130
892	77
866	127
2952	82
1449	81
269	28
1970	87
1058	191
404	52
183	111
820	46
357	182
611	274
235	66
1099	62
332	42
174	235
454	62
1151	21
444	236
630	233
65	192
441	139
2058	32
1004	93
429	30
1867	21
953	126
361	11
1653	32
871	35
954	29
501	46
630	11
684	195
383	21
136	357
801	75
771	18
967	132
589	1
226	21
320	16
785	24
1797	23
1082	3
323	274
1843	18
236	35
520	211
891	38
1648	364
955	10
183	80
1524	132
290	389
405	203
2213	113
178	75
889	143
1694	326
1934	1
431	45
618	14
3506	80
776	1
46	258
167	142
483	147
73	14
1731	2
1573	70
468	314
1431	20
70	217
187	168
850	104
250	26
583	222
1090	104
1463	30
869	164
1024	15
892	204
583	2
116	24
559	12
744	226
655	76
400	2
1950	235
1059	279
77	148
163	164
140	50
714	360
2231	40
474	34
1100	78
346	298
1488	112
1290	23
759	42
4330	1
1967	79
2874	291
1733	248
1628	226
214	42
1215	19
2997	74
71	105
84	41
157	55
3816	65
492	100
1188	125
60	1
201	395
1703	40
1899	38
57	101
163	193
225	90
302	173
1180	101
970	13
1022	241
180	46
847	354
231	149
2266	84
2052	34
1020	81
616	175
3292	19
327	163
958	215
1151	89
502	198
772	18
679	195
6286	14
105	53
1270	44
287	124
1074	119
291	170
1099	20
452	34
570	39
103	359
609	139
2106	124
484	20
578	84
326	39
1298	209
1238	7
176	37
188	134
2100	43
520	217
1737	35
357	89
280	399
185	87
619	43
1714	109
1357	78
775	32
332	173
2053	344
216	101
193	3
549	212
7283	79
214	167
285	74
48	232
1462	17
398	44
877	124
88	27
611	8
650	46
373	153
182	31
290	54
1543	223
90	18
2081	64
388	63
596	144
318	56
399	93
252	56
893	18
1039	293
203	60
1788	135
1176	161
546	58
2137	105
241	65
703	16
393	32
230	139
1434	2
427	129
949	75
170	46
546	36
183	52
172	4
1596	2
1109	7
52	149
282	152
2002	110
1250	9
1133	133
495	143
1809	180
728	8
927	54
74	181
1422	91
77	59
3806	4
70	52
717	50
255	3
747	67
313	26
246	87
704	118
577	22
181	117
211	24
740	11
1476	35
666	74
1779	41
1622	2
72	75
222	104
480	34
309	21
1045	138
183	72
1152	26
1921	50
937	16
776	245
1253	73
1456	234
1873	91
594	15
217	20
973	73
246	14
238	455
2487	2
1574	227
647	205
303	93
71	53
264	108
645	262
1724	13
406	230
61	21
593	161
894	94
1950	32
68	5
991	50
810	128
539	105
208	20
999	43
3382	89
959	416
220	67
1002	87
91	35
237	96
1341	155
1062	25
1292	50
576	86
663	131
505	30
1411	100
638	44
278	103
1348	17
2346	20
308	86
653	36
1388	51
1527	344
31	7
302	129
401	216
586	20
475	160
530	81
1612	72
36	126
1745	1
2390	91
192	35
190	7
346	89
729	28
900	173
72	49
592	33
134	49
3993	144
1225	63
1085	124
73	33
1101	90
304	184
2086	117
1383	32
1769	206
1456	361
206	130
1662	50
307	86
682	9
139	387
144	107
202	35
314	196
2258	548
625	28
312	15
106	38
1042	33
334	20
604	32
398	20
2823	233
303	231
600	156
684	6
674	125
1860	19
422	126
893	236
1020	20
299	109
735	34
5052	39
606	136
1945	1
685	2
454	22
339	48
784	39
1595	102
1162	212
66	45
760	15
339	282
552	1
39	36
249	165
1026	19
599	29
2350	57
105	132
462	33
1235	32
488	111
471	122
860	32
1437	59
346	188
1379	23
658	174
244	75
387	506
1034	33
726	4
525	10
801	23
716	482
262	35
112	430
253	112
1065	64
91	129
102	63
1103	49
363	467
531	153
843	61
108	73
1155	72
494	297
183	13
1748	175
2103	10
459	13
63	70
1524	157
859	10
1298	67
665	46
1236	52
49	51
946	152
394	12
395	161
1456	51
1365	34
1522	438
283	26
766	82
978	152
1333	206
1770	64
116	82
449	144
1265	52
656	15
996	61
1137	30
2006	48
522	36
68	44
215	11
51	393
207	28
62	2
884	166
307	10
878	319
1356	18
904	70
614	35
371	183
593	82
960	58
1489	92
1001	81
687	73
1912	12
298	125
599	18
849	84
1048	87
395	17
1928	57
891	128
1668	69
811	112
263	26
585	20
1686	60
295	78
283	350
1739	218
1103	124
1017	65
251	351
3373	96
182	179
344	155
305	137
987	164
255	24
420	216
262	12
243	160
228	173
294	108
300	60
248	225
54	183
159	3
1128	36
1305	138
49	233
1597	95
102	10
497	179
497	57
2767	97
527	45
942	58
79	185
501	40
797	73
806	189
209	66
834	151
771	11
583	3
3457	25
537	48
483	85
655	128
437	17
1554	7
199	119
1054	302
603	146
255	180
1479	113
690	39
328	174
162	11
535	108
2336	12
491	28
374	75
768	56
280	40
434	16
102	11
494	294
706	19
118	363
903	98
296	6
1990	159
1802	65
1287	5
752	108
2147	65
463	38
527	99
472	53
2149	114
538	25
1257	305
607	147
1449	985
957	430
671	42
900	22
1050	112
297	72
172	25
225	170
1442	14
1282	224
1244	68
119	18
320	28
208	34
393	69
648	85
678	109
315	72
1452	70
299	111
427	230
1232	24
295	526
415	180
504	161
307	66
187	23
3104	104
3770	126
1137	47
381	22
1040	366
172	1
212	218
1545	21
43	119
9	261
6	8
1553	216
643	127
3120	63
221	271
397	125
4512	58
216	92
749	34
458	37
551	110
560	76
2965	13
855	22
1139	87
1276	9
314	120
202	26
207	87
491	84
68	22
829	9
2197	32
1946	139
832	9
203	81
594	196
899	82
15	118
972	5
587	17
370	195
2039	36
675	16
1991	118
474	64
243	93
1371	161
101	1
420	17
1409	75
233	71
374	63
2149	49
243	45
831	135
656	359
2339	2
1746	56
3339	45
646	38
1322	12
1669	52
928	245
1363	8
924	106
657	260
641	53
191	1
235	50
252	15
453	109
1622	16
70	22
2733	25
716	203
591	7
1399	214
197	14
185	60
965	350
1067	81
681	37
1057	195
1870	111
1092	39
2840	154
358	9
1137	199
2377	171
748	53
1004	172
1958	2
209	144
3371	4
51	125
1384	119
269	6
1990	3
647	48
547	2
357	78
339	20
265	75
360	76
795	115
803	250
671	110
371	312
1848	133
162	34
796	92
756	44
390	183
1034	43
67	146
479	126
2290	3
508	54
995	10
249	12
2178	94
517	89
1472	269
220	40
37	133
439	579
279	2
597	54
1387	32
4012	67
685	88
935	49
213	101
893	32
798	302
611	68
1431	6
683	4
1167	30
330	50
308	172
770	131
21	327
1118	60
428	73
3375	428
277	157
567	142
969	89
1041	136
129	67
323	90
239	143
327	68
381	249
1398	5
267	48
59	50
688	59
203	23
1857	77
52	119
413	343
233	54
667	34
1701	74
2766	106
739	29
766	96
366	24
2471	18
1244	101
2450	119
1734	146
1705	49
1103	47
1282	145
582	13
2212	12
771	66
275	127
96	2
231	18
1088	33
325	10
336	128
629	54
934	228
1060	19
416	50
999	454
192	22
804	150
459	141
616	54
2107	152
258	198
258	30
1756	6
1087	64
801	13
650	18
221	90
389	39
193	40
177	122
1526	88
1111	10
226	61
399	25
526	25
532	17
65	238
1710	64
472	110
817	331
1529	249
121	187
964	114
437	67
194	5
1437	364
184	63
3440	35
185	109
1960	170
810	39
70	104
224	70
68	66
296	39
3038	229
2331	100
2356	27
1243	3
1609	18
1474	102
1042	126
487	9
699	97
105	62
3032	126
628	130
605	33
260	213
279	77
1356	188
769	98
75	114
614	30
298	199
690	296
967	28
524	19
1162	5
1554	1
322	137
1448	19
1680	264
894	267
178	11
548	32
840	161
821	19
3962	154
2530	30
2205	9
284	17
216	59
73	75
1127	231
78	1
2053	75
722	44
200	4
711	98
1303	32
968	32
298	1
1218	99
1473	218
842	101
1563	35
359	23
615	67
1149	29
210	20
126	67
719	4
2742	55
981	1
1731	218
1383	240
1139	12
350	63
3453	64
1368	152
337	78
426	1
1272	95
60	111
2744	55
3546	115
2929	137
119	80
234	140
950	70
404	1
209	5
502	51
4062	210
889	49
189	2
701	42
500	5
121	26
238	20
852	86
995	79
438	31
282	174
1852	171
436	161
1002	55
392	111
1033	142
1878	86
70	71
224	320
1686	13
1181	25
195	91
266	59
239	29
1683	73
859	59
522	107
1061	293
513	29
512	24
1240	168
289	240
565	77
1235	60
400	52
1089	9
472	12
299	19
200	243
910	55
821	25
1171	90
77	475
170	60
4117	244
442	29
886	47
1203	32
79	77
182	16
1193	101
787	126
362	129
950	49
800	33
4420	245
4255	31
787	92
82	8
260	122
1041	6
1590	16
317	47
397	3
2104	18
831	54
427	188
502	191
220	103
248	79
2410	8
177	143
526	206
382	227
465	261
1693	127
1472	180
1216	61
569	24
411	50
698	99
1309	99
2449	11
714	14
1154	50
2087	80
1416	33
369	55
406	123
923	33
236	635
192	208
565	39
653	120
899	50
73	78
248	114
2395	99
508	29
1345	128
1991	138
75	65
201	8
673	43
295	321
303	21
87	40
730	382
362	351
5921	44
1611	64
355	41
3409	2
251	11
249	329
361	24
1310	71
1913	27
1743	70
1080	88
1053	63
124	62
890	3
589	216
223	85
312	95
568	29
821	77
778	21
577	20
340	14
278	94
1027	160
271	46
74	40
1320	228
577	57
62	99
206	217
939	91
267	12
237	56
2475	85
337	146
997	36
206	149
915	339
520	105
725	171
746	68
257	9
1150	30
455	85
1093	196
348	348
1963	29
125	21
1707	87
185	7
488	167
938	201
524	82
664	23
924	287
4285	251
114	151
1302	13
1359	67
573	40
1499	66
2135	101
1287	18
165	284
2505	108
45	41
2301	34
358	84
523	163
333	1
1087	74
183	11
177	67
2665	5
603	68
1102	37
805	2
1542	115
226	3
5288	403
338	201
1092	12
1140	109
3360	98
720	122
304	219
317	175
828	41
912	179
3045	15
436	1
270	62
2018	19
1716	41
449	41
725	174
630	42
780	31
396	42
214	1
1697	73
496	15
933	10
89	147
236	124
322	29
348	21
467	13
1036	184
439	127
90	123
943	79
1202	152
1785	27
1490	159
961	32
521	34
385	71
148	150
1068	86
1646	11
1417	129
671	260
235	34
2485	40
1324	45
390	132
1949	45
834	20
1332	115
679	551
493	7
114	21
859	24
97	260
803	16
2453	260
1308	58
1337	59
212	23
1402	157
2919	200
2593	405
78	97
578	77
789	83
789	49
2090	465
213	60
199	10
594	185
80	301
2901	160
1012	65
68	133
1020	7
472	70
238	111
70	6
415	124
174	248
590	96
1043	42
456	52
204	66
779	42
694	25
1259	84
573	14
276	107
873	130
449	142
922	57
1058	5
1712	21
365	80
2392	484
188	31
223	2
1563	71
2081	8
3330	233
422	20
1956	150
1088	70
1053	70
722	199
2353	163
1080	34
1087	285
3409	63
799	35
90	26
63	72
186	76
1139	62
1048	58
4786	112
345	224
101	4
523	55
2166	77
871	138
1036	4
1267	220
1572	2
81	320
710	19
765	5
2851	20
347	2
1109	146
255	67
1146	190
634	155
3204	147
71	347
1697	52
863	119
67	44
420	96
1488	125
782	95
2305	102
352	83
963	376
420	35
1952	121
695	15
565	134
2460	18
1049	68
713	2
200	107
3964	3
63	103
278	49
33	185
1253	109
1068	108
919	5
547	163
3877	59
1082	30
811	15
1517	7
1209	42
1820	384
1036	102
1620	57
1913	187
239	441
562	78
628	68
440	192
522	227
870	137
1265	131
1606	230
473	182
76	15
1288	227
753	29
1363	82
779	138
442	211
1008	19
1604	24
333	146
1485	65
291	75
723	87
154	352
259	85
1204	12
81	21
1382	24
400	54
350	4
1452	314
247	34
1516	90
1750	112
457	16
64	23
224	180
250	129
98	5
2560	67
816	82
824	106
331	63
2037	46
345	56
172	14
431	51
755	254
310	28
1708	240
944	10
1172	134
507	22
71	41
472	230
857	12
2410	39
483	16
2705	64
1368	15
561	39
887	204
77	168
345	230
688	77
460	31
352	12
1806	112
212	124
411	356
34	73
741	16
348	6
661	39
1094	239
240	79
2109	183
848	61
1326	126
1583	20
2299	17
1177	15
402	41
965	284
829	214
858	10
1691	72
2147	10
582	20
81	76
1059	181
486	83
1123	83
489	71
915	96
80	51
657	333
1094	188
34	10
1377	40
969	81
1385	89
365	67
514	182
2564	25
1054	444
737	4
85	4
691	190
617	129
654	82
474	10
1388	16
2414	4
817	161
224	170
681	81
3159	49
975	15
1108	107
302	2
862	44
284	4
722	14
579	28
847	111
1585	100
263	2
1553	479
214	29
357	88
690	21
996	40
2929	208
100	401
245	54
2295	233
3615	50
851	81
1186	275
1364	171
1230	60
270	203
468	81
1230	434
168	3
632	38
1259	11
456	246
850	49
1669	58
859	48
496	7
320	87
1190	83
132	92
318	151
522	193
1333	66
409	273
2139	38
174	41
1509	10
1209	68
120	166
221	8
505	170
1142	81
673	57
1194	369
16	114
7	214
1715	99
1397	90
3269	38
289	75
957	177
944	109
1066	25
521	79
232	85
529	18
108	41
660	36
744	212
2202	55
1851	42
735	43
152	138
1405	116
1896	175
603	151
1372	94
266	114
1093	7
735	159
614	267
355	96
889	44
112	163
806	31
2099	72
864	38
768	32
89	196
1532	57
662	139
286	8
563	84
220	131
899	11
1315	272
1192	127
2399	6
222	168
523	13
277	65
2743	58
39	223
189	102
1672	38
230	58
3217	10
336	476
606	410
378	51
303	24
729	45
379	73
574	39
980	197
270	150
1831	206
1899	48
736	9
484	37
193	3
1292	59
250	18
1498	85
747	36
385	8
216	75
2209	138
2409	65
1272	101
664	114
443	9
157	14
1244	109
1707	4
323	91
531	39
230	64
2108	20
78	188
742	48
253	117
2382	188
883	99
384	111
308	30
793	78
426	15
312	41
1547	20
42	184
3740	68
604	64
753	53
75	14
985	58
401	57
2062	262
163	37
321	305
907	123
199	6
640	47
1409	29
594	393
1318	215
1078	27
219	98
517	7
1851	40
1238	197
1435	27
433	36
439	31
87	44
648	9
806	154
1585	50
772	36
734	124
688	43
1984	236
1763	73
500	5
1050	51
454	221
329	12
1872	10
370	159
257	218
969	173
258	90
843	8
269	37
1324	313
335	116
897	12
1419	30
888	157
356	58
295	106
1264	204
277	146
1212	82
1792	22
1644	10
206	4
911	105
1357	21
2751	6
401	111
1454	39
1058	80
207	169
509	25
241	259
819	24
251	111
670	157
2690	21
575	100
675	99
1703	213
310	47
1989	78
1261	357
1586	297
461	31
1275	48
1387	303
2080	21
426	18
665	38
438	51
87	16
221	142
2150	44
1340	28
3489	159
1247	85
388	96
900	121
720	15
501	76
1083	73
207	41
90	2
369	45
921	106
1765	55
1508	161
796	17
834	129
874	71
227	181
940	55
1212	85
802	23
143	9
588	176
815	11
981	386
189	32
1414	21
899	49
1054	171
1217	28
338	103
482	372
98	13
2157	13
1647	12
384	69
652	150
108	382
235	100
1250	29
2240	414
1358	334
1146	227
362	15
1511	42
378	5
455	110
703	169
252	104
2124	9
650	13
74	33
774	313
355	167
2159	105
1192	58
210	2
684	85
2766	107
1174	92
441	39
280	220
446	1
1567	11
267	291
5414	9
417	38
1927	50
350	34
538	163
334	35
1532	38
2206	220
4818	22
819	7
1014	84
210	161
995	50
1436	60
394	74
489	58
1131	15
836	278
1000	65
1449	2
236	108
200	115
272	8
598	223
212	229
139	42
671	122
228	15
906	164
1434	50
211	12
432	21
685	4
290	19
84	92
225	85
1047	121
328	99
787	191
1144	19
713	61
76	165
4646	160
742	28
2696	16
1061	26
1141	44
219	24
384	145
2870	67
902	196
1043	53
1053	24
229	25
686	164
82	6
163	553
331	200
455	221
936	182
331	19
76	94
324	4
268	104
187	99
784	48
3505	103
196	338
971	6
333	422
1168	172
1176	9
305	12
1365	16
305	39
1103	215
53	81
387	72
248	18
1235	75
384	226
896	27
1191	66
394	48
2562	100
305	33
1011	39
238	61
1661	21
1716	67
381	169
957	53
790	21
728	104
499	114
1064	23
593	119
979	51
485	31
374	299
2365	329
923	52
2143	154
225	56
1055	128
33	2
247	177
200	8
1271	8
496	378
689	116
502	34
937	95
479	183
395	2
663	34
1024	45
1758	41
1004	118
1066	353
450	170
62	10
4105	45
722	123
1692	44
101	185
325	31
744	25
2168	26
1824	29
415	45
246	55
1437	118
1828	70
769	23
1329	3
678	49
84	7
376	24
523	78
1266	24
622	35
891	215
422	303
2258	68
278	346
86	37
1599	41
936	163
211	155
1046	86
303	16
950	42
259	139
2081	9
1170	239
640	319
463	81
1844	173
300	97
680	28
1448	103
1693	13
1080	12
374	17
1929	66
1687	150
1184	87
887	214
1033	157
328	145
433	62
474	49
1022	94
3992	185
2160	67
1340	53
209	182
664	36
451	18
216	46
1697	51
2115	333
459	6
407	135
1427	197
2296	52
210	10
3402	88
320	127
198	43
1209	5
88	20
2603	108
369	54
1172	58
300	107
559	45
1353	251
2876	198
582	361
479	116
393	67
506	157
249	12
213	18
571	182
640	31
1105	35
217	43
1305	89
2595	64
978	64
1013	73
1970	287
393	27
1625	90
445	383
309	72
947	447
794	162
211	209
251	22
691	85
223	36
1061	83
1793	62
1142	13
262	404
193	313
399	115
549	161
108	102
294	17
394	18
3125	60
1602	14
1709	5
2445	182
87	24
1719	64
120	504
611	65
1037	8
2423	112
1674	93
415	69
211	38
633	13
771	228
208	51
403	55
361	188
217	140
1001	1
169	35
1234	137
488	142
1909	58
311	321
492	69
730	175
534	260
337	390
534	206
664	15
318	53
784	87
318	126
277	49
510	34
145	10
1187	118
500	77
480	7
1373	151
829	160
269	240
64	49
869	156
423	99
468	25
658	29
354	147
388	105
24	7
572	34
196	103
234	55
766	322
362	61
53	23
789	106
608	223
484	22
1306	61
363	46
356	18
2759	21
946	57
569	6
854	73
684	54
847	29
1017	200
1252	167
1077	75
924	90
639	35
611	231
948	20
340	28
1606	25
998	8
2268	72
105	43
2720	147
711	100
590	71
97	178
795	2
237	39
1343	374
546	4
623	49
1144	290
588	22
94	153
199	14
327	42
1480	13
308	51
1629	73
833	176
512	17
690	84
623	43
2177	78
917	304
784	91
1973	22
688	88
327	26
723	66
119	66
227	41
101	138
248	69
3705	184
614	161
343	231
2531	123
67	1
339	7
512	28
660	293
861	86
842	56
986	20
89	128
204	410
2443	17
729	8
987	6
559	111
662	21
453	98
239	77
378	12
398	290
113	32
281	117
1482	97
1928	82
1043	250
1087	106
353	148
239	3
529	32
2160	3
1546	182
508	73
2303	16
691	254
385	106
556	61
322	15
620	82
324	98
994	47
1361	149
324	131
252	44
1237	217
651	109
884	167
3301	92
478	57
281	138
626	255
914	155
2240	15
562	27
545	218
2110	52
262	142
677	46
1546	51
677	18
934	157
478	113
543	47
278	6
935	23
1171	78
608	4
649	208
725	20
114	110
759	89
2073	6
1366	15
2194	163
570	131
815	52
282	68
88	164
621	96
764	73
1109	142
622	102
1060	79
66	51
441	186
197	158
1079	32
80	71
567	73
877	104
569	11
2426	18
2112	39
864	29
413	208
1283	51
1923	1
576	8
1668	68
301	114
141	200
488	451
91	92
356	14
1687	25
72	206
1714	26
338	91
899	9
1432	111
257	260
108	123
592	47
983	107
401	27
412	30
106	188
295	94
1679	157
219	7
82	30
757	201
82	99
534	55
197	226
2445	65
974	126
132	131
740	189
458	414
359	147
725	9
1243	39
1554	7
181	16
1034	418
1080	48
679	39
348	139
656	58
113	32
416	383
1918	29
749	38
85	85
589	138
639	80
393	225
412	127
616	127
206	18
1438	90
268	55
235	63
826	207
1228	98
329	131
823	261
304	44
683	138
389	20
446	102
298	40
318	10
263	130
2457	119
522	28
1239	18
301	125
1368	115
712	16
549	144
382	10
522	52
239	36
572	130
278	409
1734	31
843	182
1197	50
3679	18
95	95
1094	113
1179	24
94	109
238	92
89	320
2244	27
3522	38
191	214
601	91
244	114
221	113
2043	24
1245	3
232	10
887	548
1938	77
645	46
1412	278
1207	21
471	29
1279	43
15	112
32	16
41	33
25	57
328	6
92	15
541	48
1054	306
493	15
623	34
1878	66
289	81
163	62
843	13
214	217
1567	28
454	31
111	7
490	152
155	88
867	34
519	153
769	5
645	124
979	14
440	70
774	180
748	223
260	39
294	89
351	80
205	58
237	16
4282	188
1640	40
395	49
1158	120
416	91
618	4
125	93
344	74
607	88
127	2
1688	430
843	43
753	515
560	161
1149	171
406	142
1845	50
1278	83
757	10
300	78
506	267
1891	43
784	248
1047	43
266	51
110	58
772	99
90	37
625	172
441	9
87	96
1180	260
2371	101
1025	146
582	48
1126	131
2521	357
370	7
1728	88
1377	33
780	49
1271	19
692	258
1206	125
87	4
1998	22
619	135
709	144
450	133
841	95
310	40
629	152
125	127
614	202
233	183
1061	171
1013	226
1646	128
1095	146
84	65
957	182
69	22
882	107
430	163
382	38
544	58
275	80
1973	205
2633	21
281	191
1525	40
428	555
1177	54
209	103
411	111
201	36
544	118
567	149
431	259
388	1
775	92
3335	264
308	33
204	57
1526	104
517	155
396	16
1720	120
93	23
955	43
1489	17
304	495
620	85
1089	38
434	38
596	89
1037	355
834	90
429	120
258	46
262	222
100	114
521	111
1614	26
205	97
382	53
1538	24
1175	12
915	59
101	9
1065	22
267	56
1347	55
82	64
1051	46
887	188
526	8
797	5
1172	30
137	36
563	142
624	31
677	94
1249	2
452	17
1964	71
876	51
463	250
447	82
418	128
1062	248
42	146
1206	124
480	185
699	78
503	44
1451	53
374	27
441	115
997	152
526	19
193	67
577	51
2574	43
78	14
1123	112
228	36
239	133
1372	301
2814	72
498	10
599	26
541	171
1318	16
979	16
1200	205
418	172
4823	157
933	31
228	9
670	38
441	216
329	125
1015	35
551	37
706	122
2638	11
374	28
812	97
2077	86
1353	283
278	74
1691	3
396	94
386	58
1650	61
633	226
636	43
223	29
230	104
2889	10
153	97
86	17
177	227
1688	103
1015	64
1131	2
407	32
1265	28
1736	117
1505	148
106	45
532	114
385	6
965	188
95	15
2665	337
1718	4
263	41
322	183
750	64
1207	74
4107	33
1417	51
99	36
1540	39
237	40
979	35
960	7
1007	42
397	126
928	51
2725	65
526	54
861	62
88	55
774	38
2908	12
532	28
634	11
594	44
437	38
1121	67
868	43
204	154
771	30
208	38
939	154
1588	259
3104	159
1091	147
960	56
899	29
1123	8
344	5
2588	145
211	87
203	9
1141	67
722	183
1231	57
223	105
545	129
383	146
796	314
316	31
246	73
882	76
287	16
692	10
264	1
421	446
524	1
70	5
2050	101
191	214
1056	15
747	9
853	8
1941	45
933	280
1162	44
199	46
2528	40
935	291
96	192
324	260
194	23
509	71
74	216
408	15
253	8
576	81
530	149
805	171
756	15
2519	115
421	153
2114	233
513	49
511	63
471	54
519	136
733	56
1070	28
1323	12
1101	20
247	51
96	54
606	42
2422	95
762	52
203	126
2438	4
705	30
288	76
664	54
158	61
613	3
987	60
143	41
694	116
474	32
975	15
1092	181
306	25
585	26
1323	37
502	40
649	52
847	258
227	35
297	513
245	37
244	7
404	27
280	19
138	212
1038	221
1692	133
122	107
503	20
1036	57
670	218
1953	306
1270	13
713	166
64	73
778	79
1245	109
580	6
592	93
168	21
530	3
941	9
510	173
1703	9
2452	4
767	88
1536	97
656	138
197	62
1089	10
1187	32
347	64
596	14
1525	86
91	29
290	40
75	183
200	134
2012	101
2861	114
1592	87
708	117
89	93
379	185
276	6
640	291
641	266
386	123
1739	135
713	195
122	46
564	61
524	353
947	178
108	351
1379	96
1199	184
1414	93
263	94
4096	41
477	36
127	137
1377	63
1241	133
536	21
1405	29
401	38
268	281
87	56
1653	43
1783	170
1028	69
627	25
771	143
36	103
1252	355
761	7
1187	178
417	2
2226	454
384	56
547	67
354	14
384	11
1079	43
4759	51
424	2
1107	360
339	188
1285	138
1696	9
1334	134
1093	26
626	86
269	36
237	15
1997	1
283	74
1297	46
206	248
189	280
557	28
314	15
590	34
5304	111
1168	106
272	59
1038	137
1199	43
321	18
867	277
1126	102
300	97
1420	117
389	18
489	10
533	1
2290	57
445	82
352	33
840	21
244	293
1027	173
670	33
3753	10
231	69
217	95
2817	20
1906	334
1728	70
111	44
317	76
1401	79
1940	113
329	9
580	49
2691	292
267	128
317	30
1340	183
336	44
947	42
2612	55
1804	92
3159	78
988	34
2278	427
839	202
2369	467
847	192
1646	205
1193	84
238	154
975	101
537	106
452	89
559	145
1060	98
1516	69
1322	13
119	2
657	134
720	90
1790	103
1450	15
521	97
269	190
2023	21
908	97
1060	71
2008	165
1454	90
562	29
1186	101
4706	183
3415	92
398	35
559	162
360	31
1433	98
75	398
1149	12
1993	50
883	124
1220	104
1501	55
105	77
2673	27
909	201
871	1
453	118
123	62
384	33
240	38
3483	122
674	18
591	44
2097	21
325	37
693	27
2998	38
1094	27
112	237
1382	67
1644	102
80	59
432	43
528	57
941	55
99	36
1044	2
1231	38
272	46
116	137
498	84
482	67
759	29
1319	125
305	119
242	89
352	165
428	114
603	32
1094	41
476	90
5345	45
1298	127
234	40
962	7
315	136
92	50
323	17
1307	103
1929	76
319	29
202	53
297	5
225	366
196	2
407	411
395	13
607	62
458	12
119	96
2271	59
1200	2
497	78
672	61
374	95
1541	112
352	24
1854	40
312	54
265	96
1426	9
152	41
259	10
946	92
2128	105
395	158
587	146
95	9
320	198
742	56
2763	54
369	56
1775	21
316	360
116	11
826	82
1340	339
385	91
265	127
121	115
240	34
759	79
436	1
686	63
1256	149
1900	208
278	109
948	24
248	40
2639	50
1353	232
618	42
1889	113
350	250
875	43
245	95
261	96
2344	192
551	26
2088	16
281	88
687	31
536	7
723	65
529	214
2399	42
228	38
76	17
1100	158
1371	42
888	485
633	24
473	113
143	18
1096	35
510	131
696	42
286	20
3124	58
307	48
89	324
449	15
339	21
2130	82
545	132
552	39
1121	247
285	57
2829	68
1868	64
488	24
698	83
432	133
2204	97
86	64
444	148
446