0	1000
175	90
18	174
2427	162
4200	174
3094	162
4215	174
3236	162
2999	150
1570	174
2354	90
534	162
2687	150
1470	174
2255	90
1624	162
3862	174
2982	162
4385	174
1779	150
1427	162
2080	90
2048	174
1201	150
1911	162
1735	90
2635	174
2803	162
4106	174
3006	162
4253	174
2816	162
4111	174
3034	162
4194	174
2851	162
4139	174
2923	162
4294	174
4448	162
4019	174
4665	162
4161	174
4713	162
4017	174
3062	162
4154	174
2898	162
4059	174
3025	162
1246	150
3030	174
812	90
2315	162
1000	150
3300	174
216	90
2867	162
4005	174
3020	162
4254	174
2862	162
4186	174
2921	162
4147	174
2925	162
3428	162
722	174
3080	162
1092	74
3744	174
478	162
3668	162
1589	74
2628	174
2943	162
1375	66
2773	174
3071	162
1653	1000
66	90
2076	1000
47	90
743	174
1500	1000
62	90
1092	1000
73	90
1320	1000
47	90
281	162
1877	1000
108	90
2083	1000
75	90
199	66
246	174
1716	66
1436	162
1703	1000
88	90
1851	1000
85	90
709	174
2975	162
4085	174
2944	162
4069	174
3026	162
4683	1000
71	90
322	174
1266	1000
89	90
1612	1000
56	90
1380	1000
70	90
277	162
1224	1000
94	90
1470	1000
90	90
2282	174
200	66
2847	1000
76	90
2026	1000
2884	90
43	162
4793	174
3887	162
179	66
4062	174
293	66
2728	162
4050	174
12263	1000
63	90
1313	1000
73	90
1628	1000
62	90
1269	1000
43	90
1489	1000
84	90
1291	1000
88	90
2258	66
2196	1000
2418	90
102	1000
60	90
15396	162
4047	90
4156	162
3433	90
28974	162
4221	174
5768	150
3578	90
3214	150
3469	90
15646	116
23106	150
3111	142
4693	158
13100	1000
109	458
19248	150
3202	142
4589	158
18848	1000
47	518
258	154
864	826
3484	142
6107	162
12195	1000
26	242
4784	64
1850	66
16829	1000
125	90
5037	66
15273	1000
52	90
1266	1000
83	90
8267	150
3464	142
4594	158
44039	154
3367	142
5434	162
1376	1000
32	518
1833	1000
66	518
1238	1000
68	278
8311	1000
99	242
4654	154
1457	106
30139	66
12370	162
4036	1000
23	90
332	174
1082	1000
87	90
3504	162
1071	1000
34	90
2063	1000
34	90
2072	1000
79	90
275	174
222	150
1741	1000
34	90
2099	1000
90	90
285	162
1883	1000
148	90
1781	66
655	174
2009	1000
64	90
246	106
916	162
1082	1000
53	90
3024	150
306	174
2904	162
1222	142
3393	174
733	158
2244	162
4042	174
3009	162
762	66
3342	174
3036	162
4538	174
4298	162
4124	174
2860	162
4366	174
2789	162
4237	174
3126	162
4180	174
2892	162
1277	1000
74	518
931	674
1869	162
157	64
434	174
2676	162
637	90
3527	174
685	162
2367	162
1407	90
2800	174
2970	162
4196	158
284	174
2626	162
4048	174
2957	162
4074	174
3011	162
4265	174
4124	1000
28	518
376	162
401	206
4920	174
5095	162
4437	174
4364	162
253	158
4108	174
2716	162
4151	174
656	630
2349	162
4145	174
3052	162
331	66
4201	174
2733	162
4058	174
2932	162
5284	174
2954	162
4469	1000
64	90
305	174
4175	162
823	66
3725	174
2876	162
4020	174
3028	162
4240	174
2776	162
3928	1000
23	90
431	174
2777	162
2764	150
1508	174
2933	162
4078	174
2957	162
4277	174
2768	162
4036	174
191	98
2925	162
1020	150
3265	174
3035	162
3472	94
716	174
2901	162
1304	150
2771	174
301	142
2786	162
1892	158
2385	174
2800	162
4401	174
2625	162
4109	174
2895	162
4029	174
2290	206
763	162
4380	174
2125	150
2217	162
983	142
3197	174
1432	158
1613	162
4136	174
2868	162
4064	174
2969	162
4043	174
2985	162
4075	174
2985	162
3006	882
1246	174
2907	162
4081	174
1757	86
1264	162
2436	162
208	150
1537	174
2977	162
3986	174
3021	162
4100	174
2951	162
4344	174
2688	162
4080	174
8143	98
4856	150
21694	1000
102	90
2297	1000
57	90
1752	1000
34	90
2075	1000
72	90
2044	1000
16	90
2103	1000
152	90
1733	66
2692	1000
29	90
1972	1000
42	90
804	82
3842	150
2725	142
4641	158
7211	162
3992	174
10651	66
7590	1000
29	418
19206	150
3663	90
3058	150
3575	90
10403	162
3612	90
4145	162
3564	90
52636	154
3116	142
5513	162
12208	1000
52	242
37496	66
20423	1000
47	90
4459	66
18802	1000
143	90
3892	66
7111	1000
96	90
4626	66
14394	154
3197	142
4600	1000
60	90
1402	1000
48	90
228	162
1444	1000
67	90
1222	1000
51	90
1536	1000
25	90
1363	1000
61	90
2308	66
2158	1000
57	90
1198	1000
29	90
3109	1000
28	242
5730	66
25429	1000
33	90
1217	1000
59	90
1557	1000
27	90
1268	1000
28	90
1318	1000
35	90
1357	1000
65	90
2310	66
2078	1000
70	90
1249	1000
64	90
6733	66
7312	162
4063	174
4578	162
4197	174
2914	162
4081	1000
98	90
221	174
1359	1000
68	90
1288	1000
34	90
330	162
1269	1000
69	90
1260	1000
58	90
1543	1000
27	90
1401	174
968	66
2916	1000
416	90
55	162
1086	1000
25	90
3909	174
3695	162
3037	66
1138	174
226	66
2813	162
4194	1000
130	90
289	174
1854	1000
76	90
1070	162
1492	1000
48	90
2091	1000
62	90
1202	174
909	1000
100	90
1891	1000
69	90
209	162
2743	66
2015	1000
27	90
955	1000
37	90
980	1000
72	90
935	1000
97	90
185	174
986	1000
67	90
1494	1000
30	90
441	162
1021	1000
30	90
1454	1000
66	90
2402	174
145	66
3014	1000
26	90
879	162
1412	1000
54	90
1368	1000
60	90
1447	1000
54	90
233	174
1054	1000
54	90
1632	1000
35	90
1195	1000
58	90
1275	1000
25	90
230	162
2072	66
2866	1000
64	90
237	174
1369	1000
54	90
188	66
2175	162
4231	174
238	66
2559	162
4104	174
2935	162
2455	66
1655	174
2944	162
4058	174
2922	162
4047	174
3708	1000
69	90
210	162
1235	1000
60	90
1386	1000
74	90
1372	1000
99	90
1440	1000
36	90
185	174
1680	1000
33	90
2101	162
240	66
3253	1000
58	90
1577	1000
25	90
236	174
2926	1000
66	90
1197	1000
35	90
214	162
1115	1000
69	90
1254	1000
25	90
1284	1000
26	90
1253	1000
32	90
412	174
1981	66
2000	1000
58	90
214	162
1040	1000
68	90
207	162
147	66
3576	174
1792	90
982	66
1200	162
2704	162
1707	174
1911	90
760	162
4136	174
2845	162
4010	174
1320	1000
27	90
1487	1000
26	90
308	162
1040	1000
66	90
1457	1000
1524	90
657	1000
22	90
1857	1000
63	90
231	174
2867	1000
56	90
159	66
1198	1000
34	90
213	162
1576	1000
63	90
1235	1000
53	90
1404	1000
25	90
1401	1000
39	90
274	174
1342	1000
56	90
1161	1000
128	90
147	66
628	162
608	64
1322	1000
65	90
1808	1000
53	90
1629	174
3363	66
279	162
4049	174
2970	162
4152	174
2919	162
4112	174
2969	162
4180	174
1289	1000
33	90
154	66
1251	1000
55	90
295	162
1647	1000
55	90
1199	1000
29	90
1329	1000
51	90
1361	1000
57	90
243	174
2072	66
1153	162
949	1000
26	90
1298	1000
19	90
3996	174
2522	162
4041	174
2934	162
2601	1000
26	90
1785	174
2689	162
1584	64
2559	174
537	150
2328	142
240	162
3361	194
719	174
2937	162
4943	1000
25	90
279	174
1131	1000
54	90
1308	1000
28	90
1284	1000
26	90
231	162
1125	1000
66	90
1330	1000
78	90
1487	66
359	174
2745	1000
27	90
232	162
1142	1000
75	90
3234	174
2687	162
4115	174
2879	162
2312	66
1874	174
2302	1000
33	90
1314	1000
31	90
215	162
3996	174
2945	162
4231	174
2896	162
4025	174
1721	174
1277	162
1383	66
2193	150
634	174
1878	142
158	66
1026	162
4046	174
1774	150
1225	162
1041	142
3076	174
245	158
1251	86
1429	174
245	162
2148	162
1589	162
590	174
2283	202
639	162
3107	1000
64	90
1465	1000
82	90
214	150
224	174
960	1000
27	90
1500	1000
31	90
1202	1000
55	90
243	142
210	162
1032	1000
28	90
2245	66
1003	150
1091	1000
28	90
233	174
1057	1000
57	90
202	142
2205	162
2407	66
3027	174
1368	66
1936	162
4049	174
2959	162
4013	174
4590	162
4074	174
2910	162
1053	1000
26	90
1205	1000
26	90
1530	1000
32	90
1179	1000
64	90
232	174
1105	1000
33	90
1589	1000
52	90
1364	1000
47	90
1297	66
2126	1000
26	90
1199	1000
26	90
4589	66
5936	66
1263	66
5688	64
20728	1000
52	90
1304	1000
58	90
1541	1000
54	90
1437	1000
41	90
928	1000
22	90
997	1000
66	90
962	1000
25	90
980	1000
27	90
952	1000
22	90
982	1000
48	90
1020	1000
67	90
962	1000
68	90
975	1000
54	90
1024	1000
26	90
160	66
190	66
1029	1000
27	90
990	1000
26	90
1170	1000
27	90
966	1000
27	90
951	1000
22	90
1023	1000
72	90
930	1000
55	90
1185	1000
53	90
1247	66
2019	1000
69	90
1176	1000
53	90
5025	66
4603	66
5266	150
2242	142
2784	162
210	150
2187	142
1872	174
3095	158
3191	210
1205	1000
53	90
1362	1000
55	90
1438	1000
28	90
958	1000
27	90
1129	1000
26	90
210	150
950	1000
54	90
1003	1000
26	90
458	142
1624	1000
65	90
995	1000
35	90
1121	1000
28	90
244	150
1456	1000
27	90
966	1000
25	90
460	142
953	66
2877	66
501	158
1393	1000
26	90
984	1000
28	90
962	1000
65	90
984	1000
32	90
390	334
950	1000
28	90
1771	1000
27	90
1175	1000
27	90
1363	1000
27	90
1317	1000
27	90
291	150
1338	1000
55	90
1685	142
657	66
2090	1000
26	90
1280	1000
101	90
293	158
7372	1000
64	214
11141	66
2273	150
2243	142
4226	158
4284	338
6716	150
4143	142
4204	158
4653	434
5586	150
2597	66
1531	90
3082	150
1890	162
2375	90
1690	154
1566	90
1624	142
2564	162
2990	162
444	90
2156	150
3539	106
4418	150
2073	1000
31	242
2590	106
4414	162
5060	74
3137	1000
85	90
1238	150
2890	142
886	150
2243	150
995	142
2498	142
1216	150
4080	142
3729	150
1339	162
1328	142
3751	150
3074	142
3554	150
2901	142
3620	150
4527	142
5021	1000
36	518
251	150
1155	1000
35	158
4074	142
3658	150
3960	142
3881	150
2561	142
3682	150
4175	142
6269	66
15095	154
5387	1000
27	90
222	142
4703	162
1218	150
3470	90
3201	150
4513	1000
28	242
183	90
2527	150
2359	142
6759	150
1249	150
2291	90
1392	106
1873	150
2616	150
715	90
4206	106
398	162
3397	174
719	166
2794	150
2243	142
274	74
4243	150
4188	142
1908	150
2754	142
556	162
4111	174
1056	162
3505	162
4121	174
2868	162
4172	174
1418	398
1557	162
4076	174
2860	162
4283	174
2694	162
4171	174
2806	162
4021	174
1167	162
1925	162
2077	74
2244	174
1346	150
1390	162
937	142
3262	162
233	174
2658	162
2307	74
1634	150
392	174
1864	150
1093	162
503	90
2647	90
503	150
2494	174
284	150
784	90
2935	90
366	162
4137	150
225	174
2668	162
585	142
2811	150
432	162
618	174
2767	162
154	106
169	74
3408	150
850	174
350	150
2260	142
1770	162
647	106
1762	150
2554	174
351	162
1539	142
2021	162
1134	158
520	74
3370	174
1057	150
2066	1000
55	90
239	174
642	162
1249	1000
55	90
2013	1000
37	90
230	162
174	142
761	174
1035	1000
59	90
2018	1000
25	90
216	162
1867	1000
37	90
149	74
1620	66
1095	174
1602	1000
27	90
212	150
1671	1000
53	90
810	162
850	142
3166	162
603	174
4116	162
449	74
3846	174
854	66
239	66
1775	162
4040	174
2941	162
4272	174
2736	162
3263	150
881	174
2852	162
211	90
3115	150
832	174
2699	90
325	162
4326	174
2769	162
4023	174
1442	150
1548	162
3499	162
3813	1000
65	90
1219	1000
27	90
176	106
1180	1000
58	90
1276	1000
24	90
285	90
1052	1000
56	90
1279	1000
81	90
223	150
468	174
648	66
817	162
2389	1000
65	90
211	162
1079	1000
60	90
179	106
1628	90
1501	174
1256	166
1588	162
3780	74
657	174
2633	162
1168	150
2888	174
237	142
2913	162
4191	174
2790	162
3934	174
3012	162
839	150
3262	174
296	90
3126	150
1278	162
2398	90
1669	174
2985	162
4142	174
4354	150
288	162
3348	106
684	174
3960	150
799	162
4242	150
149	106
243	174
3010	90
1196	162
207	162
1912	150
2813	174
400	74
1699	90
1822	162
937	150
1848	150
1173	142
360	174
1175	142
972	154
843	162
1801	158
287	142
412	162
1918	174
2740	162
954	890
221	162
3073	174
2314	74
589	162
4201	174
526	154
3578	150
1205	162
15	142
2877	142
2817	174
818	954
239	158
201	154
1760	162
884	142
5311	162
3894	74
3312	1000
99	458
1392	174
224	154
2549	142
1379	162
3257	162
890	174
2909	162
2872	74
1358	174
695	150
2263	162
1015	142
3467	174
208	158
2821	150
1320	162
2624	90
3136	150
3318	90
6928	1000
26	518
748	826
1566	174
3794	162
320	150
3584	106
253	174
2934	162
1435	150
2747	174
1892	106
1046	162
3599	162
633	174
2927	162
1755	74
2379	174
1771	150
326	150
1013	162
2004	142
1120	64
1402	142
2780	174
222	150
226	162
2799	162
177	142
3540	158
322	174
3046	162
5041	154
2623	142
5038	154
2736	142
4759	1000
27	518
212	154
1569	1000
83	518
1363	1000
34	502
204	142
3741	1000
57	518
1547	1000
22	518
229	162
1118	1000
26	278
227	174
2809	74
1017	162
4064	174
39537	150
3107	142
2371	1000
78	90
964	150
1092	1000
54	90
2040	1000
25	90
2031	1000
54	90
2016	1000
26	90
2032	1000
68	90
1646	66
2659	1000
54	90
1817	1000
50	90
396	150
4157	166
2296	90
3111	150
3392	90
3194	66
1824	162
3369	106
3214	174
851	150
352	150
3461	106
382	142
3082	150
1366	150
3338	174
497	142
3060	158
732	106
961	166
3419	162
3133	174
4149	150
231	74
4080	142
300	150
2812	142
810	158
2889	162
1425	186
1589	162
1553	90
4083	162
2848	154
2687	142
158	90
3174	522
9683	1000
120	518
961	674
4504	162
5154	74
658	150
3662	90
3116	150
3431	90
1663	158
11129	150
3543	106
4446	150
6467	1000
122	518
644	206
318	154
3095	142
585	106
320	154
2607	142
1524	162
677	162
5147	74
3816	158
1109	150
3184	142
1936	1000
29	242
1617	162
3911	630
1180	74
7734	66
2681	162
3916	74
5909	162
6618	74
17944	150
3559	1000
82	90
168	90
2437	86
747	150
801	66
2280	162
443	90
12753	150
3970	106
4420	150
5479	106
4680	150
3963	142
2374	154
1707	1000
26	90
2119	162
384	142
2936	162
1660	162
3355	174
3569	150
8268	1000
57	242
17659	1000
22	518
976	714
3322	98
968	162
3467	158
647	162
2030	1000
98	518
1025	714
857	174
507	74
3108	162
188	150
5788	1000
97	518
1035	714
4174	162
5840	1000
28	518
959	714
2400	162
4299	174
2126	94
2303	162
1800	158
2523	174
1143	174
1645	162
2919	162
1209	174
724	150
1948	174
372	162
1213	90
3256	174
88	162
30	150
2544	162
795	174
161	90
3511	174
871	150
1901	162
790	142
3247	174
357	158
2183	150
600	162
1361	206
1636	106
1092	174
2994	162
213	162
599	150
4272	174
382	106
2442	174
967	162
1367	150
2183	150
808	174
1051	142
1516	142
314	162
3290	158
1678	174
277	162
3480	162
4024	174
2966	162
4145	174
4254	1000
55	90
309	162
1778	1000
55	90
2134	1000
27	518
1003	1000
26	90
680	714
247	174
957	1000
68	90
191	154
1228	1000
69	90
2010	1000
25	90
193	142
207	162
278	162
1855	882
100	66
2540	1000
66	90
308	174
1304	1000
33	518
1009	1000
55	90
720	714
195	154
1210	162
1460	142
1205	162
1443	174
576	162
2433	162
1558	1000
43	518
1011	714
843	174
2229	174
1335	150
263	162
1863	162
1441	166
973	98
1759	1000
70	518
1568	1000
29	518
650	714
945	1000
83	86
182	162
219	174
599	66
2407	162
803	174
3334	174
1259	158
1759	162
2007	174
2129	174
2468	158
504	162
3011	174
1314	174
1073	150
1156	150
624	162
2054	90
535	82
1547	174
1165	150
574	158
1458	162
1766	90
625	174
2032	174
2513	158
224	162
3339	174
979	174
2804	162
561	150
205	150
1547	162
1157	142
767	174
997	106
1889	158
254	162
1191	90
1292	150
1877	174
1192	162
1642	162
202	106
1733	90
2513	1000
69	418
262	174
218	158
2361	162
2728	74
1458	174
3176	150
1419	162
1608	142
2479	174
1675	150
2316	162
717	162
603	90
3898	174
4211	162
790	150
3963	174
2051	90
1936	162
4309	174
1236	162
1359	1000
29	178
1503	174
422	162
3151	150
899	174
1335	142
1702	162
4210	174
2737	150
227	162
3664	90
398	174
2979	162
215	150
3656	90
473	174
2832	162
4055	174
2901	162
2677	150
1428	174
2148	106
924	162
3583	150
437	174
3052	162
1305	106
2947	174
1405	158
1461	162
3617	74
677	174
2750	162
1408	150
2714	174
269	142
2724	162
3659	154
620	162
229	174
2094	142
776	162
3958	514
235	174
2838	162
4104	174
3013	162
3313	162
1115	174
1411	146
1430	162
1447	64
2978	174
2635	162
1793	66
2688	150
1000	174
2848	90
537	162
2644	150
1465	174
2211	90
790	162
4024	174
4595	162
3269	150
2608	174
878	106
3723	1000
28	90
223	162
1091	1000
62	90
196	150
1202	1000
25	90
1549	1000
27	90
1177	1000
26	90
1278	1000
25	90
170	106
1059	66
3161	1000
28	90
1210	1000
55	90
215	150
227	174
3409	162
561	142
3528	174
1311	162
1724	162
4016	174
2343	66
754	162
4648	174
701	410
3651	162
4825	1000
57	518
248	174
813	714
2954	162
1398	162
3963	1000
47	90
1285	1000
54	90
1310	1000
59	518
1017	1000
34	90
657	714
957	1000
49	90
1069	1000
26	90
1596	1000
51	90
588	174
794	66
222	162
3127	1000
63	90
1265	1000
71	90
1759	1000
27	518
987	714
3725	66
556	162
6272	1000
57	518
1046	714
18261	1000
49	90
1406	1000
113	90
1378	1000
48	90
1334	1000
45	90
1238	1000
34	90
1274	1000
67	90
1216	66
3032	1000
66	90
1185	1000
27	90
6765	86
2634	66
903	70
386	66
10633	1000
35	90
1220	1000
26	90
1355	1000
57	90
1306	1000
30	90
755	122
916	1000
142	90
961	1000
27	90
972	1000
25	90
1145	1000
26	90
175	66
1933	1000
27	90
1561	1000
28	90
962	1000
57	90
1005	1000
31	90
949	1000
28	90
974	1000
27	90
949	1000
25	90
970	1000
27	90
955	1000
26	90
159	66
948	1000
63	90
980	1000
29	90
949	1000
26	90
974	1000
53	90
978	1000
29	90
212	162
222	66
3835	1000
27	90
185	66
1156	1000
56	90
3513	174
2022	66
4317	64
2958	1000
66	90
1241	1000
31	90
1285	1000
26	90
1490	1000
26	90
1816	1000
26	90
1649	1000
28	90
1170	66
4025	1000
26	90
1242	1000
65	90
1328	1000
33	90
1321	1000
28	90
215	162
1262	1000
54	90
1177	1000
28	90
1533	1000
63	90
141	66
1137	1000
31	90
2313	1000
66	90
1175	1000
26	90
4674	66
6276	1000
56	518
1001	714
3305	66
991	162
6315	1000
29	518
1714	714
3894	162
3791	1000
27	90
1232	1000
59	90
1308	1000
27	518
973	1000
26	90
667	714
964	1000
27	90
1041	1000
44	90
1598	1000
71	90
1280	66
286	162
2838	1000
66	90
1269	1000
28	90
2135	1000
28	518
994	714
6545	162
6126	1000
27	518
930	534
1156	162
4038	90
4131	162
5270	90
3918	154
1271	162
2173	142
5244	162
4385	118
7912	1000
66	242
23806	86
3597	162
16902	134
7655	134
5286	142
12054	130
3907	154
1112	138
1115	162
1005	142
3433	146
3926	162
12127	1000
69	242
24341	130
4981	122
694	150
2425	142
5692	158
8313	1000
43	518
392	338
1733	130
5197	146
1863	162
4099	174
1916	130
2690	162
2168	150
2016	174
2896	162
2425	130
1743	174
2910	162
444	126
3783	174
2853	162
2080	130
2383	174
2599	162
193	130
3952	162
56	174
1596	158
1580	162
189	130
1531	82
2370	174
1480	150
261	134
1402	162
775	142
3636	174
234	150
1469	130
800	142
341	162
4105	174
192	106
620	158
2222	162
4547	1000
71	518
203	130
227	174
686	714
1314	1000
26	518
1033	654
950	162
4011	174
824	150
2208	162
4121	174
1270	130
1697	162
3818	138
444	174
2883	162
4026	174
215	130
2794	162
2302	106
1770	174
2992	162
2148	130
2012	174
2967	162
194	158
187	114
2744	82
1155	174
2969	162
374	130
207	170
3597	174
938	174
605	110
1561	162
2549	174
1563	174
1358	130
1629	162
3369	106
912	174
2827	162
3551	130
489	174
2997	162
1808	102
2494	174
2748	162
4183	174
2961	162
1166	174
2689	130
319	174
1224	170
1891	162
1497	174
203	102
2529	174
1028	1000
27	90
208	150
1873	1000
26	90
269	162
402	142
1542	1000
48	90
220	130
1899	1000
27	90
399	174
1684	1000
69	90
572	162
809	162
942	1000
79	90
1647	66
1629	174
1080	1000
27	90
1827	1000
144	90
216	162
3188	138
1026	174
2862	162
1502	162
1887	130
958	174
1011	66
2206	1000
67	518
220	162
849	714
1484	142
2886	174
220	162
3379	162
907	130
1790	1000
75	518
1004	714
1450	174
1026	130
1862	162
980	162
1867	1000
64	518
1630	1000
27	518
1343	1000
29	518
640	666
246	174
1423	1000
71	518
218	130
949	714
2475	162
1671	142
2037	162
534	174
4555	162
228	130
1633	1000
27	518
990	714
1394	174
1111	134
1866	162
228	162
2202	162
1818	174
1260	130
2260	1000
31	518
462	162
146	90
1237	714
3053	162
803	174
341	162
1239	130
2289	162
628	90
1975	1000
45	518
925	714
857	174
742	130
2246	162
898	162
1942	122
1274	174
2927	1000
49	518
282	162
822	714
1895	130
2549	174
2711	142
932	162
4115	1000
27	90
1341	1000
66	90
223	174
1129	1000
74	90
193	130
1191	1000
31	90
1282	1000
28	90
231	162
1124	1000
55	90
2464	66
745	174
2329	1000
67	90
1312	1000
34	90
284	162
3785	150
333	174
2929	162
3986	174
233	130
2837	162
3319	162
729	122
236	174
2840	162
3189	1000
27	518
973	714
225	130
666	174
3663	162
213	162
559	122
3733	174
1666	66
1400	1000
28	518
272	162
334	130
997	714
4063	134
218	174
216	162
3221	162
2688	1000
30	518
993	714
279	130
721	174
2671	162
1048	162
827	106
2274	174
2873	1000
66	518
218	162
831	714
1316	130
3267	174
2411	114
1224	162
4017	174
1889	130
1195	162
3814	106
257	174
2973	162
3944	174
192	130
2993	162
230	162
3045	138
879	174
2279	1000
27	518
798	162
984	714
2570	130
1333	174
233	162
3413	138
414	162
2236	1000
30	518
1002	714
1418	174
2476	130
636	162
4659	142
1210	1000
28	358
10850	130
6658	146
11990	130
6435	126
3092	1000
71	90
1339	1000
33	90
1302	1000
30	90
1353	1000
27	90
452	130
993	1000
67	90
1183	1000
28	90
2354	66
2977	1000
62	90
1329	1000
32	90
5691	130
6244	66
1439	130
578	162
3065	162
1363	146
558	122
2247	174
4686	130
5006	110
7219	130
8122	134
7173	130
4821	150
7311	130
419	150
4263	90
3115	150
3442	90
4537	118
7053	130
1122	150
3655	106
4500	150
1804	142
2808	106
4572	130
603	150
3960	142
625	130
4338	162
2862	130
5211	110
3790	1000
25	90
2045	1000
29	90
1394	130
949	1000
39	90
2001	1000
30	90
2056	1000
38	90
2057	1000
68	90
1623	66
2667	1000
73	90
1827	1000
56	90
197	106
3085	1000
39	518
234	154
976	714
2713	130
888	142
809	162
3629	106
2281	1000
33	518
248	162
820	714
3614	130
726	162
4573	102
1481	1000
81	518
174	66
903	714
3259	1000
66	242
1160	162
248	130
5681	1000
29	518
183	106
862	714
5986	130
5067	134
7309	130
6694	138
7253	130
4817	126
249	158
3396	162
190	74
3367	130
1051	162
606	90
2258	174
2028	162
3503	90
4355	138
232	162
2636	174
3276	64
1369	130
1105	150
2321	142
1830	138
8017	130
5069	126
6904	130
1488	154
342	166
1911	162
876	174
482	142
780	134
4599	162
2712	130
519	162
2669	174
2178	122
4510	1000
27	242
1396	338
342	166
1190	130
1687	174
1662	162
1981	122
2494	146
1949	162
2790	130
322	174
5005	106
981	150
2254	166
1549	90
1307	174
1683	130
261	150
4309	90
1331	166
2665	174
2178	130
6250	170
674	150
315	162
1887	174
422	126
2019	174
598	106
3982	162
434	150
4067	174
735	106
1924	162
2772	150
1432	174
2600	142
296	162
3487	166
783	174
360	162
1651	174
985	162
4334	174
1939	122
795	162
838	170
2650	174
675	174
2756	64
274	162
4017	174
251	150
2270	142
618	162
143	64
1992	64
2396	174
2345	64
210	166
250	162
2456	174
1356	1000
33	518
500	174
646	714
2366	162
2089	162
1073	162
1146	174
1552	174
2378	1000
85	518
211	162
933	714
4592	174
39	162
519	166
2641	174
239	162
2574	1000
37	518
986	714
806	174
2799	162
548	166
413	162
2386	174
1090	174
2914	1000
222	518
228	162
824	714
4392	174
3505	162
4017	174
4603	162
3967	170
248	174
2355	174
601	162
499	150
3770	174
179	90
2692	162
376	162
308	150
2381	174
1213	174
149	90
2873	162
4058	174
224	166
2754	162
1056	174
2698	150
692	174
3243	106
1221	162
194	166
2616	174
597	150
769	174
4176	106
668	162
1076	64
3038	158
303	174
3943	166
520	162
634	74
1561	174
2047	174
1194	150
1813	162
1134	142
1904	166
1243	174
1435	174
1469	162
4209	174
2674	166
205	162
2453	174
1707	174
295	64
2706	162
170	64
3362	162
784	174
1883	174
167	64
985	162
4037	174
745	64
2354	162
194	166
2571	174
1638	174
2795	1000
28	90
241	162
1871	1000
27	90
2090	1000
31	90
277	174
1853	1000
27	90
1449	1000
29	90
999	1000
27	90
228	162
958	1000
27	90
1210	162
967	1000
28	90
983	1000
67	90
973	1000
28	90
1006	1000
68	90
248	174
236	174
1129	66
1575	162
1051	1000
60	90
1876	1000
97	90
162	66
1289	174
1834	1000
91	90
229	166
1148	1000
33	90
289	162
1458	174
2710	174
2187	162
775	162
3394	150
2246	142
1255	174
1226	66
1143	158
1263	162
5660	1000
43	246
255	174
4475	162
4216	174
1665	878
2819	162
2406	162
440	66
1451	174
2574	146
1980	162
4370	174
1153	86
3167	162
626	162
3213	150
486	174
1298	158
1647	162
416	90
1512	162
150	74
1623	150
2092	158
590	90
311	174
2628	74
507	90
1052	162
182	162
3531	90
11966	150
390	162
2885	174
708	174
197	106
2276	162
2213	150
1041	150
1856	174
421	142
1564	106
1803	162
2892	150
3496	174
542	142
3486	162
1217	162
4540	174
2941	150
223	162
1990	64
158	142
2011	85
298	174
2741	162
5154	174
3501	162
5300	1000
57	518
215	174
821	714
4157	162
304	162
5191	722
253	174
3047	162
971	66
5072	174
2794	162
4107	174
4130	150
467	162
3481	90
644	174
2558	150
2125	162
1193	90
2934	174
4618	162
5217	150
3471	1000
218	90
186	106
1109	1000
28	90
1577	1000
74	90
1252	1000
12	90
1363	1000
79	90
238	150
1218	1000
40	90
260	174
1023	66
2323	106
1010	1000
80	90
233	162
1012	1000
34	90
2334	158
159	66
2470	174
2577	74
396	162
4117	174
256	150
2693	162
255	142
12072	1000
67	90
1217	1000
89	90
1588	1000
143	90
1636	1000
73	90
1209	1000
55	90
1301	1000
95	90
1007	174
252	66
3103	1000
29	90
1255	1000
58	90
2836	150
1323	198
2530	90
1541	162
1669	150
3311	90
299	74
12553	150
3536	106
4429	150
4589	106
3968	64
601	166
5180	142
174	74
4387	150
2902	142
4749	64
9445	158
1585	162
1940	74
294	150
3514	174
270	158
156	90
3263	150
161	74
3272	158
179	90
3360	74
4278	158
4659	74
522	150
3527	158
181	106
3938	570
654	150
515	74
1037	570
3138	106
617	570
1982	570
174	66
1766	158
1926	570
1982	570
1260	74
4286	570
2028	570
1386	150
2904	142
4249	162
10535	1000
98	90
5912	66
4750	1000
65	90
2068	1000
11	90
2096	1000
81	90
2049	1000
54	90
1317	1000
27	518
978	1000
27	90
1895	1000
29	90
611	606
1689	66
2556	1000
58	90
1811	1000
30	90
10213	150
4521	90
3048	1000
20	90
225	150
3248	66
260	90
8988	158
3460	74
359	150
2199	66
1376	158
1948	106
1555	74
3185	150
902	150
3579	90
189	106
3143	150
1557	158
1795	90
3285	74
1602	158
4067	1000
45	90
239	150
3095	142
630	66
6604	162
10155	162
3434	1000
25	518
1596	1000
27	474
1970	1000
69	90
210	90
492	74
2079	1000
41	90
1131	1000
124	90
1184	1000
82	90
187	162
958	1000
41	90
1198	1000
40	90
1829	90
1311	158
8867	64
30083	174
3675	162
5654	154
3180	142
4740	150
750	162
3216	90
3172	150
3315	90
3786	1000
59	242
5959	1000
69	518
1583	1000
30	518
1344	1000
26	518
1593	1000
26	518
247	150
1330	1000
31	518
850	938
1616	106
4439	150
4586	106
574	162
3792	158
5028	74
4776	150
2989	142
4524	162
7436	1000
152	518
1572	1000
12	518
1436	1000
60	518
1326	1000
27	518
1323	1000
27	518
437	398
1295	1000
55	518
249	162
841	938
10448	66
2423	64
19703	150
1729	106
3200	90
3108	150
778	64
2739	90
4553	64
8089	150
3502	106
2130	1000
66	90
1232	1000
26	90
1338	1000
183	90
1306	1000
26	90
245	150
1139	1000
30	90
1308	1000
27	90
1199	66
1159	106
2083	1000
28	90
1170	1000
39	90
1329	162
1191	66
4198	74
920	154
3457	142
241	150
2784	142
4217	162
1400	162
8416	1000
69	90
1238	1000
26	90
1278	1000
28	90
1280	1000
43	90
1382	1000
49	90
1234	1000
152	90
1188	66
3118	1000
43	90
1239	1000
65	90
4021	486
1646	1000
43	242
2945	66
6746	162
6046	1000
90	518
1638	1000
44	518
252	142
4715	162
4778	1000
15	90
1303	1000
80	90
1363	1000
32	90
1324	1000
42	90
1353	1000
57	90
1288	1000
25	90
235	150
973	146
139	66
3270	1000
41	90
288	106
1120	1000
72	90
3407	150
3303	162
1367	106
806	66
3350	74
609	150
3920	142
4044	1000
36	90
941	162
1216	1000
110	90
2083	1000
26	90
2039	1000
69	90
1409	1000
69	90
979	1000
27	90
972	1000
42	90
980	1000
14	90
1013	1000
29	90
1031	1000
33	90
174	66
1006	1000
32	90
1037	1000
68	90
904	1000
33	90
712	66
966	1000
1544	90
16	162
785	1000
24	90
1303	1000
45	90
1331	1000
41	518
659	170
1418	174
1438	66
1901	278
6065	162
2142	66
1283	86
1657	150
1408	174
644	162
1947	106
995	1000
42	90
1428	1000
88	90
198	162
1128	1000
30	90
1376	1000
28	90
329	150
1392	1000
36	90
1226	1000
24	90
1244	66
1024	106
2268	1000
47	90
1235	1000
27	90
258	174
1171	150
1118	66
2906	142
2965	162
1987	162
2341	174
4396	162
5266	174
1586	142
3119	1000
47	518
236	150
724	566
244	162
975	1000
26	90
358	162
1531	1000
131	90
1582	1000
79	90
172	90
1197	1000
82	90
218	142
1030	1000
76	90
983	1000
74	90
1109	162
830	66
234	174
2235	90
986	1000
74	90
1203	1000
72	90
2841	162
2833	150
1392	174
1567	66
1012	106
2180	162
2357	150
2104	174
2577	106
4688	150
2071	162
1949	142
2584	174
2434	162
6834	162
6627	1000
38	90
1241	1000
25	90
1484	1000
68	90
1222	1000
32	90
1495	1000
27	90
1218	1000
81	90
1084	174
180	66
1551	1000
41	518
755	278
1116	1000
33	90
2205	1000
44	90
249	162
4079	174
4081	66
5448	162
4300	174
4471	162
5032	174
6817	1000
48	90
315	162
1095	1000
28	90
1338	1000
55	90
1581	1000
82	90
1130	1000
142	90
1279	1000
28	90
327	162
1004	66
3224	1000
34	90
1172	1000
155	90
324	174
5806	66
2719	162
4155	174
8487	1000
44	518
1057	714
4213	162
4137	162
2418	1000
145	518
1063	1000
146	90
706	714
1035	1000
150	90
1742	1000
27	90
1552	1000
32	90
1028	1000
31	90
1286	1000
66	90
293	162
1159	66
664	174
2885	1000
58	90
1181	1000
67	90
1340	1000
32	518
1080	714
714	162
3468	162
913	174
2335	66
1209	66
903	162
1338	1000
65	518
1027	714
2003	174
4327	162
220	162
5667	1000
77	90
1349	1000
61	518
1043	1000
53	90
699	714
986	1000
54	90
1018	1000
87	90
1483	1000
152	90
1255	1000
31	90
276	162
978	66
2212	1000
25	90
1550	1000
25	90
1344	1000
43	518
1051	1000
34	90
700	714
974	1000
27	90
972	1000
28	90
1504	1000
26	90
1069	1000
42	90
1218	1000
46	90
257	162
169	66
394	174
2960	1000
33	90
1264	1000
65	90
219	162
1290	1000
47	518
1114	714
1345	66
2174	174
951	162
1457	66
4523	1000
26	518
1042	1000
25	90
687	714
229	162
1595	1000
40	90
1752	1000
39	90
1346	1000
29	90
1290	1000
32	90
251	174
1140	1000
55	90
1644	66
3005	1000
42	90
1383	1000
32	90
905	162
5033	1000
10	90
1273	1000
87	90
1294	1000
21	90
1588	1000
151	90
1850	1000
47	90
1558	1000
43	90
1207	66
1820	1000
43	90
1235	1000
53	90
1600	1000
30	90
1209	1000
24	90
1380	1000
17	90
1356	1000
60	90
1553	1000
11	90
217	66
1215	1000
43	90
2480	1000
23	90
1265	1000
31	90
1969	174
2519	66
1703	162
1629	66
1350	66
1520	162
746	174
5394	1000
25	518
1081	714
2390	162
2005	162
2143	174
3826	1000
23	518
253	162
815	714
5383	1000
67	90
221	162
1056	1000
39	90
1331	1000
152	90
1650	1000
26	90
1610	1000
28	90
789	866
1088	1000
65	90
1193	66
2047	1000
42	90
1632	1000
48	90
1246	1000
64	90
1292	1000
22	90
1276	1000
145	90
1301	1000
28	90
1538	1000
40	90
182	66
1107	1000
26	90
2283	1000
29	90
1190	1000
30	90
1488	174
3129	66
5195	162
3222	162
3580	1000
50	90
1237	1000
11	90
250	146
1174	1000
40	90
1037	1000
34	90
1064	1000
34	90
943	1000
51	90
989	1000
44	90
1054	1000
35	90
967	1000
101	90
248	174
1189	1000
65	90
163	66
2125	1000
30	90
1192	1000
24	90
1054	1000
65	90
1008	1000
70	90
629	66
385	162
2550	1000
78	90
1812	1000
52	90
262	174
1081	158
3169	162
2324	174
2804	174
1275	166
4248	174
1489	162
4320	174
520	66
7187	162
2273	66
1913	174
2872	162
690	150
3665	174
257	90
3177	150
2841	162
780	90
2401	162
1000	174
2990	162
980	174
3149	174
4381	150
959	154
3277	1000
45	90
227	142
1028	162
250	106
3988	174
668	150
4553	106
303	166
945	162
2196	162
1377	150
776	174
1684	90
1656	142
1336	162
1347	162
536	66
2944	90
855	174
8829	1000
33	398
1158	162
6387	1000
46	90
1302	1000
72	90
1275	1000
405	90
339	174
1814	66
5881	162
4048	174
9450	162
3051	1000
36	90
1234	1000
28	90
1325	1000
28	90
1382	1000
45	90
1315	1000
28	90
1292	1000
40	90
1180	66
3207	1000
27	90
1337	1000
76	90
210	174
2737	1000
31	90
1394	1000
27	90
1380	1000
30	90
1290	1000
30	90
1317	1000
26	90
1305	1000
29	90
260	162
2820	66
1941	1000
45	90
1341	1000
27	90
4070	174
8635	162
4212	174
2777	162
2358	66
2974	1000
32	90
370	174
1242	1000
13	90
1291	1000
66	90
1397	1000
59	90
1362	1000
43	90
265	162
6369	174
3922	162
4595	174
2737	162
4094	174
5951	66
1945	162
2577	66
2799	174
3380	162
4170	174
4511	162
4051	174
4631	162
4146	174
18253	1000
74	90
1265	1000
84	90
1389	1000
53	90
1297	1000
87	90
219	150
1137	1000
73	90
1274	1000
59	90
1157	66
187	90
442	162
3024	1000
41	90
1386	1000
82	90
175	150
698	64
1691	64
313	174
1340	90
2414	162
4141	174
6130	150
673	66
1144	162
1889	106
2592	174
1936	150
2457	162
2203	106
3463	174
883	158
4594	1000
33	90
273	162
1078	1000
14	90
188	74
1351	1000
77	90
1536	1000
25	90
1292	1000
56	90
1273	1000
43	90
236	150
1041	66
1817	142
1397	1000
29	90
1318	1000
32	90
511	174
3346	162
4102	174
1680	66
1250	66
1741	162
4157	174
2607	150
3214	90
3114	150
3189	90
6423	1000
42	90
1250	1000
40	90
1342	1000
35	90
1536	1000
29	90
1926	1000
42	90
1567	1000
54	90
252	150
1079	66
2125	1000
29	90
645	106
1025	1000
48	90
1229	1000
10	90
1411	1000
69	90
1306	1000
30	90
1304	1000
29	90
226	150
1354	1000
42	90
185	66
1109	1000
32	90
2294	1000
60	90
194	106
1105	1000
25	90
3247	64
237	158
1197	66
3900	74
989	66
3872	150
2795	142
5283	1000
31	90
263	162
1192	1000
28	90
1172	1000
111	90
964	1000
44	90
1004	1000
75	90
999	1000
43	90
1026	1000
50	90
983	1000
41	90
159	64
1004	1000
67	90
1361	1000
27	90
150	66
1921	1000
52	90
979	1000
29	90
976	1000
81	90
997	1000
41	90
1013	1000
26	90
1008	1000
30	90
1002	1000
69	90
181	66
965	1000
48	90
923	990
958	1000
27	90
183	66
1045	1000
69	90
976	1000
9	90
1057	1000
101	90
987	1000
31	90
1077	1000
48	90
17592	150
1041	150
2471	142
413	90
1958	66
1261	150
5124	90
9181	166
3294	150
338	74
3603	106
227	166
3433	74
1262	150
2760	150
2009	106
416	142
1215	162
2004	166
1087	158
1592	174
232	174
3496	74
199	150
2304	142
2497	150
1427	162
2490	142
2656	162
182	90
2217	162
1989	162
1315	1000
33	518
721	754
1945	90
6036	162
2474	1000
44	518
379	174
1382	1000
48	518
1047	794
1268	150
2222	142
7304	162
4572	1000
63	214
7131	158
3435	74
4013	158
3444	74
4529	150
4180	106
4723	150
4746	106
3598	150
3975	142
3210	150
4043	142
3316	158
5075	74
3872	150
3079	142
3111	158
4128	174
4617	162
4176	174
3730	150
1985	150
1250	142
2531	90
3124	150
1901	162
1603	90
12786	150
3738	106
3452	1000
69	178
1105	150
6888	158
3529	74
4109	158
3443	74
4487	150
3837	106
4628	150
11696	106
3149	106
1243	162
3082	158
3226	74
1501	154
2987	150
308	142
2412	74
339	142
2792	162
1511	166
2397	64
1738	64
7619	1000
65	242
1994	174
3719	150
3057	142
6497	162
11369	514
18837	158
3496	74
4021	158
3479	74
4580	150
3504	150
360	106
2956	90
1740	150
1501	150
3450	90
1442	106
4299	158
5764	74
1596	150
2930	162
1030	106
2330	86
909	174
1477	150
1494	162
725	150
2531	1000
45	90
757	142
1386	1000
54	90
201	106
1956	1000
45	90
2055	1000
43	90
248	162
365	162
1591	1000
45	90
2041	1000
43	90
1562	74
833	66
2611	1000
27	90
1868	1000
70	90
934	990
199	150
8282	142
6555	158
3447	74
4025	158
1625	66
1999	74
4721	150
3848	106
1514	154
3636	1000
105	90
214	150
218	142
1050	1000
57	90
1329	1000
33	90
1271	1000
85	90
1321	1000
55	90
269	162
189	106
1051	1000
11	90
1606	66
1888	158
1199	1000
35	90
1378	1000
24	90
2641	74
2922	1000
31	242
1545	162
4150	174
3771	150
3047	142
1934	162
1016	66
2114	162
1825	90
4723	162
3479	90
18497	1000
114	518
1638	1000
84	518
832	794
24079	450
20014	162
5959	174
3643	150
721	162
1722	142
2655	174
2846	162
1631	162
3799	1000
98	518
524	490
251	174
4294	162
4079	174
511	162
3500	74
3982	162
552	162
3684	174
189	74
4521	150
1660	162
2914	106
3308	174
1543	150
2744	162
1909	106
1612	64
704	174
1144	64
1381	162
617	78
573	64
165	78
2982	64
1016	74
1069	162
94	64
3197	162
839	174
3001	162
760	174
3559	150
242	174
2806	142
1508	162
3469	162
866	174
2737	162
4246	174
2767	162
3960	174
3012	162
4144	174
3000	162
6112	1000
1046	518
50	134
1502	174
3642	162
4019	174
2955	162
5295	174
3373	162
4043	174
2985	162
4050	174
2992	162
4219	174
3060	162
3987	174
1573	162
1431	162
1442	174
2857	174
751	150
2147	162
233	142
3888	174
1534	162
1568	162
3818	1000
112	518
354	314
295	174
2724	162
4118	174
1555	150
1403	162
1139	142
2939	174
3002	162
4506	174
2773	162
4064	174
202	162
2775	162
964	74
2403	182
904	174
873	162
2255	162
2074	74
2017	174
2548	150
3757	106
1758	162
3252	150
1121	174
3519	106
905	162
3491	162
657	174
4593	74
308	142
1826	162
2295	1000
134	90
326	182
298	150
1774	1000
97	90
1045	174
1132	1000
147	90
779	142
1450	1000
98	90
531	64
1632	1000
61	90
2066	1000
65	90
1578	66
265	78
2684	1000
25	90
704	64
245	162
1049	1000
29	90
3152	174
4688	162
4088	174
2883	142
1871	162
2678	182
1424	174
1735	66
965	166
8804	162
4149	174
2848	162
4019	174
4593	142
1898	162
1814	182
2310	174
3740	64
1175	64
684	64
4432	64
2314	174
1272	162
1769	70
647	150
269	162
1524	174
1432	142
1200	90
2287	162
1948	162
235	162
2581	174
851	90
1619	1000
10	378
3375	142
1891	162
2240	182
872	162
1242	174
2456	74
4032	162
3179	162
938	74
3303	174
1762	150
1196	162
184	64
3265	106
3082	174
1570	150
2409	142
1900	162
501	106
2574	182
1090	174
729	162
5356	74
4178	162
1346	162
3602	174
2940	174
832	150
3103	162
432	142
3917	174
823	162
1969	142
1871	162
2202	182
2139	522
2580	174
7050	162
4058	174
447	162
2583	162
1146	74
2979	174
1148	162
1921	162
3070	74
459	142
3240	174
1080	150
473	182
2817	64
972	106
4606	150
2814	162
1848	106
2431	174
2025	162
911	162
4201	174
290	74
2805	162
1550	150
4480	174
226	142
1231	142
3158	182
239	162
4108	174
7987	162
298	150
3447	90
619	174
2574	150
470	162
2974	90
1579	174
2530	162
4082	174
4083	150
1288	158
1833	142
1824	74
1574	150
2298	158
725	142
1580	142
1461	74
706	150
1951	182
1506	158
196	106
3403	74
482	150
4075	150
201	142
3641	106
271	150
4604	150
201	106
4471	162
441	106
4233	158
2291	74
3805	142
695	150
365	174
2670	142
455	182
1523	166
5387	174
3679	150
3952	142
4531	162
11372	150
3576	90
3145	150
3209	90
4461	142
3944	182
4869	150
3625	106
2051	86
2502	150
1170	162
4769	106
3930	1000
47	518
530	166
289	162
685	714
3213	162
369	174
2990	74
4936	1000
47	518
248	150
831	714
2095	142
1235	162
5964	1000
76	518
1008	714
780	142
2611	162
997	1000
48	90
1113	1000
63	90
1016	1000
82	90
1000	1000
82	90
276	182
1077	1000
124	90
994	1000
69	90
1057	1000
71	90
1362	1000
60	518
1063	1000
14	90
651	714
977	1000
113	90
1008	1000
65	90
1026	1000
91	90
998	1000
91	90
2804	66
1379	66
1285	1000
41	90
1844	1000
64	90
991	1000
56	90
251	158
998	1000
46	90
2609	74
3924	158
3506	74
4437	150
726	66
3199	106
4941	150
2558	142
2101	106
1522	182
3194	162
5455	174
2079	66
2052	150
3970	142
6967	162
6481	142
3602	162
3571	90
4136	162
3624	90
4436	1000
53	518
1007	714
3259	162
5879	1000
46	518
996	714
3326	162
5925	1000
81	518
1001	714
3567	162
3012	154
2959	1000
69	518
396	142
688	714
4925	162
12412	1000
66	242
24002	158
3461	74
4044	158
3535	74
4471	150
3804	106
5307	150
4659	106
4758	158
5063	74
4504	150
3071	142
10304	64
4208	158
3440	74
3891	158
3535	74
3613	67
891	150
3685	106
1701	154
3055	150
224	142
3713	64
854	106
1191	162
3578	158
5521	174
3472	1000
156	242
475	150
4071	142
4662	162
25377	1000
64	518
997	714
3229	162
6003	1000
83	518
1018	714
1659	162
1502	162
2838	174
3357	1000
65	518
1132	714
216	162
2995	162
1201	174
2981	162
1963	1000
76	518
1002	714
1334	174
2937	162
4134	174
2884	162
4292	174
2735	162
4011	174
3075	162
4052	174
2988	162
4281	174
2734	162
4245	174
2863	162
4194	174
2826	162
3977	174
3030	162
4143	174
2866	162
4262	174
2788	162
4044	174
2946	162
4715	1000
47	90
265	174
1881	1000
65	90
2082	1000
45	90
242	162
1040	1000
39	90
981	1000
59	90
985	1000
53	90
1012	1000
46	90
988	1000
28	90
1036	1000
55	90
1001	1000
45	90
1061	1000
45	90
265	174
987	1000
67	90
2009	162
1290	66
2547	1000
54	90
173	66
871	174
1015	1000
85	90
3942	1000
71	90
233	162
1219	1000
60	90
3195	174
2828	162
5251	174
3487	162
4526	174
2688	162
4000	174
445	66
2663	162
4223	174
2779	162
4155	174
2880	162
3410	66
706	174
3006	162
4320	174
2840	162
4025	174
2949	162
4129	174
2891	162
2738	162
1357	174
2652	90
483	162
3710	162
460	174
2848	162
375	90
3715	174
3003	162
4211	174
2796	162
4421	174
2650	162
4136	174
2957	162
3996	174
3029	162
4202	174
2830	162
1723	64
2753	174
2718	162
4018	174
3041	162
3993	174
3006	162
4025	174
3116	162
4339	174
2748	162
4464	174
4143	162
1021	1000
89	90
1292	1000
27	90
1350	1000
67	90
1345	1000
26	90
288	174
1169	1000
58	90
1369	1000
32	90
1645	162
91	66
3124	1000
133	90
1290	1000
47	90
247	174
4118	162
4118	174
2891	162
4114	174
2943	162
4059	174
803	162
2205	162
1385	66
2787	174
2980	162
4302	174
2823	162
3874	1000
54	518
261	174
827	714
2239	162
921	162
3214	174
2827	1000
65	518
1146	714
827	162
2487	162
1756	174
2820	162
1438	1000
31	518
207	64
899	714
1697	174
2291	162
845	162
3963	174
1333	1000
73	518
1036	714
793	162
4188	174
1077	162
1833	162
4402	1000
175	518
249	174
642	534
3500	162
4020	174
18980	66
22354	1000
73	90
19344	66
6705	162
4190	174
14895	1000
129	90
1368	1000
118	90
4656	66
17410	1000
126	90
1342	1000
109	90
1637	1000
115	90
1367	1000
95	90
1013	1000
92	90
1246	1000
86	90
1018	1000
91	90
1223	1000
84	90
1029	1000
85	90
1509	1000
74	90
174	66
1851	1000
93	90
2075	1000
136	90
938	1000
98	90
1405	1000
133	90
2024	66
2542	1000
69	90
1048	1000
73	90
1014	1000
14	90
953	1000
90	90
964	1000
62	90
960	1000
89	90
981	1000
61	90
1178	1000
50	90
4585	66
2990	1000
36	90
1383	1000
50	90
25774	66
14349	154
3186	142
4160	66
1381	162
2735	1000
94	90
1392	1000
61	90
8365	1000
89	242
12313	162
2171	66
3109	90
1203	66
3051	162
3401	90
12499	1000
87	90
4594	66
32928	1000
85	90
1378	1000
1371	90
365	1000
71	90
1350	1000
90	90
1427	1000
67	90
1423	1000
88	90
2277	66
2026	1000
101	90
1426	1000
73	90
9678	66
3411	154
3123	142
5519	162
12631	1000
120	242
971	150
2308	142
6551	1000
88	90
1315	1000
52	90
1454	1000
31	90
1360	1000
92	90
1363	1000
133	90
1505	1000
68	90
2268	66
2252	1000
69	90
1246	1000
62	90
4951	162
4331	146
3294	66
9258	162
2716	1000
64	90
1282	1000
166	90
244	174
1430	1000
85	90
1243	1000
62	90
1447	1000
63	90
1332	1000
69	90
208	162
2136	66
2106	1000
62	90
1279	1000
38	90
282	174
3172	162
1747	66
2396	174
2942	162
4116	174
2891	162
4397	174
948	1000
57	90
1363	1000
50	90
1586	1000
39	90
1299	1000
57	90
256	162
1183	1000
126	90
1403	1000
57	90
2469	174
3888	162
3990	174
3015	162
4414	174
2701	162
4092	174
4534	162
4294	174
4357	162
3962	174
3040	162
2137	86
2073	174
1560	162
1409	162
4368	174
4272	162
4101	174
3085	162
4066	174
3036	162
4004	174
2969	162
3982	174
3040	162
4047	174
2945	162
4075	174
2945	162
4207	174
2898	162
4003	174
3026	162
3834	66
549	174
1576	1000
95	90
1335	1000
26	90
296	162
4864	174
3803	162
2595	1000
73	90
2237	1000
49	90
272	174
1843	1000
138	90
2075	1000
59	90
196	66
265	162
1781	1000
58	90
2054	1000
88	90
605	174
2043	66
811	162
1836	1000
48	90
1847	1000
56	90
749	174
3271	1000
38	90
263	162
1102	1000
51	90
1377	1000
29	90
1350	1000
86	90
1330	1000
13	90
206	174
1382	1000
64	90
2267	66
245	162
2217	1000
29	90
1982	1000
56	90
264	174
2790	162
2813	66
1511	174
2806	162
1473	66
2653	174
3036	162
4219	174
2694	1000
72	90
1282	1000
91	90
383	162
1195	1000
67	90
1332	1000
86	90
1346	1000
88	90
1341	1000
65	90
2255	66
288	162
1924	1000
61	90
1534	1000
90	90
1443	174
4034	162
4037	174
1369	1000
84	518
1008	714
2408	162
1666	162
2405	174
186	64
4719	1000
76	518
288	162
868	714
260	162
2996	162
331	174
812	90
2092	162
2913	1000
402	518
6	162
869	714
472	174
2314	90
534	162
222	162
3881	174
2068	1000
66	518
1038	714
212	162
4161	174
1106	162
1994	162
4997	1000
65	518
298	174
1052	714
2595	162
504	64
255	162
3638	174
3015	1000
92	518
265	162
854	714
3191	162
256	174
2970	162
3093	1000
69	518
1053	714
403	174
2959	162
249	162
3854	174
2152	1000
79	518
1022	714
246	162
4125	174
2966	162
3626	1000
71	90
1391	1000
83	90
280	174
1167	1000
71	90
1442	1000
78	90
1335	1000
78	90
259	162
1161	1000
140	90
3275	66
2073	1000
70	90
1312	1000
93	90
282	174
4202	162
4150	174
2847	162
4019	174
3142	162
4022	174
3018	162
4071	174
4567	162
1763	64
6336	174
3961	162
3940	66
1941	174
2894	162
4720	174
3948	162
4123	174
2885	162
1589	162
2955	174
2564	162
1470	1000
79	518
968	714
1847	174
1507	162
7490	1000
90	518
1048	714
3806	162
5896	1000
74	518
1020	714
3246	162
5877	1000
134	518
973	714
39683	64
15692	162
8400	174
58592	64
7053	66
4793	1000
286	90
1896	1000
107	90
2063	1000
84	90
263	162
1905	1000
30	90
2164	1000
73	90
76	64
2172	1000
81	518
1055	1000
74	90
697	714
1345	66
2168	162
5010	1000
68	90
1400	1000
59	518
1085	1000
63	90
723	714
987	1000
78	90
1303	1000
212	90
1112	1000
71	90
187	162
1027	1000
88	90
1300	1000
72	90
963	1000
61	90
2855	1000
48	358
207	66
2756	1000
97	90
1718	1000
82	90
4874	66
6830	66
2048	154
3212	142
5409	162
14450	1000
64	242
3038	1000
70	90
1322	1000
47	90
1382	1000
80	90
1066	1000
18	90
999	1000
87	90
1193	1000
19	90
943	1000
70	90
1044	1000
74	90
1078	1000
69	90
969	1000
29	90
1099	1000
65	90
1094	1000
40	90
568	66
1942	1000
63	90
245	162
1199	1000
67	90
188	66
2215	1000
54	90
1347	1000
29	90
2669	90
4145	162
3345	90
441	66
3546	64
15194	162
3360	64
1904	74
26350	64
1362	64
11384	162
4314	146
11515	154
4315	142
5967	162
12347	1000
50	242
53148	162
4146	174
4497	162
4175	174
4529	162
4095	174
2946	162
4153	174
2859	162
4296	174
2821	162
3994	174
2989	162
416	86
3678	162
247	174
2001	64
2617	64
1877	162
4259	174
2859	162
4338	174
1776	158
997	162
2693	74
1709	174
2962	162
436	158
3657	174
172	74
2958	162
1788	150
3525	174
2464	106
1125	162
4386	174
236	150
4165	162
555	106
3563	174
2151	162
928	162
4108	174
1532	174
1489	162
3629	150
1983	174
2190	142
956	162
3641	162
619	174
6368	162
4155	174
4560	162
4100	174
2961	162
1382	1000
88	518
1158	714
1998	174
1618	162
1521	162
4444	1000
39	518
298	174
836	714
3321	162
2439	162
1516	1000
96	90
622	174
1567	1000
86	90
1246	162
986	1000
62	90
1355	1000
91	518
1024	1000
29	90
760	714
1191	1000
89	90
238	174
2093	1000
118	90
256	162
1695	162
170	66
2568	1000
62	90
1791	1000
50	518
1036	1000
192	90
689	714
271	174
2768	162
4239	174
2816	162
4239	174
2978	162
4125	174
177	66
2850	162
4035	174
3037	162
4237	174
4505	162
4157	174
2879	162
4272	174
2791	162
4057	174
3147	162
4148	174
2848	162
1503	162
1483	64
1248	174
1419	90
1808	162
2669	162
1642	174
1933	90
1064	162
4327	174
2839	162
4251	174
3117	162
4037	174
3026	162
4130	174
4614	162
4252	174
2815	162
4099	174
2975	162
4169	174
2896	162
4071	174
2967	162
4112	174
2946	162
4110	174
2943	162
4084	174
2961	162
4055	174
3001	162
4022	174
3020	162
4133	174
3163	162
4153	174
2929	162
4211	174
2995	162
3935	174
3205	162
4069	174
2977	162
4198	174
605	64
1742	66
876	162
543	66
3431	64
303	174
2934	162
3514	162
719	174
12634	1000
83	90
1395	1000
49	90
1386	1000
68	90
1439	1000
48	90
2247	1000
76	90
1977	1000
81	90
493	338
1965	66
1861	1000
82	90
1414	1000
68	90
256	162
1310	1000
184	90
1423	1000
87	90
1351	1000
224	90
1687	1000
86	90
248	146
1426	1000
82	90
1324	1000
83	90
225	66
2509	1000
100	90
1384	1000
115	90
2987	158
3717	74
4287	158
3595	74
4610	150
3891	106
5244	1000
87	90
273	150
1264	1000
92	90
1396	1000
60	90
1358	1000
77	90
1355	1000
95	90
197	106
1241	1000
105	90
1811	66
2110	166
1207	1000
76	90
1414	1000
94	90
2602	162
683	174
3571	174
326	150
4042	142
4627	162
10495	66
22889	1000
80	518
1107	714
4136	162
903	64
5159	1000
97	518
1041	714
3282	162
6078	1000
80	518
1038	714
3403	162
5949	1000
91	518
1029	714
16410	158
3434	74
4271	1000
82	90
253	158
1936	1000
300	90
2080	1000
78	90
284	74
4052	1000
24	90
2459	1000
33	90
15	150
191	1000
118	90
1713	66
907	106
1987	1000
102	90
233	154
1829	1000
100	90
1113	150
521	142
4741	106
932	162
1267	158
2520	158
5063	74
3682	1000
84	242
1134	150
3202	142
14017	66
7470	1000
78	518
1711	1000
89	518
1561	1000
67	518
1546	1000
62	518
1405	1000
71	518
848	938
11831	158
21245	162
4035	90
2804	1000
93	518
1745	1000
82	518
272	162
1379	1000
79	518
1375	1000
81	518
1514	1000
41	518
222	90
884	938
8981	158
10750	64
474	154
3362	142
5550	162
4076	1000
76	90
1422	1000
83	90
1397	1000
93	90
1475	1000
60	90
1394	1000
74	518
1056	1000
76	90
1428	1000
83	518
1065	1000
79	90
1393	1000
75	518
2067	1000
74	518
2244	1000
50	518
889	938
184	66
2140	1000
51	242
1073	1000
70	90
1304	1000
63	90
11107	66
1072	162
12132	878
4344	162
4290	146
22160	162
4645	174
5691	162
4137	174
2893	162
4191	174
2980	162
4155	174
2906	162
4268	174
3523	1000
87	90
257	162
7819	174
7447	162
4148	174
2925	162
4475	174
4198	162
4133	174
6331	162
4296	174
445	158
3419	74
754	162
3282	158
793	174
2873	74
262	162
4154	174
227	150
2918	162
1928	106
3278	174
1713	150
1760	162
6411	106
23	174
5127	162
54	162
3660	174
21	174
2082	162
5393	150
22	174
4977	162
22	142
5131	174
20	162
7	162
4898	174
542	162
3699	174
2926	162
4308	174
3865	1000
155	518
248	162
958	714
3105	162
425	174
3053	162
1969	722
2384	174
2754	162
4121	174
1996	158
1103	162
2481	74
1745	174
2377	158
574	162
2982	74
1507	174
2783	162
499	150
4361	174
2423	106
1568	162
1366	1000
113	90
2071	1000
87	90
202	150
990	174
1058	1000
14	90
2116	1000
81	90
286	162
815	106
1374	1000
136	90
2077	1000
105	90
359	174
1001	158
655	66
1626	162
1211	1000
1955	90
13	1000
90	90
167	74
1043	1000
78	90
1015	1000
203	90
1089	1000
83	90
258	174
1134	1000
117	90
1340	1000
111	90
259	150
1168	1000
59	90
288	162
2773	142
1622	66
1312	174
2004	1000
89	90
1435	1000
71	90
225	162
2730	66
1621	174
2792	162
4364	174
1783	166
2789	162
858	74
3371	174
754	166
637	64
2981	74
583	162
3944	150
258	174
618	64
2509	162
722	570
211	106
882	66
4581	174
896	150
1757	162
2964	106
1237	174
2509	146
586	162
255	166
2608	142
1430	174
245	162
1476	74
1490	162
803	90
729	162
1507	166
2071	174
242	162
1490	174
1452	174
1074	162
490	90
2236	150
2365	174
1799	142
2167	162
2790	1000
88	518
263	162
1500	1000
80	518
1031	1000
82	34
415	174
3423	162
4137	174
2935	162
4237	174
2984	162
4105	174
11186	162
4176	174
3446	430
1191	162
4229	174
2812	162
2368	158
1803	174
1751	74
4066	158
3571	74
3839	162
911	150
2004	142
2146	174
2453	106
1532	162
3252	150
1261	174
3466	106
1073	162
145	66
3234	158
1032	174
2953	162
1391	74
2865	174
1666	162
1345	162
3675	174
1381	1000
82	90
1370	1000
86	90
398	174
1050	1000
74	90
256	150
1422	1000
70	90
1496	1000
94	90
237	162
1071	1000
82	90
240	142
2157	66
2399	1000
69	90
248	162
228	174
1037	1000
90	90
1884	162
4675	174
4104	162
4124	174
3160	162
5019	174
3957	1000
72	518
260	162
598	606
3718	174
305	64
2554	64
2674	158
1614	86
1905	74
1718	162
2442	158
3511	74
1804	64
3320	368
190	150
3819	106
4912	64
217	150
4701	106
5048	158
5002	74
4705	162
3962	174
901	64
1253	64
1844	150
3079	142
7488	162
16545	162
4940	174
5199	1000
206	518
1615	1000
94	474
79495	1000
126	90
2038	1000
118	90
2148	1000
71	90
1997	1000
100	90
2109	1000
92	90
2114	1000
86	90
1612	66
2737	1000
80	90
1922	1000
83	90
10934	64
3315	64
5626	64
8051	158
3504	66
108	74
3088	154
1777	158
1394	64
252	142
1445	64
619	74
3450	162
1026	150
12377	1000
61	242
1373	106
4589	150
4944	106
4058	64
342	158
5231	74
2868	162
1767	162
2425	90
3342	174
930	162
3335	90
2353	150
3275	142
4443	162
10982	1000
70	518
429	398
27128	162
3465	74
3951	162
3631	74
4384	150
3936	106
4602	150
3083	154
1975	106
1284	142
3181	162
2428	162
2736	74
4151	162
6366	1000
85	242
1924	174
3606	150
3104	142
4581	162
19326	486
28722	162
4026	150
275	174
3451	106
1029	162
3897	150
362	174
1576	64
1414	162
1553	106
3023	174
1744	162
2551	162
3022	174
1286	174
2107	109
881	150
1815	162
1018	1000
103	90
1256	1000
86	90
283	142
1234	1000
85	90
1376	1000
86	90
382	174
1287	1000
81	90
1324	1000
97	90
246	162
1319	162
201	66
3111	1000
68	90
1345	1000
50	90
272	174
4111	162
4033	174
4631	162
4442	174
4224	162
4428	1000
56	518
325	174
391	66
251	170
3719	162
3920	66
719	174
2750	162
4100	174
279	150
2799	162
1779	106
3158	174
2240	150
1669	162
3669	1000
75	90
230	106
1217	1000
81	90
251	174
1442	1000
74	90
1325	1000
85	90
1291	1000
91	90
305	162
230	166
1022	1000
79	90
2289	66
2080	1000
86	90
243	174
244	174
1275	1000
77	90
1893	162
587	150
3568	174
636	142
2404	162
2321	162
1875	174
2919	162
4022	174
4645	162
4236	174
4522	162
1373	1000
90	518
859	566
1358	1000
18	90
890	174
1263	1000
106	90
2174	1000
81	90
239	162
1937	1000
78	90
2103	1000
91	90
449	174
1715	1000
92	90
1232	162
441	66
2573	1000
61	90
1911	1000
93	90
224	150
3424	174
2480	106
1390	162
3292	150
1295	174
4255	162
576	106
3667	174
1013	166
1998	162
3479	174
587	174
3014	162
266	150
4007	142
332	174
2662	162
1914	162
1387	66
999	174
2912	162
4122	174
2081	64
994	64
929	150
849	162
3440	142
930	174
1313	150
1449	64
1496	253
238	162
1773	142
1784	150
808	174
2693	1000
77	518
619	278
1787	162
1619	142
1841	150
737	174
3610	142
1205	162
518	150
3805	174
287	142
2091	158
2256	162
534	162
3562	174
1024	90
3728	162
489	162
3604	90
189	174
3073	162
4036	174
2270	162
2484	162
15177	174
2851	162
4004	174
2967	162
4002	174
2980	162
3489	1000
63	518
524	174
1288	1000
60	518
1385	978
469	162
4017	174
3016	162
4256	174
206	150
2750	162
1349	142
1856	158
1110	174
2842	162
1321	74
2824	174
2886	162
4020	174
1804	1000
78	518
1088	714
215	162
2928	162
1436	174
2666	162
2769	1000
57	518
981	714
475	174
2550	150
191	162
221	162
4019	174
2965	162
1874	1000
52	518
980	714
1422	174
1791	162
1096	162
4785	1000
53	518
203	174
802	714
2910	162
1358	86
944	162
1864	174
898	162
2135	162
1476	1000
33	518
1042	714
1678	174
1528	162
1438	162
717	106
2096	150
1346	174
2469	142
517	162
1384	150
3562	1000
24	518
229	174
781	714
2857	162
1499	142
1527	1000
24	90
185	150
1146	1000
45	90
370	174
1010	1000
25	90
1282	1000
27	90
347	162
995	1000
25	90
191	142
1138	1000
52	90
971	158
792	162
1737	66
1893	1000
53	90
1307	1000
74	90
381	174
1299	182
1712	162
1768	64
380	150
593	150
1467	174
839	142
3293	1000
53	518
221	162
799	714
3084	142
233	174
195	162
1504	150
4757	142
1815	150
4535	1000
25	518
156	66
879	714
3080	142
1736	150
3060	66
881	142
1627	150
4037	142
2015	158
11435	162
5979	1000
79	518
981	714
3122	162
5236	194
5832	1000
57	518
951	714
2661	1000
23	90
522	162
930	1000
62	90
1280	1000
25	90
1540	1000
25	90
212	150
195	162
964	1000
73	90
1361	1000
99	90
700	866
1530	66
364	174
826	142
987	1000
28	90
1242	1000
77	90
196	150
3929	142
2032	158
15303	162
4428	146
20651	542
10556	150
3952	142
1936	150
3332	158
634	142
1691	150
1225	74
1869	1000
59	90
1085	142
1014	1000
24	90
337	158
743	158
1045	1000
25	90
2022	1000
61	90
157	74
1918	1000
53	90
2026	1000
24	90
204	158
4161	66
56	1000
44	90
145	74
1730	1000
63	90
2703	150
3867	106
4541	150
4706	106
1808	66
2745	150
2149	130
661	154
1352	142
2491	142
2828	174
2063	162
1485	150
4040	142
1668	150
3910	142
143	66
1283	1000
25	242
724	158
45488	162
6015	90
4298	1000
65	482
215	162
4815	90
1281	150
30070	94
2003	150
3097	154
872	142
1811	150
698	142
3396	142
1776	150
327	162
4141	142
1583	150
3927	142
2663	1000
25	242
208	158
26810	314
3708	150
4490	94
1446	150
845	150
1502	142
2529	142
1639	150
802	162
437	162
2792	142
916	174
1145	158
1772	1000
56	518
1554	1000
52	518
1342	1000
25	518
204	162
1289	1000
67	518
1043	1000
52	210
2647	174
3760	162
941	1000
52	90
1289	1000
28	90
1265	1000
24	90
209	158
1120	1000
53	90
1332	1000
25	90
341	326
236	174
934	1000
92	90
59	74
1829	66
998	150
352	162
881	158
1013	1000
36	90
1212	1000
25	90
729	142
1267	174
315	74
1467	150
2172	162
741	142
283	150
1752	158
2649	174
2405	106
1076	162
3472	150
683	174
2878	162
1252	106
2824	174
1712	150
1308	162
2769	142
1575	174
2683	162
4121	174
2854	162
3236	66
1068	174
1262	66
1244	422
528	162
3904	150
182	174
2969	162
866	142
1877	150
1585	174
2456	142
390	162
1390	150
2900	174
1086	142
1590	150
189	162
3666	142
486	174
1620	158
1413	162
4047	174
2927	162
4029	174
2937	162
4053	174
2937	162
4061	174
2953	162
4056	174
1614	1000
41	90
1314	1000
54	90
210	162
528	166
938	1000
64	90
1226	1000
24	90
1441	1000
9	90
1446	1000
52	90
243	174
2063	66
1143	162
1050	1000
55	90
1301	1000
60	90
1779	174
2964	162
4319	174
2640	162
4133	174
2863	162
3976	174
3001	162
4356	174
4254	162
4047	174
2941	162
4051	174
1605	64
1394	162
3988	174
2958	162
4172	174
2806	162
3970	174
3000	162
4250	174
2332	158
458	162
3105	74
950	174
2973	162
214	158
3459	74
480	174
2941	162
1238	150
3480	174
2424	106
1604	162
2942	150
1374	174
2728	162
775	106
2700	1000
64	90
739	174
1327	1000
53	90
208	150
1886	1000
34	90
215	162
1861	1000
25	90
191	142
1880	1000
55	90
251	174
1917	1000
107	90
1250	162
391	66
2639	1000
25	90
1029	174
951	1000
64	90
2100	162
4102	174
2871	162
4185	174
2789	162
4058	174
2903	162
4248	174
407	64
2007	64
2076	162
4031	174
2939	162
2355	64
1791	174
165	64
2784	162
2339	66
720	64
1151	174
2894	162
2278	64
1804	174
2960	162
3995	174
6254	162
3836	64
232	174
2958	162
1467	64
2605	174
2985	162
6733	174
3518	162
1442	162
2720	174
1595	90
1404	162
2757	162
1264	174
2958	162
163	90
3935	174
3123	162
2838	150
1306	174
2822	142
205	162
2475	158
1625	174
2915	162
4003	174
12124	162
3615	74
3879	162
3473	74
4426	150
3780	106
5625	150
8833	1000
84	518
1654	1000
30	518
1325	978
4488	106
4374	162
2817	158
3345	74
3833	74
352	162
4065	174
3485	150
3006	142
1923	162
3388	162
794	174
9468	150
5342	106
2267	150
3151	64
904	142
2077	158
1892	64
4210	182
3439	150
3925	142
2215	158
5996	194
4293	1000
51	518
1009	1000
55	158
2733	64
5086	150
1644	64
1111	1000
24	90
1358	1000
66	90
189	142
1175	1000
53	90
1273	1000
24	90
252	64
184	158
966	1000
26	90
1267	1000
30	90
1885	66
3008	1000
23	90
1286	1000
27	90
2329	542
10659	150
3985	142
2226	158
5956	174
1166	66
2422	150
3928	142
2122	158
3487	154
3517	142
5047	162
3881	1000
81	90
1322	1000
43	90
1307	1000
42	90
1312	1000
45	90
1270	1000
34	482
1010	1000
111	90
1293	1000
44	90
2679	66
1654	150
1412	1000
34	90
1375	1000
29	90
2584	94
2270	150
1419	1000
83	242
2598	142
1894	166
289	158
3317	74
3801	166
355	314
3204	74
461	150
3492	166
981	94
1953	174
293	150
3292	150
695	142
1601	142
591	158
4758	162
2802	326
2245	1000
24	518
163	66
1564	1000
53	518
197	150
1293	1000
53	518
1312	1000
27	518
1279	1000
25	518
830	938
173	142
2111	158
11966	422
872	150
3420	166
563	142
2126	158
230	174
3406	150
2241	142
1389	166
5416	162
5653	1000
96	518
1428	1000
64	490
8083	162
3538	74
3934	162
3579	74
1163	154
3240	142
203	150
1818	1000
58	90
2009	1000
25	90
139	64
145	106
1833	1000
54	90
219	162
1850	1000
53	90
954	150
1118	1000
53	90
2018	1000
25	90
1487	66
838	106
1848	1000
23	90
1795	1000
25	90
1077	1000
20	242
248	162
101	66
5194	74
4211	150
3128	142
21237	66
2787	166
1103	86
2404	74
1187	162
2875	166
2453	162
1198	74
3035	174
1547	150
3020	162
857	106
3737	174
854	150
2612	64
778	162
1573	106
1602	1000
53	90
1218	1000
25	90
364	174
1178	1000
55	90
1202	1000
52	90
213	166
1423	1000
62	90
254	162
957	1000
24	90
145	71
2656	74
1225	174
1650	66
2280	1000
66	90
262	150
982	1000
26	90
266	162
204	162
3354	142
195	142
2912	174
1316	162
2639	162
1152	90
2927	174
736	162
917	162
1417	162
1213	74
881	90
1998	174
1149	162
1901	162
188	162
1568	74
1286	142
1529	174
1845	150
932	162
341	162
2587	142
748	106
3113	174
1146	162
432	150
2161	162
521	142
2211	106
1631	174
2702	162
193	162
3937	174
996	74
2091	162
2085	162
2915	174
2768	174
1014	162
2729	150
2397	174
1797	142
1846	162
3425	162
721	174
2832	162
4150	174
2946	162
4024	174
2939	162
1928	1000
67	90
1277	1000
51	90
1727	174
3773	162
2358	64
2069	174
4266	162
4738	174
2933	954
984	162
1159	66
3889	1000
62	90
248	174
3430	162
4053	174
2950	162
506	66
2020	66
1815	174
2733	162
4181	174
1955	162
908	162
2689	74
1372	174
2405	162
703	162
2808	74
1426	1000
44	90
214	174
1049	1000
51	90
1613	1000
25	90
401	162
985	1000
51	90
210	162
1199	1000
55	90
1311	1000
27	90
1192	74
1095	66
297	174
1940	1000
53	90
1191	1000
27	90
198	150
577	162
2745	66
1983	106
3099	174
1434	150
900	67
479	162
3601	106
798	174
3414	162
943	162
4197	174
669	74
2887	1000
50	90
1178	1000
62	90
248	162
221	162
1021	1000
63	90
1275	1000
25	90
1523	1000
26	90
1158	1000
20	90
1380	174
965	66
1128	174
960	1000
68	90
1344	1000
61	90
189	162
1124	150
4659	174
1693	1000
52	90
1280	1000
63	90
262	162
159	142
997	1000
27	90
1273	1000
24	90
1309	1000
65	90
1295	1000
26	90
210	174
1109	1000
64	90
194	162
1135	1000
25	90
306	66
1062	1000
53	90
215	162
1113	1000
64	90
1427	1000
25	90
1315	1000
72	90
1272	1000
24	90
220	174
1139	1000
52	90
1279	1000
27	90
1277	1000
26	90
196	162
1389	1000
69	90
1279	1000
52	90
1282	1000
24	90
1294	1000
23	90
1287	1000
20	90
159	66
1221	1000
54	90
254	174
2539	1000
23	518
963	1000
62	90
1291	1000
24	518
215	162
957	1000
51	90
196	66
1236	1000
54	502
1920	1000
26	90
142	66
1199	1000
52	90
231	174
2070	1000
56	90
1272	1000
52	90
215	162
1132	1000
52	90
1310	1000
33	90
1285	1000
24	90
1278	1000
30	90
207	174
2759	66
933	162
2221	1000
82	90
1280	1000
31	90
667	174
2980	162
3970	174
2785	66
261	162
3986	174
2988	162
4357	174
2723	162
4030	174
2918	162
2097	66
2262	174
2670	162
1853	66
1350	150
938	174
1422	142
1592	162
4083	174
278	64
4377	162
3366	66
861	174
2817	162
4044	174
2307	150
703	162
1576	142
2488	174
2933	162
1807	64
2447	174
2782	162
2019	150
2051	174
209	142
2814	162
4069	174
2927	162
3199	70
890	174
2919	162
4030	174
2942	162
3414	64
603	174
2427	1000
68	90
738	162
1323	1000
67	90
2004	1000
52	90
804	174
1269	1000
56	90
2239	1000
35	90
32	162
1785	1000
134	90
1713	66
620	174
2049	1000
24	90
933	162
938	1000
33	90
3138	174
18224	66
13133	162
2626	174
3474	150
2197	142
5527	162
5109	1000
106	454
8031	150
2258	142
1572	64
1282	64
5723	162
3653	90
4780	162
3308	90
237	162
4413	174
10432	1000
25	90
1329	1000
65	90
1279	1000
26	90
1299	1000
52	90
1299	1000
25	90
1284	1000
25	90
1421	64
135	66
2992	1000
64	90
147	67
1205	1000
54	90
21476	162
111	66
3050	398
3979	162
2405	146
50076	166
2696	174
3683	150
2315	142
3035	154
2116	162
1413	142
4211	1000
11	518
513	546
590	162
12349	1000
118	242
14017	70
9485	146
4339	142
34785	150
2283	142
18736	64
14154	154
3146	142
5447	162
12259	1000
118	242
25417	86
3588	162
14250	162
240	162
2635	174
1773	174
1840	150
2228	142
319	162
3711	162
478	174
2851	162
2030	1000
30	518
1364	1000
25	374
1523	174
1102	1000
65	90
2008	1000
57	90
1068	162
1088	1000
66	90
2027	1000
32	90
284	150
953	174
979	1000
76	90
547	142
1475	1000
77	90
170	162
1313	66
2656	1000
27	90
397	174
1475	1000
53	90
1311	162
4213	174
2749	162
4121	174
2945	162
4242	174
4344	162
4243	174
4382	162
3370	66
403	64
552	174
1141	64
1746	162
3940	174
3016	162
3856	166
386	174
2332	174
533	162
3016	150
1292	174
1008	142
1790	162
3407	162
660	174
2977	162
1425	1000
64	354
2808	174
2902	162
4006	174
4650	162
272	162
3770	90
366	174
2814	162
1134	162
2949	174
589	90
2380	162
4086	174
2892	162
946	1000
63	90
1293	1000
27	90
1278	1000
25	90
1284	1000
26	90
1292	1000
53	90
1294	1000
24	90
2596	66
1984	1000
79	90
1260	1000
46	90
272	174
4011	162
4174	174
2912	162
4265	174
2754	162
4075	174
2870	162
3983	174
3011	162
5150	174
3580	162
2475	66
3121	174
3172	162
4693	174
3917	162
4055	174
2973	162
4141	174
2823	162
4021	174
2950	162
4213	174
2810	162
3948	174
3009	162
4059	174
2924	162
1792	166
2252	174
1312	74
1730	162
1997	166
2212	174
1339	74
1581	162
2400	166
1681	174
1062	174
1957	162
1616	150
2210	142
303	174
2975	162
1905	162
2100	174
2899	1000
25	518
225	162
1350	1000
64	518
1317	1000
25	518
1469	1000
33	518
1365	1000
83	518
842	938
193	174
4162	162
4223	174
1734	162
1182	162
3467	74
652	174
2877	162
497	162
3650	174
152	74
2819	162
1601	150
3196	174
2705	106
1252	162
3302	150
953	174
2773	162
962	106
3169	174
1096	162
1888	162
3163	74
913	174
2926	162
504	150
4278	174
1844	142
2179	162
4058	174
2909	162
4158	174
2826	162
4045	174
2920	162
1018	166
3060	174
453	74
2576	162
1448	166
2688	174
967	74
1989	162
2434	150
2337	174
2424	106
1541	162
3032	150
1191	174
2882	162
986	106
3171	174
1045	166
1887	162
3375	74
731	174
3521	150
3119	142
22640	1000
66	90
2010	1000
25	90
2049	1000
67	90
2020	1000
18	90
2030	1000
53	90
2029	1000
54	90
1558	66
2944	1000
64	90
1835	1000
27	90
14958	66
12041	162
4170	174
12105	146
18551	162
3930	90
4099	162
3430	90
9868	142
5690	64
31222	162
4689	1000
74	174
4249	162
2364	146
10337	154
3032	142
5505	162
7597	166
4682	1000
66	242
166	74
3935	166
3478	74
3989	166
2791	174
3721	150
2248	142
5123	162
3389	582
7466	162
3562	74
4364	162
3481	74
4339	150
3795	106
4486	150
4891	106
4197	162
4995	74
4190	150
3022	142
17142	154
3152	142
987	162
3544	74
1036	162
2918	162
3486	74
4460	150
1609	1000
47	242
2610	106
4607	150
4576	106
4166	162
5125	74
4123	162
4240	174
3592	150
3000	142
4086	162
8703	162
4118	174
3744	1000
27	90
197	146
1154	1000
75	90
183	162
1117	1000
26	90
1290	1000
60	90
370	142
1018	1000
71	90
1310	1000
81	90
218	174
1780	66
229	64
2821	1000
37	90
383	64
211	162
959	1000
25	90
3208	174
4787	162
751	378
4054	174
3960	162
1016	162
3377	174
220	74
2047	66
686	162
1423	162
2641	174
1056	74
1991	162
1163	1000
45	90
2004	1000
67	90
204	150
886	174
1046	1000
25	90
2008	1000
25	90
217	162
196	106
1773	1000
75	90
2020	1000
52	90
407	174
524	150
755	66
1651	162
972	1000
28	90
1780	1000
25	90
171	106
1366	174
2891	162
293	162
4133	174
802	74
2103	162
2301	150
2494	174
1795	142
2186	162
2053	66
2203	174
2779	162
4285	174
2689	162
4047	174
3012	162
3954	174
2967	162
4157	174
2830	162
3990	174
2977	162
4043	174
2940	162
938	162
3365	174
476	90
2318	162
1863	162
2397	174
975	90
1875	162
4013	174
3005	1000
25	90
224	162
1121	1000
64	90
1296	1000
54	90
1323	1000
26	90
1260	1000
25	90
1286	1000
26	90
3331	66
1904	1000
26	90
1305	1000
34	90
3452	174
2721	162
4458	174
2530	162
3972	174
3001	162
4178	174
2811	162
5789	174
2832	162
2411	66
2699	64
531	174
3174	162
4012	174
2983	162
1514	150
2328	142
549	174
3020	162
2078	162
1965	174
382	146
2811	162
4205	174
2968	162
4036	174
2993	162
4061	174
1225	64
2522	64
1077	162
4088	174
4551	162
4127	174
4497	162
4016	174
2971	162
3997	174
2981	162
3990	174
3005	162
874	66
4615	174
3243	162
4096	1000
50	90
2128	174
4248	162
4104	174
2958	162
4100	174
2913	162
2592	1000
41	90
1342	1000
34	90
1331	1000
63	90
1308	1000
28	90
1345	1000
75	90
1244	1000
20	90
484	174
2734	66
177	162
1863	1000
67	90
1290	1000
27	90
4387	174
2915	162
5556	174
3130	162
4221	174
2764	162
4013	174
2970	162
1196	66
2911	1000
27	90
1329	1000
69	90
277	174
1122	1000
25	90
1306	1000
26	90
1300	1000
26	90
216	162
6110	174
4149	162
4499	174
4110	162
4040	174
4582	162
158	66
1685	64
2422	174
1698	66
187	86
1179	162
2495	162
1625	174
2928	162
4088	174
2894	162
4055	174
2960	162
3996	174
25898	1000
47	90
1207	1000
27	90
1293	1000
30	90
1294	1000
44	90
1234	1000
43	90
1253	1000
44	90
1123	66
3095	1000
19	90
1211	1000
64	90
9310	66
14675	1000
65	90
2024	1000
27	90
2031	1000
25	90
2023	1000
44	90
2050	1000
55	90
2054	1000
45	90
1444	66
2601	1000
55	90
1843	1000
27	90
1497	1000
27	90
1188	1000
26	90
1317	1000
60	90
226	162
1128	1000
25	90
1388	1000
28	90
1511	1000
26	90
1186	66
1196	66
2078	1000
36	90
1272	1000
60	90
228	174
10786	66
25468	1000
65	90
1204	1000
27	90
1287	1000
26	90
1264	1000
26	90
1267	1000
26	90
1271	1000
25	90
1023	162
209	66
3049	1000
26	90
431	90
977	1000
27	90
3224	162
390	66
3079	90
21041	1000
117	90
1233	1000
47	90
1281	1000
74	90
1251	1000
23	90
1309	1000
41	90
1240	1000
31	90
1178	66
3028	1000
64	90
1202	1000
25	90
3438	66
19569	64
2541	64
973	1000
59	90
1238	1000
33	90
1264	1000
67	90
1278	1000
69	90
1307	1000
38	90
1242	1000
54	90
762	154
3128	142
141	66
3228	1000
38	90
1231	1000
79	90
1094	162
2212	66
11680	1000
90	242
17979	1000
56	90
1209	1000
26	90
1325	1000
36	90
1268	1000
27	90
1249	1000
27	90
1257	1000
26	90
1171	66
3071	1000
54	90
1244	1000
71	90
3483	66
27612	1000
27	90
1284	1000
21	90
1280	1000
27	90
1263	1000
27	90
1264	1000
27	90
1263	1000
26	90
1219	66
3043	1000
23	90
1320	1000
27	90
3608	66
2518	64
18595	154
4451	1000
73	90
1202	1000
25	90
1305	1000
84	90
1234	1000
32	90
1236	1000
28	90
1257	1000
30	90
959	142
252	66
3132	1000
78	90
1281	1000
65	90
908	162
4238	66
9373	1000
66	242
13912	64
8932	1000
70	90
1233	1000
27	90
1296	1000
65	90
1321	1000
28	90
1281	1000
26	90
1240	1000
27	90
1165	66
3085	1000
25	90
1263	1000
29	90
3565	66
20555	1000
1520	90
6	162
4	1000
4	90
1263	1000
67	90
1606	1000
33	90
1131	1000
26	90
1290	1000
66	90
1208	66
3170	1000
35	90
1237	1000
100	90
1837	174
3498	66
211	162
5181	174
3495	162
4275	174
4339	162
4511	1000
10	90
1273	1000
126	90
1321	1000
50	90
1364	1000
51	90
1223	1000
36	90
1259	1000
20	90
1213	66
3138	1000
54	90
1213	1000
56	90
232	174
3317	66
892	162
4750	174
3853	162
2721	1000
67	90
2013	1000
51	90
2043	1000
51	90
259	174
156	66
1762	1000
26	90
1052	1000
27	90
1022	1000
26	90
206	162
951	1000
64	90
1003	1000
32	90
961	1000
33	90
988	1000
28	90
970	1000
60	90
151	66
960	1000
86	90
1766	1000
33	90
131	66
216	174
1586	1000
28	90
1497	1000
62	90
191	162
957	1000
36	90
952	1000
87	90
986	1000
63	90
1102	1000
21	90
1347	1000
35	90
1310	1000
48	90
1388	1000
20	90
285	174
1466	66
565	66
2990	1000
83	90
210	162
1151	1000
26	90
3840	1000
29	90
284	174
1028	1000
28	90
1348	1000
59	90
1223	1000
45	90
244	162
1127	1000
24	90
1331	1000
38	90
2221	66
2572	1000
26	90
3154	1000
47	90
1225	1000
25	90
1366	1000
53	90
1307	1000
30	90
1244	1000
67	90
1245	1000
26	90
1223	174
156	66
1106	66
2189	1000
28	90
262	162
1111	1000
39	90
3072	174
429	66
2558	162
4345	174
2760	162
4311	174
2710	162
5610	174
2845	66
329	162
1822	1000
49	90
1252	1000
62	90
1570	1000
48	90
1198	1000
84	90
1283	1000
52	90
1258	1000
103	90
1177	66
3236	1000
32	90
1297	1000
30	90
482	174
3012	162
373	66
5094	174
3242	162
4139	174
578	162
2456	162
1734	90
2412	174
1782	162
1235	162
2296	90
3783	174
2633	162
982	1000
43	90
1252	1000
29	90
1667	1000
42	90
1210	1000
27	90
1345	1000
61	90
1253	1000
139	90
1066	66
3175	1000
64	90
1179	1000
27	90
308	174
3464	66
558	162
4834	174
3860	162
4380	174
2675	162
5239	174
3318	162
2467	1000
54	90
1530	1000
74	90
1233	1000
26	90
1354	1000
54	90
1301	1000
26	90
1302	1000
67	90
1190	66
3197	1000
56	90
1228	1000
45	90
234	174
4197	162
4220	174
2752	162
944	66
4505	174
3237	162
4104	174
2857	162
4973	174
3653	162
4283	1000
104	90
1204	1000
53	90
1320	1000
28	90
1282	1000
65	90
1233	1000
27	90
1249	1000
60	90
1142	66
3163	1000
21	90
1233	1000
29	90
223	174
2699	162
3389	66
758	174
2904	162
4283	174
2700	162
4230	174
2725	162
4072	174
2926	162
5168	174
3467	162
2378	1000
25	90
1540	1000
27	90
1186	1000
28	90
1271	1000
121	90
1227	1000
46	90
1225	1000
52	90
1223	66
3226	1000
29	90
1202	1000
25	90
504	174
167	86
3510	162
455	162
4340	174
2700	162
3993	174
2955	162
3986	174
2989	162
4144	174
2835	162
4222	174
2761	162
4046	174
2933	162
4258	174
2738	162
4056	174
2942	162
4102	174
2876	162
4065	174
2930	162
4041	174
4575	162
4032	174
2952	162
4036	174
2949	162
4115	174
2924	162
4184	174
3000	162
4062	174
2905	162
4040	174
4640	162
4143	174
2845	162
4006	174
2961	162
4088	174
2349	162
649	162
4083	174
37024	1000
22	90
2021	1000
40	90
2069	1000
52	90
2040	1000
39	90
2049	1000
63	90
2084	1000
57	90
1626	66
2594	1000
24	90
1838	1000
66	90
22719	162
4245	174
1908	66
21739	174
2858	150
4057	98
2852	162
4259	174
10649	162
4014	90
4106	162
3479	90
51991	154
1921	66
2231	64
385	142
1579	64
2674	162
12254	1000
50	242
10186	1000
49	90
1307	1000
25	90
1283	1000
26	90
1284	1000
27	90
1268	1000
67	90
1229	1000
28	90
1219	66
3100	1000
54	90
224	150
1058	1000
22	90
4662	66
31535	1000
98	90
1285	1000
72	90
1355	1000
91	90
1265	1000
69	90
1294	1000
11	90
1274	1000
24	90
1175	66
3031	1000
36	90
1299	1000
37	90
231	142
1228	150
1769	150
1383	150
2628	66
2922	142
584	142
202	150
1304	142
1424	150
179	150
468	142
936	150
2720	142
220	150
1799	142
926	150
1439	150
207	142
699	142
2132	150
229	142
857	162
187	154
1350	142
447	162
1497	142
202	142
1457	162
1134	174
218	162
1146	174
1443	150
222	162
1660	150
228	174
2115	174
399	98
525	150
2414	1000
25	90
212	150
261	98
963	1000
26	90
218	150
1061	1000
78	90
177	98
1177	1000
30	90
269	150
1124	1000
24	90
1382	1000
29	90
178	98
202	150
927	66
917	142
2242	1000
26	90
207	142
191	150
961	1000
25	90
285	150
1410	150
1252	142
855	66
1049	142
569	150
1448	142
1138	1000
27	242
233	162
725	142
1787	162
1849	162
255	174
3555	174
1225	1000
24	90
1213	1000
32	90
252	174
1147	1000
40	90
1250	1000
45	90
1379	1000
67	90
1179	1000
11	90
1230	66
3075	1000
24	90
1269	1000
66	90
7203	66
1978	64
6049	142
3650	150
9869	142
3671	162
5068	174
17838	1000
65	90
1092	1000
26	90
1005	1000
54	90
971	1000
27	90
957	1000
27	90
967	1000
66	90
913	1000
27	90
959	1000
66	90
916	1000
28	90
956	1000
64	90
915	1000
23	90
987	1000
23	90
677	66
619	66
875	162
1646	1000
25	90
959	1000
27	90
960	1000
65	90
944	1000
65	90
3196	174
1613	66
2838	162
4191	174
2813	162
4073	174
2907	162
4133	174
2327	1000
75	90
586	162
1504	1000
23	90
988	66
1107	1000
24	90
944	174
1212	1000
79	90
1995	1000
25	90
223	162
1869	1000
65	90
1525	66
2643	1000
42	90
263	174
1655	1000
26	90
1736	1000
26	90
220	162
1136	1000
26	90
1328	1000
25	90
1526	1000
27	90
1283	1000
46	90
1245	1000
64	90
1183	66
3228	1000
50	90
1231	1000
76	90
176	174
3447	162
4297	174
2683	162
1439	66
2727	174
2876	162
4178	174
2815	162
1171	66
4205	174
3312	162
4150	174
2833	162
4236	174
2802	162
6153	174
3124	1000
25	90
1227	1000
55	90
221	162
1154	1000
50	90
1358	1000
27	90
1529	1000
67	90
1139	1000
27	90
211	162
1028	66
3172	1000
22	90
295	90
1098	1000
65	90
241	174
2926	162
226	162
3292	90
391	66
2179	174
2857	162
4086	174
2895	162
8511	1000
53	90
1394	1000
36	90
1384	1000
102	90
1346	1000
42	90
1307	1000
54	90
1344	1000
46	90
286	174
1012	66
3172	1000
31	90
174	162
1103	1000
27	90
3212	174
4372	162
6485	174
159	64
2645	64
2895	162
4028	174
4593	162
4278	174
4342	162
4131	174
2868	162
4055	174
2837	64
324	150
1723	162
1818	142
2494	174
1082	150
3638	142
1869	162
1472	150
2852	174
212	142
2324	162
2303	162
3493	174
726	174
2207	150
2620	162
1790	98
2392	174
392	150
4520	162
1832	142
2288	150
248	174
4604	162
1843	142
2213	174
1645	162
3343	174
1849	162
4212	174
4414	162
3992	174
2993	162
4132	174
2874	162
3986	174
3003	162
4113	174
2868	162
4185	174
2835	162
4013	174
2945	162
4016	174
3039	162
3972	174
2958	162
4218	174
2787	162
4050	174
2940	162
4135	174
2858	162
4039	174
2929	162
4051	1000
51	90
263	174
1234	1000
29	90
1621	162
5106	174
3513	162
4068	174
2915	162
4023	174
2961	162
4108	174
2962	162
4014	174
4674	162
3471	64
948	174
1457	66
221	64
2595	1000
37	90
367	162
6232	174
4004	162
2248	66
2007	66
2599	174
3558	162
4064	174
2946	162
6264	1000
53	90
242	174
1861	1000
10	90
1500	1000
59	90
989	1000
51	90
235	162
960	1000
66	90
975	1000
53	90
1000	1000
72	90
895	1000
27	90
977	1000
67	90
917	1000
29	90
961	1000
69	90
923	1000
66	90
329	174
329	66
617	66
1959	162
932	1000
29	90
961	1000
28	90
939	1000
66	90
927	1000
38	90
1598	174
2810	66
16097	66
4134	1000
53	90
1214	1000
42	90
1339	1000
53	90
1339	1000
44	90
1287	1000
34	90
1388	1000
43	90
1136	66
3153	1000
34	90
1260	1000
61	90
3980	1000
76	90
1398	1000
14	90
1314	1000
55	90
1317	1000
30	90
1433	1000
64	90
1261	1000
67	90
1663	1000
41	90
1347	1000
21	90
182	66
1469	1000
34	90
1533	1000
21	90
1277	1000
27	90
1393	1000
94	90
1318	1000
42	90
1300	1000
59	90
1316	1000
64	90
1350	1000
85	90
1206	1000
26	90
1342	1000
43	90
1388	1000
17	90
1358	1000
29	90
163	66
1257	1000
22	90
1386	1000
50	90
1254	1000
21	90
214	162
1163	1000
23	90
1369	1000
26	90
1223	66
222	90
1807	1000
23	90
1481	1000
22	90
1224	162
629	66
2068	1000
43	90
1375	1000
72	90
144	90
1186	1000
26	90
1312	1000
27	90
307	162
1070	1000
63	90
1426	1000
23	90
4305	66
1995	1000
28	90
165	64
1330	1000
44	90
1429	64
1309	174
5709	66
18099	66
16022	66
11170	64
10625	66
20125	86
3534	162
28678	154
3182	142
5499	162
12265	1000
44	242
97368	154
3119	142
5486	162
12289	1000
57	242
51497	162
5090	1000
45	90
1010	1000
41	90
264	174
962	1000
80	90
1024	1000
43	90
1002	1000
54	90
1067	1000
27	90
978	1000
76	90
912	1000
70	90
926	1000
66	90
227	162
1117	1000
27	90
1346	1000
70	90
1060	1000
12	90
863	174
1941	66
977	162
2150	1000
23	90
158	66
1197	1000
41	90
1477	1000
22	90
225	174
1649	1000
25	90
2238	162
4162	174
2829	162
4278	174
2698	162
4187	174
388	66
2484	162
4007	174
2987	162
3406	64
959	174
4440	162
4149	174
1081	64
2695	64
228	162
1659	66
2576	174
5245	162
4063	174
4492	162
4143	174
2840	162
4265	174
2763	162
4217	174
2742	162
4044	174
2966	162
4044	174
225	162
2761	162
1344	90
2816	174
1367	162
679	158
987	162
1874	90
2228	174
2948	162
4091	174
4463	64
1846	162
4211	174
2802	162
1311	1000
31	518
1684	1000
36	518
1394	1000
40	518
1389	1000
750	518
7	174
880	1000
57	518
855	938
951	162
4630	174
4042	162
4140	174
2861	162
4008	174
3004	162
4246	174
2750	162
4092	174
2935	162
4089	174
2917	162
4029	174
2964	162
4199	174
2838	162
4110	174
3020	162
4213	174
2842	162
3967	174
2990	162
4099	174
2918	162
4014	174
2948	162
4155	174
2828	162
4164	174
2844	162
4087	174
2887	162
3965	174
3033	162
4196	174
2785	162
4264	174
2728	162
4075	174
2911	162
4370	1000
64	90
1327	1000
88	90
1393	1000
35	90
1310	1000
69	90
1270	1000
32	90
1336	1000
26	90
2909	66
1940	1000
91	90
195	174
1216	1000
17	90
3645	162
4161	174
2824	162
5138	174
3572	162
4020	174
2899	162
2986	66
2573	174
3143	162
4041	174
3020	162
3960	174
2968	162
4055	174
2496	66
537	162
780	66
5841	174
3878	162
2935	1000
26	90
1194	1000
34	90
1317	1000
82	90
1515	1000
80	90
1751	1000
40	90
1589	1000
26	90
1219	66
2041	1000
23	90
1511	1000
71	90
1119	1000
27	90
1294	1000
43	90
1256	1000
40	90
1310	1000
31	90
1526	1000
103	90
159	66
1131	1000
71	90
2473	1000
59	90
1240	1000
21	90
1649	174
3010	162
4078	174
2918	162
4001	174
2982	162
4040	174
2958	162
1308	1000
46	90
2075	1000
45	90
870	174
1350	1000
67	90
1966	1000
27	90
236	162
1867	1000
42	90
2079	1000
34	90
464	174
1164	66
2563	1000
42	90
1923	1000
82	90
23447	66
42887	162
4019	174
199	162
3409	90
4142	162
3172	90
13567	64
2688	64
19939	150
2427	142
16238	86
3898	162
50815	154
3052	142
5520	162
12211	1000
86	242
46480	64
2658	64
26331	1000
71	90
1368	1000
70	90
1271	1000
84	90
1383	1000
22	90
1290	1000
67	90
1254	1000
58	90
1400	64
599	66
2982	1000
67	90
1285	1000
77	90
15393	154
3681	142
3047	1000
29	90
1293	1000
81	90
1326	1000
68	90
1176	1000
46	90
194	66
209	162
1064	1000
45	90
1323	1000
62	90
3197	66
1922	1000
24	90
1381	1000
17	90
1400	1000
45	90
1253	1000
15	90
1338	1000
67	90
1257	1000
40	90
2539	66
1922	1000
60	90
1304	1000
61	90
1331	1000
21	90
1288	1000
27	90
8616	1000
99	242
32389	66
8922	1000
61	90
2046	1000
69	90
1985	1000
52	90
2047	1000
43	90
2156	1000
72	90
2030	1000
8	90
1675	66
2939	1000
43	90
1823	1000
29	90
30519	66
28319	162
4428	174
4418	162
4026	174
2897	162
2277	162
1828	174
1961	90
4133	162
3728	90
4861	162
4139	174
9427	162
4424	174
9189	162
4005	174
3007	162
3965	174
1088	1000
79	90
1255	1000
73	90
1337	1000
54	90
248	162
1176	1000
44	90
1331	1000
58	90
1330	1000
54	90
3157	66
1937	1000
44	90
1313	1000
30	90
1318	1000
57	90
1322	1000
41	90
1349	1000
87	90
1214	1000
41	90
1711	174
1354	66
1933	1000
21	90
1280	1000
29	90
1315	1000
35	90
259	162
1142	1000
28	90
6864	64
1414	174
155	64
4340	162
5590	174
1435	66
836	150
3721	142
159	64
3138	162
759	162
3992	174
2953	162
4140	174
2858	162
4332	174
301	174
2993	150
1276	162
2506	142
1595	174
1675	106
9513	64
2650	64
5906	162
3954	174
11252	162
4168	174
9436	162
4008	174
4633	162
4182	174
2928	162
2769	1000
35	90
1328	1000
62	90
1342	1000
63	90
1326	1000
58	90
1307	1000
41	90
1348	1000
21	90
423	174
2551	66
1923	1000
45	90
182	64
1232	1000
43	90
728	162
5999	174
2683	162
4423	174
4168	162
4398	174
5310	66
680	162
4142	174
12661	162
4051	174
2943	162
4294	174
2704	162
4045	174
4585	162
4082	174
2910	162
4232	174
2819	162
4236	174
2775	162
3998	174
2989	162
4347	174
4319	162
3957	174
3004	162
4041	174
1828	1000
23	90
1257	162
949	1000
33	90
1997	1000
44	90
1289	174
953	1000
23	90
1956	1000
8	90
330	162
1846	1000
43	90
1587	66
884	174
1828	1000
9	90
1913	1000
81	90
238	162
4046	174
2969	162
4053	174
824	66
2179	162
4086	174
2991	162
4087	174
2905	162
4216	174
2769	162
4152	174
4659	162
4130	174
2814	162
4004	174
2207	66
852	162
1712	162
2940	174
683	90
3418	162
890	162
3168	90
242	174
2805	162
7232	1000
27	90
1258	1000
44	90
1377	1000
23	90
1265	1000
31	90
1289	1000
103	90
211	150
1145	1000
31	90
717	174
604	66
3145	1000
52	90
215	142
1061	1000
28	90
882	162
1285	106
3482	174
10637	162
4071	174
6201	162
4015	174
2976	162
4304	174
2700	162
4052	174
2947	162
4033	174
2961	162
3988	174
2990	162
4066	174
2958	162
4073	174
2914	162
4044	174
8285	1000
45	90
1330	1000
42	90
1322	1000
52	90
1414	1000
27	90
1335	1000
28	90
1337	1000
42	90
2050	66
3000	1000
60	90
1318	1000
60	90
34074	66
32427	162
4051	174
116438	154
3123	142
5452	162
12400	1000
23	242
8562	1000
59	90
2045	1000
84	90
2082	1000
61	90
172	64
1975	1000
51	90
2066	1000
43	90
840	64
1321	1000
31	90
1510	66
2618	1000
83	90
1865	1000
68	90
25807	66
2709	1000
126	90
1410	1000
48	90
1290	1000
82	90
1351	1000
26	90
1355	1000
16	90
1296	1000
64	90
2140	1000
23	90
1277	1000
26	90
158	66
1343	1000
15	90
1332	1000
31	90
1298	1000
67	90
1427	1000
24	90
155	64
1221	1000
103	90
1273	1000
35	90
1342	1000
43	90
183	66
1245	1000
45	90
1358	1000
85	90
1218	1000
71	90
1291	1000
44	90
1346	1000
42	90
1318	1000
30	90
177	66
1247	1000
8	90
1387	1000
26	90
1349	1000
46	90
1331	1000
41	90
1329	1000
44	90
1335	1000
45	90
191	66
1573	1000
7	90
1422	1000
21	90
1329	1000
86	90
1226	1000
45	90
1320	1000
45	90
1956	1000
32	90
1319	1000
69	90
1254	1000
68	90
185	162
1145	1000
45	90
1321	1000
46	90
1350	1000
41	90
184	90
3253	66
1973	1000
16	90
205	162
1131	1000
27	90
1322	1000
41	90
1329	1000
46	90
195	90
1207	1000
46	90
1337	1000
43	90
3280	66
1924	1000
45	90
1325	1000
72	90
1304	1000
53	90
1341	1000
23	90
1644	154
1286	86
2600	66
958	162
2711	142
4512	162
14397	1000
56	242
1517	66
14109	66
9134	64
3051	64
35059	162
4373	174
4290	162
4112	174
982	1000
55	90
1360	1000
59	90
1331	1000
45	90
251	162
1156	1000
73	90
1379	1000
29	90
1375	1000
16	90
2890	66
1912	1000
58	90
1345	1000
58	90
3347	174
4028	162
4179	174
2817	162
5417	174
3259	162
3987	174
1434	66
1626	162
1771	64
2340	174
3005	162
4297	174
2704	162
4124	174
4506	162
3430	64
1192	174
1860	64
4081	162
4005	174
4164	66
569	162
5020	174
3592	162
4420	174
2695	162
7866	1000
58	90
1325	1000
25	90
1402	1000
68	90
1239	1000
56	90
1298	1000
42	90
1342	1000
22	90
274	174
945	66
1755	162
1467	1000
62	90
1372	1000
86	90
2715	174
3302	162
4128	64
239	174
2716	162
4045	174
2967	162
4066	174
2940	162
4214	174
2800	162
4245	174
2755	162
4025	174
2982	162
4458	174
4334	162
4095	174
2865	162
4014	174
2991	162
4237	174
2807	162
4101	174
2875	162
4126	174
1635	1000
44	90
2051	1000
51	90
234	162
1894	1000
108	90
2013	1000
44	90
299	174
1832	1000
44	90
1296	162
965	1000
83	90
1645	66
1669	174
1108	1000
45	90
1863	1000
41	90
237	162
4112	174
2882	162
4242	174
2758	162
4039	174
2921	64
1627	66
319	162
4206	174
2754	162
4014	174
3006	162
4315	174
2864	162
4294	174
2679	162
4030	174
2952	162
4004	174
3023	162
2194	162
1905	174
2987	162
390	90
3887	174
312	162
2532	162
3193	90
947	174
4585	162
1019	162
2549	64
736	174
191	142
2000	64
2600	162
4015	174
4611	162
4155	174
4496	162
4079	174
2917	162
4089	174
2918	162
4056	174
2793	106
233	162
4326	174
10980	162
4064	174
2937	162
4081	174
2919	162
4212	174
2793	162
4034	174
4599	162
3990	174
3005	162
6729	174
3548	162
4103	174
3226	64
1383	162
4237	174
10557	1000
44	90
2131	1000
82	90
2062	1000
67	90
160	64
1971	1000
45	90
2035	1000
45	90
2075	1000
30	90
1621	66
2563	1000
46	90
1886	1000
43	90
15428	66
8718	66
6354	1000
29	90
1278	1000
86	90
1358	1000
99	90
1404	1000
30	90
1282	1000
68	90
1203	1000
68	90
433	158
867	66
3059	1000
39	90
1270	1000
45	90
5352	1000
26	90
1248	1000
29	90
1351	1000
70	90
1315	1000
56	90
1314	1000
46	90
1321	1000
56	90
1788	66
3008	1000
45	90
243	162
1137	1000
2271	90
8005	142
18	162
1698	162
2466	1000
91	518
1760	1000
96	518
183	142
258	174
1349	1000
88	518
1343	1000
88	518
1429	1000
88	518
879	938
218	162
9353	158
9023	1000
70	90
183	66
1289	1000
68	90
1368	1000
68	90
1363	1000
69	90
1326	1000
79	90
1370	1000
87	90
2894	1000
74	90
1263	1000
133	90
1007	1000
16	90
154	66
1025	1000
27	90
992	1000
91	90
1041	1000
41	90
920	1000
119	90
1031	1000
87	90
876	1000
71	90
931	1000
43	90
985	1000
54	90
1321	1000
58	90
173	66
174	64
1142	1000
27	90
1370	1000
88	90
229	75
1061	1000
43	90
1007	1000
50	90
999	1000
34	90
132	66
1334	1000
30	518
995	1000
25	90
1034	1000
44	90
987	1000
44	90
1339	1000
42	518
1072	1000
13	90
1336	1000
54	518
1036	1000
82	90
1245	1000
57	518
982	1000
56	90
1318	1000
24	518
1057	1000
82	90
774	938
1049	1000
17	90
200	142
1178	1000
13	90
1282	1000
66	90
224	66
1116	1000
44	90
1574	1000
55	90
1314	1000
43	90
1321	1000
51	90
249	158
1163	1000
45	90
1323	1000
44	90
218	66
1235	1000
222	90
1410	1000
44	90
1356	1000
37	90
1353	1000
59	90
1297	1000
57	90
1459	66
1907	1000
29	90
1329	1000
46	90
266	66
1164	1000
16	90
1301	1000
69	90
2875	66
10383	1000
45	518
1678	1000
56	518
1385	1000
58	518
1335	1000
41	518
1656	1000
11	518
845	938
5490	154
3540	142
2977	66
2169	162
16938	1000
30	242
2986	66
42365	86
3681	162
52240	154
3254	142
1501	64
3958	162
12243	1000
84	242
33505	64
2655	64
20789	162
1814	64
2446	174
4562	162
4088	174
4540	162
4107	174
2886	162
1922	1000
59	90
1330	1000
45	90
1349	1000
60	90
1309	1000
105	90
1365	1000
18	90
1281	1000
68	90
2596	66
1927	1000
44	90
262	174
1132	1000
53	90
3148	162
4515	174
4230	162
5903	174
2711	162
4199	66
1223	174
3296	162
4345	174
2665	162
4133	174
2865	162
4188	174
2794	162
3997	174
3015	162
4150	174
2838	162
4254	174
2754	162
4074	174
2942	162
3372	66
754	174
2930	162
4135	174
2861	162
4592	174
4044	162
4301	1000
46	90
1209	1000
51	90
1376	1000
25	90
1275	1000
57	90
1351	1000
26	90
1282	1000
79	90
1401	66
786	174
2854	1000
65	90
227	162
1092	1000
45	90
3102	174
2908	162
4252	174
2789	162
4028	174
2932	162
4389	174
2729	162
4105	174
2888	162
3967	174
3024	162
4203	174
2459	64
406	162
1570	64
2581	174
2931	162
4128	174
2889	162
4010	174
2991	162
4166	174
2840	162
4117	174
3053	162
4219	174
2644	1000
87	90
189	162
1222	1000
28	90
2920	174
2930	162
4065	174
2942	162
815	66
2160	66
1185	174
2979	162
4119	174
2875	162
1119	64
2993	174
2946	162
4299	1000
16	90
222	174
1434	1000
28	90
1212	1000
82	90
184	162
1352	1000
15	90
1290	1000
69	90
1216	1000
59	90
1415	174
953	66
2116	1000
47	90
1224	1000
45	90
243	162
4697	1000
59	90
1310	1000
62	90
249	174
1142	1000
46	90
1347	1000
68	90
315	162
1097	1000
82	90
1207	1000
67	90
1402	66
594	174
2470	1000
47	90
427	162
1008	1000
162	90
3016	174
2931	162
4090	174
2903	162
4018	174
2979	162
1065	66
3087	174
2834	66
197	162
4090	174
2896	162
3658	1000
62	90
487	174
2976	162
4041	174
2953	162
4034	174
2965	162
3783	66
361	174
2932	162
4085	174
2910	162
4054	174
2933	162
4012	174
2039	1000
48	90
1357	1000
87	90
176	162
1198	1000
58	90
1754	1000
15	90
1248	1000
73	90
1293	1000
86	90
198	174
2096	66
1248	162
975	1000
47	90
1164	1000
58	90
2085	174
2985	162
3610	66
565	174
2882	162
4039	174
18261	1000
57	90
1350	1000
64	90
1326	1000
32	90
1253	1000
75	90
1605	1000
62	90
1306	1000
55	90
2281	66
2081	1000
46	90
1322	1000
63	90
3237	66
29555	1000
43	90
1372	1000
26	90
1723	1000
58	90
1212	1000
61	90
1286	1000
58	90
1495	1000
15	90
2236	66
2042	1000
28	90
1251	1000
80	90
6598	66
2420	162
4030	174
19774	1000
57	90
1230	1000
56	90
1641	1000
25	90
1265	1000
67	90
1400	1000
18	90
1472	1000
56	90
2281	66
2002	1000
47	90
1266	1000
60	90
10538	66
1227	66
21342	1000
16	90
1335	1000
81	90
1226	1000
70	90
1754	1000
110	90
2053	1000
60	90
1653	1000
54	90
2615	1000
60	90
181	66
1191	1000
62	90
1878	1000
57	90
1204	1000
84	90
1499	1000
59	90
2361	1000
12	90
947	1000
68	90
909	1000
74	90
941	1000
59	90
985	1000
59	90
971	1000
57	90
191	66
1222	1000
46	90
987	1000
57	90
1033	1000
32	90
946	1000
70	90
984	1000
59	90
2737	66
222	66
1784	1000
63	90
1301	1000
82	90
1464	66
17886	154
3410	142
1132	1000
119	90
1278	1000
120	90
1239	1000
105	90
105	66
1547	1000
31	90
396	162
1872	1000
18	90
1847	1000
78	90
3002	1000
62	90
185	66
1239	1000
23	90
1581	1000
61	90
1305	1000
66	90
1312	1000
87	90
1604	1000
129	90
1073	1000
64	242
984	1000
57	90
1327	1000
39	90
104	66
2276	1000
84	90
1164	1000
77	90
5173	66
4455	66
22721	1000
16	90
1537	1000
67	90
1376	1000
18	90
1670	1000
62	90
2035	1000
65	90
1574	1000
13	90
2232	66
1065	1000
13	90
1643	1000
74	90
1223	1000
59	90
1693	1000
61	90
1281	1000
88	90
1400	1000
26	90
1576	1000
54	90
1215	1000
51	90
194	66
2412	1000
62	90
1242	1000
60	90
5074	66
4377	66
23348	1000
44	90
1386	1000
16	90
1562	1000
61	90
1498	1000
53	90
227	154
2127	1000
37	90
1930	1000
62	90
227	142
2445	1000
59	90
180	66
1149	1000
47	90
1698	1000
61	90
248	162
1107	1000
46	90
1525	1000
46	90
1281	1000
58	90
1683	1000
26	90
1247	1000
47	90
186	66
2291	1000
70	90
1331	1000
80	90
3038	1000
66	242
2390	66
4460	66
22871	1000
76	90
1279	1000
88	90
1336	1000
78	90
1346	1000
79	90
1340	1000
84	90
1371	1000
70	90
1349	66
1038	66
2002	1000
29	90
1339	1000
87	90
6260	66
4230	1000
72	90
1182	1000
137	90
1352	1000
60	90
1528	1000
47	90
250	162
1993	1000
59	90
1659	1000
46	90
1540	1000
32	90
1881	1000
57	90
991	1000
80	90
176	66
1116	1000
13	90
911	1000
63	90
979	1000
56	90
1015	1000
55	90
987	1000
47	90
1017	1000
26	90
972	1000
47	90
982	1000
62	90
278	174
169	66
975	1000
78	90
1191	1000
54	90
229	150
999	1000
78	90
940	1000
55	90
1653	1000
58	90
258	162
177	66
2029	1000
58	90
229	142
1148	1000
37	90
1416	174
4040	162
2301	66
1255	66
878	174
2723	162
4118	174
2881	162
3135	1000
58	90
1266	1000
85	90
276	174
1465	1000
47	90
1414	1000
73	90
2129	1000
68	90
242	162
1381	1000
30	90
2304	66
1277	1000
62	90
248	174
1493	1000
69	90
1225	1000
57	90
1332	1000
61	90
250	162
1188	1000
56	90
1592	1000
45	90
1537	1000
62	90
1354	1000
25	90
219	174
175	66
2178	1000
46	90
1234	1000
77	90
236	162
5139	174
349	66
3419	162
1308	66
2883	174
2893	162
4137	174
2831	162
3982	174
3089	162
3621	1000
14	90
1351	1000
60	90
272	174
1223	1000
74	90
2016	1000
63	90
450	162
1215	1000
48	90
2003	1000
56	90
1845	174
972	1000
89	90
75	66
1182	1000
85	90
1671	1000
56	90
245	162
1115	1000
79	90
1197	1000
61	90
1333	1000
47	90
1527	1000
59	90
270	174
1017	1000
65	90
175	66
2248	1000
62	90
392	162
967	1000
62	90
3745	174
1798	66
2293	162
2287	66
1835	174
2955	162
4005	174
3006	162
3586	1000
58	90
1377	1000
67	90
217	174
1394	1000
59	90
1331	1000
87	90
1123	162
1007	1000
16	90
1883	1000
80	90
1440	174
951	66
1056	1000
65	90
1683	1000
136	90
216	162
1533	1000
16	90
1224	1000
119	90
1263	1000
12	90
1313	1000
137	90
226	174
1350	1000
59	90
1569	1000
13	90
171	66
667	162
1719	1000
56	90
1268	1000
86	90
1453	174
2755	162
1329	66
2989	174
1707	66
1155	162
4125	174
2889	162
4070	174
2926	162
4204	174
3105	1000
94	90
250	162
1110	1000
58	90
1635	1000
74	90
1217	1000
30	90
2002	1000
87	90
277	174
262	178
1299	1000
33	90
1428	162
889	66
1952	1000
64	90
1227	1000
57	90
385	174
996	1000
48	90
1572	1000
56	90
495	162
1093	1000
47	90
1441	1000
85	90
1720	1000
83	90
1253	1000
79	90
314	174
190	66
2102	1000
59	90
1276	1000
41	90
361	162
1895	142
3105	174
258	66
1157	178
2561	162
1223	66
1026	1000
69	90
1306	1000
50	90
1369	1000
89	90
1269	1000
38	90
1344	1000
58	90
1407	1000
27	90
2670	66
1264	174
1068	1000
16	90
1330	1000
94	90
1069	162
7108	174
2264	1000
74	90
1505	1000
38	90
285	162
1181	1000
88	90
197	86
1324	1000
78	90
1407	1000
77	90
1356	1000
88	90
211	162
242	174
1540	66
483	66
2018	1000
28	90
300	162
1031	1000
61	90
3913	174
2743	66
1135	162
3512	106
561	174
3015	162
4208	174
2790	162
4020	174
2987	162
4547	1000
51	90
270	174
1106	1000
69	90
1634	1000
49	90
1454	1000
47	90
241	162
1721	1000
62	90
2032	1000
129	90
1441	174
941	66
976	1000
57	90
1787	1000
37	90
309	162
1007	1000
60	90
1419	1000
73	90
1470	1000
68	90
1341	1000
65	90
309	174
1493	1000
79	90
1332	1000
99	90
72	66
929	162
1642	1000
75	90
1206	1000
89	90
1798	174
2543	162
851	66
3241	174
3039	162
4064	174
2876	162
4074	174
2925	162
4090	174
3456	1000
87	90
221	162
1547	1000
67	90
1270	1000
49	90
1344	1000
67	90
1530	1000
36	90
196	174
1070	1000
64	90
2182	162
195	66
2154	1000
27	90
1568	1000
63	90
515	174
2915	162
4003	174
3004	162
4036	174
2998	162
4010	174
2970	162
4057	174
2933	162
4135	174
2865	162
4042	174
2953	162
3959	174
3057	162
4220	174
2790	162
901	64
2778	66
532	174
2931	162
4020	174
18061	1000
121	90
1586	1000
136	90
1325	1000
18	90
1333	1000
122	90
1580	1000
32	90
1299	1000
85	90
2173	66
2080	1000
72	90
1376	1000
86	90
22579	64
3115	64
16981	162
3993	174
30726	66
14954	150
5203	142
3930	1000
67	90
231	150
1214	1000
87	90
1343	1000
88	90
1351	1000
90	90
212	142
1221	1000
88	90
1298	1000
56	90
185	64
861	150
2595	66
313	142
1742	1000
86	90
1283	1000
28	90
278	162
1139	1000
62	90
1009	1000
88	90
1073	1000
11	90
988	1000
14	90
216	174
957	1000
73	90
1021	1000
48	90
1058	1000
88	90
245	150
974	1000
66	90
1864	1000
61	90
1362	1000
51	90
205	98
376	66
793	66
483	66
1345	66
224	150
1757	1000
65	90
980	1000
95	90
223	142
973	1000
62	90
988	1000
88	90
1005	1000
136	90
191	150
1146	1000
59	90
3009	142
2928	162
174	66
4156	174
6009	1000
27	90
1241	1000
96	90
1451	1000
88	90
1367	1000
14	90
1905	1000
66	90
1891	1000
38	90
2306	66
1654	1000
90	90
1416	1000
36	90
1484	1000
90	90
1306	1000
15	90
1447	1000
98	90
1403	1000
18	90
1699	1000
85	90
1302	1000
32	90
114	66
2225	1000
60	90
1395	1000
65	90
8903	66
4174	154
3438	142
5195	162
12309	1000
61	242
6527	150
4012	142
2982	150
3933	64
3176	1000
82	90
228	64
231	142
1077	1000
81	90
1375	1000
69	90
1349	1000
28	90
1254	1000
98	90
1237	1000
50	90
237	150
1069	66
3105	1000
61	90
391	142
985	1000
81	90
2560	162
1142	66
4124	174
3437	150
3785	66
4723	98
3455	150
3359	1000
72	90
1267	1000
77	90
1381	1000
88	90
1334	1000
32	90
1297	1000
9	90
1402	1000
28	90
1136	66
1029	1000
15	90
1183	1000
80	90
1624	1000
28	90
940	1000
136	90
220	142
968	1000
49	90
1047	1000
88	90
1037	1000
85	90
1035	1000
20	90
1400	150
1045	66
2030	1000
67	90
1379	1000
48	90
5954	142
3433	162
5217	174
5071	64
35422	1000
14	90
1356	1000
121	90
1173	1000
65	90
1382	1000
89	90
1373	1000
20	90
220	66
1101	1000
68	90
2636	66
1933	1000
65	90
1379	1000
88	90
1335	1000
89	90
1340	1000
38	90
1279	1000
88	90
1322	1000
27	90
818	66
1764	154
677	66
1889	1000
65	90
1329	1000
72	90
1326	1000
49	90
1375	1000
25	90
1442	1000
70	90
1182	1000
55	90
423	142
1253	1000
62	90
1471	1000
71	90
1394	1000
87	90
1332	1000
77	90
213	162
2116	66
2002	1000
58	90
1266	1000
62	90
10839	1000
50	90
1295	1000
28	90
1277	1000
85	90
1368	1000
24	90
1294	1000
87	90
1297	1000
81	90
1176	66
1214	1000
76	242
2180	1000
49	90
1282	1000
73	90
31306	66
10352	162
4426	174
4267	162
4112	174
2915	162
4086	174
3084	162
4092	174
2872	162
4282	174
2758	162
4010	174
3013	162
4105	174
1664	66
1458	162
4258	174
2725	162
4144	174
2868	162
4181	174
2724	1000
14	90
231	162
1176	1000
143	90
1520	1000
57	90
1389	1000
38	90
1441	1000
20	90
197	174
1392	1000
89	90
2084	162
251	66
1993	1000
91	90
1639	1000
68	90
1390	174
3660	162
4292	174
2726	162
4142	174
2886	162
4024	174
2984	162
4040	174
2965	162
4163	174
2976	162
4035	174
2931	162
4094	174
2915	162
4250	174
2817	162
3963	174
2754	86
330	162
3277	162
1080	174
2732	162
4118	174
1354	66
1619	162
4023	174
2977	162
4206	174
2802	162
4055	174
1739	1000
99	90
1236	1000
55	90
293	162
1175	1000
69	90
1647	1000
87	90
1259	1000
14	90
1346	1000
66	90
266	174
2095	66
2011	1000
141	90
222	162
1045	1000
50	90
4007	174
3695	162
4158	174
2851	162
4012	174
2996	162
4215	174
4453	162
4014	174
161	64
2594	64
2212	162
4144	174
4506	162
4001	174
4643	162
4172	174
2871	162
4050	174
1316	64
1841	162
4027	174
3043	162
3994	174
3034	162
4019	174
3007	162
4215	174
2796	162
4228	174
2884	162
4297	174
2796	162
4072	174
2977	162
4455	174
2688	162
4244	174
2769	162
4071	174
2963	162
4115	174
2928	162
4118	174
2925	162
3882	1000
11	90
314	174
1126	1000
59	90
1287	1000
85	90
1369	1000
78	90
219	162
1197	1000
75	90
1319	1000
32	90
3562	66
1995	1000
81	90
1292	1000
85	90
553	174
2664	162
5506	174
3141	162
6246	174
2172	66
1972	162
2643	66
3048	174
3035	162
1676	1000
82	90
1346	1000
89	90
1306	1000
56	90
290	174
1509	1000
88	90
1259	1000
138	90
236	162
1184	1000
69	90
2247	66
2187	1000
85	90
244	174
1162	1000
89	90
2005	162
4055	174
73546	162
7002	174
10334	64
99723	154
4314	142
4260	162
15430	1000
69	242
82588	66
14274	1000
65	90
1190	1000
21	90
200	154
1132	1000
25	90
1270	1000
57	90
1264	1000
25	90
1327	1000
24	90
1687	142
3007	66
2012	1000
25	90
1157	1000
20	90
212	162
13018	1000
80	242
50957	158
3076	162
5086	174
11797	162
15976	1000
79	518
2161	1000
57	518
1335	1000
57	518
1536	1000
25	518
1382	1000
20	518
226	174
834	938
3483	162
4205	174
1103	158
1711	162
6122	174
4132	162
4492	174
4270	162
4061	174
2879	162
3993	174
2957	162
1445	1000
72	518
1659	1000
24	518
1323	1000
20	518
1372	1000
79	518
226	174
1349	1000
60	518
820	938
779	162
5801	174
2058	146
796	162
3435	142
5576	158
15520	174
3908	162
6248	174
3988	162
3473	1000
29	518
1685	1000
15	518
1324	1000
63	518
221	174
1316	1000
32	518
1495	1000
50	518
850	938
279	162
4364	174
2578	162
3498	158
677	174
2898	162
4032	174
2940	162
5789	174
2834	162
4352	174
2622	162
4785	1000
64	518
221	174
1495	1000
62	518
1315	1000
24	518
1333	1000
26	518
211	162
1399	1000
52	518
849	938
1954	174
2854	162
3950	158
12857	1000
67	90
216	174
1883	1000
24	90
1358	162
5565	66
5701	174
3948	162
2238	66
3238	1000
53	518
965	1000
25	90
240	174
1274	1000
52	518
1299	1000
25	518
1289	1000
20	518
214	162
1304	1000
28	518
827	938
1421	1000
24	90
1211	1000
25	90
1368	1000
66	90
222	174
461	66
992	1000
86	90
1081	1000
25	90
209	162
1327	1000
51	90
2025	1000
53	90
207	158
148	66
1816	1000
51	90
946	1000
25	90
1154	1000
25	90
944	1000
25	90
1475	1000
23	90
2383	1000
63	90
2052	1000
24	90
2056	1000
25	90
2052	1000
25	90
232	174
1904	1000
82	90
2161	1000
42	90
164	162
1366	66
2556	1000
24	90
1863	1000
24	90
2422	66
7708	174
3821	1000
65	518
298	66
199	162
1366	1000
101	518
1301	1000
80	518
2148	1000
25	518
2197	1000
51	518
817	938
3685	174
3949	162
1330	158
4976	174
3867	66
310	162
12875	174
3875	162
6317	174
4074	1000
43	518
258	162
1604	1000
92	518
1444	1000
36	518
1328	1000
41	518
1647	1000
92	518
241	174
795	938
1899	162
5009	174
2560	158
1043	162
4701	174
3919	162
4863	174
3747	162
4057	174
2912	162
4545	174
4079	162
5987	1000
54	518
224	174
1497	1000
53	518
1336	1000
54	518
1331	1000
21	518
219	162
1409	1000
53	518
824	938
2033	174
2062	1000
82	90
1276	1000
65	90
201	162
1170	1000
36	90
1243	1000
26	90
1275	1000
26	90
1276	1000
20	90
1874	158
3208	66
1906	1000
24	90
1278	1000
26	90
5052	174
3997	162
4119	174
2849	162
5425	174
3156	162
1692	1000
51	518
1584	1000
25	518
1324	1000
26	518
1528	1000
29	518
1376	1000
90	518
223	174
826	938
2071	162
4126	174
2825	162
1751	158
2481	174
2806	162
4178	174
4518	162
5390	1000
30	518
253	174
1497	1000
30	518
1337	1000
67	518
1324	1000
52	518
216	162
1356	1000
54	518
822	938
4522	174
3663	162
4176	174
2839	162
11977	174
3189	162
4066	174
3063	162
473	154
3014	142
1144	66
824	174
3312	162
194	162
4099	174
184	74
2731	162
4065	174
853	162
2132	162
4286	1000
52	90
307	74
1135	1000
64	90
229	174
1187	1000
52	90
1373	1000
29	90
394	162
935	1000
52	90
1384	1000
25	90
154	86
2165	66
1212	174
949	1000
26	90
202	162
1018	1000
52	90
995	162
4330	174
4274	162
8229	174
23572	66
4656	158
17706	162
4121	74
4462	1000
20	518
1624	1000
56	518
1332	1000
53	518
1589	1000
31	518
1304	1000
25	518
835	938
9038	158
8040	162
4423	174
13186	64
8005	1000
229	518
1491	1000
33	518
1323	1000
25	518
1322	1000
20	518
1547	1000
55	518
834	938
9158	158
72752	154
18004	142
5432	162
5961	1000
56	518
1683	1000
25	518
1323	1000
19	518
1427	1000
106	518
1570	1000
36	518
782	938
6390	1000
53	242
2637	158
9419	64
3037	64
11419	158
5044	74
550	64
2974	154
923	66
2473	1000
66	518
189	142
2043	1000
53	518
1353	1000
25	518
1296	1000
29	518
210	162
1290	1000
63	518
1130	938
1288	74
3633	1000
62	90
1214	1000
24	90
1320	1000
32	90
1364	1000
24	90
185	146
1351	1000
54	90
1166	1000
26	90
2161	142
227	66
2008	1000
60	90
1195	1000
62	90
3843	158
30693	1000
66	518
1686	1000
52	518
1327	1000
27	518
1384	1000
25	518
2173	1000
19	518
1239	938
8722	162
216	158
3860	74
4795	154
2606	142
2093	162
5083	154
1597	74
1885	142
5207	162
920	162
3674	1000
97	518
391	74
1302	1000
22	518
1305	1000
65	518
185	162
1299	1000
27	518
1398	1000
25	518
825	938
1351	1000
58	242
403	74
5371	73
5249	158
31311	162
3595	74
3171	1000
52	518
1658	1000
24	518
1326	1000
68	518
1309	1000
55	518
1531	1000
24	518
843	938
6175	162
4433	174
4178	162
832	154
2757	142
348	146
324	174
2887	162
199	158
2133	142
1179	64
779	174
655	80
2582	158
1497	162
744	162
3430	174
1654	74
2864	162
3836	162
612	174
3432	74
987	162
3257	1000
34	518
1616	1000
30	518
218	162
1281	1000
62	518
229	174
1292	1000
66	518
1399	1000
68	518
830	938
502	162
3973	174
132	74
2937	162
4275	146
229	174
874	162
3054	142
364	162
716	74
3165	162
319	174
2874	162
3930	74
288	174
2789	162
1844	194
2236	174
2968	162
4104	174
2856	162
4230	174
2807	162
4014	174
2344	1000
70	82
3172	162
3572	1000
65	518
1515	1000
26	518
242	174
1265	1000
52	518
963	1000
35	58
1308	162
4059	174
4565	162
3986	174
4618	162
4222	174
4380	162
4088	174
4590	162
2141	174
2187	174
3053	146
1426	162
2658	142
137