0	0.000000	I	536	98.190	92.170	92.170
4	133.333330	P	152	98.190	92.170	92.170
1	33.333330	B	136	98.190	92.170	92.170
2	66.666670	B	136	98.190	92.170	92.170
3	100.000000	B	136	98.190	92.170	92.170
8	266.666670	P	160	98.190	92.170	92.170
5	166.666670	B	136	98.190	92.170	92.170
6	200.000000	B	136	98.190	92.170	92.170
7	233.333330	B	136	98.190	92.170	92.170
12	400.000000	P	160	98.190	92.170	92.170
9	300.000000	B	136	98.190	92.170	92.170
10	333.333330	B	136	98.190	92.170	92.170
11	366.666670	B	136	98.190	92.170	92.170
16	533.333330	I	528	98.190	92.170	92.170
13	433.333330	B	136	98.190	92.170	92.170
14	466.666670	B	136	98.190	92.170	92.170
15	500.000000	B	136	98.190	92.170	92.170
20	666.666670	P	160	98.190	92.170	92.170
17	566.666670	B	136	98.190	92.170	92.170
18	600.000000	B	136	98.190	92.170	92.170
19	633.333330	B	136	98.190	92.170	92.170
24	800.000000	P	160	98.190	92.170	92.170
21	700.000000	B	136	98.190	92.170	92.170
22	733.333330	B	136	98.190	92.170	92.170
23	766.666670	B	136	98.190	92.170	92.170
28	933.333330	P	160	98.190	92.170	92.170
25	833.333330	B	136	98.190	92.170	92.170
26	866.666670	B	136	98.190	92.170	92.170
27	900.000000	B	136	98.190	92.170	92.170
32	1066.666670	I	528	98.190	92.170	92.170
29	966.666670	B	136	98.190	92.170	92.170
30	1000.000000	B	136	98.190	92.170	92.170
31	1033.333330	B	136	98.190	92.170	92.170
36	1200.000000	P	160	98.190	92.170	92.170
33	1100.000000	B	136	98.190	92.170	92.170
34	1133.333330	B	136	98.190	92.170	92.170
35	1166.666670	B	136	98.190	92.170	92.170
40	1333.333330	P	160	98.190	92.170	92.170
37	1233.333330	B	136	98.190	92.170	92.170
38	1266.666670	B	136	98.190	92.170	92.170
39	1300.000000	B	136	98.190	92.170	92.170
44	1466.666670	P	160	98.190	92.170	92.170
41	1366.666670	B	136	98.190	92.170	92.170
42	1400.000000	B	136	98.190	92.170	92.170
43	1433.333330	B	136	98.190	92.170	92.170
48	1600.000000	I	528	98.190	92.170	92.170
45	1500.000000	B	136	98.190	92.170	92.170
46	1533.333330	B	136	98.190	92.170	92.170
47	1566.666670	B	136	98.190	92.170	92.170
52	1733.333330	P	160	98.190	92.170	92.170
49	1633.333330	B	136	98.190	92.170	92.170
50	1666.666670	B	136	98.190	92.170	92.170
51	1700.000000	B	136	98.190	92.170	92.170
56	1866.666670	P	160	98.190	92.170	92.170
53	1766.666670	B	136	98.190	92.170	92.170
54	1800.000000	B	136	98.190	92.170	92.170
55	1833.333330	B	136	98.190	92.170	92.170
60	2000.000000	P	160	98.190	68.515	68.278
57	1900.000000	B	136	98.190	92.170	92.170
58	1933.333330	B	136	90.409	69.159	69.116
59	1966.666670	B	136	98.190	69.052	68.477
64	2133.333330	I	51024	60.140	57.424	57.624
61	2033.333330	B	448	78.600	68.121	68.278
62	2066.666670	B	1480	68.825	63.530	62.953
63	2100.000000	B	7888	61.823	58.594	59.467
68	2266.666670	P	126792	55.066	53.794	54.098
65	2166.666670	B	34656	55.267	54.384	54.798
66	2200.000000	B	34656	55.267	54.384	54.798
67	2233.333330	B	192	55.066	53.794	54.098
72	2400.000000	P	141592	54.319	53.581	53.645
69	2300.000000	B	41704	53.064	52.309	52.657
70	2333.333330	B	44288	52.813	52.169	52.628
71	2366.666670	B	224	54.319	53.592	53.659
76	2533.333330	P	133216	54.167	53.420	53.364
73	2433.333330	B	35208	52.583	52.498	52.569
74	2466.666670	B	35720	52.598	52.473	52.403
75	2500.000000	B	192	54.167	53.420	53.364
80	2666.666670	I	217848	56.412	54.778	54.756
77	2566.666670	B	46544	52.626	52.564	52.414
78	2600.000000	B	51360	52.439	52.477	52.427
79	2633.333330	B	47600	52.466	52.425	52.449
84	2800.000000	P	120248	53.942	53.280	53.196
81	2700.000000	B	41048	52.424	52.322	52.052
82	2733.333330	B	41048	52.424	52.322	52.052
83	2766.666670	B	50008	52.240	52.240	51.958
88	2933.333330	P	138176	53.804	53.251	53.202
85	2833.333330	B	208	53.942	53.280	53.196
86	2866.666670	B	57008	52.231	51.829	51.853
87	2900.000000	B	70192	52.091	51.814	51.736
92	3066.666670	P	143864	52.987	52.635	53.163
89	2966.666670	B	65360	51.484	51.607	51.930
90	3000.000000	B	70952	51.485	51.528	51.898
91	3033.333330	B	192	52.987	52.635	53.163
96	3200.000000	I	275664	54.918	54.153	54.591
93	3100.000000	B	59336	51.624	51.985	52.211
94	3133.333330	B	69752	51.586	51.439	51.857
95	3166.666670	B	64472	51.456	51.845	52.222
100	3333.333330	P	110856	52.746	52.969	53.206
97	3233.333330	B	68216	51.472	51.661	51.868
98	3266.666670	B	68216	51.472	51.661	51.868
99	3300.000000	B	59528	51.350	51.857	51.848
104	3466.666670	P	126984	52.161	53.048	53.234
101	3366.666670	B	50480	51.541	52.044	52.201
102	3400.000000	B	60456	51.406	51.585	52.014
103	3433.333330	B	672	52.179	53.048	53.234
108	3600.000000	P	121912	52.296	53.119	53.209
105	3500.000000	B	52792	51.140	52.167	52.331
106	3533.333330	B	54512	51.105	52.390	52.433
107	3566.666670	B	54512	51.105	52.390	52.433
112	3733.333330	I	280464	53.876	54.553	54.684
109	3633.333330	B	53240	51.130	52.330	52.452
110	3666.666670	B	59760	51.092	52.190	52.154
111	3700.000000	B	58024	51.166	52.361	52.373
116	3866.666670	P	102040	52.413	53.200	53.302
113	3766.666670	B	536	53.861	54.544	54.680
114	3800.000000	B	59072	51.145	51.943	52.166
115	3833.333330	B	55144	51.172	52.155	52.275
120	4000.000000	P	118976	52.113	52.113	53.093
117	3900.000000	B	56952	51.125	52.147	52.106
118	3933.333330	B	57944	50.952	51.250	52.009
119	3966.666670	B	57944	50.952	51.250	52.009
124	4133.333330	P	102936	52.076	52.263	53.180
121	4033.333330	B	57080	50.989	51.097	51.675
122	4066.666670	B	57080	50.989	51.097	51.675
123	4100.000000	B	55440	50.982	51.246	51.818
128	4266.666670	I	282208	53.856	53.620	54.486
125	4166.666670	B	49944	51.073	51.769	52.380
126	4200.000000	B	42680	51.092	52.099	52.605
127	4233.333330	B	744	53.812	53.570	54.477
132	4400.000000	P	96856	52.235	52.585	53.242
129	4300.000000	B	44416	51.111	51.842	52.284
130	4333.333330	B	48296	51.046	51.734	52.355
131	4366.666670	B	44416	51.015	51.829	52.451
136	4533.333330	P	104232	52.132	53.001	53.123
133	4433.333330	B	43280	51.065	51.996	52.280
134	4466.666670	B	43280	51.065	51.996	52.280
135	4500.000000	B	49872	50.922	51.875	52.092
140	4666.666670	P	85336	52.197	53.106	53.261
137	4566.666670	B	664	52.130	53.003	53.140
138	4600.000000	B	46640	51.062	51.986	52.056
139	4633.333330	B	46288	51.121	51.963	52.160
144	4800.000000	I	279104	53.976	54.460	54.750
141	4700.000000	B	50200	51.309	52.582	52.550
142	4733.333330	B	50048	51.261	52.585	52.547
143	4766.666670	B	50048	51.261	52.585	52.547
148	4933.333330	P	111496	52.162	53.015	53.137
145	4833.333330	B	47976	51.262	52.507	52.582
146	4866.666670	B	51296	51.249	52.274	52.459
147	4900.000000	B	52136	51.246	52.159	52.378
152	5066.666670	P	88720	52.165	52.909	53.229
149	4966.666670	B	720	52.167	53.022	53.157
150	5000.000000	B	39864	51.142	52.287	52.396
151	5033.333330	B	672	52.156	52.916	53.228
156	5200.000000	P	88608	52.195	53.046	53.241
153	5100.000000	B	46984	51.096	52.197	52.446
154	5133.333330	B	47456	51.050	52.187	52.451
155	5166.666670	B	51080	51.062	52.108	52.259
160	5333.333330	I	277000	53.848	54.358	54.607
157	5233.333330	B	59784	51.124	52.110	52.346
158	5266.666670	B	59784	51.124	52.110	52.346
159	5300.000000	B	51384	51.182	52.423	52.652
164	5466.666670	P	107496	52.296	53.289	53.303
161	5366.666670	B	43320	51.380	52.575	52.884
162	5400.000000	B	61688	51.100	51.787	51.975
163	5433.333330	B	520	52.276	53.298	53.303
168	5600.000000	P	90600	52.277	53.246	53.395
165	5500.000000	B	51776	51.173	51.932	51.883
166	5533.333330	B	53024	51.123	52.388	52.435
167	5566.666670	B	53024	51.123	52.388	52.435
172	5733.333330	P	96672	52.316	53.212	53.261
169	5633.333330	B	48976	51.161	52.313	52.309
170	5666.666670	B	55616	51.074	52.070	52.147
171	5700.000000	B	48496	51.133	52.177	52.209
176	5866.666670	I	275512	53.951	54.687	54.689
173	5766.666670	B	712	52.371	53.223	53.274
174	5800.000000	B	54576	51.220	52.070	52.043
175	5833.333330	B	49136	51.321	52.268	52.372
180	6000.000000	P	99032	52.270	52.510	53.237
177	5900.000000	B	47808	51.333	52.670	52.363
178	5933.333330	B	52136	51.046	51.591	52.109
179	5966.666670	B	52136	51.046	51.591	52.109
184	6133.333330	P	94736	52.054	52.506	53.253
181	6033.333330	B	49976	51.096	51.604	52.208
182	6066.666670	B	49976	51.096	51.604	52.208
183	6100.000000	B	42880	51.077	51.831	52.391
188	6266.666670	P	94200	52.041	52.503	53.274
185	6166.666670	B	49304	50.937	51.825	52.101
186	6200.000000	B	42064	50.974	51.949	52.448
187	6233.333330	B	568	52.038	52.515	53.281
192	6400.000000	I	278184	53.863	53.880	54.602
189	6300.000000	B	41152	51.087	51.939	52.340
190	6333.333330	B	43568	51.129	51.918	52.454
191	6366.666670	B	49784	51.122	51.582	51.974
196	6533.333330	P	93992	52.249	52.822	53.359
193	6433.333330	B	37824	51.271	52.116	52.318
194	6466.666670	B	44920	51.064	51.926	52.209
195	6500.000000	B	44920	51.064	51.926	52.209
200	6666.666670	P	86736	52.258	52.798	53.320
197	6566.666670	B	696	52.252	52.834	53.371
198	6600.000000	B	38952	51.158	51.970	52.205
199	6633.333330	B	39096	51.074	51.833	52.056
204	6800.000000	P	82864	52.169	52.956	53.303
201	6700.000000	B	48400	51.151	51.924	52.421
202	6733.333330	B	46680	51.091	52.062	52.387
203	6766.666670	B	46680	51.091	52.062	52.387
208	6933.333330	I	272376	53.916	54.271	54.719
205	6833.333330	B	48984	51.025	51.919	52.232
206	6866.666670	B	51528	50.936	52.110	52.248
207	6900.000000	B	38912	51.237	52.339	52.633
212	7066.666670	P	100056	52.515	53.006	53.407
209	6966.666670	B	41328	51.441	52.445	52.850
210	7000.000000	B	41328	51.441	52.445	52.850
211	7033.333330	B	640	52.499	53.008	53.404
216	7200.000000	P	89200	52.494	53.009	53.365
213	7100.000000	B	42848	51.359	52.035	52.286
214	7133.333330	B	45840	51.273	52.018	52.275
215	7166.666670	B	50336	51.298	51.928	52.159
220	7333.333330	P	88296	52.465	52.978	53.297
217	7233.333330	B	48448	51.315	52.080	52.242
218	7266.666670	B	48448	51.315	52.080	52.242
219	7300.000000	B	52008	51.256	52.088	52.401
224	7466.666670	I	273704	53.962	54.536	54.766
221	7366.666670	B	51696	51.228	52.102	52.406
222	7400.000000	B	52584	51.300	52.062	52.373
223	7433.333330	B	48360	51.278	52.370	52.676
228	7600.000000	P	89392	52.483	53.401	53.591
225	7500.000000	B	464	53.930	54.522	54.769
226	7533.333330	B	45904	51.254	52.365	52.602
227	7566.666670	B	45904	51.254	52.365	52.602
232	7733.333330	P	105544	52.483	53.046	53.299
229	7633.333330	B	49032	51.238	52.305	52.435
230	7666.666670	B	54992	51.291	52.239	52.345
231	7700.000000	B	55432	51.270	52.171	52.300
236	7866.666670	P	92584	52.480	53.169	53.400
233	7766.666670	B	600	52.485	53.055	53.299
234	7800.000000	B	57336	51.244	51.883	52.036
235	7833.333330	B	52816	51.264	52.217	52.303
240	8000.000000	I	279160	53.969	53.972	54.593
237	7900.000000	B	50608	51.317	52.394	52.252
238	7933.333330	B	49864	51.424	52.141	52.464
239	7966.666670	B	416	53.894	53.951	54.601
244	8133.333330	P	101000	52.242	52.847	53.428
241	8033.333330	B	48192	51.330	52.168	52.482
242	8066.666670	B	48192	51.330	52.168	52.482
243	8100.000000	B	43648	51.236	52.280	52.685
248	8266.666670	P	94936	52.207	52.793	53.311
245	8166.666670	B	45544	51.032	52.015	52.522
246	8200.000000	B	53448	51.079	52.049	52.436
247	8233.333330	B	408	52.197	52.793	53.311
252	8400.000000	P	101168	52.348	52.708	53.351
249	8300.000000	B	52728	51.019	52.016	52.481
250	8333.333330	B	67120	51.011	51.684	52.144
251	8366.666670	B	67192	51.062	51.388	51.751
256	8533.333330	I	275224	53.895	54.009	54.678
253	8433.333330	B	49944	51.247	52.201	52.596
254	8466.666670	B	53488	51.196	52.129	52.545
255	8500.000000	B	53488	51.196	52.129	52.545
260	8666.666670	P	110664	52.361	52.866	53.218
257	8566.666670	B	536	53.838	54.024	54.689
258	8600.000000	B	47200	51.290	52.295	52.655
259	8633.333330	B	54032	51.169	51.933	52.482
264	8800.000000	P	113912	52.309	52.792	53.250
261	8700.000000	B	51800	51.117	51.672	51.935
262	8733.333330	B	46048	51.092	51.765	52.195
263	8766.666670	B	46048	51.092	51.765	52.195
268	8933.333330	P	135024	52.286	53.059	53.376
265	8833.333330	B	45208	50.990	51.761	52.196
266	8866.666670	B	51440	50.905	51.684	52.135
267	8900.000000	B	48544	51.002	51.759	52.373
272	9066.666670	I	225792	53.887	54.599	54.724
269	8966.666670	B	39600	51.251	52.542	52.950
270	9000.000000	B	39600	51.251	52.542	52.950
271	9033.333330	B	464	53.882	54.596	54.706
276	9200.000000	P	145360	52.310	53.240	53.373
273	9100.000000	B	50360	51.158	52.586	52.688
274	9133.333330	B	60272	51.116	52.113	52.278
275	9166.666670	B	50784	51.058	52.454	52.366
280	9333.333330	P	131312	52.424	53.390	53.518
277	9233.333330	B	36048	51.099	52.316	52.671
278	9266.666670	B	36048	51.099	52.316	52.671
279	9300.000000	B	45376	50.830	52.341	52.372
284	9466.666670	P	122944	54.406	53.812	54.104
281	9366.666670	B	40344	51.092	52.224	52.490
282	9400.000000	B	36304	50.983	52.712	52.793
283	9433.333330	B	48144	52.561	52.479	52.682
288	9600.000000	I	99288	56.869	55.965	56.083
285	9500.000000	B	208	54.406	53.812	54.104
286	9533.333330	B	18792	53.107	53.099	53.565
287	9566.666670	B	18792	53.107	53.099	53.565
292	9733.333330	P	29208	56.692	56.384	56.611
289	9633.333330	B	21552	53.685	53.885	54.435
290	9666.666670	B	22944	53.976	54.412	54.889
291	9700.000000	B	13480	55.059	55.542	55.955
296	9866.666670	P	12040	56.718	57.047	57.342
293	9766.666670	B	1032	56.572	56.700	56.917
294	9800.000000	B	1504	56.226	56.884	57.158
295	9833.333330	B	1464	56.676	57.228	57.532
300	10000.000000	P	3216	68.151	68.020	71.200
297	9900.000000	B	1112	56.613	57.177	57.381
298	9933.333330	B	136	68.291	66.998	69.739
299	9966.666670	B	136	67.764	66.998	69.739
304	10133.333330	I	656	76.122	92.170	92.170
301	10033.333330	B	160	72.010	73.844	78.947
302	10066.666670	B	160	72.010	73.844	78.947
303	10100.000000	B	160	72.010	73.844	78.947
308	10266.666670	P	160	75.886	92.170	92.170
305	10166.666670	B	136	76.122	92.170	92.170
306	10200.000000	B	136	76.122	92.170	92.170
307	10233.333330	B	136	75.886	92.170	92.170
312	10400.000000	P	160	75.686	92.170	92.170
309	10300.000000	B	136	75.886	78.947	92.170
310	10333.333330	B	136	75.735	92.170	92.170
311	10366.666670	B	136	75.785	92.170	92.170
316	10533.333330	P	192	84.388	92.170	92.170
313	10433.333330	B	136	83.566	92.170	92.170
314	10466.666670	B	136	83.419	92.170	92.170
315	10500.000000	B	136	83.419	92.170	92.170
320	10666.666670	I	528	98.190	92.170	92.170
317	10566.666670	B	136	89.159	92.170	92.170
318	10600.000000	B	136	89.159	92.170	92.170
319	10633.333330	B	136	89.159	92.170	92.170
324	10800.000000	P	160	98.190	92.170	92.170
321	10700.000000	B	136	98.190	92.170	92.170
322	10733.333330	B	136	98.190	92.170	92.170
323	10766.666670	B	136	98.190	92.170	92.170
328	10933.333330	P	160	98.190	92.170	92.170
325	10833.333330	B	136	98.190	92.170	92.170
326	10866.666670	B	136	98.190	92.170	92.170
327	10900.000000	B	136	98.190	92.170	92.170
332	11066.666670	P	160	98.190	92.170	92.170
329	10966.666670	B	136	98.190	92.170	92.170
330	11000.000000	B	136	98.190	92.170	92.170
331	11033.333330	B	136	98.190	92.170	92.170
336	11200.000000	I	528	98.190	92.170	92.170
333	11100.000000	B	136	98.190	92.170	92.170
334	11133.333330	B	136	98.190	92.170	92.170
335	11166.666670	B	136	93.419	92.170	92.170
340	11333.333330	P	160	89.159	92.170	92.170
337	11233.333330	B	136	86.149	92.170	92.170
338	11266.666670	B	136	86.149	92.170	92.170
339	11300.000000	B	136	86.149	92.170	92.170
344	11466.666670	P	8120	61.602	62.144	60.441
341	11366.666670	B	464	71.785	92.170	92.170
342	11400.000000	B	616	67.682	74.688	70.323
343	11433.333330	B	1136	62.855	65.393	63.199
348	11600.000000	P	18352	59.091	58.657	58.092
345	11500.000000	B	232	61.543	62.144	60.441
346	11533.333330	B	3432	58.503	59.484	58.418
347	11566.666670	B	3432	58.503	59.484	58.418
352	11733.333330	I	177552	54.352	52.866	54.016
349	11633.333330	B	25688	55.172	54.841	54.826
350	11666.666670	B	45128	53.032	52.829	54.133
351	11700.000000	B	48920	51.990	51.687	53.136
356	11866.666670	P	90120	51.947	51.242	52.285
353	11766.666670	B	232	54.352	52.866	54.016
354	11800.000000	B	25456	50.409	50.510	52.034
355	11833.333330	B	29696	50.362	50.793	52.178
360	12000.000000	P	87376	51.445	50.841	51.759
357	11900.000000	B	26424	50.362	50.009	51.349
358	11933.333330	B	25928	49.775	49.883	51.030
359	11966.666670	B	208	51.445	50.849	51.766
364	12133.333330	P	81168	51.497	50.953	51.981
361	12033.333330	B	23728	50.114	50.064	51.489
362	12066.666670	B	23728	50.114	50.064	51.489
363	12100.000000	B	23936	50.045	50.142	51.421
368	12266.666670	I	202704	53.318	52.287	53.478
365	12166.666670	B	22104	50.241	50.173	51.767
366	12200.000000	B	22184	50.411	50.468	51.692
367	12233.333330	B	160	53.318	52.287	53.478
372	12400.000000	P	85464	51.623	51.096	52.095
369	12300.000000	B	31792	50.188	50.345	51.631
370	12333.333330	B	29648	50.129	50.229	51.776
371	12366.666670	B	30032	50.119	50.216	51.612
376	12533.333330	P	82488	51.592	50.980	52.035
373	12433.333330	B	22808	49.990	49.776	51.083
374	12466.666670	B	22704	50.006	49.913	51.272
375	12500.000000	B	22704	50.006	49.913	51.272
380	12666.666670	P	80160	51.586	51.045	52.127
377	12566.666670	B	184	51.593	50.980	52.035
378	12600.000000	B	23696	50.175	50.229	51.584
379	12633.333330	B	27056	50.045	50.318	51.526
384	12800.000000	I	201800	53.378	52.439	53.490
381	12700.000000	B	26256	50.211	50.477	51.754
382	12733.333330	B	23920	50.173	50.428	51.851
383	12766.666670	B	23920	50.173	50.428	51.851
388	12933.333330	P	91112	51.573	50.790	51.728
385	12833.333330	B	28360	50.172	50.432	52.003
386	12866.666670	B	23704	50.106	50.110	51.621
387	12900.000000	B	25824	50.228	50.256	51.610
392	13066.666670	P	76936	51.635	51.087	51.978
389	12966.666670	B	18704	50.302	50.083	51.343
390	13000.000000	B	18704	50.302	50.083	51.343
391	13033.333330	B	200	51.632	51.087	51.978
396	13200.000000	P	81992	51.553	51.097	52.093
393	13100.000000	B	28224	50.050	50.222	51.609
394	13133.333330	B	29944	50.056	50.200	51.722
395	13166.666670	B	29424	50.119	50.313	51.640
400	13333.333330	I	204640	53.395	52.433	53.510
397	13233.333330	B	24032	50.421	50.587	51.996
398	13266.666670	B	24032	50.421	50.587	51.996
399	13300.000000	B	23896	50.219	50.709	52.173
404	13466.666670	P	90312	51.583	50.900	51.885
401	13366.666670	B	21728	50.437	50.458	52.019
402	13400.000000	B	25240	50.224	50.244	51.433
403	13433.333330	B	29832	49.982	49.955	51.113
408	13600.000000	P	81056	51.606	50.826	52.003
405	13500.000000	B	224	51.581	50.906	51.885
406	13533.333330	B	20872	50.135	50.042	51.749
407	13566.666670	B	20872	50.135	50.042	51.749
412	13733.333330	P	81120	51.599	50.928	52.097
409	13633.333330	B	21952	50.202	50.004	51.677
410	13666.666670	B	29504	50.213	50.170	51.707
411	13700.000000	B	23800	50.196	50.138	51.700
416	13866.666670	I	204400	53.397	52.292	53.432
413	13766.666670	B	200	51.596	50.928	52.097
414	13800.000000	B	25896	50.121	50.324	51.626
415	13833.333330	B	25760	50.234	50.526	51.845
420	14000.000000	P	83680	51.574	50.925	51.921
417	13900.000000	B	28920	50.254	50.229	51.431
418	13933.333330	B	28952	50.033	49.924	51.058
419	13966.666670	B	224	51.572	50.924	51.921
424	14133.333330	P	80200	51.614	50.901	52.016
421	14033.333330	B	24960	50.131	50.098	51.489
422	14066.666670	B	24960	50.131	50.098	51.489
423	14100.000000	B	20616	50.126	50.177	51.509
428	14266.666670	P	79304	51.559	51.036	52.136
425	14166.666670	B	27936	50.114	50.206	51.575
426	14200.000000	B	27272	50.149	50.245	51.561
427	14233.333330	B	176	51.559	51.036	52.136
432	14400.000000	I	200256	53.459	52.302	53.420
429	14300.000000	B	29096	50.143	50.245	51.613
430	14333.333330	B	32800	50.212	50.239	51.713
431	14366.666670	B	30408	50.222	50.183	51.610
436	14533.333330	P	81552	51.658	51.135	52.195
433	14433.333330	B	27544	50.100	50.071	51.296
434	14466.666670	B	27232	50.130	50.219	51.513
435	14500.000000	B	27232	50.130	50.219	51.513
440	14666.666670	P	76832	51.647	51.230	52.241
437	14566.666670	B	192	51.660	51.132	52.198
438	14600.000000	B	21856	50.205	50.244	51.572
439	14633.333330	B	23064	50.159	50.232	51.545
444	14800.000000	P	79240	51.615	51.212	52.197
441	14700.000000	B	29176	50.092	50.411	51.696
442	14733.333330	B	26496	50.025	50.277	51.639
443	14766.666670	B	26496	50.025	50.277	51.639
448	14933.333330	I	203280	53.349	52.207	53.176
445	14833.333330	B	29992	50.187	50.288	51.646
446	14866.666670	B	28696	50.184	50.202	51.761
447	14900.000000	B	26064	50.334	50.394	51.906
452	15066.666670	P	68704	51.772	51.349	52.464
449	14966.666670	B	18960	50.396	50.979	52.165
450	15000.000000	B	18960	50.396	50.979	52.165
451	15033.333330	B	184	51.770	51.349	52.464
456	15200.000000	P	78928	51.614	51.319	52.439
453	15100.000000	B	22400	50.409	50.546	51.994
454	15133.333330	B	23752	50.218	50.352	52.001
455	15166.666670	B	23520	50.226	50.569	52.017
460	15333.333330	P	81416	51.552	51.226	52.176
457	15233.333330	B	21656	50.262	50.528	51.812
458	15266.666670	B	21656	50.262	50.528	51.812
459	15300.000000	B	25344	50.272	50.564	51.932
464	15466.666670	I	204656	53.515	52.398	53.426
461	15366.666670	B	30088	50.237	50.462	51.872
462	15400.000000	B	30872	50.145	50.390	51.397
463	15433.333330	B	30640	50.270	50.504	51.727
468	15600.000000	P	80232	51.697	51.234	52.274
465	15500.000000	B	160	53.515	52.398	53.426
466	15533.333330	B	25096	50.371	50.623	51.961
467	15566.666670	B	25096	50.371	50.623	51.961
472	15733.333330	P	86792	51.589	51.280	52.358
469	15633.333330	B	32008	50.270	50.554	51.951
470	15666.666670	B	32000	50.144	50.599	51.876
471	15700.000000	B	33856	50.185	50.574	51.890
476	15866.666670	P	87264	51.573	51.104	52.234
473	15766.666670	B	216	51.589	51.280	52.358
474	15800.000000	B	32432	50.147	50.465	51.827
475	15833.333330	B	34048	50.130	50.409	51.650
480	16000.000000	I	203760	53.373	52.299	53.232
477	15900.000000	B	31808	50.173	50.386	51.651
478	15933.333330	B	31680	50.141	50.568	51.715
479	15966.666670	B	160	53.373	52.299	53.232
484	16133.333330	P	83216	51.652	51.248	52.180
481	16033.333330	B	31080	50.221	50.727	51.991
482	16066.666670	B	31080	50.221	50.727	51.991
483	16100.000000	B	31104	50.211	50.672	51.826
488	16266.666670	P	85576	51.622	51.328	52.219
485	16166.666670	B	31584	50.221	50.489	51.770
486	16200.000000	B	28944	50.169	50.533	51.646
487	16233.333330	B	160	51.622	51.328	52.219
492	16400.000000	P	89752	51.608	51.134	52.107
489	16300.000000	B	38392	50.125	50.518	51.481
490	16333.333330	B	40328	50.058	50.444	51.461
491	16366.666670	B	35816	50.026	50.366	51.551
496	16533.333330	I	202280	53.427	52.594	53.575
493	16433.333330	B	29304	50.168	50.232	51.284
494	16466.666670	B	32624	50.321	50.561	51.695
495	16500.000000	B	32624	50.321	50.561	51.695
500	16666.666670	P	87256	51.640	51.358	52.447
497	16566.666670	B	160	53.427	52.594	53.575
498	16600.000000	B	25968	50.282	50.675	52.174
