-5614
92794386
138394386
180794386
223194386
265594386
306394386
355194386
397594386
440794386
483194386
531994386
574394386
617594386
660794386
703194386
743194386
784794386
828794386
871194386
911994386
954394386
997594386
1040794386
1082394386
1124794386
1170394386
1215994386
1259194386
1301594386
1343194386
1384794386
1427194386
1471194386
1513594386
1554394386
1596794386
1639994386
1679194386
1721594386
1763994386
1805594386
1845594386
1887994386
1936794386
1979994386
2023994386
2069594386
2114394386
2159194386
2203194386
2245594386
2291194386
2335194386
2379994386
2425594386
2470394386
2512794386
2555994386
2601594386
2648794386
2693594386
2743194386
2788794386
2831194386
2869594386
2909594386
2950394386
2991994386
3035194386
3077594386
3119994386
3161594386
3203194386
3245594386
3287994386
3328794386
3370394386
3411194386
3451194386
3506394386
3557594386
3599994386
3640794386
3681594386
3723994386
3764794386
3804794386
3844794386
3883994386
3923994386
3963994386
4006394386
4047994386
4091194386
4132794386
4175994386
4218394386
4263994386
4306394386
