-51256
7551944
10871144
14147144
17414744
20669144
23918744
27219944
30461144
33705944
36945944
40185944
43424744
46665944
49909544
53149544
56389544
59629544
62868344
66108344
69349544
72589544
75829544
79069544
82316744
85560344
88800344
92040344
95280344
98521544
101768744
105008744
108248744
111495944
114739544
117979544
121223144
124461944
127701944
130941944
134181944
137421944
140665544
143910344
147150344
150390344
153630344
156870344
160110344
163350344
166589144
169833944
173078744
176323544
179565944
182808344
186048344
189288344
192531944
195771944
199011944
202267544
205508744
208748744
211988744
215228744
218468744
221717144
224965544
228211544
231456344
234697544
237937544
241178744
244421144
247661144
250901144
254141144
257381144
260621144
263862344
267102344
270341144
273581144
276822344
280062344
283302344
286542344
289784744
293024744
296267144
299508344
302749544
305989544
309228344
312468344
315708344
318949544
322189544
325429544
