-5241
37194759
56394759
74394759
92094759
110094759
127494759
144894759
164694759
183294759
201294759
220194759
238794759
257394759
275394759
293694759
312294759
330294759
347694759
365994759
384594759
402594759
420594759
437994759
455994759
477594759
495594759
514194759
532194759
550794759
571494759
590094759
608694759
626094759
644394759
662694759
680094759
698094759
716394759
734694759
753594759
774594759
792894759
811794759
830994759
850794759
869394759
888594759
907494759
926094759
944694759
963894759
982794759
1001394759
1020594759
1039494759
1057494759
1076094759
1093194759
1110594759
1129494759
1147794759
1166094759
1183794759
1202094759
1220694759
1238694759
1255494759
1272594759
1289994759
1307394759
1325094759
1343094759
1360494759
1378494759
1396194759
1413294759
1431594759
1448994759
1466394759
1483794759
1502694759
1520394759
1538094759
1556094759
1574094759
1592994759
1610694759
1628994759
1646994759
1666794759
3181194759
3216594759
3234894759
3252894759
3270294759
3287694759
3305094759
3322794759
3339894759
