-8252
14191748
22891748
31291748
39491748
47691748
56191748
65091748
73391748
81791748
90591748
99191748
107491748
115591748
123991748
132291748
140391748
148591748
156891748
165791748
174091748
182391748
190591748
198991748
207091748
215291748
223391748
231891748
240291748
248791748
257291748
772991748
788191748
796691748
804891748
812891748
820891748
828891748
836991748
845091748
853291748
861891748
870591748
878791748
886891748
895191748
903291748
911291748
919591748
928091748
936391748
944491748
952691748
960591748
969391748
977891748
986491748
995091748
1003791748
1012191748
1020591748
1029391748
1037891748
1046091748
1054291748
1062491748
1071091748
1079291748
1087291748
1095291748
1103391748
1111791748
1119691748
1127791748
1135691748
1143991748
1151891748
1159691748
1168191748
1176591748
1185391748
1193691748
1201691748
1209691748
1217991748
1226191748
1234391748
1242391748
1250291748
1258291748
1266891748
1275191748
1283091748
1291191748
1299091748
1307091748
1314991748
1322991748
1331191748
1339791748
