-72491
6096009
9442209
12698709
15950009
19205209
22513709
25763709
29012409
32265009
35518909
38771509
42020209
45270209
48520209
51770209
55018909
58267609
61518909
64768909
68018909
71267609
74517609
77767609
81017609
84268909
87518909
90768909
94018909
97267609
100517609
103770209
107020209
110270209
113518909
116768909
120018909
123268909
126518909
129767609
133017609
136266309
139518909
142767609
146017609
149267609
152517609
155767609
159016309
162266309
165516309
168766309
172015009
175263709
178513709
181763709
185016309
188263709
191516309
194767609
198017609
201267609
204517609
207766309
211016309
214266309
217513709
220763709
224013709
227263709
230512409
233762409
237011109
240261109
243512409
246761109
250011109
253259809
256509809
259759809
263008509
266257209
269505909
272755909
276003309
279253309
282503309
285752009
289002009
292250709
295502009
298750709
301999409
305248109
308498109
311748109
314996809
318246809
321495509
324745509
