-4980
5599320
8889720
12145020
15400320
18678120
21912720
25145520
28378320
31613820
34848420
38082120
41314920
44548620
47781420
51015120
54247920
57481620
60714420
63952620
67185420
70419120
73651920
76884720
80117520
83353920
86586720
89823120
93056820
96289620
99525120
102757920
105991620
109224420
112458120
115691820
118924620
122157420
125391120
128624820
131858520
135091320
138325920
141559620
144792420
148026120
151258920
154491720
157725420
160958220
164191920
167428320
170663820
173898420
177131220
180367620
183601320
186835920
190070520
193304220
196537020
199769820
203006220
206239020
209471820
212705520
215939220
219172920
222405720
225639420
228872220
232105920
235338720
238572420
241807020
245040720
248273520
251506320
254740020
257972820
261206520
264440220
267673020
270909420
274148520
277384020
280619520
283853220
287086920
290321520
293557020
296789820
300023520
303257220
306490020
309723720
312956520
316190220
319423920
322656720
