-5089
4053311
7324511
10557311
13788511
17064511
20294111
23522111
26748511
29977311
33203711
36429311
39655711
42882111
46107711
49334111
52559711
55790911
59017311
62243711
65469311
68695711
71923711
75150111
78376511
81604511
84830911
88057311
91282911
94509311
97735711
100962111
104188511
107414911
110641311
113870911
117101311
120330111
123559711
126786111
130012511
133241311
136467711
139693311
142919711
146145311
149371711
152598111
155824511
159050111
162276511
165502911
168730911
171957311
175183711
178409311
181635711
184862911
188089311
191315711
194542111
197767711
200994111
204220511
207446111
210673311
213899711
217125311
220351711
223578111
226804511
230030111
233256511
236484511
239710911
242937311
246162911
249389311
252615711
255841311
259067711
262294111
265519711
268747711
271973311
275199711
278426111
281651711
284878111
288106111
291331711
294558111
297784511
301010911
304236511
307462111
310688511
313914911
317141311
320367711
