-2145
58997855
89497855
117997855
148497855
175997855
202497855
229997855
257497855
285997855
313497855
343497855
371997855
399997855
427997855
455997855
484497855
512497855
539997855
567497855
595497855
623997855
654497855
681497855
709497855
737997855
766497855
795497855
822497855
850497855
878997855
906997855
934497855
961997855
990997855
1017997855
1045997855
1074997855
1103497855
1132497855
1165497855
1194997855
1225497855
1257497855
1288997855
1319497855
1349497855
1379997855
1409497855
1438997855
1475497855
1504997855
1533997855
1564497855
1593497855
1623497855
1658497855
1690497855
1719497855
1747497855
1776997855
1805497855
1834497855
1863997855
1893497855
1922497855
1951997855
1982997855
2012497855
2040497855
2068497855
2096497855
2124497855
2156497855
2184997855
2212497855
2239497855
2268497855
2296497855
2322997855
2349997855
2375997855
2402997855
2430497855
2457997855
2484997855
2512997855
2541497855
2569497855
2599497855
2626497855
2655997855
2683997855
2711497855
2742997855
2772497855
2799497855
2827497855
2854497855
2882497855
