-29690
5303110
8626210
11949310
15215210
18546010
21798710
25055810
28310710
31562310
34813910
38064410
41314910
44565410
47814810
51064210
54312510
57563010
60811310
64060710
67310110
70556210
73805610
77062710
80313210
83564810
86814210
90064710
93314110
96565710
99815110
103065610
106317210
109567710
112819310
116069810
119320310
122569710
125819110
129068510
132317910
135567310
138820010
142069410
145318810
148568210
151819810
155067010
158316410
161565810
164815210
168067910
171317310
174566710
177816110
181065510
184314910
187564310
190817010
194064210
197313610
200565210
203814610
207065110
210314510
213563910
216815510
220064910
223315410
226564810
229814210
233063610
236310810
239563510
242815110
246064510
249315010
252566610
255817110
259066510
262315910
265565310
268814710
272064110
275313510
278561810
281811210
285060610
288310010
291559410
294812110
298061510
301310910
304559210
307808610
311062410
314314010
317573310
320824910
324075410
