-5024
6279976
9583976
12845976
16101976
19345976
22628976
25862976
29095976
32330976
35563976
38795976
42031976
45264976
48497976
51745976
54982976
58215976
61448976
64680976
67913976
71148976
74384976
77618976
80852976
84087976
87325976
90560976
93795976
97028976
100261976
103493976
106726976
109959976
113192976
116425976
119657976
122890976
126123976
129355976
132587976
135820976
139055976
142292976
145526976
148758976
151997976
155230976
158463976
161695976
164928976
168168976
171407976
174640976
177873976
181105976
184337976
187570976
190805976
194040976
197273976
200505976
203738976
206970976
210203976
213436976
216668976
219900976
223133976
226366976
229598976
232830976
236063976
239301976
242546976
245782976
249015976
252254976
255487976
258720976
261953976
265185976
268419976
271652976
274884976
278117976
281349976
284582976
287815976
291049976
294287976
297520976
300753976
303985976
307218976
310450976
313682976
316914976
320147976
323385976
