-4879
3257821
6538021
9765721
13024921
16249821
19472621
22695421
25918221
29143121
32365921
35589421
38812221
42035021
45257821
48480621
51703421
54929021
58151821
61376021
64603721
67828621
71056321
74281921
77504721
80729621
83955921
87178721
90401521
93625021
96847821
100070621
103293421
106516921
109739721
112962521
116187421
119410221
122633021
125856521
129079321
132304921
135528421
138754721
141982421
145206621
148430121
151652921
154876421
158099221
161322021
164544821
167768321
170991121
174213921
177436721
180659521
183884421
187107921
190330721
193553521
196777021
199999821
203222621
206448921
209671721
212898721
216122221
219345021
222567821
225790621
229014121
232236921
235461821
238684621
241907421
245130921
248353721
251577221
254801421
258024221
261247721
264470521
267693321
270916121
274138921
277361721
280585221
283811521
287036421
290259921
293482721
296705521
299929021
303151821
306374621
309597421
312820221
316048621
319271421
