-5296
105294704
156594704
204294704
251094704
298794704
344694704
389694704
433794704
480594704
529194704
584994704
629994704
677694704
726294704
774894704
820794704
866694704
914394704
963894704
1010694704
1056594704
1102494704
1151994704
1200594704
1248294704
1293294704
1343694704
1391394704
1446294704
1493994704
1538994704
1585794704
1634394704
1682094704
1729794704
1776594704
1822494704
1871094704
1916094704
1963794704
2012394704
2058294704
2104194704
2154594704
2202294704
2250894704
2301294704
2357994704
2407494704
2457894704
2506494704
2557794704
2609094704
2658594704
2709894704
2760294704
2808894704
2856594704
2907894704
2960094704
3009594704
3059094704
3110394704
3161694704
3208494704
3257994704
3302094704
3347994704
3394794704
3443394704
3491994704
3542394704
3588294704
3635994704
3684594704
3732294704
3779994704
3823194704
3868194704
3914094704
3959094704
4005894704
4052694704
4098594704
4149894704
4199394704
4244394704
4289394704
4334394704
4380294704
4424394704
4487394704
4537794704
4587294704
4634094704
4682694704
4730394704
4778094704
4827594704
