-9404
24990596
39390596
52790596
65790596
78390596
90990596
104790596
117990596
130990596
144590596
158590596
171790596
185190596
198590596
211590596
224590596
237990596
251390596
264590596
279390596
293190596
308390596
321590596
334590596
347990596
361390596
375790596
388990596
402390596
415590596
428990596
441790596
454990596
468390596
481590596
495190596
510390596
523790596
537390596
550790596
564590596
578390596
592390596
606590596
619990596
633990596
647590596
661390596
675390596
688990596
701590596
715190596
727990596
741190596
754190596
767790596
780590596
793390596
806590596
819590596
1818190596
1846190596
1859390596
1871990596
1884790596
1897790596
1912190596
1925590596
1938990596
1951990596
1965590596
1979190596
1992790596
2006390596
2020190596
2033790596
2048190596
2061590596
2074790596
2088190596
2101790596
2115590596
2128790596
2141790596
2155190596
2168390596
2181390596
2195190596
2208990596
2222390596
2235990596
2249190596
2262190596
2275390596
2287790596
2300590596
2315390596
2328990596
2342590596
