1	0
2	115
3	179
4	234
5	289
6	343
7	397
8	448
9	503
10	557
11	612
12	668
13	724
14	778
15	833
16	886
17	939
18	995
19	1051
20	1106
21	1165
22	1218
23	1275
24	1330
25	1384
26	1438
27	1492
28	1551
29	1605
30	1659
31	1711
32	1765
33	1822
34	1876
35	1930
36	1985
37	2040
38	2096
39	2161
40	2219
41	2275
42	2333
43	2391
44	2450
45	2513
46	2576
47	2633
48	2689
49	2745
50	2804
51	2860
52	2918
53	2977
54	3032
55	3088
56	3149
57	3209
58	3269
59	3330
60	3405
61	3469
62	3525
63	3580
64	3636
65	3693
66	3752
67	3810
68	3870
69	3926
70	3982
71	4040
72	4097
73	4157
74	4212
75	4267
76	4321
77	4376
78	4433
79	4487
80	4543
81	4596
82	4648
83	4700
84	4752
85	4804
86	4856
87	4910
88	4963
89	5017
90	5072
91	5127
92	5189
93	5247
94	5302
95	5360
96	5417
97	5472
98	5530
99	5588
100	5641
