1	0
2	118
3	180
4	237
5	295
6	352
7	408
8	471
9	529
10	587
11	644
12	705
13	765
14	823
15	880
16	938
17	995
18	1053
19	1111
20	1168
21	1228
22	1287
23	1344
24	1400
25	1465
26	1522
27	1579
28	1638
29	1695
30	1752
31	1811
32	1869
33	1925
34	1982
35	2040
36	2096
37	2154
38	2211
39	2271
40	2327
41	2393
42	2458
43	2519
44	2582
45	2645
46	2704
47	2762
48	2825
49	2884
50	2944
51	3005
52	3064
53	3123
54	3181
55	3241
56	3302
57	3362
58	3429
59	3489
60	3544
61	3600
62	3655
63	3713
64	3772
65	3830
66	3889
67	3944
68	4003
69	4062
70	4118
71	4171
72	4225
73	4280
74	4335
75	4391
76	4455
77	4511
78	4571
79	4628
80	4682
81	4736
82	4792
83	4847
84	4901
85	4961
86	5020
87	5075
88	5132
89	5190
90	5247
91	5308
92	5365
93	5422
94	5481
95	5542
96	5604
97	5661
98	5721
99	5780
100	5839
