1	0
2	143
3	229
4	313
5	395
6	483
7	568
8	651
9	734
10	818
11	910
12	998
13	1081
14	1163
15	1247
16	1329
17	1410
18	1503
19	1586
20	1666
21	1749
22	1833
23	1915
24	1999
25	2081
26	2164
27	2249
28	2335
29	2418
30	2509
31	2594
32	7707
33	7859
34	7944
35	8026
36	8107
37	8189
38	8271
39	8355
40	8436
41	8527
42	8613
43	8698
44	8781
45	8873
46	8955
47	9037
48	9119
49	9206
50	9287
51	9368
52	9449
53	9533
54	9617
55	9698
56	9781
57	9867
58	9956
59	10043
60	10126
61	10209
62	10297
63	10378
64	10459
65	10540
66	10622
67	10704
68	10786
69	10866
70	10950
71	11029
72	11109
73	11190
74	11272
75	11355
76	11442
77	11521
78	11599
79	11683
80	11765
81	11850
82	11931
83	12011
84	12093
85	12173
86	12254
87	12336
88	12417
89	12501
90	12581
91	12661
92	12742
93	12820
94	12902
95	12981
96	13059
97	13139
98	13223
99	13304
100	13385
