0	30	0
811	99	0
172	27	0
180	80	0
167	13	0
142	138	0
182	124	0
164	110	0
158	97	0
177	21	0
164	4	0
161	88	0
160	50	0
196	68	0
485	325	0
303	144	0
830	53	0
206	19	0
483	100	0
392	10	0
176	6	0
435	385	0
202	20	0
154	135	0
141	23	0
327	72	0
207	23	0
145	91	0
156	156	0
364	379	0
290	227	0
192	92	0
169	132	0
148	8	0
209	159	0
213	57	0
159	260	0
334	20	0
296	127	0
256	22	0
157	110	0
163	61	0
134	43	0
271	8	0
408	127	0
162	131	0
230	91	0
257	132	0
267	320	0
315	121	0
173	15	0
199	47	0
151	57	0
310	157	0
635	68	0
957	79	0
338	98	0
332	86	0
1051	285	0
1448	27	0
285	83	0
146	185	0
250	358	0
168	27	0
185	277	0
500	43	0
1153	12	0
433	180	0
342	87	0
142	135	0
109	86	0
108	24	0
108	59	0
473	54	0
181	35	0
123	3	0
110	13	0
112	360	0
147	207	0
112	72	0
143	219	0
112	6	0
166	31	0
144	109	0
233	8	0
648	19	0
864	2	0
290	132	0
160	8	0
188	68	0
263	58	0
452	179	0
127	190	0
107	29	0
113	43	0
106	628	0
115	125	0
432	110	0
252	278	0
3318	125	0
223	66	0
94	114	0
108	16	0
103	80	0
241	258	0
108	35	0
90	132	0
95	60	0
95	60	0
457	69	0
400	5	0
462	7	0
361	189	0
156	51	0
131	22	0
184	9	0
404	254	0
208	35	0
338	145	0
313	35	0
91	3	0
255	28	0
290	36	0
87	97	0
81	17	0
159	83	0
144	177	0
345	57	0
153	6	0
100	147	0
99	34	0
387	18	0
149	110	0
99	98	0
262	35	0
295	16	0
308	148	0
115	57	0
179	102	0
98	2	0
91	111	0
406	35	0
532	279	0
722	3	0
816	120	0
147	124	0
105	333	0
115	40	0
98	94	0
82	313	0
78	31	0
110	402	0
99	7	0
94	102	0
101	152	0
93	33	0
139	98	0
257	118	0
241	131	0
175	14	0
400	22	0
124	164	0
208	340	0
114	49	0
202	260	0
108	231	0
90	139	0
93	91	0
218	20	0
297	122	0
434	5	0
245	168	0
214	10	0
312	191	0
424	254	0
239	111	0
202	324	0
1811	186	0
111	103	0
87	55	0
86	166	0
92	155	0
129	147	0
89	57	0
96	196	0
100	15	0
87	14	0
83	1	0
79	68	0
79	277	0
130	12	0
86	89	0
84	179	0
77	33	0
518	6	0
143	170	0
127	54	0
251	33	0
343	78	0
306	34	0
303	1	0
170	473	0
1259	241	0
264	93	0
125	43	0
323	91	0
255	87	0
135	632	0
127	43	0
237	67	0
126	88	0
90	19	0
96	12	0
85	99	0
85	8	0
94	40	0
98	68	0
98	6	0
84	12	0
86	47	0
146	39	0
140	39	0
273	150	0
4997	30	0
92	298	0
86	142	0
82	5	0
74	24	0
19164	69	0
6387	26	0
370	130	0
683	56	0
344	86	0
271	69	0
283	193	0
1215	81	0
262	83	0
146	22	0
370	31	0
171	420	0
706	90	0
942	163	0
1803	7	0
496	320	0
810	100	0
111	5	0
81	116	0
186	55	0
90	67	0
170	126	0
223	39	0
192	37	0
432	187	0
88	50	0
146	14	0
1329	196	0
6096	59	0
1872	122	0
124	128	0
119	75	0
85	443	0
81	149	0
129	98	0
131	33	0
160	56	0
303	30	0
129	55	0
288	10	0
292	93	0
356	82	0
342	79	0
258	340	0
197	112	0
332	53	0
11895	60	0
116	308	0
70	217	0
69	325	0
54	24	0
50	29	0
61	14	0
58	49	0
52	114	0
48	74	0
47	357	0
47	79	0
47	130	0
73	393	0
71	24	0
66	28	0
64	113	0
71	241	0
74	31	0
67	18	0
70	125	0
68	226	0
67	31	0
68	17	0
74	175	0
67	69	0
70	220	0
51	59	0
48	74	0
47	20	0
71	45	0
69	54	0
67	56	0
51	125	0
48	44	0
58	4	0
48	5	0
59	3	0
72	17	0
69	51	0
66	173	0
55	211	0
50	263	0
66	26	0
79	19	0
63	66	0
70	151	0
61	190	0
95	24	0
67	172	0
68	36	0
64	24	0
92	39	0
58	20	0
61	245	0
71	115	0
67	22	0
66	41	0
73	112	0
75	99	0
72	93	0
70	187	0
69	204	0
68	40	0
72	48	0
70	137	0
62	76	0
59	379	0
53	6	0
68	52	0
51	21	0
47	26	0
55	10	0
67	268	0
64	56	0
198	204	0
181	15	0
267	89	0
447	36	0
2372	93	0
305	28	0
1050	9	0
166	107	0
74	26	0
163	59	0
170	46	0
72	11	0
702	69	0
143	110	0
68	90	0
361	324	0
154	69	0
74	116	0
73	142	0
449	98	0
131	154	0
90	201	0
73	656	0
99	39	0
157	162	0
212	112	0
91	115	0
386	20	0
595	44	0
167	523	0
65	94	0
59	29	0
54	113	0
69	13	0
184	19	0
3981	319	0
1478	115	0
528	32	0
293	28	0
458	15	0
182	44	0
85	35	0
120	93	0
202	118	0
144	29	0
66	119	0
140	278	0
61	48	0
388	162	0
460	4	0
371	36	0
181	39	0
932	151	0
89	91	0
155	108	0
191	113	0
109	17	0
244	55	0
70	299	0
64	77	0
137	43	0
173	277	0
533	24	0
68	86	0
139	65	0
254	63	0
318	96	0
61	13	0
156	200	0
142	33	0
221	58	0
66	92	0
116	84	0
279	333	0
220	43	0
90	159	0
163	344	0
140	24	0
233	11	0
417	36	0
225	48	0
128	330	0
274	74	0
69	101	0
307	88	0
84	23	0
75	112	0
126	30	0
63	10	0
77	376	0
168	105	0
83	44	0
325	164	0
137	18	0
187	59	0
473	97	0
182	11	0
660	101	0
678	49	0
96	185	0
184	29	0
123	164	0
81	265	0
348	12	0
218	84	0
269	41	0
350	267	0
97	123	0
76	21	0
95	1	0
70	134	0
52	46	0
49	56	0
49	18	0
312	52	0
180	37	0
66	73	0
59	63	0
98	153	0
225	127	0
243	76	0
66	154	0
160	153	0
163	16	0
69	34	0
48	49	0
146	83	0
382	29	0
161	170	0
338	86	0
119	73	0
119	18	0
427	16	0
141	209	0
63	64	0
57	69	0
524	52	0
134	98	0
77	7	0
476	703	0
213	82	0
568	30	0
708	118	0
180	67	0
184	594	0
58	56	0
132	38	0
188	96	0
86	24	0
77	200	0
404	357	0
172	114	0
67	22	0
54	55	0
66	21	0
105	115	0
443	3	0
132	66	0
56	10	0
210	50	0
418	67	0
70	94	0
55	85	0
212	99	0
254	73	0
402	56	0
339	86	0
191	3	0
619	30	0
247	243	0
125	219	0
443	24	0
376	9	0
188	12	0
648	20	0
197	60	0
285	181	0
142	39	0
303	158	0
142	192	0
323	381	0
223	9	0
163	16	0
59	108	0
399	209	0
928	123	0
72	523	0
56	123	0
176	66	0
252	22	0
283	35	0
243	10	0
662	178	0
74	244	0
49	65	0
55	22	0
50	41	0
220	140	0
225	151	0
262	69	0
109	49	0
202	43	0
1446	43	0
286	40	0
447	77	0
649	10	0
405	23	0
117	49	0
57	103	0
199	98	0
71	44	0
427	50	0
56	57	0
63	62	0
228	29	0
341	15	0
191	6	0
142	153	0
121	63	0
100	1	0
833	168	0
152	30	0
247	242	0
282	11	0
362	4	0
487	36	0
346	245	0
345	22	0
410	62	0
175	151	0
178	78	0
149	185	0
173	92	0
230	21	0
156	74	0
127	183	0
80	298	0
48	19	0
325	35	0
60	329	0
218	177	0
78	40	0
327	18	0
94	11	0
221	171	0
153	451	0
83	17	0
68	16	0
287	123	0
135	27	0
122	2	0
213	13	0
320	4	0
274	122	0
95	16	0
162	45	0
342	22	0
520	31	0
193	46	0
138	2	0
113	51	0
63	169	0
360	49	0
56	102	0
88	31	0
419	51	0
331	68	0
2024	130	0
228	107	0
156	432	0
196	263	0
99	8	0
695	121	0
184	123	0
156	6	0
223	282	0
744	126	0
341	34	0
64	75	0
42	20	0
296	69	0
1024	150	0
92	1	0
55	63	0
52	63	0
52	60	0
51	266	0
286	18	0
368	158	0
296	202	0
167	36	0
2404	29	0
485	14	0
1793	139	0
68	196	0
97	114	0
47	47	0
572	4	0
151	7	0
238	291	0
103	37	0
80	76	0
359	6	0
496	77	0
63	16	0
540	13	0
67	10	0
55	100	0
54	14	0
564	389	0
81	10	0
67	174	0
103	195	0
189	106	0
70	181	0
79	88	0
53	39	0
57	268	0
54	18	0
139	134	0
476	95	0
184	19	0
140	12	0
161	125	0
70	60	0
97	1	0
249	177	0
284	122	0
134	98	0
214	90	0
58	71	0
95	29	0
640	80	0
72	206	0
875	158	0
140	2	0
82	2	0
828	58	0
116	16	0
173	102	0
173	235	0
74	265	0
51	151	0
159	34	0
211	133	0
118	78	0
201	20	0
153	132	0
174	20	0
267	181	0
255	23	0
59	34	0
55	80	0
52	62	0
54	6	0
182	80	0
76	525	0
400	66	0
344	155	0
178	50	0
60	10	0
281	223	0
104	47	0
129	335	0
207	20	0
263	44	0
257	45	0
57	141	0
90	4	0
135	7	0
56	82	0
83	135	0
307	146	0
99	124	0
150	17	0
116	86	0
134	84	0
794	128	0
71	17	0
132	32	0
206	507	0
61	351	0
96	148	0
350	99	0
771	170	0
61	191	0
311	38	0
173	31	0
135	170	0
157	119	0
116	30	0
128	123	0
59	222	0
57	33	0
55	35	0
85	10	0
49	101	0
112	15	0
281	109	0
354	6	0
215	30	0
108	7	0
120	55	0
215	273	0
60	41	0
46	6	0
246	222	0
179	45	0
680	90	0
1813	35	0
684	24	0
317	102	0
127	68	0
58	428	0
1186	8	0
699	61	0
103	147	0
162	49	0
165	18	0
81	90	0
169	24	0
84	29	0
59	103	0
179	310	0
112	67	0
75	10	0
134	161	0
131	212	0
55	130	0
55	125	0
211	29	0
129	35	0
149	141	0
87	4	0
182	64	0
225	54	0
135	161	0
54	45	0
87	15	0
596	60	0
154	109	0
66	91	0
243	21	0
155	37	0
296	118	0
729	41	0
65	92	0
56	57	0
55	29	0
54	79	0
472	24	0
277	25	0
242	5	0
360	71	0
140	65	0
119	249	0
236	223	0
91	136	0
384	11	0
161	61	0
419	17	0
233	29	0
128	291	0
132	14	0
114	21	0
57	85	0
197	232	0
111	17	0
195	15	0
138	31	0
123	5	0
151	148	0
725	30	0
73	108	0
51	185	0
300	314	0
147	70	0
58	39	0
279	83	0
59	29	0
194	75	0
141	683	0
307	31	0
324	170	0
681	19	0
1827	26	0
458	11	0
102	146	0
127	66	0
57	21	0
139	54	0
344	297	0
56	23	0
52	33	0
214	156	0
112	37	0
258	239	0
100	58	0
64	102	0
48	202	0
55	159	0
205	73	0
234	53	0
214	27	0
131	206	0
97	26	0
71	157	0
432	156	0
61	245	0
140	266	0
57	159	0
45	138	0
138	95	0
458	38	0
186	10	0
297	27	0
145	84	0
323	6	0
59	197	0
135	96	0
74	187	0
147	20	0
200	20	0
86	134	0
58	74	0
274	56	0
78	63	0
257	57	0
514	51	0
615	2	0
531	16	0
577	277	0
219	13	0
234	42	0
143	137	0
53	95	0
142	191	0
206	71	0
57	260	0
267	82	0
119	239	0
134	88	0
108	60	0
66	65	0
260	12	0
57	35	0
250	144	0
136	263	0
217	107	0
60	40	0
98	19	0
192	288	0
54	60	0
54	19	0
87	19	0
52	65	0
234	3	0
1912	467	0
400	234	0
61	83	0
309	44	0
236	124	0
373	101	0
89	54	0
56	275	0
282	65	0
224	24	0
104	56	0
245	11	0
60	110	0
204	108	0
1497	48	0
300	322	0
266	244	0
5285	95	0
331	112	0
154	111	0
470	48	0
64	7	0
64	218	0
226	22	0
324	112	0
145	55	0
53	38	0
106	328	0
637	13	0
64	5	0
171	23	0
188	226	0
347	98	0
73	23	0
186	15	0
293	84	0
59	9	0
126	143	0
140	17	0
96	64	0
52	64	0
170	129	0
136	10	0
258	290	0
56	35	0
186	131	0
231	59	0
138	102	0
777	194	0
984	239	0
254	30	0
486	176	0
157	55	0
114	47	0
126	50	0
149	312	0
358	14	0
365	138	0
56	117	0
40	291	0
528	95	0
149	148	0
309	46	0
287	118	0
285	2	0
159	286	0
111	186	0
51	5	0
41	65	0
156	23	0
59	122	0
56	217	0
54	188	0
51	48	0
308	315	0
429	160	0
66	74	0
151	188	0
199	64	0
418	13	0
279	19	0
52	28	0
147	134	0
52	229	0
138	46	0
59	256	0
156	40	0
416	32	0
119	90	0
228	48	0
186	99	0
54	155	0
163	2	0
402	57	0
128	13	0
276	13	0
52	194	0
381	39	0
300	13	0
260	51	0
96	45	0
48	53	0
253	158	0
188	22	0
712	122	0
163	63	0
236	231	0
509	14	0
336	85	0
105	91	0
52	7	0
332	23	0
756	12	0
58	40	0
245	85	0
162	102	0
110	52	0
125	97	0
57	22	0
80	203	0
377	21	0
1932	103	0
247	86	0
314	27	0
65	41	0
304	29	0
55	37	0
95	65	0
141	235	0
500	229	0
66	144	0
113	12	0
130	25	0
114	107	0
1540	88	0
376	94	0
451	45	0
2779	35	0
100	254	0
45	272	0
42	98	0
38	60	0
296	23	0
55	434	0
224	38	0
256	138	0
146	191	0
733	1	0
142	123	0
250	35	0
262	104	0
69	194	0
227	6	0
384	42	0
54	314	0
171	18	0
377	21	0
180	243	0
152	128	0
180	14	0
199	268	0
543	90	0
428	157	0
164	113	0
168	30	0
161	8	0
154	23	0
148	134	0
265	444	0
339	111	0
4082	85	0
217	6	0
54	25	0
39	149	0
409	51	0
65	224	0
59	293	0
198	211	0
247	62	0
261	39	0
449	136	0
39	101	0
783	91	0
167	132	0
379	20	0
48	27	0
116	397	0
68	393	0
125	19	0
168	26	0
78	88	0
204	24	0
218	7	0
46	86	0
131	325	0
47	80	0
110	125	0
65	92	0
307	209	0
228	108	0
123	8	0
388	91	0
66	158	0
53	39	0
48	21	0
47	56	0
219	119	0
55	61	0
42	37	0
42	4	0
76	39	0
299	16	0
50	46	0
76	127	0
45	167	0
117	182	0
76	56	0
554	128	0
56	119	0
101	179	0
262	15	0
106	4	0
67	91	0
43	71	0
524	130	0
192	191	0
219	39	0
55	49	0
202	7	0
167	347	0
54	80	0
44	114	0
46	512	0
373	62	0
725	75	0
184	115	0
309	78	0
52	48	0
201	142	0
75	36	0
133	113	0
52	34	0
39	155	0
48	39	0
52	23	0
322	142	0
346	207	0
440	12	0
266	58	0
222	152	0
267	24	0
251	76	0
393	339	0
311	57	0
50	6	0
126	377	0
270	20	0
268	3	0
51	32	0
119	5	0
50	222	0
74	37	0
118	81	0
54	55	0
45	66	0
41	51	0
279	4	0
71	24	0
145	48	0
59	55	0
47	116	0
431	275	0
173	46	0
342	17	0
139	17	0
304	79	0
501	138	0
52	66	0
186	165	0
61	19	0
213	365	0
50	50	0
152	150	0
296	90	0
130	186	0
214	12	0
89	49	0
297	130	0
135	53	0
220	95	0
58	197	0
93	151	0
174	101	0
52	105	0
175	137	0
231	76	0
155	22	0
141	130	0
49	15	0
107	94	0
250	227	0
320	49	0
328	38	0
64	25	0
46	64	0
262	242	0
66	37	0
453	134	0
92	5	0
59	99	0
49	98	0
107	177	0
105	116	0
56	152	0
638	22	0
63	246	0
411	213	0
171	7	0
121	67	0
57	298	0
47	86	0
37	48	0
248	1	0
325	4	0
46	29	0
105	113	0
252	162	0
271	354	0
46	127	0
423	310	0
128	53	0
302	34	0
53	163	0
123	58	0
758	107	0
62	56	0
48	29	0
170	187	0
203	46	0
148	6	0
245	157	0
774	103	0
204	21	0
559	135	0
191	122	0
54	77	0
151	98	0
54	60	0
248	39	0
141	97	0
293	73	0
133	51	0
266	42	0
143	98	0
846	25	0
546	244	0
469	75	0
142	88	0
355	12	0
224	74	0
167	34	0
285	50	0
183	76	0
183	205	0
477	139	0
395	97	0
151	226	0
153	19	0
326	31	0
299	51	0
382	41	0
144	341	0
179	114	0
230	135	0
400	16	0
177	81	0
61	142	0
113	18	0
97	137	0
306	110	0
179	32	0
178	56	0
409	95	0
85	14	0
135	345	0
91	45	0
70	131	0
241	54	0
136	105	0
436	19	0
59	364	0
199	8	0
280	184	0
118	3	0
202	83	0
104	61	0
104	105	0
155	296	0
52	128	0
47	252	0
76	10	0
259	51	0
345	5	0
230	45	0
136	188	0
51	79	0
282	271	0
238	87	0
101	44	0
176	2	0
119	52	0
120	243	0
54	203	0
40	125	0
46	59	0
90	127	0
115	52	0
156	104	0
441	184	0
110	154	0
262	24	0
683	168	0
163	8	0
310	59	0
164	144	0
127	31	0
221	28	0
373	50	0
414	35	0
90	37	0
45	71	0
103	459	0
120	40	0
106	150	0
344	101	0
338	19	0
557	1	0
54	143	0
63	52	0
296	73	0
116	26	0
48	11	0
87	399	0
141	103	0
152	266	0
46	33	0
192	157	0
485	394	0
659	75	0
97	101	0
160	160	0
54	124	0
48	45	0
115	23	0
54	128	0
137	79	0
101	81	0
612	56	0
54	147	0
75	7	0
276	258	0
160	437	0
336	145	0
51	23	0
44	17	0
70	237	0
51	5	0
44	17	0
39	69	0
376	92	0
319	17	0
278	106	0
238	252	0
765	2	0
255	152	0
98	80	0
179	116	0
242	17	0
356	16	0
1530	4	0
55	18	0
41	225	0
46	1	0
41	247	0
36	39	0
35	1	0
37	49	0
43	127	0
426	87	0
208	16	0
267	4	0
548	50	0
163	84	0
165	192	0
173	12	0
116	13	0
166	269	0
249	18	0
290	112	0
72	90	0
436	73	0
316	41	0
68	80	0
53	44	0
105	23	0
254	15	0
220	156	0
262	65	0
457	425	0
249	73	0
59	202	0
42	7	0
47	5	0
48	5	0
47	322	0
43	129	0
47	32	0
49	9	0
109	107	0
67	76	0
149	32	0
75	103	0
47	8	0
276	31	0
52	11	0
186	56	0
51	23	0
128	27	0
76	82	0
850	187	0
116	69	0
117	38	0
186	74	0
195	161	0
266	21	0
509	16	0
128	49	0
108	72	0
331	229	0
113	579	0
49	108	0
126	259	0
273	94	0
394	246	0
165	15	0
68	44	0
137	171	0
174	40	0
154	237	0
176	59	0
102	41	0
137	209	0
203	14	0
118	116	0
115	41	0
55	26	0
215	16	0
243	180	0
94	128	0
315	129	0
456	41	0
285	34	0
47	459	0
443	37	0
95	2	0
58	175	0
49	7	0
49	75	0
41	45	0
344	55	0
54	159	0
42	39	0
414	18	0
92	69	0
146	112	0
100	72	0
198	14	0
176	60	0
288	64	0
251	121	0
701	116	0
298	159	0
503	133	0
2200	343	0
237	24	0
540	112	0
426	27	0
176	11	0
396	64	0
227	50	0
327	47	0
202	21	0
257	245	0
136	51	0
282	168	0
886	12	0
308	1	0
416	159	0
483	175	0
374	36	0
349	119	0
345	84	0
261	37	0
606	4	0
445	73	0
257	325	0
334	14	0
103	85	0
118	24	0
204	5	0
224	177	0
106	59	0
115	36	0
328	128	0
125	292	0
48	17	0
86	45	0
55	328	0
41	31	0
134	162	0
112	185	0
687	16	0
63	12	0
43	54	0
91	31	0
1276	183	0
122	57	0
101	37	0
211	74	0
308	90	0
327	420	0
75	55	0
399	211	0
188	12	0
188	108	0
118	256	0
155	245	0
124	367	0
123	59	0
3062	20	0
539	287	0
73	117	0
97	225	0
776	45	0
283	211	0
242	52	0
267	194	0
109	32	0
159	46	0
96	71	0
166	29	0
230	64	0
359	6	0
369	15	0
61	117	0
52	72	0
567	6	0
94	12	0
252	100	0
111	65	0
168	26	0
293	9	0
43	23	0
607	63	0
72	1	0
81	242	0
69	9	0
153	133	0
530	198	0
222	3	0
137	92	0
133	34	0
387	3	0
639	15	0
5513	41	0
1316	182	0
176	114	0
287	190	0
187	26	0
313	33	0
47	87	0
228	76	0
62	577	0
148	154	0
283	207	0
48	151	0
173	162	0
272	139	0
165	11	0
185	175	0
214	267	0
57	5	0
614	160	0
367	18	0
387	15	0
289	15	0
38	86	0
254	19	0
130	79	0
377	81	0
169	7	0
162	77	0
50	44	0
40	100	0
35	250	0
170	6	0
252	61	0
188	37	0
124	200	0
141	53	0
170	137	0
119	189	0
47	41	0
344	233	0
205	14	0
153	22	0
433	32	0
694	22	0
48	223	0
177	116	0
55	40	0
382	199	0
355	76	0
612	37	0
126	55	0
204	31	0
230	196	0
128	18	0
48	21	0
152	65	0
110	38	0
71	78	0
85	14	0
74	72	0
101	4	0
124	51	0
262	211	0
103	112	0
271	332	0
166	136	0
109	97	0
88	240	0
49	67	0
110	57	0
72	86	0
345	147	0
639	151	0
100	614	0
414	45	0
232	231	0
2790	72	0
151	25	0
141	57	0
56	39	0
40	417	0
454	298	0
292	33	0
135	99	0
235	61	0
59	369	0
280	13	0
78	112	0
44	65	0
224	82	0
89	120	0
422	62	0
248	53	0
240	13	0
297	56	0
185	92	0
227	239	0
372	24	0
408	127	0
213	77	0
199	36	0
249	37	0
84	193	0
284	121	0
201	155	0
172	68	0
166	50	0
423	121	0
183	318	0
300	47	0
155	13	0
209	1	0
352	11	0
174	52	0
51	47	0
100	10	0
370	3	0
82	56	0
148	245	0
207	46	0
196	86	0
122	268	0
196	49	0
57	82	0
10143	327	0
94	23	0
425	111	0
160	173	0
108	243	0
65	73	0
562	4	0
127	1	0
107	20	0
526	119	0
113	285	0
267	112	0
54	141	0
107	17	0
109	14	0
57	38	0
512	168	0
2232	33	0
182	57	0
53	15	0
65	37	0
185	167	0
159	114	0
160	349	0
363	216	0
149	278	0
50	116	0
81	74	0
433	47	0
54	335	0
726	4	0
117	4	0
47	29	0
218	2	0
148	37	0
53	115	0
772	64	0
113	254	0
137	32	0
641	83	0
2885	68	0
286	141	0
411	349	0
47	35	0
41	164	0
43	16	0
96	10	0
43	82	0
38	29	0
148	25	0
144	18	0
61	188	0
290	17	0
485	56	0
287	32	0
68	152	0
82	166	0
342	89	0
48	52	0
49	42	0
45	290	0
476	201	0
53	97	0
80	77	0
228	36	0
53	34	0
435	121	0
419	102	0
99	17	0
123	126	0
107	528	0
102	4	0
198	166	0
157	11	0
590	26	0
185	42	0
112	64	0
423	252	0
374	182	0
156	94	0
171	268	0
124	28	0
1697	8	0
662	105	0
198	26	0
55	37	0
275	274	0
533	22	0
140	1	0
375	12	0
429	41	0
175	45	0
48	162	0
39	34	0
478	6	0
222	28	0
167	100	0
81	56	0
366	101	0
51	77	0
123	353	0
234	21	0
4067	123	0
313	56	0
56	292	0
42	122	0
388	212	0
56	72	0
43	3	0
85	258	0
298	337	0
459	66	0
58	221	0
461	6	0
52	57	0
73	214	0
161	113	0
165	27	0
304	84	0
516	83	0
63	151	0
41	21	0
43	28	0
471	189	0
62	187	0
44	165	0
62	120	0
87	261	0
298	65	0
57	123	0
46	6	0
166	155	0
430	1	0
61	127	0
48	209	0
170	92	0
53	247	0
86	201	0
58	38	0
587	14	0
265	19	0
56	25	0
42	105	0
175	64	0
48	109	0
334	57	0
111	33	0
174	122	0
451	46	0
106	12	0
235	96	0
201	20	0
143	12	0
4021	99	0
920	99	0
95	71	0
743	283	0
67	87	0
43	56	0
178	111	0
258	160	0
323	9	0
176	365	0
179	31	0
58	47	0
238	37	0
53	79	0
122	76	0
360	129	0
54	49	0
58	19	0
53	168	0
146	170	0
2372	37	0
186	22	0
171	234	0
479	3	0
537	195	0
154	32	0
393	22	0
638	196	0
46	99	0
247	113	0
173	183	0
48	59	0
423	95	0
542	131	0
452	24	0
214	97	0
361	199	0
53	57	0
143	204	0
115	77	0
56	333	0
40	46	0
209	23	0
94	26	0
5825	9	0
317	223	0
234	12	0
71	28	0
46	107	0
150	28	0
197	168	0
51	151	0
56	95	0
69	98	0
238	26	0
448	50	0
1151	72	0
67	11	0
580	61	0
180	170	0
168	148	0
200	4	0
479	42	0
151	315	0
50	70	0
376	168	0
141	247	0
450	107	0
223	117	0
186	200	0
243	4	0
288	39	0
453	227	0
58	128	0
224	81	0
82	34	0
164	10	0
50	13	0
142	20	0
106	455	0
5245	268	0
513	35	0
350	95	0
822	99	0
190	188	0
55	1	0
37	156	0
257	136	0
57	36	0
60	455	0
259	19	0
798	65	0
61	21	0
298	33	0
663	23	0
129	26	0
51	11	0
228	46	0
45	31	0
92	93	0
240	106	0
282	25	0
571	179	0
46	54	0
279	352	0
107	62	0
182	20	0
45	2	0
58	88	0
136	102	0
98	90	0
48	252	0
121	51	0
338	6	0
108	65	0
103	104	0
151	483	0
444	369	0
48	87	0
45	41	0
112	38	0
207	38	0
352	71	0
115	145	0
180	65	0
234	49	0
97	135	0
204	325	0
224	97	0
689	7	0
91	110	0
54	50	0
69	1	0
120	1	0
133	31	0
298	34	0
373	4	0
84	54	0
200	77	0
129	94	0
379	6	0
412	174	0
167	306	0
163	61	0
74	28	0
224	71	0
142	27	0
47	208	0
103	46	0
139	94	0
126	203	0
49	76	0
47	2	0
394	69	0
588	452	0
72	9	0
38	15	0
190	326	0
56	17	0
1022	139	0
82	144	0
179	40	0
145	75	0
39	63	0
547	77	0
78	106	0
29	8	0
98	24	0
55	18	0
503	672	0
208	33	0
140	75	0
41	16	0
38	194	0
166	207	0
475	23	0
240	20	0
231	165	0
171	105	0
408	68	0
320	152	0
644	9	0
193	146	0
105	126	0
156	64	0
271	52	0
48	13	0
491	2	0
242	196	0
421	48	0
105	13	0
408	89	0
91	11	0
212	84	0
49	66	0
199	15	0
252	2	0
115	5	0
330	101	0
165	34	0
230	50	0
181	60	0
68	17	0
123	45	0
217	123	0
48	10	0
144	1	0
414	38	0
226	32	0
220	67	0
203	2	0
107	160	0
533	139	0
136	42	0
74	1	0
185	107	0
323	17	0
372	89	0
211	107	0
107	56	0
61	136	0
45	63	0
58	191	0
201	113	0
268	51	0
48	51	0
218	235	0
263	125	0
44	64	0
179	37	0
47	42	0
158	91	0
111	93	0
126	154	0
118	36	0
101	6	0
123	233	0
168	27	0
175	46	0
439	11	0
46	50	0
40	58	0
124	138	0
245	65	0
400	32	0
35	11	0
185	54	0
64	76	0
205	166	0
59	2	0
168	19	0
44	106	0
125	82	0
195	60	0
321	286	0
127	16	0
47	269	0
161	341	0
119	40	0
43	3	0
216	57	0
116	70	0
183	11	0
310	163	0
530	5	0
666	52	0
403	312	0
56	60	0
1766	141	0
37	4	0
34	40	0
33	446	0
340	146	0
133	64	0
45	131	0
37	227	0
107	289	0
222	77	0
307	46	0
317	36	0
196	134	0
93	54	0
264	308	0
245	48	0
93	220	0
191	95	0
559	37	0
255	207	0
92	142	0
716	83	0
86	88	0
404	282	0
245	55	0
129	2	0
131	244	0
226	2	0
169	130	0
337	132	0
234	21	0
199	19	0
115	102	0
260	352	0
193	84	0
65	386	0
484	92	0
150	17	0
137	138	0
87	177	0
235	18	0
516	86	0
488	2	0
113	38	0
1207	18	0
206	79	0
367	141	0
114	35	0
359	24	0
50	138	0
108	78	0
48	7	0
159	74	0
132	105	0
116	4	0
114	125	0
45	105	0
110	36	0
76	193	0
131	11	0
48	37	0
124	399	0
160	71	0
136	322	0
102	46	0
129	37	0
43	63	0
68	107	0
43	273	0
106	87	0
133	123	0
55	43	0
135	122	0
243	20	0
135	23	0
237	327	0
140	170	0
186	95	0
278	275	0
173	219	0
159	18	0
392	14	0
50	357	0
360	201	0
117	59	0
68	9	0
41	65	0
117	247	0
154	181	0
50	245	0
54	217	0
221	38	0
97	7	0
448	25	0
150	47	0
286	222	0
263	217	0
193	165	0
240	91	0
537	2	0
527	105	0
323	22	0
324	308	0
204	134	0
446	124	0
631	55	0
218	124	0
49	78	0
41	16	0
108	176	0
118	143	0
116	210	0
117	37	0
61	66	0
58	26	0
509	158	0
115	104	0
247	18	0
147	34	0
221	95	0
133	26	0
3032	3	0
95	252	0
135	63	0
147	18	0
305	155	0
43	126	0
35	51	0
64	2	0
34	51	0
59	33	0
467	291	0
299	64	0
47	199	0
40	38	0
300	112	0
229	71	0
211	289	0
415	134	0
299	213	0
547	184	0
158	28	0
256	96	0
170	15	0
119	258	0
75	142	0
267	115	0
134	3	0
44	58	0
228	64	0
147	136	0
168	87	0
147	4	0
284	94	0
236	130	0
86	24	0
387	94	0
162	61	0
201	150	0
47	15	0
348	12	0
77	162	0
261	64	0
163	685	0
145	22	0
104	336	0
266	116	0
209	22	0
327	45	0
260	89	0
77	98	0
30	63	0
186	9	0
524	51	0
270	223	0
64	210	0
242	13	0
43	58	0
129	2	0
280	5	0
126	123	0
38	45	0
201	98	0
72	35	0
82	26	0
63	50	0
158	276	0
73	129	0
26	32	0
176	25	0
110	1	0
106	48	0
590	177	0
57	13	0
57	24	0
67	6	0
130	33	0
101	131	0
44	176	0
141	34	0
48	23	0
203	28	0
97	31	0
84	11	0
130	77	0
93	7	0
128	37	0
102	34	0
78	21	0
198	68	0
84	32	0
53	20	0
39	260	0
79	61	0
217	114	0
403	191	0
45	28	0
136	5	0
44	534	0
115	102	0
138	306	0
101	257	0
191	58	0
66	108	0
244	22	0
287	107	0
52	22	0
39	85	0
124	67	0
48	316	0
293	238	0
392	506	0
151	109	0
88	152	0
62	319	0
110	4	0
125	479	0
229	3	0
262	3	0
71	137	0
80	182	0
190	10	0
424	13	0
255	81	0
548	24	0
318	159	0
244	29	0
50	42	0
375	38	0
89	214	0
50	213	0
36	5	0
72	37	0
237	263	0
87	128	0
94	6	0
187	6	0
97	213	0
408	60	0
301	136	0
345	31	0
318	345	0
110	116	0
121	10	0
194	6	0
273	54	0
49	187	0
46	76	0
93	50	0
63	147	0
124	163	0
333	55	0
113	41	0
49	82	0
45	95	0
44	29	0
175	1	0
47	86	0
121	22	0
336	44	0
257	19	0
209	16	0
173	22	0
49	92	0
46	81	0
92	44	0
51	356	0
45	7	0
287	50	0
395	165	0
49	217	0
64	40	0
722	113	0
149	10	0
46	150	0
39	96	0
398	192	0
120	1	0
111	150	0
46	118	0
138	97	0
310	55	0
107	83	0
172	69	0
168	27	0
680	439	0
49	1	0
49	37	0
44	117	0
169	230	0
99	42	0
106	32	0
70	105	0
194	67	0
216	5	0
258	143	0
191	3	0
228	21	0
93	29	0
65	80	0
179	7	0
93	29	0
69	78	0
130	2	0
70	9	0
28	68	0
63	85	0
90	16	0
294	11	0
129	70	0
63	59	0
238	71	0
130	36	0
103	93	0
300	30	0
96	274	0
268	25	0
85	36	0
1747	46	0
216	72	0
111	72	0
405	21	0
245	27	0
460	44	0
86	5	0
97	49	0
237	15	0
169	140	0
160	14	0
83	142	0
137	377	0
85	28	0
396	66	0
302	139	0
84	47	0
155	61	0
180	88	0
243	63	0
531	273	0
307	95	0
149	123	0
100	110	0
372	49	0
158	158	0
177	190	0
51	58	0
299	202	0
321	98	0
222	63	0
91	70	0
49	95	0
166	89	0
85	36	0
220	53	0
49	41	0
45	65	0
42	37	0
357	27	0
104	101	0
396	26	0
403	134	0
179	29	0
83	27	0
113	685	0
252	16	0
458	8	0
142	116	0
86	194	0
83	50	0
159	2	0
359	150	0
93	23	0
314	6	0
380	39	0
89	151	0
62	92	0
117	113	0
244	130	0
232	17	0
238	23	0
67	402	0
2062	199	0
183	65	0
289	33	0
380	18	0
74	72	0
147	109	0
144	33	0
589	22	0
256	10	0
156	58	0
105	783	0
74	104	0
50	24	0
55	108	0
500	23	0
285	8	0
225	224	0
52	43	0
265	101	0
48	17	0
119	62	0
87	22	0
229	17	0
310	177	0
45	357	0
117	19	0
221	67	0
124	34	0
44	74	0
37	72	0
233	68	0
160	29	0
100	222	0
236	35	0
193	175	0
142	131	0
109	162	0
205	21	0
71	91	0
186	36	0
130	279	0
81	45	0
520	9	0
489	65	0
74	216	0
328	212	0
222	114	0
103	13	0
68	44	0
507	458	0
424	207	0
77	40	0
139	115	0
153	10	0
2550	46	0
253	224	0
44	1	0
71	118	0
464	22	0
303	19	0
152	167	0
30	65	0
59	6	0
302	49	0
224	70	0
43	20	0
205	50	0
59	311	0
378	13	0
113	12	0
450	238	0
125	27	0
141	307	0
245	62	0
45	36	0
360	285	0
132	6	0
46	129	0
34	29	0
34	19	0
94	302	0
47	8	0
93	35	0
116	191	0
38	52	0
505	49	0
109	34	0
56	43	0
64	1	0
547	66	0
49	249	0
148	239	0
54	78	0
129	188	0
45	36	0
179	160	0
40	65	0
36	67	0
218	178	0
441	49	0
35	185	0
203	15	0
37	247	0
494	12	0
85	159	0
89	102	0
47	200	0
97	146	0
28	61	0
368	67	0
71	273	0
74	126	0
29	131	0
140	46	0
312	199	0
139	31	0
104	16	0
401	173	0
64	142	0
265	37	0
286	10	0
328	14	0
137	34	0
110	82	0
119	127	0
302	5	0
392	106	0
100	20	0
44	12	0
151	223	0
204	21	0
246	4	0
295	70	0
344	39	0
226	36	0
117	62	0
138	36	0
146	17	0
46	214	0
246	155	0
277	59	0
436	4	0
283	2	0
131	40	0
347	140	0
91	24	0
334	216	0
47	224	0
183	22	0
308	19	0
112	15	0
97	39	0
801	119	0
116	12	0
73	129	0
49	186	0
41	236	0
213	57	0
474	5	0
48	4	0
360	215	0
49	60	0
110	50	0
365	302	0
46	20	0
785	120	0
43	148	0
35	114	0
35	181	0
109	485	0
55	45	0
186	22	0
139	21	0
72	43	0
44	28	0
116	90	0
172	349	0
111	27	0
46	120	0
185	335	0
62	32	0
153	10	0
247	76	0
112	136	0
347	14	0
104	75	0
242	272	0
125	141	0
232	248	0
115	25	0
127	73	0
109	77	0
206	168	0
352	18	0
101	317	0
143	201	0
414	66	0
83	49	0
141	37	0
189	13	0
97	101	0
722	243	0
128	268	0
216	84	0
224	99	0
354	214	0
349	3	0
323	53	0
122	320	0
352	108	0
43	237	0
154	17	0
280	535	0
128	323	0
811	62	0
658	167	0
83	52	0
174	7	0
115	59	0
47	83	0
123	19	0
106	185	0
137	58	0
268	220	0
50	103	0
41	10	0
81	89	0
388	7	0
128	134	0
120	42	0
231	107	0
193	56	0
104	123	0
250	150	0
335	146	0
173	378	0
496	231	0
250	124	0
145	7	0
111	17	0
107	74	0
148	49	0
385	154	0
59	89	0
220	18	0
75	3	0
240	40	0
294	73	0
216	2	0
66	30	0
377	8	0
373	1	0
185	37	0
295	164	0
635	192	0
462	25	0
309	194	0
339	157	0
511	543	0
513	335	0
575	2	0
335	98	0
225	97	0
509	35	0
676	75	0
1083	8	0
212	104	0
207	21	0
230	8	0
197	341	0
152	60	0
106	82	0
199	303	0
205	87	0
375	12	0
140	1	0
127	32	0
59	158	0
271	28	0
106	29	0
291	70	0
325	28	0
270	23	0
77	211	0
484	7	0
135	85	0
612	45	0
55	300	0
100	98	0
253	68	0
437	150	0
220	85	0
466	51	0
214	35	0
218	42	0
479	22	0
428	59	0
150	6	0
554	24	0
275	358	0
48	56	0
373	52	0
216	40	0
108	14	0
153	40	0
45	61	0
56	154	0
496	179	0
60	19	0
194	200	0
151	61	0
447	162	0
397	97	0
667	3	0
275	98	0
280	116	0
123	2	0
118	61	0
217	20	0
71	3	0
149	72	0
127	168	0
251	301	0
169	99	0
48	30	0
854	269	0
139	120	0
253	88	0
121	144	0
185	159	0
50	189	0
62	287	0
134	107	0
139	357	0
297	52	0
54	62	0
313	83	0
60	57	0
154	203	0
144	67	0
54	73	0
45	52	0
160	17	0
54	171	0
131	67	0
178	167	0
186	183	0
578	148	0
92	176	0
275	72	0
117	8	0
87	96	0
99	101	0
273	79	0
79	3	0
96	399	0
96	46	0
94	326	0
88	166	0
481	57	0
252	217	0
338	52	0
219	80	0
223	20	0
287	57	0
515	304	0
88	63	0
354	5	0
345	40	0
208	274	0
50	723	0
103	41	0
121	70	0
47	90	0
244	271	0
145	69	0
87	87	0
398	189	0
141	73	0
49	160	0
60	44	0
223	32	0
43	47	0
116	128	0
403	66	0
145	174	0
397	123	0
353	49	0
56	10	0
44	33	0
47	94	0
196	87	0
93	60	0
49	37	0
42	79	0
113	13	0
48	44	0
120	164	0
226	73	0
270	22	0
91	123	0
48	16	0
138	44	0
110	21	0
65	137	0
110	53	0
299	179	0
59	308	0
199	199	0
122	181	0
270	27	0
594	9	0
203	148	0
49	1	0
309	10	0
120	198	0
132	83	0
225	206	0
118	10	0
441	11	0
224	106	0
408	56	0
137	90	0
288	147	0
89	3	0
238	156	0
85	253	0
519	9	0
160	130	0
480	12	0
270	18	0
143	129	0
164	51	0
806	42	0
46	197	0
43	49	0
137	52	0
83	131	0
123	192	0
54	37	0
104	35	0
101	34	0
112	68	0
235	3	0
791	105	0
237	45	0
63	19	0
55	26	0
216	4	0
132	295	0
86	318	0
46	60	0
34	6	0
55	3	0
166	66	0
405	30	0
115	1	0
475	205	0
194	98	0
118	38	0
269	172	0
81	52	0
108	239	0
173	377	0
117	159	0
399	100	0
46	63	0
207	15	0
517	237	0
82	44	0
118	122	0
191	10	0
86	151	0
410	236	0
422	92	0
390	254	0
403	158	0
178	127	0
297	206	0
90	199	0
535	116	0
237	224	0
137	5	0
186	54	0
92	492	0
102	28	0
53	108	0
38	46	0
172	117	0
110	132	0
108	272	0
258	443	0
48	428	0
65	190	0
25	264	0
135	9	0
268	95	0
101	181	0
134	49	0
781	48	0
143	96	0
47	29	0
41	2	0
300	30	0
43	35	0
124	244	0
93	2	0
173	271	0
44	142	0
85	118	0
355	121	0
260	46	0
46	6	0
71	110	0
82	340	0
28	49	0
67	108	0
41	41	0
27	16	0
100	234	0
202	510	0
101	174	0
55	3	0
66	88	0
34	134	0
175	14	0
104	80	0
200	145	0
105	78	0
87	12	0
229	32	0
99	131	0
73	68	0
152	122	0
174	53	0
472	174	0
49	168	0
193	91	0
45	63	0
74	58	0
116	384	0
269	51	0
79	71	0
63	233	0
288	37	0
512	105	0
251	83	0
70	155	0
182	303	0
186	44	0
44	163	0
221	162	0
284	113	0
197	58	0
270	83	0
87	8	0
309	30	0
68	134	0
126	482	0
80	89	0
92	23	0
104	419	0
45	294	0
199	28	0
45	156	0
69	44	0
284	17	0
320	19	0
99	257	0
620	8	0
136	65	0
83	100	0
87	107	0
47	15	0
88	26	0
737	59	0
130	54	0
253	37	0
45	14	0
714	225	0
75	11	0
52	4	0
70	90	0
71	86	0
292	21	0
97	56	0
98	23	0
235	209	0
192	17	0
94	37	0
92	10	0
437	58	0
88	1	0
91	237	0
45	33	0
44	171	0
267	1	0
454	3	0
575	101	0
202	13	0
60	294	0
46	61	0
74	33	0
88	112	0
143	47	0
81	12	0
122	8	0
315	44	0
216	173	0
187	104	0
137	302	0
257	41	0
370	34	0
78	159	0
202	52	0
139	62	0
87	115	0
284	20	0
83	60	0
47	259	0
42	210	0
39	45	0
41	62	0
320	272	0
92	60	0
75	14	0
866	22	0
116	43	0
169	41	0
72	181	0
46	107	0
342	183	0
66	15	0
537	182	0
127	199	0
44	22	0
40	1	0
196	9	0
76	25	0
48	244	0
80	77	0
233	33	0
45	9	0
403	33	0
105	30	0
62	26	0
39	214	0
228	24	0
1074	28	0
77	27	0
28	22	0
85	163	0
102	61	0
344	46	0
64	52	0
96	154	0
436	76	0
47	137	0
86	60	0
57	76	0
123	27	0
158	59	0
45	58	0
71	13	0
208	25	0
138	12	0
186	56	0
235	34	0
80	29	0
249	32	0
54	195	0
94	8	0
124	222	0
255	23	0
74	440	0
120	55	0
47	48	0
42	146	0
41	39	0
36	248	0
42	48	0
279	20	0
105	48	0
100	96	0
1017	28	0
56	4	0
50	28	0
41	214	0
40	140	0
40	82	0
38	37	0
38	163	0
325	343	0
51	261	0
40	150	0
40	39	0
105	271	0
141	13	0
51	12	0
43	40	0
323	57	0
253	89	0
49	147	0
193	112	0
147	3	0
143	5	0
125	243	0
164	30	0
143	202	0
101	3	0
315	23	0
45	197	0
89	27	0
82	43	0
67	213	0
47	287	0
93	63	0
27	20	0
187	26	0
38	11	0
160	155	0
499	77	0
430	31	0
60	334	0
50	89	0
44	66	0
1297	148	0
75	71	0
49	117	0
50	93	0
46	49	0
51	20	0
164	38	0
51	131	0
150	317	0
558	22	0
109	32	0
220	254	0
274	490	0
257	29	0
188	18	0
253	98	0
233	15	0
106	162	0
149	235	0
122	113	0
56	136	0
45	8	0
45	109	0
51	103	0
51	24	0
135	170	0
661	180	0
468	243	0
109	265	0
236	15	0
47	4	0
315	1	0
167	3	0
126	558	0
263	182	0
163	185	0
99	153	0
93	113	0
104	250	0
130	234	0
182	20	0
60	237	0
138	99	0
72	125	0
67	74	0
55	61	0
44	12	0
62	29	0
446	118	0
114	8	0
109	19	0
322	160	0
112	130	0
52	57	0
173	132	0
340	113	0
68	125	0
150	194	0
124	54	0
205	72	0
105	87	0
100	3	0
196	49	0
213	398	0
143	268	0
415	15	0
159	151	0
216	22	0
103	76	0
97	2	0
214	15	0
274	329	0
191	12	0
90	16	0
52	51	0
163	11	0
198	137	0
307	413	0
333	238	0
69	85	0
43	74	0
188	87	0
52	80	0
37	15	0
331	126	0
207	53	0
278	103	0
59	210	0
88	44	0
54	108	0
502	344	0
54	92	0
87	22	0
100	208	0
57	20	0
314	72	0
154	17	0
458	103	0
97	95	0
524	94	0
213	9	0
218	68	0
51	13	0
361	398	0
79	37	0
208	217	0
76	197	0
212	69	0
343	151	0
135	192	0
101	41	0
61	170	0
196	65	0
56	105	0
465	122	0
460	111	0
116	194	0
169	382	0
201	14	0
157	89	0
140	215	0
140	49	0
43	70	0
300	77	0
260	76	0
389	19	0
510	33	0
73	6	0
151	126	0
51	56	0
261	34	0
80	45	0
89	23	0
219	9	0
193	45	0
384	81	0
67	83	0
288	76	0
155	9	0
98	35	0
189	165	0
126	259	0
365	26	0
121	41	0
76	11	0
355	44	0
671	159	0
46	202	0
162	39	0
191	19	0
495	74	0
185	193	0
140	151	0
151	188	0
200	461	0
113	158	0
90	115	0
40	35	0
378	107	0
101	187	0
58	258	0
497	106	0
45	227	0
145	68	0
319	5	0
344	132	0
82	112	0
150	348	0
203	119	0
103	130	0
93	38	0
212	149	0
66	105	0
594	223	0
245	3	0
54	105	0
42	2	0
428	3	0
200	163	0
446	20	0
688	168	0
67	141	0
86	63	0
126	48	0
45	60	0
77	41	0
135	22	0
719	158	0
101	12	0
273	20	0
62	87	0
68	515	0
47	56	0
46	67	0
120	11	0
43	78	0
554	87	0
589	38	0
355	43	0
278	54	0
90	54	0
57	375	0
33	697	0
169	337	0
47	34	0
169	12	0
140	42	0
83	206	0
53	183	0
470	149	0
55	44	0
149	7	0
69	38	0
44	119	0
58	35	0
51	97	0
38	25	0
43	129	0
51	25	0
76	131	0
46	84	0
86	15	0
138	127	0
211	35	0
124	9	0
59	63	0
61	199	0
696	21	0
93	56	0
134	121	0
131	51	0
377	111	0
233	58	0
72	52	0
303	172	0
54	80	0
33	48	0
78	302	0
160	142	0
190	236	0
350	45	0
111	23	0
55	115	0
155	77	0
55	92	0
134	253	0
220	66	0
409	19	0
306	144	0
50	9	0
394	19	0
58	253	0
79	32	0
36	89	0
38	72	0
62	98	0
350	19	0
381	119	0
332	21	0
93	72	0
324	124	0
51	5	0
100	73	0
117	130	0
51	23	0
100	80	0
171	120	0
93	6	0
138	78	0
136	211	0
49	169	0
469	57	0
101	74	0
153	37	0
268	100	0
49	264	0
49	151	0
77	61	0
41	167	0
284	3	0
87	39	0
52	32	0
49	55	0
77	383	0
123	23	0
316	185	0
170	268	0
150	49	0
168	16	0
337	121	0
47	20	0
142	55	0
47	46	0
97	79	0
287	296	0
240	6	0
141	12	0
98	215	0
229	265	0
45	82	0
820	31	0
109	37	0
292	2	0
185	31	0
215	260	0
71	84	0
411	113	0
45	28	0
54	320	0
70	115	0
188	220	0
78	11	0
43	63	0
185	45	0
116	388	0
569	72	0
178	32	0
47	101	0
46	108	0
38	35	0
395	24	0
225	152	0
543	128	0
73	30	0
170	11	0
371	8	0
53	40	0
759	99	0
198	19	0
46	66	0
192	90	0
207	19	0
57	168	0
175	21	0
283	21	0
261	60	0
142	90	0
55	48	0
50	499	0
341	56	0
86	33	0
51	55	0
334	175	0
152	251	0
74	55	0
102	68	0
274	56	0
403	160	0
338	372	0
54	140	0
166	199	0
90	172	0
56	183	0
40	262	0
107	4	0
56	134	0
117	171	0
153	190	0
96	322	0
43	7	0
85	310	0
167	100	0
352	63	0
156	22	0
336	102	0
53	223	0
378	293	0
50	88	0
230	97	0
581	28	0
1665	2	0
77	193	0
39	87	0
36	136	0
37	135	0
34	37	0
117	74	0
52	28	0
337	21	0
69	126	0
169	95	0
87	140	0
105	28	0
141	511	0
46	172	0
146	85	0
199	133	0
188	62	0
262	2	0
93	122	0
99	11	0
49	66	0
207	96	0
116	243	0
489	208	0
365	10	0
47	154	0
103	99	0
71	126	0
302	42	0
720	127	0
104	38	0
83	284	0
331	4	0
59	44	0
31	145	0
395	9	0
83	272	0
350	257	0
566	26	0
147	124	0
122	89	0
63	244	0
258	71	0
295	155	0
101	47	0
316	183	0
45	71	0
165	213	0
318	27	0
139	65	0
99	7	0
246	3	0
119	220	0
122	70	0
158	167	0
666	4	0
49	162	0
40	80	0
335	86	0
335	73	0
207	178	0
123	10	0
175	55	0
220	37	0
70	391	0
66	27	0
303	18	0
51	95	0
160	141	0
134	35	0
93	257	0
145	21	0
314	604	0
346	105	0
63	33	0
171	2	0
418	408	0
100	157	0
512	277	0
459	151	0
46	67	0
76	5	0
100	101	0
136	4	0
65	10	0
50	165	0
117	162	0
108	55	0
297	97	0
48	124	0
68	77	0
42	206	0
374	8	0
95	1	0
183	251	0
1355	71	0
255	44	0
98	235	0
438	81	0
64	57	0
349	43	0
331	15	0
277	24	0
196	200	0
188	31	0
105	40	0
271	22	0
140	8	0
295	79	0
71	7	0
124	32	0
287	45	0
228	27	0
45	46	0
225	68	0
236	44	0
91	147	0
334	167	0
66	65	0
265	83	0
222	40	0
67	68	0
44	152	0
482	255	0
184	81	0
109	157	0
120	171	0
259	200	0
225	112	0
64	34	0
334	90	0
93	24	0
58	2	0
247	4	0
213	164	0
71	38	0
207	29	0
372	42	0
226	179	0
121	29	0
105	43	0
82	52	0
75	50	0
398	14	0
151	37	0
126	143	0
289	16	0
193	172	0
117	196	0
218	119	0
208	177	0
50	308	0
81	24	0
335	1	0
50	95	0
62	144	0
183	191	0
46	18	0
143	184	0
42	110	0
413	109	0
46	306	0
84	127	0
173	135	0
86	261	0
46	120	0
40	21	0
40	121	0
31	57	0
197	142	0
125	20	0
147	113	0
216	161	0
102	232	0
75	162	0
123	261	0
170	48	0
144	233	0
2144	36	0
77	3	0
46	378	0
41	42	0
40	87	0
42	143	0
36	93	0
28	21	0
26	47	0
23	65	0
30	14	0
22	64	0
22	24	0
21	53	0
22	34	0
26	366	0
42	272	0
468	55	0
450	160	0
489	179	0
98	76	0
220	47	0
120	41	0
557	40	0
79	98	0
46	48	0
115	5	0
47	179	0
36	103	0
142	64	0
190	98	0
145	53	0
461	107	0
60	171	0
232	4	0
61	54	0
315	49	0
48	164	0
152	58	0
113	34	0
200	38	0
129	5	0
164	109	0
157	17	0
721	57	0
41	234	0
250	29	0
73	185	0
60	449	0
475	107	0
125	98	0
613	137	0
139	1	0
654	191	0
79	288	0
99	75	0
95	282	0
148	24	0
72	339	0
42	29	0
55	36	0
93	3	0
105	54	0
63	1	0
54	24	0
133	111	0
136	89	0
151	61	0
254	166	0
72	14	0
163	131	0
120	152	0
140	30	0
142	30	0
130	113	0
281	50	0
72	202	0
381	5	0
63	167	0
476	1	0
255	17	0
277	83	0
48	167	0
153	181	0
364	10	0
110	44	0
54	39	0
222	42	0
66	45	0
46	91	0
88	34	0
206	90	0
32	40	0
211	318	0
228	7	0
481	476	0
120	116	0
117	111	0
53	104	0
50	259	0
238	58	0
287	21	0
94	4	0
80	153	0
149	55	0
47	7	0
253	17	0
115	221	0
409	32	0
109	234	0
205	186	0
70	192	0
215	292	0
47	98	0
43	272	0
92	59	0
119	110	0
105	134	0
43	150	0
176	98	0
42	42	0
201	42	0
203	149	0
137	26	0
626	44	0
100	45	0
41	512	0
126	43	0
205	83	0
343	62	0
119	27	0
85	5	0
611	3	0
155	56	0
47	234	0
146	12	0
174	9	0
141	33	0
361	13	0
349	68	0
115	205	0
82	108	0
49	87	0
165	60	0
288	70	0
142	14	0
130	58	0
44	45	0
93	144	0
364	8	0
105	254	0
367	248	0
46	179	0
100	79	0
256	84	0
51	233	0
332	260	0
75	68	0
152	36	0
92	13	0
114	179	0
83	26	0
166	75	0
45	81	0
84	132	0
109	25	0
354	67	0
826	40	0
42	7	0
142	88	0
498	142	0
181	158	0
145	124	0
126	36	0
93	34	0
98	163	0
129	16	0
87	124	0
695	52	0
611	68	0
120	108	0
484	315	0
322	269	0
338	151	0
154	60	0
69	176	0
249	61	0
210	424	0
37	166	0
61	229	0
212	158	0
85	78	0
374	43	0
91	106	0
336	163	0
110	17	0
411	187	0
67	66	0
123	90	0
255	9	0
48	161	0
43	20	0
160	44	0
451	10	0
399	105	0
44	47	0
275	81	0
48	174	0
875	142	0
48	38	0
43	93	0
41	53	0
109	382	0
89	66	0
40	17	0
240	79	0
136	185	0
51	32	0
57	399	0
86	17	0
486	51	0
112	15	0
54	34	0
60	19	0
70	339	0
117	128	0
43	118	0
35	178	0
74	32	0
137	2	0
130	83	0
46	128	0
418	43	0
178	111	0
678	21	0
46	131	0
97	139	0
286	419	0
112	56	0
304	144	0
544	6	0
45	54	0
347	336	0
179	234	0
155	289	0
58	78	0
306	549	0
51	64	0
144	85	0
139	200	0
257	2	0
171	264	0
137	5	0
96	42	0
150	62	0
77	103	0
111	171	0
320	27	0
214	8	0
87	9	0
527	165	0
164	5	0
137	107	0
45	34	0
506	37	0
101	222	0
212	12	0
45	7	0
120	168	0
977	34	0
309	17	0
297	42	0
143	25	0
391	23	0
76	48	0
385	98	0
115	70	0
118	171	0
45	22	0
194	573	0
108	64	0
37	8	0
34	151	0
129	31	0
377	50	0
73	49	0
300	55	0
672	125	0
240	46	0
321	4	0
182	25	0
299	107	0
104	90	0
256	206	0
549	2	0
102	22	0
414	142	0
47	121	0
78	30	0
105	4	0
131	2	0
210	176	0
288	188	0
175	157	0
427	150	0
204	6	0
45	27	0
168	350	0
114	106	0
60	224	0
36	341	0
110	13	0
115	334	0
274	132	0
286	2	0
89	76	0
100	103	0
257	56	0
74	168	0
68	58	0
170	190	0
98	119	0
42	106	0
55	104	0
251	39	0
332	18	0
156	89	0
48	14	0
77	185	0
77	8	0
320	327	0
113	104	0
62	27	0
251	19	0
142	100	0
649	362	0
254	10	0
61	8	0
106	38	0
79	85	0
210	32	0
89	15	0
258	30	0
46	232	0
47	11	0
54	28	0
36	5	0
33	15	0
294	202	0
45	171	0
141	81	0
104	7	0
285	355	0
119	114	0
85	295	0
249	1	0
59	242	0
193	35	0
771	136	0
45	109	0
559	83	0
46	4	0
321	103	0
105	242	0
47	123	0
118	66	0
78	5	0
110	97	0
374	88	0
202	48	0
213	95	0
565	26	0
128	24	0
98	7	0
73	4	0
177	55	0
45	80	0
316	144	0
501	43	0
90	147	0
99	28	0
46	40	0
256	81	0
280	90	0
44	92	0
71	119	0
70	73	0
134	106	0
156	38	0
47	9	0
102	54	0
73	57	0
185	141	0
67	114	0
210	225	0
449	143	0
45	78	0
72	157	0
43	45	0
59	109	0
176	4	0
179	159	0
355	62	0
284	39	0
179	20	0
116	83	0
101	4	0
295	88	0
401	56	0
130	35	0
102	113	0
91	246	0
67	71	0
92	45	0
87	51	0
42	46	0
148	132	0
155	13	0
72	293	0
96	169	0
341	95	0
500	60	0
167	194	0
600	49	0
58	166	0
46	142	0
46	296	0
47	202	0
55	172	0
41	10	0
41	96	0
40	199	0
152	69	0
159	56	0
248	30	0
296	422	0
101	112	0
129	35	0
60	36	0
577	11	0
230	134	0
46	189	0
102	4	0
244	35	0
447	206	0
155	60	0
167	1	0
69	19	0
157	16	0
46	22	0
87	92	0
358	59	0
267	210	0
36	159	0
311	86	0
260	4	0
55	128	0
72	123	0
40	133	0
63	36	0
274	35	0
89	18	0
127	74	0
61	202	0
97	148	0
35	149	0
387	11	0
97	3	0
223	110	0
298	36	0
125	29	0
241	16	0
31	298	0
143	100	0
139	20	0
446	85	0
55	19	0
223	17	0
604	50	0
58	73	0
102	235	0
520	114	0
45	3	0
47	303	0
81	27	0
134	7	0
62	5	0
124	22	0
263	42	0
564	2	0
196	49	0
115	179	0
116	7	0
61	17	0
78	184	0
311	67	0
46	38	0
101	124	0
174	83	0
320	52	0
111	128	0
71	4	0
165	110	0
75	9	0
130	5	0
45	19	0
487	7	0
82	24	0
55	42	0
270	38	0
38	113	0
176	37	0
151	94	0
41	322	0
64	21	0
64	278	0
195	84	0
224	243	0
155	28	0
63	47	0
87	8	0
79	93	0
55	74	0
115	58	0
77	157	0
185	22	0
194	323	0
56	27	0
104	33	0
490	36	0
120	274	0
101	13	0
130	26	0
223	93	0
412	44	0
720	82	0
55	58	0
191	81	0
314	207	0
170	101	0
72	46	0
174	183	0
453	237	0
153	88	0
166	17	0
369	7	0
381	780	0
119	27	0
559	71	0
128	39	0
53	195	0
41	211	0
68	2	0
415	222	0
256	116	0
44	26	0
177	19	0
213	3	0
193	204	0
49	49	0
66	24	0
54	154	0
112	39	0
788	28	0
231	84	0
48	6	0
24	254	0
33	78	0
65	19	0
221	29	0
55	58	0
204	191	0
42	371	0
143	176	0
324	464	0
55	131	0
69	97	0
182	69	0
158	577	0
192	44	0
72	24	0
109	192	0
340	9	0
90	157	0
345	127	0
70	30	0
77	215	0
236	106	0
253	140	0
66	27	0
140	75	0
520	164	0
42	67	0
68	188	0
249	47	0
329	79	0
45	11	0
41	144	0
126	17	0
67	110	0
49	308	0
61	4	0
251	148	0
169	56	0
212	227	0
46	174	0
59	259	0
145	27	0
115	61	0
77	194	0
177	21	0
56	243	0
106	229	0
297	65	0
554	4	0
428	33	0
162	197	0
267	58	0
75	30	0
45	3	0
64	72	0
127	11	0
306	93	0
71	94	0
94	26	0
39	51	0
318	96	0
209	8	0
110	144	0
86	92	0
245	29	0
143	5	0
133	110	0
105	62	0
47	32	0
366	27	0
569	38	0
140	165	0
243	164	0
139	32	0
243	95	0
129	7	0
184	125	0
582	19	0
252	32	0
103	7	0
790	7	0
325	76	0
120	216	0
198	25	0
207	32	0
48	37	0
137	99	0
118	95	0
365	46	0
187	81	0
226	78	0
181	29	0
47	166	0
94	287	0
40	7	0
51	372	0
155	204	0
50	7	0
44	78	0
309	254	0
83	251	0
587	649	0
52	57	0
403	129	0
48	57	0
93	110	0
43	38	0
93	244	0
266	24	0
328	35	0
90	50	0
94	175	0
388	112	0
51	51	0
339	99	0
596	1	0
322	148	0
437	144	0
291	259	0
743	19	0
174	12	0
182	85	0
929	33	0
166	313	0
61	85	0
124	146	0
461	189	0
224	32	0
317	185	0
143	89	0
475	9	0
165	82	0
131	139	0
68	74	0
167	86	0
345	170	0
237	35	0
91	9	0
229	69	0
155	107	0
46	32	0
447	144	0
620	3	0
152	152	0
84	95	0
45	132	0
146	98	0
130	87	0
49	160	0
45	318	0
48	2	0
83	17	0
459	102	0
857	18	0
46	283	0
272	33	0
45	58	0
45	3	0
43	212	0
42	221	0
731	27	0
124	22	0
85	3	0
205	96	0
268	39	0
119	69	0
213	45	0
43	88	0
193	10	0
45	1	0
67	68	0
367	36	0
218	137	0
326	169	0
44	163	0
155	215	0
345	42	0
48	218	0
95	30	0
163	53	0
139	69	0
46	35	0
33	19	0
67	303	0
97	40	0
274	291	0
374	184	0
195	126	0
46	197	0
382	96	0
171	18	0
211	38	0
54	32	0
94	239	0
593	21	0
365	104	0
218	8	0
97	228	0
108	92	0
50	39	0
92	228	0
350	227	0
47	81	0
410	215	0
98	3	0
40	100	0
49	4	0
43	13	0
241	63	0
76	150	0
216	82	0
101	156	0
213	322	0
459	3	0
131	326	0
149	68	0
58	187	0
60	33	0
294	1	0
49	78	0
53	66	0
98	30	0
148	8	0
83	82	0
58	53	0
609	25	0
112	157	0
49	26	0
83	336	0
81	115	0
264	39	0
63	27	0
381	18	0
216	37	0
44	55	0
440	73	0
51	8	0
119	98	0
115	14	0
126	24	0
106	236	0
316	130	0
66	48	0
524	38	0
138	52	0
291	11	0
66	11	0
287	18	0
117	167	0
143	98	0
256	36	0
71	62	0
68	23	0
138	160	0
477	146	0
262	18	0
95	106	0
65	23	0
62	33	0
525	22	0
46	25	0
107	26	0
434	155	0
46	311	0
294	157	0
46	189	0
36	75	0
158	52	0
201	186	0
336	405	0
128	153	0
50	271	0
100	53	0
124	42	0
118	35	0
38	54	0
112	20	0
82	6	0
419	40	0
78	5	0
63	33	0
405	49	0
112	12	0
45	65	0
155	25	0
455	214	0
46	35	0
558	88	0
333	91	0
142	71	0
141	43	0
46	34	0
227	43	0
193	84	0
656	334	0
163	138	0
164	7	0
205	14	0
198	5	0
99	65	0
163	118	0
148	4	0
55	13	0
49	22	0
34	256	0
110	22	0
165	212	0
174	131	0
328	20	0
45	83	0
161	319	0
391	22	0
196	144	0
71	333	0
47	12	0
124	5	0
179	11	0
53	142	0
41	74	0
308	15	0
69	74	0
114	97	0
483	2	0
111	158	0
48	73	0
334	106	0
257	2	0
289	106	0
101	15	0
379	79	0
39	133	0
153	36	0
224	4	0
75	84	0
61	242	0
64	114	0
271	31	0
100	139	0
414	258	0
78	216	0
97	37	0
162	44	0
216	22	0
340	18	0
165	21	0
89	21	0
212	107	0
47	66	0
219	43	0
48	15	0
146	5	0
69	24	0
612	123	0
311	63	0
272	72	0
199	250	0
218	164	0
480	11	0
580	59	0
229	219	0
107	121	0
443	59	0
45	19	0
46	3	0
326	409	0
379	11	0
154	96	0
295	80	0
356	197	0
103	28	0
109	33	0
67	11	0
126	104	0
98	95	0
587	24	0
238	181	0
171	200	0
89	48	0
152	58	0
435	23	0
45	78	0
105	76	0
164	56	0
143	73	0
116	21	0
95	34	0
79	51	0
59	11	0
216	75	0
33	204	0
106	34	0
71	41	0
109	88	0
145	320	0
164	88	0
198	190	0
251	332	0
96	6	0
86	143	0
47	85	0
35	181	0
56	89	0
312	41	0
228	59	0
337	2	0
58	135	0
257	13	0
155	38	0
50	47	0
146	512	0
126	18	0
60	53	0
349	23	0
180	38	0
59	41	0
624	145	0
253	91	0
139	58	0
185	13	0
172	111	0
126	19	0
708	49	0
49	77	0
45	10	0
240	50	0
56	76	0
49	150	0
218	450	0
300	510	0
312	142	0
31	726	0
212	42	0
197	175	0
78	365	0
96	59	0
60	17	0
368	1	0
259	43	0
411	11	0
375	109	0
46	106	0
43	7	0
82	28	0
261	59	0
790	72	0
45	94	0
432	209	0
71	128	0
381	130	0
335	153	0
232	294	0
73	25	0
165	436	0
110	85	0
44	64	0
670	41	0
78	143	0
48	107	0
45	167	0
178	192	0
173	155	0
44	5	0
157	187	0
46	26	0
257	87	0
72	31	0
64	99	0
293	143	0
401	30	0
95	4	0
45	60	0
211	35	0
45	33	0
43	55	0
64	28	0
154	6	0
43	283	0
158	50	0
90	47	0
57	259	0
291	177	0
500	58	0
44	215	0
62	9	0
290	100	0
46	73	0
112	26	0
296	95	0
263	121	0
125	8	0
165	439	0
97	20	0
228	106	0
178	107	0
182	63	0
218	37	0
122	49	0
211	48	0
343	223	0
270	87	0
190	59	0
537	6	0
112	104	0
83	62	0
406	134	0
99	47	0
94	32	0
295	59	0
220	100	0
50	52	0
79	46	0
337	56	0
69	93	0
87	23	0
101	198	0
171	126	0
304	66	0
128	102	0
49	384	0
47	22	0
76	5	0
254	8	0
331	26	0
146	59	0
142	1	0
192	1	0
186	68	0
87	9	0
245	186	0
208	422	0
289	81	0
76	284	0
138	130	0
95	49	0
46	3	0
302	13	0
62	310	0
77	84	0
421	12	0
125	141	0
139	92	0
47	32	0
57	50	0
197	155	0
487	42	0
143	49	0
334	169	0
327	1	0
148	120	0
189	45	0
189	43	0
130	74	0
173	105	0
239	344	0
95	80	0
174	38	0
52	34	0
39	61	0
143	206	0
54	112	0
42	9	0
168	17	0
246	266	0
100	125	0
122	144	0
179	195	0
94	149	0
81	22	0
83	229	0
97	30	0
88	311	0
64	73	0
107	38	0
144	39	0
71	102	0
155	452	0
309	77	0
75	120	0
211	49	0
123	142	0
162	276	0
424	117	0
70	343	0
703	138	0
374	171	0
116	2	0
255	68	0
109	83	0
48	15	0
71	81	0
58	124	0
111	473	0
358	9	0
288	253	0
51	110	0
579	77	0
362	43	0
52	76	0
155	54	0
70	57	0
163	44	0
46	369	0
90	127	0
105	49	0
446	138	0
94	112	0
150	139	0
90	153	0
613	182	0
317	123	0
194	194	0
50	58	0
117	127	0
89	391	0
122	50	0
822	333	0
213	319	0
69	67	0
116	175	0
206	120	0
76	145	0
184	309	0
182	8	0
57	211	0
130	26	0
231	132	0
70	213	0
82	183	0
47	291	0
149	52	0
45	54	0
192	353	0
346	4	0
45	6	0
36	12	0
52	29	0
43	103	0
98	165	0
432	137	0
48	33	0
44	360	0
118	9	0
63	5	0
493	39	0
331	59	0
184	39	0
176	206	0
79	15	0
268	84	0
164	94	0
260	97	0
373	152	0
97	16	0
40	125	0
147	72	0
63	58	0
65	129	0
62	154	0
102	162	0
116	70	0
289	121	0
165	17	0
84	40	0
93	35	0
450	91	0
71	380	0
138	74	0
82	19	0
300	60	0
61	53	0
68	169	0
53	39	0
42	47	0
387	121	0
118	47	0
221	138	0
82	156	0
317	18	0
137	162	0
72	114	0
57	106	0
24	116	0
107	87	0
57	120	0
305	34	0
408	174	0
92	22	0
393	670	0
123	71	0
43	140	0
89	105	0
126	59	0
80	115	0
363	16	0
113	83	0
112	21	0
143	6	0
235	42	0
304	285	0
213	82	0
228	339	0
104	116	0
146	47	0
40	46	0
67	16	0
47	32	0
473	174	0
248	100	0
46	22	0
97	63	0
298	49	0
364	28	0
273	69	0
262	86	0
137	61	0
200	165	0
355	51	0
258	135	0
180	79	0
175	23	0
72	3	0
89	164	0
173	56	0
101	25	0
500	68	0
90	86	0
541	20	0
275	208	0
432	150	0
76	105	0
145	49	0
45	166	0
106	24	0
62	26	0
466	11	0
64	88	0
170	167	0
84	68	0
47	29	0
48	122	0
81	45	0
160	124	0
48	102	0
40	6	0
788	117	0
44	61	0
42	33	0
37	26	0
148	527	0
171	63	0
309	47	0
95	31	0
838	85	0
177	20	0
87	100	0
154	130	0
84	70	0
533	41	0
439	21	0
49	68	0
39	466	0
189	284	0
179	94	0
92	111	0
262	59	0
181	37	0
80	27	0
67	21	0
288	5	0
380	125	0
88	18	0
185	38	0
262	70	0
48	171	0
42	41	0
269	95	0
76	36	0
141	149	0
47	104	0
77	217	0
101	40	0
153	230	0
395	99	0
206	27	0
436	58	0
60	40	0
709	2	0
135	82	0
242	10	0
823	7	0
258	216	0
142	123	0
137	7	0
84	149	0
52	35	0
81	253	0
915	248	0
91	14	0
53	227	0
181	6	0
70	13	0
281	5	0
363	1	0
178	96	0
93	69	0
58	11	0
345	10	0
54	125	0
43	38	0
73	87	0
148	128	0
369	111	0
294	53	0
406	180	0
129	81	0
167	15	0
135	45	0
206	17	0
115	120	0
141	57	0
463	6	0
274	22	0
139	124	0
312	105	0
288	158	0
51	269	0
252	36	0
615	54	0
88	401	0
151	14	0
206	7	0
161	226	0
236	332	0
461	60	0
110	15	0
59	108	0
65	45	0
46	21	0
470	245	0
90	20	0
61	27	0
120	48	0
110	110	0
152	140	0
134	134	0
380	31	0
140	127	0
332	60	0
317	117	0
269	140	0
164	35	0
373	2	0
499	62	0
874	417	0
166	79	0
78	273	0
239	115	0
108	15	0
267	174	0
577	22	0
162	130	0
50	76	0
176	108	0
117	42	0
178	239	0
205	38	0
67	109	0
469	90	0
68	21	0
279	109	0
48	341	0
259	149	0
326	6	0
140	29	0
109	22	0
264	32	0
228	17	0
69	191	0
76	36	0
378	4	0
446	46	0
54	45	0
107	9	0
47	52	0
174	138	0
207	21	0
53	105	0
110	254	0
166	53	0
274	46	0
371	3	0
55	93	0
44	1	0
41	21	0
103	48	0
359	31	0
325	22	0
78	20	0
75	154	0
58	229	0
99	12	0
301	25	0
51	184	0
171	53	0
252	20	0
401	1	0
82	298	0
104	336	0
65	63	0
45	38	0
114	125	0
140	5	0
272	11	0
171	96	0
541	146	0
121	17	0
823	229	0
762	436	0
310	14	0
206	221	0
55	121	0
48	208	0
37	38	0
258	38	0
213	155	0
121	148	0
234	361	0
177	110	0
53	75	0
287	39	0
78	324	0
351	101	0
51	50	0
357	152	0
66	126	0
124	4	0
92	89	0
90	6	0
827	163	0
406	78	0
155	60	0
401	55	0
63	234	0
463	140	0
88	59	0
392	3	0
58	74	0
48	32	0
99	141	0
122	87	0
146	100	0
54	96	0
90	46	0
78	9	0
167	23	0
220	3	0
56	10	0
214	116	0
191	285	0
441	311	0
56	42	0
724	62	0
238	97	0
525	2	0
394	20	0
62	79	0
303	131	0
97	357	0
53	146	0
43	89	0
185	41	0
130	61	0
233	120	0
232	77	0
152	5	0
210	25	0
1001	54	0
104	224	0
176	188	0
244	108	0
46	8	0
199	43	0
94	61	0
47	57	0
87	3	0
487	126	0
211	41	0
45	16	0
259	46	0
45	10	0
205	202	0
557	22	0
504	150	0
336	143	0
503	21	0
125	47	0
130	22	0
48	67	0
45	268	0
234	107	0
92	121	0
290	234	0
117	89	0
83	317	0
280	336	0
115	348	0
44	29	0
72	220	0
1969	498	0
809	7	0
82	73	0
47	128	0
38	41	0
39	74	0
3361	102	0
94	93	0
45	175	0
40	6	0
40	2	0
39	11	0
38	53	0
37	21	0
37	11	0
38	53	0
39	100	0
38	87	0
40	244	0
40	2	0
39	276	0
38	20	0
2614	41	0
1216	55	0
87	20	0
45	235	0
40	63	0
40	30	0
39	31	0
695	362	0
66	39	0
361	233	0
118	34	0
178	387	0
120	5	0
63	61	0
130	57	0
52	141	0
60	37	0
58	430	0
44	194	0
42	125	0
42	46	0
545	35	0
149	78	0
138	66	0
52	58	0
254	30	0
401	119	0
53	107	0
43	6	0
59	187	0
41	214	0
173	67	0
185	13	0
58	14	0
201	206	0
601	105	0
66	106	0
237	30	0
52	86	0
1290	28	0
78	215	0
256	183	0
78	24	0
125	436	0
2656	45	0
861	51	0
37	14	0
38	124	0
43	23	0
64	31	0
37	60	0
36	251	0
38	19	0
48	24	0
45	49	0
41	205	0
34	23	0
33	61	0
37	78	0
53	47	0
35	29	0
39	90	0
38	195	0
51	57	0
34	33	0
34	131	0
33	40	0
34	163	0
32	35	0
33	53	0
35	161	0
69	66	0
36	164	0
40	135	0
54	24	0
33	7	0
34	60	0
32	22	0
142	42	0
62	14	0
111	67	0
108	28	0
127	4	0
101	61	0
300	12	0
223	170	0
303	102	0
54	52	0
35	86	0
186	3	0
194	140	0
137	242	0
90	104	0
44	50	0
39	33	0
315	111	0
41	15	0
64	30	0
148	60	0
72	45	0
420	380	0
173	57	0
312	123	0
126	161	0
214	68	0
70	265	0
303	158	0
77	26	0
100	318	0
5428	34	0
146	12	0
176	270	0
58	31	0
4133	8	0
145	121	0
40	19	0
43	462	0
40	63	0
37	287	0
37	160	0
37	267	0
56	153	0
41	80	0
37	154	0
36	15	0
36	63	0
36	2	0
139	64	0
40	190	0
38	71	0
56	18	0
43	13	0
37	44	0
72	432	0
37	17	0
38	212	0
36	48	0
38	213	0
37	40	0
36	56	0
36	11	0
56	7	0
36	189	0
36	34	0
36	273	0
38	15	0
36	17	0
37	298	0
36	59	0
37	13	0
816	52	0
217	308	0
378	54	0
128	192	0
125	25	0
330	115	0
412	5	0
53	226	0
237	159	0
168	258	0
98	17	0
370	32	0
626	89	0
66	149	0
40	47	0
37	22	0
387	50	0
303	45	0
80	26	0
307	16	0
157	46	0
365	41	0
53	66	0
80	23	0
189	77	0
66	42	0
110	47	0
94	317	0
41	20	0
537	37	0
537	61	0
129	99	0
338	87	0
391	113	0
392	55	0
139	11	0
65	97	0
43	54	0
39	195	0
38	6	0
499	85	0
50	113	0
427	399	0
141	27	0
526	59	0
298	4	0
112	27	0
239	439	0
45	83	0
272	148	0
127	203	0
99	113	0
106	30	0
439	120	0
444	58	0
88	145	0
163	27	0
316	20	0
44	96	0
490	36	0
108	301	0
376	18	0
492	65	0
56	15	0
190	48	0
49	238	0
307	91	0
128	45	0
114	48	0
563	47	0
212	17	0
91	36	0
51	69	0
323	48	0
97	79	0
73	8	0
193	5	0
95	29	0
46	248	0
411	284	0
248	155	0
48	42	0
77	123	0
45	286	0
130	10	0
88	78	0
41	40	0
117	18	0
509	179	0
165	101	0
384	156	0
200	225	0
220	242	0
197	8	0
286	9	0
161	26	0
277	27	0
311	36	0
144	293	0
310	326	0
745	93	0
222	33	0
272	20	0
288	76	0
232	179	0
674	23	0
450	32	0
315	76	0
201	44	0
52	24	0
41	29	0
39	35	0
152	55	0
380	46	0
133	56	0
486	167	0
226	67	0
266	107	0
187	123	0
194	152	0
154	58	0
284	30	0
570	106	0
173	14	0
578	372	0
263	64	0
651	17	0
621	62	0
708	335	0
236	34	0
269	478	0
207	916	0
88	139	0
263	87	0
113	181	0
452	101	0
135	19	0
56	23	0
440	71	0
104	28	0
120	253	0
833	35	0
409	9	0
207	237	0
60	308	0
44	229	0
117	14	0
133	123	0
440	5	0
113	88	0
46	93	0
120	61	0
46	206	0
44	246	0
77	303	0
143	223	0
196	171	0
140	217	0
137	69	0
47	58	0
98	217	0
117	95	0
158	390	0
282	77	0
393	194	0
90	60	0
176	173	0
185	487	0
214	139	0
253	184	0
470	50	0
92	34	0
207	37	0
349	79	0
267	30	0
260	37	0
52	27	0
180	104	0
49	74	0
112	22	0
134	176	0
196	146	0
46	4	0
160	1	0
49	23	0
89	23	0
44	12	0
131	10	0
109	119	0
40	98	0
137	18	0
98	22	0
44	80	0
43	280	0
85	19	0
50	82	0
34	67	0
63	59	0
174	46	0
105	54	0
101	11	0
75	16	0
175	209	0
422	24	0
182	161	0
217	2	0
76	33	0
230	81	0
251	73	0
484	300	0
97	234	0
449	17	0
59	100	0
335	59	0
488	127	0
263	77	0
117	14	0
39	20	0
73	165	0
75	26	0
226	100	0
124	88	0
99	27	0
188	203	0
49	61	0
205	191	0
359	27	0
47	32	0
44	193	0
44	66	0
43	117	0
73	69	0
329	37	0
176	68	0
328	97	0
88	21	0
45	15	0
84	287	0
596	27	0
98	239	0
88	85	0
44	129	0
273	55	0
469	35	0
340	1	0
234	130	0
171	77	0
169	127	0
592	82	0
276	81	0
62	28	0
395	87	0
218	191	0
97	52	0
44	111	0
126	46	0
78	182	0
109	274	0
45	66	0
221	62	0
87	42	0
36	235	0
83	62	0
223	21	0
82	236	0
120	233	0
36	192	0
78	139	0
402	32	0
197	93	0
84	30	0
374	21	0
175	126	0
71	11	0
329	32	0
159	35	0
180	29	0
91	46	0
115	11	0
130	195	0
73	21	0
36	357	0
122	75	0
143	18	0
192	132	0
121	1	0
38	21	0
68	16	0
163	24	0
351	23	0
213	3	0
73	274	0
360	18	0
45	35	0
102	211	0
144	38	0
327	364	0
193	10	0
35	80	0
305	132	0
72	389	0
79	203	0
426	113	0
36	75	0
166	143	0
357	326	0
388	1	0
95	45	0
118	14	0
718	80	0
147	1	0
48	258	0
34	142	0
53	147	0
49	14	0
313	2	0
321	70	0
89	314	0
291	20	0
47	217	0
37	168	0
126	104	0
151	26	0
182	222	0
259	104	0
348	30	0
210	164	0
188	15	0
166	204	0
101	2	0
41	24	0
85	12	0
136	226	0
127	76	0
62	2	0
386	235	0
230	279	0
50	148	0
24	164	0
22	50	0
103	360	0
469	40	0
87	34	0
1962	78	0
82	298	0
44	112	0
39	23	0
42	42	0
42	1	0
71	79	0
589	291	0
356	248	0
335	226	0
49	42	0
236	19	0
589	74	0
85	105	0
79	41	0
87	55	0
851	65	0
100	100	0
233	125	0
49	1	0
44	395	0
291	40	0
384	38	0
54	101	0
46	193	0
43	90	0
44	173	0
176	101	0
191	13	0
203	241	0
99	46	0
213	354	0
88	149	0
508	84	0
410	34	0
195	81	0
115	175	0
669	19	0
66	163	0
189	215	0
225	89	0
99	198	0
140	18	0
139	195	0
1246	14	0
50	53	0
224	44	0
50	124	0
198	119	0
47	170	0
226	20	0
74	34	0
104	39	0
45	359	0
85	139	0
444	124	0
109	20	0
152	84	0
148	39	0
270	209	0
262	7	0
54	37	0
40	134	0
378	43	0
175	217	0
350	35	0
75	89	0
78	399	0
42	87	0
117	43	0
330	109	0
265	78	0
155	32	0
62	173	0
420	344	0
46	101	0
52	3	0
110	212	0
1450	79	0
57	167	0
48	74	0
37	232	0
247	17	0
69	44	0
172	124	0
29	27	0
103	8	0
115	46	0
74	153	0
43	31	0
68	54	0
315	223	0
43	18	0
379	64	0
79	63	0
112	144	0
67	56	0
80	93	0
48	56	0
182	18	0
208	293	0
45	60	0
357	135	0
228	161	0
105	58	0
427	105	0
55	65	0
136	16	0
75	32	0
58	139	0
279	2	0
84	129	0
187	75	0
43	46	0
106	36	0
177	52	0
43	4	0
166	2	0
226	7	0
43	149	0
39	152	0
392	110	0
249	9	0
218	133	0
87	143	0
379	180	0
149	8	0
181	54	0
37	181	0
269	91	0
45	59	0
717	4	0
43	52	0
129	50	0
46	3	0
158	67	0
61	26	0
50	87	0
140	118	0
115	22	0
45	117	0
41	24	0
144	11	0
280	35	0
135	74	0
371	41	0
310	2	0
50	75	0
56	104	0
43	34	0
72	21	0
206	138	0
44	72	0
202	26	0
390	50	0
181	16	0
153	245	0
247	73	0
280	234	0
386	91	0
133	15	0
43	20	0
191	73	0
43	14	0
62	455	0
508	2	0
374	227	0
130	205	0
55	93	0
42	53	0
43	108	0
132	262	0
336	13	0
101	230	0
28	21	0
81	161	0
166	94	0
389	32	0
44	5	0
176	50	0
159	128	0
106	105	0
43	20	0
197	43	0
676	89	0
191	416	0
57	67	0
190	87	0
41	35	0
33	96	0
241	155	0
204	25	0
252	50	0
113	86	0
123	131	0
140	30	0
284	100	0
120	44	0
44	103	0
287	17	0
466	20	0
46	86	0
135	36	0
284	51	0
307	344	0
44	7	0
37	129	0
65	216	0
115	20	0
100	160	0
104	81	0
318	72	0
58	126	0
307	1	0
465	91	0
43	35	0
40	7	0
61	89	0
189	28	0
176	173	0
43	49	0
75	33	0
42	49	0
784	144	0
235	63	0
216	124	0
38	33	0
201	90	0
63	184	0
419	117	0
269	32	0
361	206	0
278	361	0
44	130	0
331	50	0
62	86	0
139	9	0
48	387	0
44	107	0
42	35	0
44	196	0
372	548	0
121	28	0
58	15	0
26	38	0
171	33	0
85	20	0
135	32	0
73	20	0
583	233	0
72	231	0
114	156	0
136	6	0
126	125	0
383	19	0
84	126	0
182	236	0
200	20	0
62	109	0
144	34	0
1013	39	0
118	136	0
388	1	0
126	2	0
94	22	0
63	48	0
161	39	0
309	102	0
225	212	0
43	45	0
121	15	0
59	282	0
102	1	0
38	36	0
33	165	0
196	19	0
104	29	0
482	57	0
37	132	0
80	33	0
241	32	0
87	111	0
106	122	0
165	32	0
286	59	0
64	188	0
275	23	0
134	174	0
43	75	0
87	506	0
200	33	0
135	4	0
98	10	0
150	23	0
129	482	0
44	35	0
51	430	0
28	112	0
192	64	0
46	129	0
23	63	0
167	49	0
67	467	0
100	153	0
164	61	0
41	73	0
222	72	0
105	297	0
45	13	0
332	175	0
415	10	0
93	13	0
35	70	0
292	157	0
158	10	0
256	67	0
113	46	0
255	52	0
42	51	0
149	152	0
74	12	0
70	161	0
274	51	0
273	34	0
304	438	0
43	26	0
169	82	0
183	152	0
264	206	0
343	64	0
43	82	0
63	144	0
242	52	0
122	15	0
191	61	0
265	30	0
388	48	0
93	36	0
60	44	0
52	11	0
36	393	0
34	28	0
33	2	0
74	166	0
61	10	0
183	319	0
272	18	0
198	70	0
118	35	0
70	183	0
111	82	0
186	58	0
304	92	0
194	81	0
154	73	0
364	12	0
76	125	0
126	18	0
153	84	0
193	87	0
91	17	0
388	57	0
171	128	0
317	69	0
153	112	0
42	26	0
135	20	0
344	60	0
62	78	0
49	350	0
346	218	0
220	124	0
202	65	0
53	351	0
670	96	0
46	179	0
69	155	0
63	137	0
201	164	0
60	24	0
80	216	0
59	12	0
43	160	0
54	173	0
66	108	0
49	60	0
66	225	0
42	183	0
33	3	0
168	36	0
256	138	0
42	233	0
260	95	0
42	10	0
73	179	0
96	57	0
552	97	0
96	45	0
178	58	0
44	185	0
85	40	0
159	73	0
161	189	0
48	66	0
164	151	0
150	11	0
107	3	0
687	25	0
96	48	0
103	85	0
140	128	0
85	17	0
302	7	0
44	119	0
196	302	0
115	146	0
36	180	0
293	113	0
150	39	0
60	174	0
47	11	0
91	108	0
447	12	0
93	28	0
69	75	0
136	56	0
43	40	0
69	16	0
41	11	0
70	294	0
117	19	0
43	363	0
156	98	0
44	6	0
394	159	0
347	65	0
247	5	0
127	108	0
440	65	0
85	38	0
95	99	0
102	53	0
427	114	0
114	25	0
240	305	0
117	147	0
297	985	0
183	430	0
135	42	0
167	22	0
247	112	0
72	72	0
47	25	0
48	170	0
305	14	0
255	224	0
253	68	0
44	18	0
55	28	0
71	34	0
43	69	0
130	85	0
133	109	0
60	72	0
291	70	0
90	111	0
75	230	0
232	24	0
61	526	0
84	180	0
116	161	0
55	66	0
35	23	0
608	104	0
779	126	0
208	47	0
72	22	0
203	366	0
44	1	0
41	218	0
37	21	0
190	119	0
44	261	0
38	8	0
301	216	0
171	127	0
622	63	0
58	271	0
64	125	0
894	58	0
46	92	0
145	34	0
88	37	0
106	110	0
97	76	0
580	13	0
157	22	0
225	87	0
242	9	0
58	120	0
57	26	0
38	87	0
84	84	0
60	22	0
199	9	0
442	32	0
388	139	0
158	9	0
44	81	0
116	196	0
46	82	0
36	118	0
262	5	0
52	17	0
110	195	0
392	36	0
135	16	0
377	118	0
83	64	0
66	93	0
270	161	0
31	1	0
60	17	0
275	75	0
59	71	0
63	63	0
434	49	0
44	45	0
170	135	0
118	359	0
460	2	0
336	56	0
653	45	0
118	38	0
263	12	0
330	52	0
183	245	0
262	8	0
192	106	0
126	260	0
126	53	0
41	1	0
36	50	0
46	15	0
74	109	0
319	16	0
44	22	0
551	25	0
129	203	0
118	7	0
265	214	0
49	14	0
50	60	0
172	350	0
223	81	0
127	37	0
211	195	0
369	111	0
199	39	0
571	154	0
74	9	0
223	199	0
480	171	0
149	53	0
189	172	0
403	2	0
43	144	0
674	4	0
47	125	0
245	119	0
83	6	0
391	3	0
120	48	0
103	2	0
86	78	0
69	20	0
44	75	0
77	76	0
167	115	0
151	250	0
144	110	0
75	312	0
375	133	0
43	34	0
153	92	0
151	44	0
92	183	0
189	43	0
44	146	0
103	126	0
432	3	0
110	54	0
197	10	0
63	12	0
428	94	0
93	89	0
302	269	0
63	40	0
45	133	0
37	579	0
61	2	0
122	54	0
285	32	0
803	67	0
143	88	0
175	49	0
43	101	0
169	32	0
158	302	0
120	68	0
277	6	0
133	4	0
209	30	0
63	50	0
44	172	0
155	131	0
29	327	0
189	60	0
42	73	0
721	428	0
64	157	0
84	142	0
175	89	0
195	136	0
62	67	0
39	90	0
37	143	0
71	68	0
73	249	0
261	5	0
69	48	0
40	50	0
122	59	0
43	23	0
357	77	0
43	119	0
53	343	0
41	54	0
134	34	0
388	74	0
560	106	0
152	29	0
151	96	0
68	24	0
511	18	0
760	101	0
99	119	0
246	146	0
332	49	0
215	47	0
248	145	0
116	13	0
445	12	0
135	66	0
42	127	0
44	2	0
64	18	0
182	33	0
52	10	0
76	128	0
132	54	0
180	228	0
208	19	0
79	50	0
198	454	0
45	22	0
143	150	0
89	141	0
111	54	0
429	152	0
59	198	0
44	30	0
351	6	0
218	64	0
155	13	0
127	18	0
56	90	0
69	39	0
45	40	0
58	122	0
304	88	0
220	10	0
46	61	0
70	25	0
99	25	0
102	17	0
45	238	0
308	64	0
88	110	0
155	331	0
289	249	0
47	187	0
178	114	0
82	67	0
43	5	0
276	364	0
44	63	0
673	35	0
37	109	0
395	170	0
149	39	0
67	104	0
45	70	0
38	66	0
33	39	0
545	229	0
469	100	0
466	27	0
252	3	0
314	18	0
300	102	0
213	126	0
87	9	0
148	97	0
43	62	0
585	126	0
126	130	0
119	33	0
47	213	0
73	77	0
269	188	0
145	98	0
39	114	0
126	30	0
71	199	0
138	296	0
197	28	0
120	19	0
310	5	0
306	1	0
77	137	0
291	19	0
345	264	0
177	267	0
45	11	0
94	32	0
166	161	0
179	19	0
794	154	0
478	30	0
436	9	0
43	17	0
60	59	0
59	75	0
162	231	0
44	1	0
380	75	0
138	44	0
54	4	0
132	98	0
247	32	0
182	32	0
48	1	0
254	99	0
304	218	0
148	101	0
304	35	0
68	23	0
114	67	0
223	29	0
47	20	0
36	67	0
123	4	0
547	55	0
192	1	0
326	218	0
281	240	0
228	12	0
86	63	0
700	64	0
285	152	0
63	78	0
82	1	0
244	95	0
44	111	0
521	55	0
703	115	0
566	137	0
43	80	0
33	140	0
176	70	0
78	1	0
41	5	0
94	51	0
799	210	0
167	49	0
48	2	0
112	42	0
124	5	0
47	26	0
39	20	0
175	86	0
192	79	0
74	31	0
49	174	0
394	171	0
171	161	0
219	55	0
69	111	0
220	142	0
369	86	0
49	71	0
33	320	0
326	13	0
250	25	0
43	91	0
40	59	0
56	29	0
321	73	0
164	59	0
117	107	0
228	293	0
103	29	0
102	24	0
243	168	0
80	240	0
106	77	0
239	60	0
87	52	0
242	9	0
98	12	0
73	19	0
54	243	0
168	55	0
156	25	0
228	90	0
49	475	0
36	60	0
790	244	0
100	29	0
185	47	0
240	32	0
65	77	0
49	16	0
194	101	0
152	126	0
88	129	0
174	49	0
151	33	0
902	245	0
873	31	0
157	92	0
56	8	0
47	122	0
207	6	0
326	16	0
74	47	0
96	3	0
428	18	0
173	54	0
94	188	0
133	191	0
90	103	0
61	79	0
494	8	0
51	143	0
127	206	0
115	227	0
93	261	0
342	127	0
299	180	0
246	61	0
101	24	0
85	50	0
136	99	0
259	99	0
827	11	0
60	14	0
43	50	0
641	80	0
53	33	0
147	55	0
75	123	0
184	33	0
83	635	0
102	208	0
329	39	0
47	120	0
41	50	0
44	78	0
42	114	0
494	99	0
112	29	0
276	128	0
418	138	0
55	65	0
46	8	0
189	43	0
144	321	0
185	21	0
48	40	0
132	382	0
60	351	0
1296	44	0
318	64	0
187	41	0
742	2	0
51	11	0
51	329	0
100	24	0
253	71	0
416	27	0
365	70	0
356	88	0
73	63	0
53	62	0
124	3	0
225	216	0
51	85	0
97	95	0
130	29	0
158	77	0
159	21	0
112	20	0
76	14	0
49	94	0
200	160	0
52	46	0
26	40	0
232	228	0
107	57	0
51	99	0
41	217	0
141	91	0
74	12	0
42	56	0
511	85	0
69	146	0
198	36	0
53	149	0
165	339	0
104	105	0
141	171	0
153	68	0
50	9	0
241	30	0
94	85	0
326	196	0
68	348	0
288	29	0
50	21	0
305	87	0
43	7	0
113	167	0
192	201	0
105	82	0
135	23	0
180	287	0
852	251	0
51	151	0
214	13	0
280	67	0
124	40	0
292	66	0
408	101	0
278	18	0
50	284	0
460	108	0
72	41	0
444	34	0
84	84	0
97	163	0
74	1	0
202	74	0
48	11	0
42	67	0
492	5	0
132	68	0
216	37	0
158	2	0
292	115	0
108	3	0
1060	403	0
74	201	0
216	12	0
220	109	0
684	98	0
140	122	0
60	219	0
84	175	0
176	41	0
173	179	0
623	15	0
98	1	0
110	62	0
370	19	0
342	41	0
82	41	0
146	174	0
119	42	0
157	31	0
93	42	0
50	1	0
307	73	0
93	15	0
179	10	0
52	147	0
44	124	0
46	29	0
49	21	0
91	13	0
196	184	0
84	127	0
40	123	0
169	79	0
236	152	0
347	27	0
294	159	0
192	32	0
105	34	0
57	71	0
52	150	0
176	86	0
334	11	0
278	129	0
139	260	0
111	34	0
486	40	0
270	45	0
74	132	0
368	45	0
148	20	0
242	115	0
144	551	0
88	7	0
46	21	0
132	24	0
41	260	0
128	16	0
491	260	0
259	58	0
255	59	0
45	23	0
272	157	0
584	200	0
519	405	0
67	97	0
88	77	0
149	83	0
157	49	0
426	465	0
51	60	0
42	10	0
118	185	0
46	301	0
553	160	0
196	65	0
43	133	0
181	7	0
92	70	0
68	111	0
53	6	0
56	124	0
70	248	0
94	96	0
201	42	0
89	52	0
62	66	0
137	42	0
135	25	0
255	84	0
125	14	0
55	107	0
169	130	0
96	142	0
172	57	0
206	5	0
343	21	0
99	80	0
481	484	0
43	31	0
46	2	0
305	71	0
420	8	0
671	233	0
90	20	0
408	150	0
233	70	0
220	70	0
123	199	0
502	163	0
202	34	0
220	285	0
673	63	0
149	35	0
44	26	0
37	72	0
43	76	0
163	62	0
217	58	0
941	112	0
55	224	0
46	4	0
61	55	0
433	77	0
174	138	0
217	4	0
261	220	0
344	2	0
57	320	0
111	19	0
144	5	0
586	20	0
98	2	0
233	146	0
69	67	0
226	190	0
135	155	0
661	147	0
55	347	0
325	52	0
181	119	0
39	44	0
73	96	0
288	125	0
148	95	0
464	102	0
88	83	0
186	376	0
95	35	0
392	121	0
125	15	0
115	134	0
499	18	0
216	68	0
142	2	0
56	107	0
792	3	0
43	103	0
40	49	0
66	185	0
197	109	0
209	108	0
180	5	0
106	163	0
764	59	0
199	30	0
158	15	0
312	7	0
228	42	0
365	384	0
217	102	0
320	57	0
392	187	0
70	441	0
520	78	0
49	68	0
48	192	0
39	227	0
42	137	0
642	131	0
50	230	0
44	182	0
39	15	0
97	227	0
193	29	0
229	82	0
282	138	0
87	211	0
45	19	0
341	24	0
50	146	0
298	65	0
86	75	0
127	87	0
55	352	0
61	85	0
228	12	0
86	21	0
222	24	0
99	54	0
59	4	0
297	314	0
46	34	0
310	90	0
351	112	0
101	16	0
51	23	0
47	180	0
34	129	0
42	5	0
447	67	0
159	82	0
156	106	0
68	63	0
407	46	0
53	56	0
40	14	0
93	51	0
148	254	0
59	28	0
337	240	0
184	10	0
239	134	0
87	22	0
44	41	0
74	230	0
179	12	0
494	39	0
86	16	0
538	64	0
265	15	0
112	39	0
181	204	0
31	168	0
64	230	0
124	77	0
100	31	0
56	12	0
374	112	0
44	124	0
72	356	0
40	73	0
107	16	0
65	6	0
179	39	0
263	239	0
45	79	0
431	183	0
154	61	0
239	126	0
303	20	0
458	17	0
235	15	0
71	41	0
202	284	0
165	214	0
164	10	0
333	72	0
422	10	0
108	20	0
42	76	0
180	181	0
105	83	0
215	83	0
94	71	0
182	96	0
58	51	0
120	333	0
225	188	0
42	10	0
249	40	0
199	81	0
280	89	0
70	67	0
105	182	0
526	25	0
207	444	0
131	4	0
40	4	0
123	190	0
120	129	0
135	82	0
96	10	0
287	16	0
477	4	0
170	161	0
46	170	0
134	81	0
633	49	0
189	15	0
211	107	0
43	2	0
179	44	0
43	4	0
157	14	0
113	28	0
154	111	0
313	100	0
50	2	0
299	479	0
43	29	0
75	88	0
125	21	0
218	40	0
583	208	0
66	401	0
55	54	0
435	233	0
725	50	0
141	81	0
231	275	0
274	171	0
245	60	0
76	203	0
96	81	0
236	434	0
45	3	0
131	38	0
249	11	0
92	246	0
157	49	0
319	58	0
158	48	0
90	7	0
65	87	0
224	83	0
50	92	0
63	151	0
120	193	0
268	66	0
79	273	0
48	38	0
42	41	0
290	10	0
233	68	0
46	166	0
46	8	0
49	170	0
221	81	0
58	57	0
95	369	0
146	114	0
93	214	0
307	99	0
283	90	0
652	38	0
56	75	0
185	177	0
182	109	0
201	25	0
90	79	0
54	85	0
96	18	0
44	41	0
98	36	0
151	212	0
439	55	0
372	42	0
115	43	0
50	138	0
271	116	0
379	175	0
115	151	0
283	94	0
81	114	0
266	7	0
163	159	0
122	267	0
75	96	0
176	44	0
74	163	0
220	31	0
415	72	0
177	38	0
153	32	0
66	196	0
275	57	0
104	139	0
46	8	0
115	84	0
77	131	0
143	11	0
251	272	0
212	127	0
476	6	0
49	168	0
105	13	0
65	65	0
555	58	0
50	223	0
48	102	0
272	38	0
50	58	0
634	10	0
123	476	0
154	410	0
75	51	0
62	24	0
139	45	0
83	73	0
107	39	0
199	197	0
62	150	0
366	206	0
369	48	0
146	9	0
109	37	0
41	3	0
252	59	0
49	18	0
299	85	0
117	36	0
79	8	0
47	75	0
439	138	0
493	65	0
260	101	0
125	114	0
95	9	0
42	14	0
236	109	0
344	4	0
66	91	0
99	39	0
48	64	0
416	20	0
48	188	0
136	48	0
46	117	0
486	188	0
165	99	0
75	111	0
62	30	0
148	78	0
76	15	0
64	41	0
306	20	0
49	184	0
712	68	0
121	64	0
153	53	0
44	14	0
161	58	0
82	57	0
412	262	0
33	37	0
49	305	0
208	123	0
43	6	0
121	47	0
279	29	0
116	393	0
249	215	0
212	27	0
48	98	0
95	7	0
383	40	0
244	197	0
298	27	0
87	36	0
91	31	0
44	44	0
109	9	0
178	154	0
310	50	0
152	36	0
139	124	0
133	43	0
390	236	0
355	73	0
93	5	0
209	51	0
89	221	0
83	12	0
375	10	0
67	159	0
57	218	0
187	173	0
45	90	0
151	8	0
77	37	0
241	313	0
65	116	0
171	12	0
255	30	0
188	157	0
70	58	0
49	106	0
251	204	0
72	146	0
272	82	0
350	22	0
324	10	0
42	4	0
172	105	0
269	21	0
563	6	0
82	111	0
297	39	0
212	80	0
45	169	0
107	25	0
63	259	0
158	24	0
49	111	0
139	157	0
530	21	0
109	100	0
98	99	0
391	213	0
96	47	0
388	78	0
256	357	0
281	297	0
85	31	0
263	48	0
274	303	0
425	21	0
77	18	0
121	38	0
77	51	0
54	16	0
34	142	0
398	44	0
266	28	0
701	159	0
240	85	0
86	96	0
162	121	0
139	15	0
87	76	0
214	73	0
44	41	0
38	2	0
47	45	0
169	106	0
359	55	0
292	161	0
175	17	0
172	129	0
167	71	0
81	181	0
204	55	0
231	85	0
151	23	0
50	9	0
102	176	0
172	11	0
199	386	0
44	32	0
277	21	0
172	49	0
201	171	0
235	28	0
60	103	0
102	372	0
45	13	0
420	13	0
317	12	0
69	69	0
120	150	0
51	382	0
49	100	0
204	29	0
472	414	0
265	334	0
215	227	0
61	15	0
319	42	0
73	5	0
93	110	0
141	169	0
49	104	0
429	9	0
125	13	0
29	33	0
131	313	0
75	167	0
433	105	0
238	58	0
49	2	0
124	85	0
547	107	0
230	92	0
85	39	0
62	220	0
76	1	0
309	11	0
73	291	0
1096	9	0
73	38	0
352	50	0
92	34	0
102	163	0
74	35	0
322	38	0
438	220	0
978	22	0
162	7	0
204	84	0
43	161	0
195	50	0
285	60	0
81	74	0
95	58	0
225	15	0
160	278	0
180	65	0
280	2	0
49	108	0
46	115	0
58	8	0
93	223	0
59	229	0
50	42	0
119	122	0
50	15	0
173	164	0
282	50	0
52	12	0
89	21	0
134	4	0
46	19	0
37	92	0
74	85	0
187	121	0
55	99	0
168	191	0
226	19	0
145	61	0
48	165	0
900	160	0
157	28	0
548	16	0
207	26	0
228	44	0
49	24	0
89	145	0
561	67	0
180	196	0
201	53	0
208	24	0
64	25	0
161	164	0
65	6	0
41	553	0
42	200	0
78	221	0
176	182	0
45	19	0
33	94	0
35	4	0
50	104	0
46	99	0
143	48	0
701	103	0
52	338	0
175	6	0
74	422	0
235	172	0
232	9	0
56	12	0
283	16	0
58	39	0
212	215	0
47	81	0
83	72	0
58	18	0
244	75	0
82	226	0
177	27	0
222	66	0
104	48	0
522	100	0
82	33	0
204	39	0
53	61	0
331	21	0
364	67	0
92	169	0
206	53	0
158	21	0
150	104	0
73	114	0
244	23	0
108	119	0
221	51	0
112	31	0
83	299	0
481	329	0
207	52	0
463	154	0
50	56	0
200	128	0
53	2	0
51	177	0
39	8	0
201	8	0
96	378	0
128	116	0
89	34	0
176	95	0
98	183	0
95	2	0
141	34	0
226	45	0
346	41	0
213	118	0
213	353	0
104	170	0
29	10	0
801	45	0
152	123	0
332	44	0
61	185	0
41	31	0
154	25	0
417	26	0
359	29	0
96	45	0
55	55	0
286	118	0
347	70	0
145	23	0
263	3	0
142	49	0
52	7	0
54	24	0
117	78	0
242	24	0
128	35	0
164	215	0
44	303	0
508	68	0
58	346	0
47	37	0
297	41	0
185	163	0
78	155	0
239	86	0
58	16	0
211	42	0
74	139	0
424	9	0
228	239	0
115	319	0
89	81	0
425	173	0
45	97	0
100	28	0
259	103	0
345	13	0
211	12	0
95	17	0
386	66	0
347	150	0
238	87	0
179	214	0
202	157	0
49	145	0
93	62	0
101	49	0
200	94	0
800	185	0
434	67	0
260	53	0
49	182	0
106	36	0
88	18	0
55	46	0
332	51	0
411	333	0
72	6	0
75	135	0
284	197	0
457	52	0
49	10	0
662	88	0
83	127	0
46	43	0
232	5	0
73	20	0
475	108	0
70	54	0
214	58	0
41	107	0
107	45	0
267	251	0
569	198	0
108	361	0
89	116	0
74	67	0
87	157	0
41	12	0
36	18	0
113	182	0
112	31	0
223	35	0
47	43	0
252	89	0
514	64	0
187	64	0
197	73	0
384	287	0
65	27	0
324	90	0
91	383	0
77	72	0
186	447	0
182	162	0
47	209	0
44	22	0
127	85	0
53	36	0
208	83	0
359	62	0
242	13	0
224	404	0
52	313	0
44	115	0
37	161	0
35	102	0
33	17	0
42	18	0
585	60	0
308	14	0
345	5	0
496	182	0
52	24	0
309	64	0
50	504	0
83	65	0
204	8	0
491	112	0
336	93	0
96	69	0
56	38	0
128	13	0
142	228	0
51	51	0
117	55	0
99	188	0
47	140	0
194	1	0
44	35	0
261	137	0
90	142	0
378	58	0
62	321	0
100	69	0
147	175	0
117	260	0
48	390	0
87	206	0
116	15	0
48	53	0
157	87	0
52	126	0
53	49	0
94	34	0
37	10	0
233	118	0
105	77	0
109	7	0
267	151	0
163	160	0
64	240	0
42	49	0
181	156	0
103	99	0
94	25	0
132	29	0
62	147	0
70	105	0
48	7	0
100	34	0
51	103	0
38	55	0
162	322	0
52	61	0
46	23	0
146	106	0
140	223	0
87	22	0
240	61	0
62	46	0
66	18	0
547	21	0
185	57	0
129	6	0
178	73	0
112	54	0
164	29	0
210	200	0
250	167	0
206	75	0
172	90	0
119	35	0
114	231	0
172	20	0
61	28	0
333	25	0
189	8	0
449	72	0
49	43	0
502	147	0
136	100	0
126	71	0
46	178	0
134	2	0
42	39	0
266	374	0
104	4	0
118	49	0
224	290	0
105	22	0
44	153	0
33	14	0
36	42	0
273	13	0
45	51	0
322	73	0
167	176	0
97	17	0
137	84	0
121	43	0
450	78	0
192	304	0
134	91	0
633	22	0
61	88	0
48	26	0
52	66	0
49	66	0
43	41	0
45	138	0
107	69	0
795	184	0
120	161	0
61	231	0
506	123	0
81	1	0
38	7	0
74	28	0
126	293	0
168	86	0
164	56	0
187	20	0
50	128	0
35	410	0
445	17	0
132	8	0
204	6	0
119	111	0
129	21	0
44	98	0
51	77	0
65	12	0
80	290	0
45	32	0
50	117	0
273	97	0
427	82	0
206	250	0
206	106	0
103	148	0
47	3	0
105	32	0
432	3	0
307	182	0
109	73	0
438	16	0
137	254	0
68	106	0
99	61	0
43	15	0
119	82	0
52	98	0
197	47	0
281	149	0
77	131	0
42	44	0
251	217	0
123	109	0
190	167	0
658	92	0
99	57	0
95	138	0
124	255	0
166	155	0
451	15	0
119	27	0
105	218	0
432	52	0
58	142	0
133	46	0
302	51	0
131	18	0
179	157	0
99	113	0
122	47	0
58	6	0
179	23	0
221	78	0
129	4	0
131	208	0
135	20	0
51	110	0
134	89	0
415	6	0
277	15	0
435	163	0
124	131	0
168	52	0
52	68	0
46	164	0
110	96	0
137	73	0
218	142	0
111	102	0
213	79	0
51	51	0
44	186	0
42	158	0
237	32	0
51	71	0
76	73	0
170	104	0
123	11	0
534	18	0
389	39	0
174	29	0
75	208	0
265	51	0
347	1	0
146	8	0
319	68	0
47	114	0
38	200	0
78	451	0
56	92	0
63	14	0
329	25	0
111	206	0
235	26	0
95	91	0
204	9	0
287	111	0
96	260	0
52	123	0
94	47	0
202	107	0
95	27	0
79	30	0
46	188	0
43	94	0
336	157	0
51	7	0
31	30	0
103	201	0
69	99	0
86	55	0
44	226	0
486	65	0
179	126	0
51	131	0
106	189	0
83	414	0
69	147	0
136	9	0
245	39	0
308	7	0
44	16	0
181	418	0
224	48	0
150	39	0
72	139	0
116	58	0
52	32	0
63	383	0
380	29	0
155	38	0
30	85	0
101	138	0
123	80	0
79	225	0
75	127	0
143	127	0
51	18	0
282	90	0
50	55	0
36	63	0
143	207	0
250	98	0
59	131	0
159	261	0
85	44	0
147	138	0
79	20	0
102	102	0
54	40	0
75	10	0
55	130	0
484	119	0
90	28	0
241	18	0
61	125	0
273	115	0
134	16	0
110	144	0
74	10	0
111	52	0
109	36	0
103	130	0
59	409	0
344	31	0
164	182	0
232	50	0
721	18	0
41	95	0
215	113	0
218	24	0
50	109	0
45	92	0
31	320	0
360	27	0
727	38	0
68	214	0
72	91	0
56	114	0
45	113	0
400	24	0
238	3	0
51	10	0
163	548	0
391	77	0
127	46	0
286	278	0
229	21	0
96	29	0
67	43	0
104	112	0
54	16	0
47	33	0
43	57	0
48	6	0
41	15	0
45	48	0
224	306	0
93	15	0
166	34	0
354	66	0
51	81	0
38	62	0
137	13	0
65	217	0
292	28	0
68	31	0
48	7	0
42	152	0
42	88	0
175	34	0
93	153	0
137	5	0
141	124	0
196	14	0
74	70	0
140	180	0
152	223	0
41	39	0
52	89	0
70	80	0
39	58	0
52	16	0
823	188	0
339	40	0
86	49	0
233	120	0
86	91	0
110	4	0
32	93	0
49	74	0
94	88	0
57	2	0
312	430	0
158	43	0
122	515	0
106	161	0
232	171	0
86	142	0
363	50	0
256	83	0
137	10	0
49	78	0
94	267	0
380	43	0
156	248	0
189	43	0
47	51	0
32	58	0
121	99	0
43	37	0
108	172	0
88	9	0
42	96	0
206	260	0
467	101	0
197	146	0
107	48	0
226	131	0
512	357	0
66	7	0
346	88	0
275	33	0
149	49	0
247	19	0
137	258	0
231	125	0
48	4	0
355	22	0
114	135	0
134	144	0
95	133	0
169	95	0
68	40	0
133	152	0
45	127	0
82	202	0
51	183	0
216	171	0
191	226	0
317	128	0
214	146	0
48	65	0
163	182	0
48	22	0
157	107	0
78	163	0
737	38	0
66	58	0
45	80	0
45	205	0
586	21	0
237	191	0
150	40	0
137	555	0
194	54	0
62	103	0
76	111	0
37	36	0
107	118	0
113	149	0
76	259	0
97	1	0
157	92	0
688	264	0
47	33	0
37	57	0
302	104	0
111	155	0
77	16	0
324	120	0
44	23	0
163	43	0
297	17	0
91	495	0
141	85	0
231	38	0
82	38	0
127	89	0
222	355	0
174	90	0
204	120	0
161	46	0
246	222	0
151	114	0
171	111	0
460	26	0
57	97	0
62	53	0
318	24	0
241	12	0
164	59	0
50	9	0
202	22	0
49	56	0
286	55	0
51	64	0
187	46	0
195	188	0
186	8	0
259	5	0
248	30	0
49	36	0
67	142	0
98	31	0
132	94	0
245	2	0
104	17	0
413	71	0
178	51	0
103	250	0
93	82	0
73	128	0
203	248	0
45	146	0
213	124	0
95	185	0
131	78	0
104	44	0
294	53	0
96	27	0
87	115	0
192	152	0
87	19	0
48	67	0
100	51	0
533	43	0
45	14	0
192	112	0
65	36	0
60	133	0
276	301	0
567	72	0
93	10	0
122	26	0
99	171	0
256	16	0
190	16	0
221	205	0
87	172	0
983	157	0
181	31	0
89	9	0
122	38	0
99	216	0
73	125	0
188	35	0
112	37	0
143	122	0
534	11	0
76	28	0
159	97	0
438	86	0
273	283	0
54	74	0
320	3	0
107	94	0
101	58	0
334	61	0
125	226	0
119	43	0
60	29	0
63	104	0
573	10	0
51	97	0
40	17	0
42	227	0
271	103	0
224	64	0
208	2	0
86	32	0
280	28	0
351	117	0
284	148	0
47	45	0
87	114	0
73	6	0
199	188	0
43	15	0
537	337	0
333	4	0
43	41	0
75	183	0
146	64	0
224	74	0
824	33	0
265	51	0
43	36	0
296	39	0
52	40	0
188	35	0
187	7	0
210	42	0
79	126	0
182	51	0
536	65	0
84	54	0
177	62	0
43	55	0
122	38	0
580	12	0
96	28	0
116	11	0
110	44	0
76	38	0
231	67	0
150	43	0
36	154	0
153	30	0
46	38	0
166	154	0
318	259	0
612	159	0
218	147	0
182	56	0
168	29	0
211	8	0
59	5	0
536	145	0
44	87	0
46	9	0
210	67	0
144	183	0
252	57	0
66	105	0
113	129	0
90	146	0
143	314	0
81	31	0
42	73	0
181	76	0
64	16	0
123	10	0
43	1	0
87	446	0
105	1	0
41	5	0
375	101	0
51	214	0
218	15	0
128	9	0
159	8	0
407	45	0
191	280	0
238	44	0
46	46	0
511	40	0
201	291	0
29	192	0
42	260	0
49	23	0
80	71	0
55	216	0
62	15	0
38	8	0
119	81	0
108	149	0
153	171	0
151	15	0
508	115	0
76	153	0
422	233	0
96	49	0
94	63	0
107	54	0
97	136	0
145	56	0
225	28	0
274	12	0
208	20	0
66	51	0
47	54	0
107	42	0
480	95	0
126	52	0
43	126	0
467	4	0
138	30	0
60	76	0
113	54	0
39	61	0
103	3	0
177	60	0
43	41	0
104	116	0
82	32	0
185	15	0
218	181	0
60	25	0
105	26	0
252	37	0
103	40	0
130	52	0
182	258	0
93	35	0
53	513	0
54	37	0
93	7	0
103	27	0
44	19	0
37	212	0
196	221	0
328	133	0
43	107	0
62	20	0
203	57	0
143	218	0
383	306	0
218	13	0
140	166	0
34	73	0
119	79	0
239	109	0
106	6	0
111	93	0
55	21	0
99	3	0
160	9	0
98	173	0
331	9	0
515	4	0
153	88	0
311	97	0
131	138	0
50	62	0
217	10	0
236	32	0
56	64	0
114	14	0
291	86	0
42	29	0
55	40	0
45	183	0
42	134	0
325	101	0
587	114	0
312	87	0
143	117	0
46	93	0
47	185	0
53	6	0
142	291	0
151	266	0
96	123	0
361	135	0
437	195	0
51	46	0
44	61	0
42	353	0
39	178	0
49	351	0
223	96	0
225	184	0
298	93	0
56	94	0
878	41	0
101	36	0
41	137	0
261	63	0
236	133	0
101	21	0
279	29	0
85	38	0
46	281	0
55	56	0
288	43	0
356	170	0
193	69	0
107	25	0
114	143	0
43	103	0
227	355	0
141	7	0
241	178	0
98	2	0
465	454	0
66	56	0
111	67	0
62	14	0
66	11	0
212	43	0
946	51	0
83	2	0
215	360	0
67	188	0
252	138	0
337	9	0
259	134	0
211	26	0
115	86	0
42	36	0
47	15	0
400	1	0
60	74	0
252	46	0
48	248	0
33	280	0
83	28	0
66	15	0
115	34	0
1067	111	0
231	106	0
47	59	0
203	137	0
228	43	0
59	18	0
191	277	0
212	102	0
44	97	0
288	117	0
59	18	0
100	10	0
117	1	0
449	57	0
97	82	0
98	33	0
164	21	0
66	293	0
215	173	0
129	33	0
737	10	0
44	69	0
42	95	0
567	20	0
376	334	0
351	70	0
51	44	0
40	76	0
274	79	0
391	113	0
64	9	0
115	49	0
544	292	0
977	128	0
41	30	0
40	183	0
34	44	0
36	42	0
24	55	0
347	92	0
621	78	0
195	34	0
448	427	0
163	202	0
462	467	0
143	192	0
343	205	0
237	84	0
46	154	0
176	101	0
104	106	0
82	89	0
108	145	0
203	98	0
306	69	0
242	13	0
43	2	0
103	134	0
137	90	0
354	103	0
287	15	0
106	97	0
80	190	0
412	21	0
177	97	0
202	71	0
395	165	0
283	90	0
103	29	0
227	101	0
936	183	0
670	92	0
69	35	0
106	162	0
70	31	0
278	98	0
42	398	0
208	12	0
361	50	0
174	124	0
232	104	0
286	55	0
43	77	0
514	27	0
172	201	0
168	1	0
64	118	0
40	62	0
55	33	0
39	38	0
700	122	0
114	18	0
117	44	0
427	21	0
62	37	0
138	27	0
592	38	0
214	27	0
47	237	0
271	67	0
485	102	0
55	59	0
79	43	0
103	57	0
192	55	0
46	36	0
201	2	0
251	38	0
43	46	0
43	137	0
108	84	0
116	67	0
125	29	0
263	125	0
63	119	0
53	89	0
70	165	0
84	114	0
141	32	0
203	41	0
91	90	0
1076	45	0
253	127	0
43	40	0
185	7	0
44	136	0
45	50	0
45	17	0
263	103	0
386	76	0
48	29	0
36	53	0
40	5	0
58	366	0
37	2	0
57	411	0
81	13	0
130	62	0
88	12	0
30	96	0
451	59	0
243	2	0
105	78	0
126	61	0
104	95	0
310	112	0
47	24	0
379	40	0
45	54	0
74	96	0
277	9	0
44	41	0
32	10	0
166	92	0
419	105	0
72	158	0
105	146	0
42	9	0
56	198	0
153	56	0
547	54	0
75	56	0
340	21	0
43	360	0
47	11	0
156	82	0
266	339	0
76	91	0
43	127	0
36	115	0
33	34	0
121	79	0
94	1	0
134	63	0
264	149	0
393	208	0
50	109	0
191	24	0
46	40	0
529	50	0
256	232	0
115	42	0
375	113	0
71	250	0
169	43	0
43	95	0
51	96	0
468	192	0
104	26	0
405	16	0
43	88	0
139	31	0
97	7	0
147	65	0
107	214	0
488	42	0
50	38	0
35	17	0
185	158	0
267	42	0
179	485	0
139	24	0
90	113	0
53	18	0
215	35	0
116	131	0
127	42	0
47	20	0
636	58	0
58	48	0
42	324	0
81	15	0
62	21	0
439	82	0
98	132	0
144	39	0
216	247	0
45	57	0
574	68	0
370	64	0
90	24	0
128	83	0
97	133	0
461	97	0
52	64	0
54	148	0
76	12	0
163	13	0
154	130	0
543	91	0
203	140	0
111	27	0
43	32	0
38	29	0
95	6	0
486	35	0
112	290	0
115	236	0
46	40	0
37	124	0
119	189	0
166	279	0
125	130	0
185	19	0
445	66	0
78	125	0
77	7	0
236	47	0
152	54	0
262	2	0
45	10	0
94	28	0
143	356	0
52	102	0
246	82	0
63	74	0
581	65	0
66	197	0
413	35	0
92	27	0
46	4	0
198	216	0
45	921	0
511	4	0
60	50	0
62	44	0
43	159	0
148	76	0
81	40	0
70	57	0
89	18	0
222	224	0
114	128	0
41	87	0
122	91	0
83	277	0
41	191	0
347	6	0
86	112	0
70	138	0
43	152	0
46	82	0
112	120	0
187	29	0
414	203	0
149	40	0
78	105	0
370	112	0
166	243	0
184	60	0
180	55	0
99	128	0
352	51	0
380	78	0
152	224	0
64	418	0
427	118	0
110	44	0
163	78	0
160	322	0
31	7	0
420	21	0
431	66	0
269	154	0
111	24	0
194	28	0
76	32	0
112	26	0
224	52	0
157	138	0
174	36	0
202	68	0
81	180	0
209	181	0
475	107	0
48	168	0
41	38	0
99	213	0
60	108	0
99	138	0
231	17	0
131	189	0
141	3	0
287	15	0
97	94	0
44	15	0
99	206	0
105	95	0
64	143	0
72	136	0
108	161	0
96	18	0
71	6	0
54	88	0
49	39	0
42	14	0
373	167	0
47	236	0
156	97	0
240	169	0
265	15	0
114	256	0
53	220	0
476	44	0
286	55	0
35	11	0
66	23	0
42	24	0
79	6	0
85	86	0
553	3	0
205	28	0
124	262	0
41	13	0
100	38	0
54	21	0
90	84	0
427	8	0
132	312	0
44	285	0
172	37	0
565	103	0
266	87	0
207	17	0
181	11	0
43	35	0
674	98	0
170	28	0
254	80	0
392	45	0
319	142	0
44	117	0
91	16	0
448	23	0
39	96	0
127	47	0
62	45	0
38	62	0
35	14	0
90	68	0
168	126	0
100	49	0
46	64	0
81	37	0
236	68	0
108	34	0
44	110	0
315	1	0
71	174	0
229	128	0
138	232	0
38	50	0
72	25	0
43	20	0
132	49	0
101	14	0
167	78	0
50	7	0
144	289	0
125	131	0
72	84	0
71	224	0
91	69	0
95	471	0
81	235	0
423	65	0
51	89	0
35	165	0
169	114	0
48	43	0
607	153	0
53	128	0
52	6	0
100	22	0
146	45	0
60	48	0
69	23	0
87	51	0
46	17	0
34	106	0
55	9	0
48	366	0
67	3	0
109	48	0
260	6	0
109	5	0
551	105	0
152	52	0
43	21	0
66	86	0
554	18	0
731	86	0
120	56	0
157	30	0
395	89	0
70	8	0
258	429	0
171	54	0
60	26	0
45	565	0
33	49	0
288	3	0
527	12	0
126	13	0
44	147	0
128	69	0
369	257	0
45	57	0
39	36	0
33	11	0
89	37	0
190	391	0
46	219	0
328	135	0
89	119	0
120	218	0
130	9	0
240	139	0
384	27	0
97	26	0
144	90	0
94	114	0
128	95	0
350	365	0
186	19	0
168	13	0
368	76	0
138	71	0
42	256	0
163	79	0
45	157	0
121	66	0
100	110	0
84	71	0
161	13	0
42	352	0
103	44	0
27	47	0
54	77	0
114	184	0
189	9	0
59	31	0
50	211	0
147	17	0
144	80	0
37	3	0
42	35	0
230	6	0
69	148	0
311	151	0
44	136	0
217	17	0
397	214	0
43	68	0
115	60	0
68	15	0
698	60	0
45	75	0
37	189	0
133	91	0
460	49	0
89	12	0
334	88	0
50	450	0
71	69	0
107	98	0
117	2	0
148	298	0
224	350	0
283	144	0
91	89	0
137	30	0
533	105	0
47	4	0
90	27	0
51	28	0
197	70	0
91	830	0
82	56	0
142	38	0
52	77	0
54	98	0
42	57	0
66	443	0
189	47	0
206	48	0
60	116	0
47	67	0
223	2	0
43	39	0
440	8	0
44	71	0
420	143	0
92	4	0
204	18	0
50	68	0
275	9	0
70	105	0
116	131	0
220	22	0
176	8	0
86	158	0
398	208	0
163	150	0
345	164	0
43	40	0
239	58	0
80	1	0
140	116	0
42	9	0
62	71	0
133	19	0
486	134	0
220	53	0
304	202	0
483	126	0
172	75	0
42	45	0
192	169	0
82	82	0
68	42	0
231	279	0
61	106	0
43	10	0
149	46	0
71	98	0
48	26	0
41	38	0
152	160	0
106	1	0
95	258	0
38	111	0
67	12	0
199	110	0
235	14	0
144	17	0
46	72	0
267	160	0
43	31	0
54	124	0
95	112	0
104	15	0
42	50	0
190	15	0
45	37	0
95	203	0
229	112	0
88	212	0
433	163	0
227	64	0
69	306	0
131	80	0
399	25	0
1052	68	0
275	218	0
115	27	0
39	56	0
95	212	0
117	278	0
44	82	0
37	40	0
432	294	0
115	72	0
55	312	0
36	43	0
178	61	0
144	44	0
662	122	0
176	87	0
47	73	0
41	173	0
728	44	0
47	14	0
97	16	0
432	82	0
45	8	0
82	7	0
219	9	0
319	72	0
85	83	0
151	18	0
78	90	0
94	83	0
489	63	0
73	97	0
44	58	0
229	52	0
48	299	0
166	7	0
66	97	0
225	120	0
415	6	0
40	8	0
127	29	0
97	168	0
105	122	0
98	438	0
427	78	0
173	262	0
569	123	0
32	196	0
44	172	0
118	54	0
106	19	0
96	20	0
295	210	0
120	59	0
129	61	0
246	12	0
195	14	0
293	77	0
384	48	0
235	48	0
127	105	0
43	61	0
882	27	0
46	77	0
41	37	0
43	155	0
34	199	0
103	282	0
82	54	0
147	24	0
353	48	0
543	227	0
833	111	0
118	230	0
310	26	0
302	271	0
146	218	0
408	39	0
65	8	0
94	35	0
389	69	0
100	184	0
81	125	0
54	262	0
63	56	0
165	190	0
92	194	0
47	13	0
36	16	0
372	59	0
302	109	0
125	111	0
178	12	0
134	51	0
437	128	0
38	89	0
117	19	0
149	87	0
124	237	0
63	121	0
425	114	0
54	65	0
49	182	0
44	146	0
109	258	0
280	105	0
144	91	0
47	33	0
161	17	0
144	2	0
168	17	0
283	18	0
47	152	0
110	38	0
1092	77	0
68	69	0
232	83	0
238	179	0
106	409	0
152	39	0
73	41	0
133	22	0
47	27	0
61	14	0
343	50	0
470	43	0
409	8	0
104	204	0
306	101	0
233	32	0
399	60	0
44	16	0
42	43	0
67	83	0
68	209	0
138	2	0
93	35	0
49	3	0
63	97	0
263	7	0
232	26	0
183	18	0
194	159	0
69	135	0
142	129	0
587	95	0
343	205	0
173	64	0
180	206	0
236	246	0
384	6	0
47	60	0
301	378	0
324	19	0
138	394	0
91	58	0
359	13	0
326	55	0
89	77	0
97	288	0
138	32	0
168	11	0
45	76	0
258	404	0
128	115	0
154	191	0
228	212	0
226	153	0
97	20	0
102	72	0
88	327	0
153	5	0
243	106	0
43	11	0
431	51	0
45	1	0
160	122	0
288	148	0
169	275	0
285	147	0
106	77	0
146	79	0
271	206	0
147	270	0
37	25	0
196	109	0
309	19	0
142	449	0
640	131	0
110	16	0
308	295	0
59	42	0
239	163	0
430	146	0
88	42	0
72	151	0
499	120	0
481	130	0
44	56	0
37	49	0
146	14	0
164	99	0
138	139	0
172	47	0
432	643	0
83	169	0
44	12	0
66	2	0
38	194	0
218	208	0
126	61	0
323	31	0
104	140	0
264	24	0
491	171	0
231	100	0
144	229	0
222	242	0
366	34	0
39	23	0
55	34	0
85	140	0
46	69	0
242	108	0
247	26	0
155	53	0
131	1	0
364	18	0
44	48	0
487	55	0
108	71	0
39	4	0
32	69	0
106	89	0
104	55	0
251	176	0
94	11	0
433	12	0
137	25	0
121	106	0
101	216	0
42	4	0
100	155	0
385	75	0
185	66	0
45	74	0
325	109	0
83	99	0
458	51	0
274	293	0
60	83	0
374	70	0
182	99	0
465	49	0
38	106	0
343	1	0
154	38	0
44	30	0
137	69	0
513	49	0
281	96	0
235	229	0
498	145	0
181	70	0
292	33	0
145	160	0
313	328	0
187	34	0
139	203	0
208	9	0
70	104	0
73	1	0
151	7	0
261	38	0
443	45	0
212	359	0
89	95	0
49	29	0
371	62	0
429	156	0
214	90	0
121	97	0
142	65	0
345	308	0
226	8	0
76	35	0
435	70	0
389	2	0
123	103	0
71	62	0
50	28	0
62	9	0
103	257	0
48	157	0
449	197	0
62	43	0
578	183	0
491	80	0
176	1	0
98	1	0
140	11	0
38	21	0
125	32	0
71	143	0
45	118	0
41	50	0
33	35	0
143	38	0
307	36	0
32	10	0
220	26	0
126	59	0
82	289	0
44	156	0
165	248	0
117	1	0
346	61	0
45	46	0
372	187	0
106	84	0
84	58	0
47	81	0
151	50	0
260	31	0
44	65	0
241	24	0
89	102	0
46	294	0
152	93	0
192	20	0
287	29	0
44	203	0
513	30	0
116	89	0
101	142	0
521	14	0
259	178	0
47	226	0
209	110	0
293	449	0
87	151	0
107	1	0
70	198	0
147	75	0
209	208	0
138	134	0
177	61	0
72	190	0
40	8	0
156	114	0
264	54	0
145	132	0
43	12	0
182	117	0
49	266	0
372	703	0
55	106	0
184	91	0
67	18	0
146	197	0
645	88	0
44	143	0
334	15	0
159	228	0
61	82	0
100	236	0
50	227	0
274	69	0
47	32	0
43	249	0
235	79	0
290	31	0
91	478	0
310	56	0
90	47	0
209	111	0
621	277	0
324	105	0
284	60	0
56	97	0
56	166	0
116	540	0
298	79	0
137	8	0
296	13	0
164	37	0
258	16	0
48	263	0
71	4	0
215	18	0
48	46	0
184	45	0
89	289	0
377	25	0
58	83	0
176	7	0
109	1	0
257	12	0
97	39	0
382	218	0
144	106	0
96	12	0
199	135	0
197	35	0
159	20	0
94	229	0
84	227	0
61	63	0
110	6	0
535	95	0
66	245	0
103	90	0
41	95	0
33	140	0
37	112	0
106	65	0
46	262	0
55	99	0
35	71	0
152	22	0
40	2	0
118	5	0
158	187	0
125	9	0
46	54	0
106	38	0
43	190	0
120	12	0
106	136	0
42	448	0
210	101	0
162	311	0
940	62	0
225	38	0
84	74	0
137	329	0
96	73	0
445	86	0
45	9	0
121	151	0
262	216	0
43	18	0
42	4	0
104	8	0
241	110	0
46	11	0
511	44	0
200	139	0
201	105	0
69	92	0
230	195	0
105	57	0
169	94	0
134	21	0
344	59	0
43	24	0
45	184	0
114	196	0
124	24	0
133	45	0
848	133	0
588	11	0
2277	140	0
65	82	0
45	25	0
39	16	0
55	28	0
43	48	0
339	65	0
49	53	0
40	30	0
40	76	0
57	13	0
43	199	0
34	63	0
34	49	0
33	45	0
57	137	0
36	153	0
34	213	0
52	69	0
34	21	0
259	227	0
52	190	0
44	25	0
61	42	0
357	224	0
113	82	0
110	52	0
337	132	0
45	20	0
57	221	0
114	73	0
265	13	0
92	15	0
599	50	0
91	153	0
199	61	0
44	59	0
44	19	0
106	9	0
42	108	0
279	27	0
45	129	0
42	1	0
147	54	0
45	109	0
43	34	0
105	128	0
303	34	0
554	78	0
113	35	0
187	29	0
230	116	0
139	1	0
309	46	0
157	22	0
207	55	0
441	99	0
64	82	0
37	74	0
130	126	0
721	6	0
248	46	0
97	362	0
43	7	0
57	16	0
36	165	0
86	164	0
186	387	0
280	25	0
253	79	0
181	37	0
95	65	0
164	266	0
133	173	0
72	170	0
43	76	0
399	252	0
126	180	0
40	15	0
85	60	0
124	125	0
78	43	0
73	13	0
179	67	0
116	12	0
42	7	0
90	60	0
58	92	0
94	124	0
107	203	0
45	34	0
41	49	0
378	230	0
113	47	0
95	5	0
181	35	0
125	95	0
176	268	0
85	402	0
319	95	0
41	154	0
74	62	0
216	37	0
77	80	0
75	47	0
264	45	0
105	245	0
151	79	0
87	47	0
75	86	0
375	67	0
160	56	0
94	119	0
43	252	0
56	167	0
38	341	0
470	53	0
212	30	0
199	36	0
760	144	0
49	39	0
530	45	0
50	41	0
68	175	0
139	79	0
547	248	0
47	6	0
149	62	0
321	68	0
457	175	0
44	294	0
44	78	0
34	258	0
189	9	0
141	16	0
246	45	0
43	18	0
43	43	0
355	152	0
47	97	0
53	69	0
167	24	0
93	534	0
46	24	0
141	204	0
63	154	0
36	103	0
245	61	0
43	200	0
331	66	0
374	33	0
243	24	0
226	33	0
118	153	0
86	152	0
42	39	0
121	40	0
51	139	0
247	273	0
150	6	0
121	84	0
45	333	0
39	111	0
149	46	0
183	306	0
96	69	0
617	55	0
622	154	0
443	5	0
104	170	0
101	13	0
65	73	0
47	84	0
41	41	0
51	50	0
51	18	0
162	94	0
64	15	0
49	43	0
36	46	0
101	21	0
141	7	0
820	27	0
225	109	0
44	213	0
52	12	0
157	211	0
258	123	0
230	126	0
84	13	0
212	14	0
389	12	0
104	27	0
339	223	0
126	39	0
181	7	0
351	28	0
387	288	0
71	3	0
48	210	0
34	52	0
33	45	0
125	139	0
45	264	0
250	40	0
158	178	0
156	452	0
72	34	0
71	398	0
463	112	0
264	153	0
48	51	0
40	141	0
184	35	0
111	16	0
148	32	0
44	94	0
97	132	0
112	28	0
256	16	0
43	39	0
319	11	0
67	69	0
54	5	0
66	265	0
45	182	0
814	29	0
96	62	0
117	77	0
250	224	0
70	83	0
406	69	0
347	16	0
34	55	0
38	44	0
57	41	0
45	2	0
133	235	0
148	35	0
145	10	0
51	9	0
93	88	0
249	8	0
139	100	0
293	79	0
198	102	0
44	164	0
361	318	0
106	446	0
40	76	0
69	50	0
37	18	0
68	122	0
78	47	0
37	5	0
124	354	0
736	132	0
55	67	0
123	92	0
116	97	0
35	146	0
56	50	0
256	15	0
334	30	0
130	145	0
215	36	0
43	8	0
244	120	0
143	209	0
50	159	0
238	42	0
67	25	0
240	39	0
49	103	0
531	53	0
42	9	0
61	9	0
122	69	0
45	151	0
146	212	0
43	54	0
378	94	0
124	22	0
81	50	0
86	185	0
308	468	0
434	74	0
81	1	0
187	148	0
256	163	0
44	191	0
102	31	0
131	13	0
220	49	0
162	91	0
141	103	0
43	52	0
365	255	0
155	41	0
178	38	0
93	17	0
320	95	0
90	111	0
44	169	0
475	22	0
67	81	0
113	130	0
72	3	0
46	112	0
36	152	0
101	387	0
39	28	0
194	32	0
383	36	0
457	3	0
105	14	0
63	35	0
453	173	0
289	71	0
247	253	0
197	62	0
128	44	0
176	66	0
44	58	0
300	61	0
82	93	0
45	49	0
566	150	0
44	73	0
332	5	0
160	77	0
239	92	0
46	88	0
142	123	0
44	9	0
41	218	0
46	22	0
748	75	0
722	90	0
78	124	0
130	134	0
310	105	0
53	83	0
196	45	0
54	147	0
360	35	0
140	41	0
131	204	0
317	57	0
47	48	0
206	13	0
46	21	0
54	144	0
133	73	0
46	150	0
54	145	0
104	187	0
55	27	0
111	84	0
135	5	0
96	82	0
98	297	0
157	1	0
467	267	0
112	63	0
227	17	0
43	38	0
205	10	0
158	3	0
268	116	0
45	24	0
41	33	0
36	95	0
139	96	0
355	109	0
44	112	0
420	272	0
429	206	0
220	176	0
75	2	0
529	48	0
152	151	0
274	13	0
554	103	0
68	50	0
244	292	0
87	32	0
447	2	0
240	302	0
44	21	0
156	162	0
46	21	0
41	21	0
39	119	0
35	4	0
22	5	0
224	109	0
250	113	0
71	4	0
42	23	0
89	8	0
47	316	0
189	53	0
100	57	0
92	136	0
263	247	0
175	176	0
46	213	0
88	143	0
697	59	0
128	86	0
123	33	0
68	65	0
111	89	0
140	22	0
93	19	0
138	35	0
62	26	0
92	101	0
44	52	0
208	19	0
325	54	0
208	59	0
45	53	0
146	129	0
468	136	0
46	141	0
87	30	0
204	19	0
185	154	0
350	15	0
60	155	0
432	52	0
45	44	0
45	5	0
59	116	0
220	34	0
122	62	0
195	77	0
115	87	0
119	111	0
44	110	0
138	194	0
204	77	0
188	38	0
237	157	0
123	82	0
234	6	0
268	43	0
65	434	0
126	29	0
80	217	0
321	64	0
767	157	0
254	167	0
261	46	0
267	22	0
222	85	0
51	233	0
462	10	0
201	145	0
474	156	0
88	194	0
60	93	0
370	385	0
351	66	0
312	41	0
82	106	0
162	87	0
296	158	0
446	58	0
74	432	0
457	317	0
300	38	0
184	26	0
149	2	0
233	622	0
45	178	0
164	48	0
94	97	0
197	187	0
73	7	0
44	361	0
124	91	0
46	17	0
46	53	0
185	56	0
42	24	0
299	33	0
421	228	0
49	153	0
40	103	0
271	101	0
