0	1024	0	2200
402	66	0	1279
59	174	0	1301
2541	162	0	2200
4465	174	0	2200
3338	162	0	2200
4352	174	0	2200
3029	162	0	2200
2834	150	0	2200
1487	174	0	2200
2325	90	0	2200
510	162	0	2200
2661	150	0	2200
1394	174	0	2200
2205	90	0	2200
825	162	0	2200
4293	174	0	2200
2681	162	0	2200
4115	174	0	2200
1577	150	0	2200
1337	162	0	2200
2029	90	0	2200
2009	174	0	2200
1170	150	0	2200
1890	162	0	2200
1694	90	0	2200
2594	174	0	2200
2746	162	0	2200
4057	174	0	2200
2932	162	0	2200
4191	174	0	2200
2785	162	0	2200
4026	174	0	2200
2945	162	0	2200
4174	174	0	2200
2802	162	0	2200
4066	174	0	2200
2906	162	0	2200
4217	174	0	2200
4397	162	0	2200
3979	174	0	2200
4638	162	0	2200
4065	174	0	2200
4553	162	0	2200
3976	174	0	2200
2997	162	0	2200
4139	174	0	2200
2838	162	0	2200
4018	174	0	2200
2954	162	0	2200
1161	150	0	2200
2894	174	0	2200
769	90	0	2200
2269	162	0	2200
897	150	0	2200
3299	174	0	2200
155	90	0	2174
2857	162	0	2200
4000	174	0	2200
2986	162	0	2200
4198	174	0	2200
2791	162	0	2200
4118	174	0	2200
2860	162	0	2200
4074	174	0	2200
2902	162	0	2200
3382	162	0	2200
677	174	0	2200
2969	162	0	2200
1013	74	0	2200
3745	174	0	2200
418	162	0	2200
3553	162	0	2200
1493	74	0	2200
2650	174	0	2200
2889	162	0	2200
1337	66	0	2200
2746	174	0	2200
2957	162	0	2200
1483	1024	0	2200
64	66	0	1208
1992	1024	0	2200
64	66	0	1208
611	174	0	2059
1450	1024	0	2200
63	66	0	1208
924	1024	0	2200
64	66	0	1208
1099	1024	0	2200
64	66	0	1209
183	162	0	1417
1863	1024	0	2200
68	66	0	1213
1988	1024	0	2200
67	66	0	1207
127	66	0	1332
268	174	0	1668
1668	66	0	2200
1306	162	0	2200
1710	1024	0	2200
63	66	0	1208
1799	1024	0	2200
62	66	0	1206
581	174	0	2012
2958	162	0	2200
4057	174	0	2200
2914	162	0	2200
4041	174	0	2200
2934	162	0	2200
4643	1024	0	2200
64	66	0	1208
199	174	0	1440
1163	1024	0	2200
65	66	0	1209
1565	1024	0	2200
65	66	0	1209
1237	1024	0	2200
65	66	0	1209
184	162	0	1419
1155	1024	0	2200
74	66	0	1208
1416	1024	0	2200
65	66	0	1209
2225	174	0	2200
147	66	0	2190
2776	1024	0	2200
65	66	0	1209
1757	1024	0	2200
65	66	0	1209
183	162	0	1418
4775	174	0	2200
3843	162	0	2200
205	66	0	2068
3940	174	0	2200
262	66	0	2200
2695	162	0	2200
4016	174	0	2200
12229	1024	0	2200
66	66	0	1209
1182	1024	0	2200
76	66	0	1207
1498	1024	0	2200
65	66	0	1208
1144	1024	0	2200
65	66	0	1209
1341	1024	0	2200
65	66	0	1209
1232	1024	0	2200
64	66	0	1208
2220	66	0	2200
2160	1024	0	2200
65	66	0	1209
1145	1024	0	2200
65	66	0	1208
16258	162	0	2200
3979	90	0	2200
4118	162	0	2200
3381	90	0	2200
28802	162	0	2200
4012	174	0	2200
5638	150	0	2200
3481	90	0	2200
3213	150	0	2200
3445	90	0	2200
15324	116	0	2200
22990	150	0	2200
3036	142	0	2200
4594	158	0	2200
12963	1024	0	2200
66	434	0	1209
19217	150	0	2200
3171	142	0	2200
4570	158	0	2200
18827	1024	0	2200
65	494	0	1209
175	154	0	978
826	826	0	2063
3454	142	0	2200
6013	162	0	2200
12178	1024	0	2200
74	218	0	1206
4694	64	0	2200
1809	66	0	2200
16632	1024	0	2200
65	66	0	1208
4827	66	0	2200
15268	1024	0	2200
104	66	0	1267
1151	1024	0	2200
245	66	0	1267
7974	150	0	2200
3379	142	0	2200
4570	158	0	2200
43968	154	0	2200
3142	142	0	2200
5464	162	0	2200
1349	1024	0	2200
112	494	0	1279
1643	1024	0	2200
105	494	0	1269
1074	1024	0	2200
112	254	0	1269
8106	1024	0	2200
105	218	0	1269
2243	154	0	2200
3637	106	0	2200
30122	66	0	2200
12317	162	0	2200
4008	1024	0	2200
107	66	0	1269
158	174	0	1440
1065	1024	0	2200
134	66	0	1294
3423	162	0	2200
1042	1024	0	2200
108	66	0	1271
1958	1024	0	2200
115	66	0	1276
1953	1024	0	2200
105	66	0	1268
165	174	0	1450
199	150	0	1574
1700	1024	0	2200
105	66	0	1268
1954	1024	0	2200
108	66	0	1270
144	162	0	1419
1867	1024	0	2200
104	66	0	1268
1632	66	0	2200
631	174	0	2200
1978	1024	0	2200
103	66	0	1266
106	106	0	1360
892	162	0	2200
2708	1024	0	2200
161	66	0	1256
2979	150	0	2200
333	174	0	2200
2926	162	0	2200
1227	142	0	2200
3185	174	0	2200
630	158	0	2200
2107	162	0	2200
3973	174	0	2200
2987	162	0	2200
699	66	0	2200
3311	174	0	2200
2987	162	0	2200
4469	174	0	2200
4162	162	0	2200
4117	174	0	2200
2823	162	0	2200
4236	174	0	2200
2714	162	0	2200
3988	174	0	2200
2984	162	0	2200
4164	174	0	2200
2820	162	0	2200
1288	1024	0	2200
67	494	0	1222
852	674	0	2006
1815	162	0	2200
129	64	0	2177
409	174	0	2200
2643	162	0	2200
575	90	0	2200
3497	174	0	2200
658	162	0	2200
2302	162	0	2200
1319	90	0	2200
2751	174	0	2200
2944	162	0	2200
4193	158	0	2200
245	174	0	2200
2579	162	0	2200
4038	174	0	2200
2941	162	0	2200
4036	174	0	2200
2927	162	0	2200
4253	174	0	2200
4075	1024	0	2200
67	494	0	1222
287	162	0	1158
355	206	0	1528
4898	174	0	2200
5057	162	0	2200
4280	174	0	2200
4323	162	0	2200
208	158	0	2200
4103	174	0	2200
2697	162	0	2200
4112	174	0	2200
571	630	0	2200
2331	162	0	2200
3996	174	0	2200
2964	162	0	2200
137	66	0	2188
4162	174	0	2200
2736	162	0	2200
4056	174	0	2200
2904	162	0	2200
4087	174	0	2200
2875	162	0	2200
4445	1024	0	2200
68	66	0	1222
179	174	0	1425
3991	162	0	2200
733	66	0	2200
3544	174	0	2200
2720	162	0	2200
3990	174	0	2200
2977	162	0	2200
4212	174	0	2200
2755	162	0	2200
3893	1024	0	2200
68	66	0	1222
322	174	0	1639
2759	162	0	2200
2693	150	0	2200
1418	174	0	2200
2904	162	0	2200
4008	174	0	2200
2952	162	0	2200
4216	174	0	2200
2747	162	0	2200
4020	174	0	2200
164	98	0	2200
2835	162	0	2200
928	150	0	2200
3164	174	0	2200
2917	162	0	2200
3500	94	0	2200
627	174	0	2200
2883	162	0	2200
1285	150	0	2200
2747	174	0	2200
280	142	0	2200
2732	162	0	2200
1884	158	0	2200
2364	174	0	2200
2764	162	0	2200
4359	174	0	2200
2603	162	0	2200
4081	174	0	2200
2883	162	0	2200
4015	174	0	2200
2252	206	0	2200
743	162	0	2200
4359	174	0	2200
2111	150	0	2200
2184	162	0	2200
940	142	0	2200
3187	174	0	2200
1425	158	0	2200
1507	162	0	2200
4065	174	0	2200
2887	162	0	2200
4032	174	0	2200
2937	162	0	2200
4011	174	0	2200
2951	162	0	2200
4012	174	0	2200
2956	162	0	2200
2954	882	0	2200
1185	174	0	2200
2868	162	0	2200
4042	174	0	2200
1714	86	0	2200
1247	162	0	2200
2384	162	0	2200
200	150	0	2200
1517	174	0	2200
2953	162	0	2200
3975	174	0	2200
2988	162	0	2200
4023	174	0	2200
2939	162	0	2200
4293	174	0	2200
2668	162	0	2200
4041	174	0	2200
8122	98	0	2200
4824	150	0	2200
21293	1024	0	2200
68	66	0	1222
1963	1024	0	2200
68	66	0	1222
1972	1024	0	2200
68	66	0	1221
1964	1024	0	2200
67	66	0	1222
1967	1024	0	2200
67	66	0	1222
1962	1024	0	2200
67	66	0	1221
1630	66	0	2200
2616	1024	0	2200
67	66	0	1221
1771	1024	0	2200
67	66	0	1222
723	82	0	2200
3735	150	0	2200
2721	142	0	2200
4635	158	0	2200
7195	162	0	2200
4004	174	0	2200
10616	66	0	2200
7570	1024	0	2200
68	394	0	1221
19056	150	0	2200
3602	90	0	2200
3099	150	0	2200
3540	90	0	2200
10252	162	0	2200
3617	90	0	2200
4123	162	0	2200
3555	90	0	2200
52592	154	0	2200
3089	142	0	2200
5496	162	0	2200
12182	1024	0	2200
68	218	0	1221
37347	66	0	2200
20390	1024	0	2200
78	66	0	1236
4358	66	0	2200
18801	1024	0	2200
68	66	0	1221
3772	66	0	2200
7152	1024	0	2200
68	66	0	1222
4584	66	0	2200
14337	154	0	2200
3137	142	0	2200
4625	1024	0	2200
68	66	0	1222
1273	1024	0	2200
68	66	0	1222
165	162	0	1404
1380	1024	0	2200
67	66	0	1221
1129	1024	0	2200
67	66	0	1221
1294	1024	0	2200
68	66	0	1221
1289	1024	0	2200
68	66	0	1221
2254	66	0	2200
2130	1024	0	2200
68	66	0	1221
1124	1024	0	2200
68	66	0	1222
3040	1024	0	2200
68	218	0	1222
5660	66	0	2200
25397	1024	0	2200
68	66	0	1221
1154	1024	0	2200
68	66	0	1221
1488	1024	0	2200
68	66	0	1222
1199	1024	0	2200
68	66	0	1221
1248	1024	0	2200
68	66	0	1222
1267	1024	0	2200
68	66	0	1221
2209	66	0	2200
2063	1024	0	2200
68	66	0	1221
1196	1024	0	2200
77	66	0	1220
6658	66	0	2200
7301	162	0	2200
4043	174	0	2200
4563	162	0	2200
4160	174	0	2200
2800	162	0	2200
4068	1024	0	2200
68	66	0	1222
174	174	0	1417
1297	1024	0	2200
68	66	0	1221
1204	1024	0	2200
68	66	0	1221
238	162	0	1513
1258	1024	0	2200
68	66	0	1221
1167	1024	0	2200
67	66	0	1221
1527	1024	0	2200
68	66	0	1222
1316	174	0	2200
923	66	0	2200
2928	1024	0	2200
68	66	0	1221
153	162	0	1385
1224	1024	0	2200
61	66	0	1210
3808	174	0	2200
3592	162	0	2200
2974	66	0	2200
1072	174	0	2200
162	66	0	2200
2844	162	0	2200
4085	1024	0	2200
68	66	0	1221
177	174	0	1421
1839	1024	0	2200
68	66	0	1222
878	162	0	2200
1108	1024	0	2200
50	66	0	1210
2011	1024	0	2200
68	66	0	1221
1189	174	0	2200
947	1024	0	2200
68	66	0	1221
1831	1024	0	2200
68	66	0	1222
151	162	0	1382
2733	66	0	2200
1984	1024	0	2200
68	66	0	1222
892	1024	0	2200
68	66	0	1221
899	1024	0	2200
94	66	0	1234
918	1024	0	2200
66	66	0	1210
175	174	0	1395
935	1024	0	2200
70	66	0	1222
1436	1024	0	2200
63	66	0	1211
378	162	0	1713
985	1024	0	2200
53	66	0	1205
1442	1024	0	2200
60	66	0	1217
2356	174	0	2200
125	66	0	2164
2999	1024	0	2200
51	66	0	1203
818	162	0	2200
1426	1024	0	2200
56	66	0	1203
1320	1024	0	2200
53	66	0	1203
1421	1024	0	2200
58	66	0	1214
179	174	0	1416
1033	1024	0	2200
50	66	0	1210
1586	1024	0	2200
68	66	0	1221
1130	1024	0	2200
68	66	0	1222
1207	1024	0	2200
68	66	0	1221
150	162	0	1380
2081	66	0	2200
2852	1024	0	2200
68	66	0	1221
173	174	0	1414
1355	1024	0	2200
68	66	0	1221
58	66	0	1242
2177	162	0	2200
4232	174	0	2200
212	66	0	2200
2542	162	0	2200
4015	174	0	2200
2940	162	0	2200
2408	66	0	2200
1670	174	0	2200
2926	162	0	2200
4031	174	0	2200
2920	162	0	2200
4009	174	0	2200
3682	1024	0	2200
65	66	0	1222
159	162	0	1394
1212	1024	0	2200
65	66	0	1222
1307	1024	0	2200
65	66	0	1222
1229	1024	0	2200
55	66	0	1214
1274	1024	0	2200
54	66	0	1214
190	174	0	1433
1349	1024	0	2200
47	66	0	1209
2070	162	0	2200
217	66	0	2200
3230	1024	0	2200
46	66	0	1209
1566	1024	0	2200
75	66	0	1211
174	174	0	1406
2921	1024	0	2200
65	66	0	1222
1113	1024	0	2200
65	66	0	1222
144	162	0	1372
1096	1024	0	2200
65	66	0	1222
1196	1024	0	2200
70	66	0	1221
1208	1024	0	2200
65	66	0	1222
1198	1024	0	2200
65	66	0	1222
283	174	0	1581
1957	66	0	2200
1988	1024	0	2200
65	66	0	1222
157	162	0	1392
1028	1024	0	2200
65	66	0	1222
162	162	0	1399
132	66	0	1435
3558	174	0	2200
1746	90	0	2200
999	66	0	2200
1179	162	0	2200
2694	162	0	2200
1685	174	0	2200
1909	90	0	2200
754	162	0	2200
4116	174	0	2200
2837	162	0	2200
3988	174	0	2200
1305	1024	0	2200
65	66	0	1222
1431	1024	0	2200
65	66	0	1222
245	162	0	1523
1019	1024	0	2200
65	66	0	1222
1411	1024	0	2200
65	66	0	1222
2040	1024	0	2200
65	66	0	1222
1767	1024	0	2200
65	66	0	1222
173	174	0	1416
2855	1024	0	2200
65	66	0	1222
56	66	0	1241
1196	1024	0	2200
65	66	0	1222
142	162	0	1368
1557	1024	0	2200
59	66	0	1211
1208	1024	0	2200
58	66	0	1210
1345	1024	0	2200
59	66	0	1211
1278	1024	0	2200
58	66	0	1210
183	174	0	1418
1342	1024	0	2200
58	66	0	1211
1132	1024	0	2200
59	66	0	1210
106	66	0	1302
600	162	0	2136
588	64	0	2200
1254	1024	0	2200
58	66	0	1211
1761	1024	0	2200
59	66	0	1211
1567	174	0	2200
3346	66	0	2200
271	162	0	2200
4026	174	0	2200
2933	162	0	2200
4157	174	0	2200
2799	162	0	2200
4000	174	0	2200
2952	162	0	2200
4212	174	0	2200
1260	1024	0	2200
65	66	0	1222
93	66	0	1295
1267	1024	0	2200
65	66	0	1222
191	162	0	1443
1633	1024	0	2200
55	66	0	1215
1104	1024	0	2200
46	66	0	1209
1283	1024	0	2200
47	66	0	1209
1328	1024	0	2200
65	66	0	1222
174	174	0	1417
2063	66	0	2200
1128	162	0	2200
930	1024	0	2200
65	66	0	1222
1229	1024	0	2200
65	66	0	1222
3940	174	0	2200
2493	162	0	2200
4008	174	0	2200
2944	162	0	2200
2575	1024	0	2200
65	66	0	1222
1725	174	0	2200
2664	162	0	2200
1535	64	0	2200
2526	174	0	2200
527	150	0	2200
2311	142	0	2200
192	162	0	2200
3363	194	0	2200
655	174	0	2200
2951	162	0	2200
4934	1024	0	2200
65	66	0	1222
167	174	0	1406
1098	1024	0	2200
56	66	0	1216
1232	1024	0	2200
46	66	0	1209
1250	1024	0	2200
46	66	0	1209
161	162	0	1384
1137	1024	0	2200
65	66	0	1222
1230	1024	0	2200
65	66	0	1222
1433	66	0	2200
352	174	0	2200
2729	1024	0	2200
58	66	0	1211
175	162	0	1408
1105	1024	0	2200
58	66	0	1211
3187	174	0	2200
2681	162	0	2200
4099	174	0	2200
2859	162	0	2200
2314	66	0	2200
1816	174	0	2200
2272	1024	0	2200
65	66	0	1221
1244	1024	0	2200
65	66	0	1222
144	162	0	1371
4004	174	0	2200
2955	162	0	2200
4100	174	0	2200
2871	162	0	2200
4047	174	0	2200
1676	174	0	2200
1235	162	0	2200
1400	66	0	2200
2179	150	0	2200
594	174	0	2200
1860	142	0	2200
125	66	0	2194
1017	162	0	2200
4013	174	0	2200
1766	150	0	2200
1207	162	0	2200
1027	142	0	2200
3019	174	0	2200
212	158	0	2200
1235	86	0	2200
1397	174	0	2200
225	162	0	2200
2064	162	0	2200
1520	162	0	2200
597	174	0	2200
2266	202	0	2200
600	162	0	2200
3103	1024	0	2200
55	66	0	1214
1434	1024	0	2200
54	66	0	1214
148	150	0	1370
197	174	0	1516
939	1024	0	2200
41	66	0	1199
1448	1024	0	2200
40	66	0	1198
1130	1024	0	2200
40	66	0	1198
197	142	0	1428
188	162	0	1568
1005	1024	0	2200
40	66	0	1198
2210	66	0	2200
982	150	0	2200
1077	1024	0	2200
62	66	0	1210
179	174	0	1412
1045	1024	0	2200
59	66	0	1211
158	142	0	1382
2155	162	0	2200
2357	66	0	2200
3035	174	0	2200
1377	66	0	2200
1928	162	0	2200
4019	174	0	2200
2935	162	0	2200
4024	174	0	2200
4570	162	0	2200
4060	174	0	2200
2930	162	0	2200
1036	1024	0	2200
65	66	0	1222
1134	1024	0	2200
65	66	0	1222
1465	1024	0	2200
59	66	0	1210
1135	1024	0	2200
65	66	0	1221
166	174	0	1404
1072	1024	0	2200
64	66	0	1216
1502	1024	0	2200
54	66	0	1214
1319	1024	0	2200
54	66	0	1214
1174	66	0	2200
2098	1024	0	2200
40	66	0	1198
1151	1024	0	2200
40	66	0	1198
4536	66	0	2200
5940	66	0	2200
1203	66	0	2200
5700	64	0	2200
20705	1024	0	2200
66	66	0	1222
1228	1024	0	2200
65	66	0	1222
1484	1024	0	2200
65	66	0	1222
1322	1024	0	2200
65	66	0	1222
889	1024	0	2200
65	66	0	1222
912	1024	0	2200
65	66	0	1222
887	1024	0	2200
65	66	0	1222
904	1024	0	2200
65	66	0	1222
876	1024	0	2200
54	66	0	1215
910	1024	0	2200
54	66	0	1214
914	1024	0	2200
46	66	0	1209
943	1024	0	2200
65	66	0	1222
912	1024	0	2200
65	66	0	1222
867	1024	0	2200
47	66	0	1210
131	66	0	1341
189	66	0	1559
998	1024	0	2200
65	66	0	1222
924	1024	0	2200
65	66	0	1222
1092	1024	0	2200
54	66	0	1215
896	1024	0	2200
46	66	0	1209
906	1024	0	2200
46	66	0	1209
926	1024	0	2200
46	66	0	1209
932	1024	0	2200
55	66	0	1215
1120	1024	0	2200
47	66	0	1209
1188	66	0	2200
2024	1024	0	2200
65	66	0	1222
1128	1024	0	2200
65	66	0	1222
4945	66	0	2200
4467	66	0	2200
5292	150	0	2200
2200	142	0	2200
2803	162	0	2200
197	150	0	2200
2180	142	0	2200
1842	174	0	2200
3055	158	0	2200
3167	210	0	2200
1163	1024	0	2200
65	66	0	1222
1270	1024	0	2200
65	66	0	1222
1349	1024	0	2200
55	66	0	1214
924	1024	0	2200
65	66	0	1222
1075	1024	0	2200
65	66	0	1222
150	150	0	1381
940	1024	0	2200
65	66	0	1222
939	1024	0	2200
65	66	0	1222
367	142	0	1706
1613	1024	0	2200
55	66	0	1215
881	1024	0	2200
180	66	0	1410
1110	1024	0	2200
47	66	0	1209
156	150	0	1377
1471	1024	0	2200
65	66	0	1222
893	1024	0	2200
65	66	0	1222
366	142	0	1706
967	66	0	2200
2813	66	0	2200
474	158	0	2200
1375	1024	0	2200
65	66	0	1222
887	1024	0	2200
65	66	0	1222
888	1024	0	2200
65	66	0	1222
892	1024	0	2200
65	66	0	1222
301	334	0	1607
933	1024	0	2200
65	66	0	1222
1693	1024	0	2200
55	66	0	1215
1119	1024	0	2200
54	66	0	1214
1302	1024	0	2200
54	66	0	1214
1276	1024	0	2200
54	66	0	1214
225	150	0	1485
1308	1024	0	2200
47	66	0	1209
1621	142	0	2200
645	66	0	2200
2064	1024	0	2200
47	66	0	1209
1231	1024	0	2200
46	66	0	1209
329	158	0	1636
7269	1024	0	2200
49	190	0	1211
11128	66	0	2200
2272	150	0	2200
2220	142	0	2200
4190	158	0	2200
4274	338	0	2200
6640	150	0	2200
4130	142	0	2200
4179	158	0	2200
4641	434	0	2200
5559	150	0	2200
2573	66	0	2200
1501	90	0	2200
3097	150	0	2200
1867	162	0	2200
2363	90	0	2200
1616	154	0	2200
1564	90	0	2200
1610	142	0	2200
2516	162	0	2200
2989	162	0	2200
423	90	0	2200
2080	150	0	2200
3503	106	0	2200
4426	150	0	2200
2056	1024	0	2200
60	218	0	1214
2526	106	0	2200
4385	162	0	2200
5041	74	0	2200
3088	1024	0	2200
60	66	0	1214
1163	150	0	2200
2851	142	0	2200
908	150	0	2200
2226	150	0	2200
975	142	0	2200
2470	142	0	2200
1216	150	0	2200
4071	142	0	2200
3670	150	0	2200
419	162	0	2200
2202	142	0	2200
3751	150	0	2200
3051	142	0	2200
3529	150	0	2200
2878	142	0	2200
3619	150	0	2200
4492	142	0	2200
4967	1024	0	2200
60	494	0	1214
157	150	0	956
1119	1024	0	2200
60	134	0	1214
4028	142	0	2200
3651	150	0	2200
3923	142	0	2200
3880	150	0	2200
2547	142	0	2200
3655	150	0	2200
4151	142	0	2200
6243	66	0	2200
14943	154	0	2200
5390	1024	0	2200
60	66	0	1213
150	142	0	1372
4696	162	0	2200
1183	150	0	2200
3466	90	0	2200
3163	150	0	2200
4501	1024	0	2200
60	218	0	1214
74	90	0	1107
2522	150	0	2200
2300	142	0	2200
6739	150	0	2200
1198	150	0	2200
2289	90	0	2200
1370	106	0	2200
1863	150	0	2200
2587	150	0	2200
702	90	0	2200
4189	106	0	2200
367	162	0	2200
3390	174	0	2200
659	166	0	2200
2810	150	0	2200
2208	142	0	2200
270	74	0	2200
4223	150	0	2200
2882	142	0	2200
3140	150	0	2200
2781	142	0	2200
506	162	0	2200
4130	174	0	2200
1036	162	0	2200
3500	162	0	2200
4098	174	0	2200
2856	162	0	2200
4155	174	0	2200
1354	398	0	2200
1487	162	0	2200
4118	174	0	2200
2838	162	0	2200
4259	174	0	2200
2695	162	0	2200
4168	174	0	2200
2782	162	0	2200
3978	174	0	2200
1086	162	0	2200
1925	162	0	2200
2094	74	0	2200
2196	174	0	2200
1354	150	0	2200
1370	162	0	2200
922	142	0	2200
3247	162	0	2200
236	174	0	2200
2650	162	0	2200
2288	74	0	2200
1592	150	0	2200
383	174	0	2200
1848	150	0	2200
962	162	0	2200
517	90	0	2200
2663	90	0	2200
499	150	0	2200
2490	174	0	2200
285	150	0	2200
763	90	0	2200
2935	90	0	2200
363	162	0	2200
4123	150	0	2200
219	174	0	2200
2647	162	0	2200
586	142	0	2200
2751	150	0	2200
367	162	0	2200
632	174	0	2200
2731	162	0	2200
138	106	0	2200
121	74	0	2200
3411	150	0	2200
776	174	0	2200
314	150	0	2200
2281	142	0	2200
1767	162	0	2200
639	106	0	2200
1738	150	0	2200
2547	174	0	2200
319	162	0	2200
1523	142	0	2200
1998	162	0	2200
1131	158	0	2200
450	74	0	2200
3312	174	0	2200
1052	150	0	2200
2059	1024	0	2200
60	66	0	1214
161	174	0	1390
622	162	0	2150
1238	1024	0	2200
43	66	0	1202
1976	1024	0	2200
43	66	0	1203
168	162	0	1388
166	142	0	1475
731	174	0	2200
1020	1024	0	2200
43	66	0	1202
1973	1024	0	2200
43	66	0	1202
164	162	0	1381
1849	1024	0	2200
43	66	0	1202
103	74	0	1289
1599	66	0	2200
1052	174	0	2200
1584	1024	0	2200
43	66	0	1203
156	150	0	1371
1667	1024	0	2200
44	66	0	1203
746	162	0	2200
823	142	0	2200
3151	162	0	2200
593	174	0	2200
4123	162	0	2200
406	74	0	2200
3841	174	0	2200
834	66	0	2200
221	66	0	2200
1747	162	0	2200
4076	174	0	2200
2897	162	0	2200
4271	174	0	2200
2683	162	0	2200
3271	150	0	2200
871	174	0	2200
2855	162	0	2200
194	90	0	2200
3103	150	0	2200
771	174	0	2200
2722	90	0	2200
287	162	0	2200
4196	174	0	2200
2771	162	0	2200
4030	174	0	2200
1424	150	0	2200
1540	162	0	2200
3506	162	0	2200
3796	1024	0	2200
59	66	0	1214
1161	1024	0	2200
59	66	0	1213
81	106	0	1269
1214	1024	0	2200
59	66	0	1214
1232	1024	0	2200
59	66	0	1213
227	90	0	1487
1047	1024	0	2200
59	66	0	1213
1176	1024	0	2200
62	66	0	1208
137	150	0	1347
450	174	0	1872
596	66	0	2200
815	162	0	2200
2377	1024	0	2200
44	66	0	1203
163	162	0	1381
1048	1024	0	2200
43	66	0	1203
115	106	0	1309
1642	90	0	2200
1459	174	0	2200
1260	166	0	2200
1555	162	0	2200
3744	74	0	2200
626	174	0	2200
2620	162	0	2200
1164	150	0	2200
2856	174	0	2200
211	142	0	2200
2800	162	0	2200
4208	174	0	2200
2751	162	0	2200
3984	174	0	2200
2992	162	0	2200
803	150	0	2200
3269	174	0	2200
290	90	0	2200
3108	150	0	2200
1256	162	0	2200
2402	90	0	2200
1619	174	0	2200
2987	162	0	2200
4131	174	0	2200
4215	150	0	2200
294	162	0	2200
3389	106	0	2200
659	174	0	2200
3803	150	0	2200
817	162	0	2200
4210	150	0	2200
152	106	0	2200
202	174	0	2200
2997	90	0	2200
1144	162	0	2200
228	162	0	2200
1875	150	0	2200
2827	174	0	2200
377	74	0	2200
1678	90	0	2200
1787	162	0	2200
945	150	0	2200
1848	150	0	2200
1127	142	0	2200
334	174	0	2200
1135	142	0	2200
958	154	0	2200
859	162	0	2200
1786	158	0	2200
282	142	0	2200
390	162	0	2200
1891	174	0	2200
2726	162	0	2200
971	890	0	2200
187	162	0	1540
3076	174	0	2200
2287	74	0	2200
570	162	0	2200
4144	174	0	2200
500	154	0	2200
1550	150	0	2200
851	162	0	2200
326	142	0	2200
2726	142	0	2200
2800	174	0	2200
829	954	0	2200
202	158	0	1506
182	154	0	1620
1720	162	0	2200
871	142	0	2200
5224	162	0	2200
3841	74	0	2200
3263	1024	0	2200
60	434	0	1214
1375	174	0	2200
217	154	0	2200
2543	142	0	2200
1363	162	0	2200
3202	162	0	2200
915	174	0	2200
2883	162	0	2200
2863	74	0	2200
1318	174	0	2200
546	150	0	2200
2315	162	0	2200
930	142	0	2200
3505	174	0	2200
190	158	0	2200
2799	150	0	2200
1306	162	0	2200
2610	90	0	2200
3120	150	0	2200
3308	90	0	2200
6931	1024	0	2200
69	494	0	1212
657	826	0	1703
1501	174	0	2200
3775	162	0	2200
330	150	0	2200
3584	106	0	2200
245	174	0	2200
2911	162	0	2200
1390	150	0	2200
2739	174	0	2200
1871	106	0	2200
1027	162	0	2200
3500	162	0	2200
610	174	0	2200
2934	162	0	2200
1693	74	0	2200
2346	174	0	2200
1761	150	0	2200
336	150	0	2200
961	162	0	2200
2008	142	0	2200
1138	64	0	2200
1383	142	0	2200
2778	174	0	2200
184	150	0	2200
219	162	0	2200
2767	162	0	2200
177	142	0	2200
3534	158	0	2200
326	174	0	2200
3017	162	0	2200
5039	154	0	2200
2614	142	0	2200
5013	154	0	2200
2734	142	0	2200
4738	1024	0	2200
65	494	0	1222
152	154	0	957
1495	1024	0	2200
65	494	0	1222
1253	1024	0	2200
69	478	0	1227
123	142	0	933
3733	1024	0	2200
70	494	0	1221
1481	1024	0	2200
65	494	0	1222
157	162	0	964
1094	1024	0	2200
65	254	0	1221
157	174	0	1202
2775	74	0	2200
1018	162	0	2200
4029	174	0	2200
39413	150	0	2200
3127	142	0	2200
2353	1024	0	2200
65	66	0	1222
899	150	0	2200
1097	1024	0	2200
65	66	0	1221
1974	1024	0	2200
65	66	0	1222
1955	1024	0	2200
65	66	0	1222
1949	1024	0	2200
65	66	0	1222
1957	1024	0	2200
65	66	0	1221
1584	66	0	2200
2645	1024	0	2200
65	66	0	1222
1766	1024	0	2200
75	66	0	1220
326	150	0	1643
4140	166	0	2200
2282	90	0	2200
3102	150	0	2200
3401	90	0	2200
3157	66	0	2200
1781	162	0	2200
3369	106	0	2200
3193	174	0	2200
837	150	0	2200
345	150	0	2200
3457	106	0	2200
353	142	0	2200
3071	150	0	2200
1330	150	0	2200
3315	174	0	2200
452	142	0	2200
3043	158	0	2200
719	106	0	2200
913	166	0	2200
3412	162	0	2200
3043	174	0	2200
4146	150	0	2200
160	74	0	2200
4137	142	0	2200
255	150	0	2200
2805	142	0	2200
713	158	0	2200
2911	162	0	2200
1381	186	0	2200
1544	162	0	2200
1432	90	0	2200
4099	162	0	2200
2836	154	0	2200
2668	142	0	2200
147	90	0	2200
3177	522	0	2200
9582	1024	0	2200
67	494	0	1209
842	674	0	1978
4492	162	0	2200
5168	74	0	2200
622	150	0	2200
3670	90	0	2200
3098	150	0	2200
3406	90	0	2200
1623	158	0	2200
11149	150	0	2200
3509	106	0	2200
4416	150	0	2200
6385	1024	0	2200
67	494	0	1209
582	206	0	1600
272	154	0	1790
3091	142	0	2200
561	106	0	2200
281	154	0	2200
2614	142	0	2200
1502	162	0	2200
680	162	0	2200
5095	74	0	2200
3822	158	0	2200
1093	150	0	2200
3160	142	0	2200
1924	1024	0	2200
65	218	0	1222
1544	162	0	2200
3900	630	0	2200
1155	74	0	2200
7638	66	0	2200
2638	162	0	2200
3909	74	0	2200
5950	162	0	2200
6553	74	0	2200
17891	150	0	2200
3562	1024	0	2200
65	66	0	1222
95	90	0	1298
2433	86	0	2200
728	150	0	2200
737	66	0	2200
2241	162	0	2200
420	90	0	2200
12632	150	0	2200
3984	106	0	2200
4430	150	0	2200
5398	106	0	2200
4672	150	0	2200
3937	142	0	2200
2364	154	0	2200
1664	1024	0	2200
64	66	0	1222
2058	162	0	2200
375	142	0	2200
2912	162	0	2200
1641	162	0	2200
3322	174	0	2200
3552	150	0	2200
8237	1024	0	2200
64	218	0	1222
17587	1024	0	2200
79	494	0	1221
895	714	0	2070
3306	98	0	2200
938	162	0	2200
3352	158	0	2200
544	162	0	2200
2002	1024	0	2200
64	494	0	1222
901	714	0	2081
796	174	0	2200
480	74	0	2200
3094	162	0	2200
168	150	0	2200
5683	1024	0	2200
64	494	0	1222
916	714	0	2103
4183	162	0	2200
5819	1024	0	2200
64	494	0	1221
925	714	0	2116
2391	162	0	2200
4280	174	0	2200
2103	94	0	2200
2251	162	0	2200
1757	158	0	2200
2514	174	0	2200
1077	174	0	2200
1672	162	0	2200
2897	162	0	2200
1192	174	0	2200
699	150	0	2200
1930	174	0	2200
352	162	0	2200
1177	90	0	2200
2938	174	0	2200
184	162	0	2200
191	150	0	2200
2563	162	0	2200
764	174	0	2200
127	90	0	2167
3456	174	0	2200
849	150	0	2200
1862	162	0	2200
765	142	0	2200
3221	174	0	2200
344	158	0	2200
2142	150	0	2200
560	162	0	2200
1350	206	0	2200
1622	106	0	2200
1048	174	0	2200
2972	162	0	2200
192	162	0	2200
576	150	0	2200
4244	174	0	2200
379	106	0	2200
2443	174	0	2200
938	162	0	2200
1328	150	0	2200
2171	150	0	2200
767	174	0	2200
1057	142	0	2200
1501	142	0	2200
275	162	0	2200
3282	158	0	2200
1654	174	0	2200
267	162	0	2200
3453	162	0	2200
3999	174	0	2200
2951	162	0	2200
4120	174	0	2200
4252	1024	0	2200
63	66	0	1222
230	162	0	1500
1768	1024	0	2200
63	66	0	1222
2055	1024	0	2200
63	494	0	1222
942	1024	0	2142
64	66	0	1212
621	714	0	2078
203	174	0	1668
937	1024	0	2200
46	66	0	1203
146	154	0	1356
1183	1024	0	2200
38	66	0	1198
1984	1024	0	2200
45	66	0	1209
143	142	0	1357
192	162	0	1503
245	162	0	1708
1734	882	0	2200
113	66	0	1452
2513	1024	0	2200
45	66	0	1209
276	174	0	1557
1281	1024	0	2200
57	494	0	1211
937	1024	0	2123
63	66	0	1194
645	714	0	2096
176	154	0	1647
1115	162	0	2200
1464	142	0	2200
1164	162	0	2200
1471	174	0	2200
550	162	0	2200
2415	162	0	2200
1538	1024	0	2200
63	494	0	1222
907	714	0	2089
799	174	0	2200
2195	174	0	2200
1245	150	0	2200
197	162	0	2200
1841	162	0	2200
1413	166	0	2200
885	98	0	2200
1766	1024	0	2200
53	494	0	1214
1528	1024	0	2200
52	494	0	1214
596	714	0	1615
909	1024	0	2200
46	62	0	1209
161	162	0	1388
204	174	0	1532
557	66	0	2193
2394	162	0	2200
742	174	0	2200
3342	174	0	2200
1209	158	0	2200
1717	162	0	2200
2019	174	0	2200
2128	174	0	2200
2411	158	0	2200
471	162	0	2200
3007	174	0	2200
1271	174	0	2200
1082	150	0	2200
1139	150	0	2200
604	162	0	2200
2030	90	0	2200
494	82	0	2200
1522	174	0	2200
1129	150	0	2200
545	158	0	2200
1367	162	0	2200
1786	90	0	2200
556	174	0	2200
1998	174	0	2200
2510	158	0	2200
203	162	0	2200
3277	174	0	2200
906	174	0	2200
2798	162	0	2200
560	150	0	2200
190	150	0	2200
1550	162	0	2200
1079	142	0	2200
787	174	0	2200
938	106	0	2200
1864	158	0	2200
210	162	0	2200
1172	90	0	2200
1273	150	0	2200
1808	174	0	2200
1113	162	0	2200
1672	162	0	2200
180	106	0	2200
1703	90	0	2200
2454	1024	0	2200
45	394	0	1209
183	174	0	1090
185	158	0	1193
2362	162	0	2200
2672	74	0	2200
1453	174	0	2200
3200	150	0	2200
1361	162	0	2200
1589	142	0	2200
2425	174	0	2200
1703	150	0	2200
2319	162	0	2200
692	162	0	2200
584	90	0	2200
3838	174	0	2200
4211	162	0	2200
788	150	0	2200
3939	174	0	2200
2016	90	0	2200
1923	162	0	2200
4297	174	0	2200
1219	162	0	2200
1340	1024	0	2200
207	154	0	1437
1239	174	0	2200
432	162	0	2200
3130	150	0	2200
888	174	0	2200
1352	142	0	2200
1657	162	0	2200
4180	174	0	2200
2747	150	0	2200
192	162	0	2200
3650	90	0	2200
347	174	0	2200
2978	162	0	2200
175	150	0	2200
3612	90	0	2200
424	174	0	2200
2809	162	0	2200
4066	174	0	2200
2877	162	0	2200
2658	150	0	2200
1395	174	0	2200
2123	106	0	2200
851	162	0	2200
3599	150	0	2200
411	174	0	2200
2980	162	0	2200
1260	106	0	2200
2963	174	0	2200
1351	158	0	2200
1455	162	0	2200
3582	74	0	2200
656	174	0	2200
2753	162	0	2200
1375	150	0	2200
2713	174	0	2200
241	142	0	2200
2682	162	0	2200
3583	154	0	2200
615	162	0	2200
211	174	0	2200
1983	142	0	2200
704	162	0	2200
3954	514	0	2200
204	174	0	1944
2813	162	0	2200
4066	174	0	2200
2876	162	0	2200
3209	162	0	2200
1052	174	0	2200
1382	146	0	2200
1381	162	0	2200
1440	64	0	2200
2962	174	0	2200
2631	162	0	2200
1751	66	0	2200
2655	150	0	2200
984	174	0	2200
2837	90	0	2200
491	162	0	2200
2651	150	0	2200
1402	174	0	2200
2130	90	0	2200
838	162	0	2200
3998	174	0	2200
4580	162	0	2200
3252	150	0	2200
2592	174	0	2200
847	106	0	2200
3713	1024	0	2200
63	66	0	1222
156	162	0	1391
1052	1024	0	2200
63	66	0	1222
154	150	0	1387
1176	1024	0	2200
63	66	0	1222
1487	1024	0	2200
63	66	0	1221
1106	1024	0	2200
73	66	0	1220
1200	1024	0	2200
63	66	0	1222
95	106	0	1298
1056	66	0	2200
3137	1024	0	2200
45	66	0	1202
1156	1024	0	2200
53	66	0	1214
156	150	0	1382
191	174	0	1519
3376	162	0	2200
537	142	0	2200
3494	174	0	2200
1289	162	0	2200
1719	162	0	2200
3960	174	0	2200
2315	66	0	2200
685	162	0	2200
4683	174	0	2200
623	410	0	2200
3679	162	0	2200
4775	1024	0	2200
64	494	0	1222
167	174	0	978
787	714	0	1986
2892	162	0	2200
1317	162	0	2200
3961	1024	0	2200
64	66	0	1222
1145	1024	0	2200
63	66	0	1222
1237	1024	0	2200
63	494	0	1222
897	1024	0	2074
63	66	0	1144
580	714	0	1949
941	1024	0	2200
63	66	0	1222
962	1024	0	2200
53	66	0	1215
1503	1024	0	2200
52	66	0	1214
544	174	0	1964
612	66	0	2200
219	162	0	2200
3005	1024	0	2200
45	66	0	1209
1157	1024	0	2200
45	66	0	1209
1696	1024	0	2200
45	494	0	1209
923	714	0	2101
3685	66	0	2200
551	162	0	2200
6125	1024	0	2200
64	494	0	1222
912	714	0	2097
18153	1024	0	2200
64	66	0	1222
1126	1024	0	2200
64	66	0	1222
1244	1024	0	2200
64	66	0	1222
1213	1024	0	2200
64	66	0	1222
1210	1024	0	2200
63	66	0	1222
1207	1024	0	2200
63	66	0	1222
1111	66	0	2200
3029	1024	0	2200
63	66	0	1222
1130	1024	0	2200
63	66	0	1222
6694	86	0	2200
2603	66	0	2200
882	70	0	2200
369	66	0	2200
10607	1024	0	2200
90	66	0	1231
1112	1024	0	2200
63	66	0	1222
1246	1024	0	2200
63	66	0	1222
1206	1024	0	2200
63	66	0	1221
673	122	0	2165
942	1024	0	2200
63	66	0	1222
885	1024	0	2200
63	66	0	1222
898	1024	0	2200
57	66	0	1211
1038	1024	0	2200
57	66	0	1210
103	66	0	1299
1921	1024	0	2200
57	66	0	1211
1502	1024	0	2200
57	66	0	1211
908	1024	0	2200
57	66	0	1211
913	1024	0	2200
57	66	0	1211
901	1024	0	2200
66	66	0	1209
908	1024	0	2200
60	66	0	1216
905	1024	0	2200
63	66	0	1221
897	1024	0	2200
53	66	0	1215
901	1024	0	2200
52	66	0	1214
80	66	0	1267
936	1024	0	2200
46	66	0	1209
906	1024	0	2200
45	66	0	1209
905	1024	0	2200
45	66	0	1209
926	1024	0	2200
44	66	0	1209
909	1024	0	2200
38	66	0	1198
166	162	0	1380
212	66	0	1536
3758	1024	0	2200
49	66	0	1209
103	66	0	1297
1145	1024	0	2200
45	66	0	1209
3460	174	0	2200
1981	66	0	2200
4311	64	0	2200
2932	1024	0	2200
52	66	0	1214
1178	1024	0	2200
63	66	0	1222
1237	1024	0	2200
64	66	0	1210
1433	1024	0	2200
61	66	0	1210
1746	1024	0	2200
46	66	0	1203
1607	1024	0	2200
57	66	0	1222
1121	66	0	2200
4019	1024	0	2200
64	66	0	1222
1119	1024	0	2200
63	66	0	1222
1217	1024	0	2200
63	66	0	1222
1220	1024	0	2200
64	66	0	1222
142	162	0	1369
1224	1024	0	2200
63	66	0	1222
1089	1024	0	2200
72	66	0	1221
1409	1024	0	2200
63	66	0	1222
55	66	0	1237
1104	1024	0	2200
63	66	0	1222
2206	1024	0	2200
72	66	0	1235
1107	1024	0	2200
64	66	0	1222
4607	66	0	2200
6260	1024	0	2200
64	494	0	1222
928	714	0	2121
3270	66	0	2200
972	162	0	2200
6295	1024	0	2200
80	494	0	1221
1573	714	0	2200
3893	162	0	2200
3768	1024	0	2200
63	66	0	1222
1133	1024	0	2200
64	66	0	1222
1235	1024	0	2200
64	494	0	1222
905	1024	0	2086
63	66	0	1156
588	714	0	1972
946	1024	0	2200
72	66	0	1235
968	1024	0	2200
63	66	0	1221
1486	1024	0	2200
63	66	0	1222
1108	66	0	2200
287	162	0	2200
2800	1024	0	2200
63	66	0	1222
1204	1024	0	2200
63	66	0	1222
2074	1024	0	2200
63	494	0	1222
904	714	0	2086
6541	162	0	2200
6099	1024	0	2200
63	494	0	1222
853	534	0	2008
1153	162	0	2200
3979	90	0	2200
4293	162	0	2200
5295	90	0	2200
3898	154	0	2200
1226	162	0	2200
2153	142	0	2200
5214	162	0	2200
4363	118	0	2200
7880	1024	0	2200
62	218	0	1222
23726	86	0	2200
3571	162	0	2200
16895	134	0	2200
7633	134	0	2200
5271	142	0	2200
12015	130	0	2200
3880	154	0	2200
1099	138	0	2200
1055	162	0	2200
1010	142	0	2200
3293	146	0	2200
3867	162	0	2200
12097	1024	0	2200
63	218	0	1222
24239	130	0	2200
4950	122	0	2200
681	150	0	2200
2367	142	0	2200
5566	158	0	2200
8352	1024	0	2200
62	494	0	1222
298	338	0	1175
1694	130	0	2200
5123	146	0	2200
4794	162	0	2200
1128	174	0	2200
1858	130	0	2200
2693	162	0	2200
2110	150	0	2200
2005	174	0	2200
2884	162	0	2200
2395	130	0	2200
1705	174	0	2200
2890	162	0	2200
408	126	0	2200
3745	174	0	2200
2832	162	0	2200
2055	130	0	2200
2347	174	0	2200
2587	162	0	2200
170	130	0	2200
3610	162	0	2200
296	174	0	2200
1599	158	0	2200
1388	162	0	2200
183	130	0	2200
1508	82	0	2200
2332	174	0	2200
1450	150	0	2200
238	134	0	2200
1383	162	0	2200
738	142	0	2200
3626	174	0	2200
206	150	0	2200
1442	130	0	2200
778	142	0	2200
303	162	0	2200
4071	174	0	2200
133	106	0	2186
598	158	0	2200
2187	162	0	2200
4546	1024	0	2200
51	494	0	1214
151	130	0	946
191	174	0	1101
652	714	0	1905
1282	1024	0	2200
37	494	0	1198
1008	654	0	2200
948	162	0	2200
4000	174	0	2200
794	150	0	2200
2178	162	0	2200
4109	174	0	2200
1252	130	0	2200
1642	162	0	2200
3826	138	0	2200
414	174	0	2200
2746	162	0	2200
3997	174	0	2200
190	130	0	2200
2798	162	0	2200
2252	106	0	2200
1766	174	0	2200
2962	162	0	2200
2055	130	0	2200
1995	174	0	2200
2938	162	0	2200
189	158	0	2200
144	114	0	2200
2657	82	0	2200
1132	174	0	2200
2918	162	0	2200
349	130	0	2200
198	170	0	2200
3582	174	0	2200
930	174	0	2200
579	110	0	2200
1473	162	0	2200
2573	174	0	2200
1537	174	0	2200
1326	130	0	2200
1589	162	0	2200
3345	106	0	2200
889	174	0	2200
2772	162	0	2200
3553	130	0	2200
470	174	0	2200
2970	162	0	2200
1791	102	0	2200
2463	174	0	2200
2731	162	0	2200
4098	174	0	2200
2847	162	0	2200
1040	174	0	2200
2721	130	0	2200
269	174	0	2200
1203	170	0	2200
1786	162	0	2200
1566	174	0	2200
194	102	0	2200
2517	174	0	2200
993	1024	0	2200
67	66	0	1222
109	150	0	1319
1857	1024	0	2200
38	66	0	1198
169	162	0	1386
367	142	0	1774
1543	1024	0	2200
56	66	0	1211
133	130	0	1344
1877	1024	0	2200
55	66	0	1211
336	174	0	1649
1670	1024	0	2200
62	66	0	1222
432	162	0	1805
762	162	0	2200
930	1024	0	2200
62	66	0	1222
1581	66	0	2200
1575	174	0	2200
1049	1024	0	2200
62	66	0	1222
1759	1024	0	2200
62	66	0	1222
143	162	0	1369
3170	138	0	2200
940	174	0	2200
2865	162	0	2200
1479	162	0	2200
1866	130	0	2200
909	174	0	2200
930	66	0	2200
2219	1024	0	2200
52	494	0	1214
155	162	0	951
783	714	0	1963
1483	142	0	2200
2848	174	0	2200
200	162	0	2200
3355	162	0	2200
887	130	0	2200
1747	1024	0	2200
45	494	0	1209
923	714	0	2100
1379	174	0	2200
1014	130	0	2200
1889	162	0	2200
940	162	0	2200
1845	1024	0	2200
62	494	0	1222
1535	1024	0	2200
48	494	0	1210
1279	1024	0	2200
44	494	0	1209
618	666	0	1642
222	174	0	1309
1386	1024	0	2200
62	494	0	1222
126	130	0	916
943	714	0	2200
2422	162	0	2200
1617	142	0	2200
2029	162	0	2200
527	174	0	2200
4460	162	0	2200
262	130	0	2200
1595	1024	0	2200
53	494	0	1215
914	714	0	2093
1378	174	0	2200
1087	134	0	2200
1815	162	0	2200
190	162	0	2200
2184	162	0	2200
1796	174	0	2200
1250	130	0	2200
2215	1024	0	2200
62	494	0	1222
324	162	0	1214
142	90	0	1263
1213	714	0	2200
2938	162	0	2200
743	174	0	2200
298	162	0	2200
1197	130	0	2200
2275	162	0	2200
546	90	0	2200
1958	1024	0	2200
63	494	0	1222
913	714	0	2099
818	174	0	2200
616	130	0	2200
2206	162	0	2200
913	162	0	2200
1909	122	0	2200
1187	174	0	2200
2899	1024	0	2200
62	494	0	1222
157	162	0	963
801	714	0	2003
1879	130	0	2200
2493	174	0	2200
2663	142	0	2200
871	162	0	2200
4131	1024	0	2200
62	66	0	1222
1228	1024	0	2200
62	66	0	1222
166	174	0	1404
1100	1024	0	2200
62	66	0	1221
125	130	0	1343
1135	1024	0	2200
53	66	0	1215
1230	1024	0	2200
51	66	0	1214
151	162	0	1374
1096	1024	0	2200
45	66	0	1209
2363	66	0	2200
691	174	0	2200
2305	1024	0	2200
44	66	0	1209
1236	1024	0	2200
43	66	0	1209
163	162	0	1387
3776	150	0	2200
329	174	0	2200
2894	162	0	2200
3970	174	0	2200
201	130	0	2200
2788	162	0	2200
3292	162	0	2200
698	122	0	2200
201	174	0	2200
2839	162	0	2200
3162	1024	0	2200
62	494	0	1222
909	714	0	2092
181	130	0	1649
659	174	0	2200
3646	162	0	2200
188	162	0	2200
533	122	0	2200
3705	174	0	2200
1638	66	0	2200
1367	1024	0	2200
62	494	0	1222
156	162	0	962
173	130	0	1060
961	714	0	2200
4011	134	0	2200
213	174	0	2200
188	162	0	2200
3204	162	0	2200
2669	1024	0	2200
62	494	0	1222
905	714	0	2086
275	130	0	1785
567	174	0	2200
2624	162	0	2200
1019	162	0	2200
799	106	0	2200
2264	174	0	2200
2866	1024	0	2200
62	494	0	1222
156	162	0	962
802	714	0	2004
1286	130	0	2200
3132	174	0	2200
2323	114	0	2200
1153	162	0	2200
4033	174	0	2200
1818	130	0	2200
1130	162	0	2200
3808	106	0	2200
222	174	0	2200
2958	162	0	2200
3937	174	0	2200
174	130	0	2200
2890	162	0	2200
219	162	0	2200
3013	138	0	2200
829	174	0	2200
2279	1024	0	2200
61	494	0	1222
666	162	0	1727
935	714	0	2200
2559	130	0	2200
1277	174	0	2200
193	162	0	2200
3379	138	0	2200
388	162	0	2200
2140	1024	0	2200
61	494	0	1222
907	714	0	2090
1401	174	0	2200
2418	130	0	2200
602	162	0	2200
4654	142	0	2200
1195	1024	0	2200
61	334	0	1222
10783	130	0	2200
6509	146	0	2200
12032	130	0	2200
6423	126	0	2200
3076	1024	0	2200
61	66	0	1222
1230	1024	0	2200
61	66	0	1222
1230	1024	0	2200
61	66	0	1222
1250	1024	0	2200
61	66	0	1222
377	130	0	1722
967	1024	0	2200
61	66	0	1222
1123	1024	0	2200
61	66	0	1222
2260	66	0	2200
2951	1024	0	2200
55	66	0	1211
1257	1024	0	2200
61	66	0	1222
5621	130	0	2200
6091	66	0	2200
1362	130	0	2200
526	162	0	2200
3068	162	0	2200
1243	146	0	2200
585	122	0	2200
2206	174	0	2200
4674	130	0	2200
4987	110	0	2200
7186	130	0	2200
8091	134	0	2200
7158	130	0	2200
4794	150	0	2200
7242	130	0	2200
398	150	0	2200
4246	90	0	2200
3091	150	0	2200
3422	90	0	2200
4506	118	0	2200
6954	130	0	2200
1058	150	0	2200
3663	106	0	2200
4492	150	0	2200
1785	142	0	2200
2764	106	0	2200
4479	130	0	2200
598	150	0	2200
3929	142	0	2200
591	130	0	2200
4306	162	0	2200
2746	130	0	2200
5189	110	0	2200
3758	1024	0	2200
61	66	0	1222
1955	1024	0	2200
61	66	0	1222
1145	130	0	2200
931	1024	0	2200
61	66	0	1222
1886	1024	0	2200
61	66	0	1222
1948	1024	0	2200
61	66	0	1222
1951	1024	0	2200
61	66	0	1222
1545	66	0	2200
2618	1024	0	2200
51	66	0	1214
1790	1024	0	2200
61	66	0	1222
122	106	0	1339
3066	1024	0	2200
71	494	0	1221
126	154	0	916
950	714	0	2188
2686	130	0	2200
827	142	0	2200
713	162	0	2200
3623	106	0	2200
2251	1024	0	2200
61	494	0	1222
156	162	0	962
811	714	0	2016
3610	130	0	2200
680	162	0	2200
4494	102	0	2200
1463	1024	0	2200
61	494	0	1222
52	66	0	806
894	714	0	2082
3203	1024	0	2200
61	218	0	1222
1097	162	0	2200
225	130	0	2200
5651	1024	0	2200
61	494	0	1222
115	106	0	900
850	714	0	2070
5950	130	0	2200
5060	134	0	2200
7278	130	0	2200
6638	138	0	2200
7115	130	0	2200
4754	126	0	2200
187	158	0	2200
3414	162	0	2200
121	74	0	2175
3252	130	0	2200
976	162	0	2200
558	90	0	2200
2162	174	0	2200
1985	162	0	2200
3536	90	0	2200
4342	138	0	2200
202	162	0	2200
2611	174	0	2200
3244	64	0	2200
1339	130	0	2200
1061	150	0	2200
2256	142	0	2200
1813	138	0	2200
8005	130	0	2200
5023	126	0	2200
6910	130	0	2200
1355	154	0	2200
302	166	0	2200
1867	162	0	2200
794	174	0	2200
411	142	0	2200
695	134	0	2200
4630	162	0	2200
2684	130	0	2200
499	162	0	2200
2636	174	0	2200
2163	122	0	2200
4484	1024	0	2200
61	218	0	1222
1269	338	0	2200
218	166	0	2143
1133	130	0	2200
1679	174	0	2200
1640	162	0	2200
1946	122	0	2200
2472	146	0	2200
1930	162	0	2200
2783	130	0	2200
277	174	0	2200
4989	106	0	2200
954	150	0	2200
2238	166	0	2200
1505	90	0	2200
1286	174	0	2200
1601	130	0	2200
289	150	0	2200
4276	90	0	2200
1307	166	0	2200
2639	174	0	2200
2158	130	0	2200
6140	170	0	2200
659	150	0	2200
268	162	0	2200
1886	174	0	2200
375	126	0	2200
1880	174	0	2200
515	106	0	2200
4046	162	0	2200
402	150	0	2200
4056	174	0	2200
654	106	0	2200
1918	162	0	2200
2741	150	0	2200
1348	174	0	2200
2615	142	0	2200
313	162	0	2200
3422	166	0	2200
711	174	0	2200
317	162	0	2200
1655	174	0	2200
939	162	0	2200
4317	174	0	2200
1918	122	0	2200
746	162	0	2200
805	170	0	2200
2621	174	0	2200
613	174	0	2200
2747	64	0	2200
247	162	0	2200
3974	174	0	2200
239	150	0	2200
2203	142	0	2200
576	162	0	2200
111	64	0	2173
1879	64	0	2200
2407	174	0	2200
2300	64	0	2200
220	166	0	2200
216	162	0	2200
2412	174	0	2200
1251	1024	0	2200
45	494	0	1210
463	174	0	1411
625	714	0	2175
2281	162	0	2200
2071	162	0	2200
1006	162	0	2200
1146	174	0	2200
1490	174	0	2200
2295	1024	0	2200
61	494	0	1222
146	162	0	947
908	714	0	2148
4198	174	0	2200
523	162	0	2200
268	166	0	2200
2604	174	0	2200
224	162	0	2200
2532	1024	0	2200
54	494	0	1211
915	714	0	2090
802	174	0	2200
2758	162	0	2200
538	166	0	2200
388	162	0	2200
2348	174	0	2200
1060	174	0	2200
2849	1024	0	2200
35	494	0	1198
192	162	0	992
780	714	0	2001
4358	174	0	2200
3479	162	0	2200
3984	174	0	2200
4613	162	0	2200
3915	170	0	2200
210	174	0	2200
2337	174	0	2200
555	162	0	2200
427	150	0	2200
3772	174	0	2200
139	90	0	2191
2684	162	0	2200
330	162	0	2200
279	150	0	2200
2347	174	0	2200
1155	174	0	2200
130	90	0	2179
2833	162	0	2200
4052	174	0	2200
193	166	0	2200
2733	162	0	2200
984	174	0	2200
2627	150	0	2200
619	174	0	2200
3283	106	0	2200
1168	162	0	2200
182	166	0	2200
2597	174	0	2200
554	150	0	2200
740	174	0	2200
4147	106	0	2200
491	162	0	2200
1029	64	0	2200
2992	158	0	2200
289	174	0	2200
3898	166	0	2200
493	162	0	2200
609	74	0	2200
1529	174	0	2200
2019	174	0	2200
1112	150	0	2200
1766	162	0	2200
1116	142	0	2200
1870	166	0	2200
1238	174	0	2200
1395	174	0	2200
1428	162	0	2200
4194	174	0	2200
2612	166	0	2200
195	162	0	2200
2414	174	0	2200
1679	174	0	2200
258	64	0	2200
2666	162	0	2200
118	64	0	2185
3337	162	0	2200
731	174	0	2200
1856	174	0	2200
126	64	0	2172
972	162	0	2200
3988	174	0	2200
672	64	0	2200
2314	162	0	2200
196	166	0	2200
2543	174	0	2200
1491	174	0	2200
2775	1024	0	2200
57	66	0	1227
158	162	0	1398
1861	1024	0	2200
48	66	0	1214
1969	1024	0	2200
48	66	0	1214
184	174	0	1423
1836	1024	0	2200
41	66	0	1202
1408	1024	0	2200
41	66	0	1202
939	1024	0	2200
41	66	0	1202
176	162	0	1399
931	1024	0	2200
35	66	0	1198
1124	162	0	2200
940	1024	0	2200
34	66	0	1197
918	1024	0	2200
34	66	0	1197
922	1024	0	2200
34	66	0	1197
917	1024	0	2200
34	66	0	1197
185	174	0	1408
191	174	0	1520
1103	66	0	2200
1568	162	0	2200
981	1024	0	2200
35	66	0	1198
1782	1024	0	2200
34	66	0	1197
96	66	0	1275
1251	174	0	2200
1760	1024	0	2200
34	66	0	1197
173	166	0	1390
1113	1024	0	2200
35	66	0	1198
169	162	0	1385
1423	174	0	2200
2656	174	0	2200
2188	162	0	2200
749	162	0	2200
3380	150	0	2200
2211	142	0	2200
1264	174	0	2200
1172	66	0	2200
1130	158	0	2200
1222	162	0	2200
5640	1024	0	2200
53	222	0	1217
178	174	0	1261
4415	162	0	2200
4206	174	0	2200
1668	878	0	2200
2782	162	0	2200
2374	162	0	2200
426	66	0	2200
1418	174	0	2200
2508	146	0	2200
1978	162	0	2200
4318	174	0	2200
1161	86	0	2200
3136	162	0	2200
523	162	0	2200
3185	150	0	2200
443	174	0	2200
1281	158	0	2200
1603	162	0	2200
399	90	0	2200
1473	162	0	2200
99	74	0	2144
1589	150	0	2200
2063	158	0	2200
580	90	0	2200
283	174	0	2200
2611	74	0	2200
490	90	0	2200
971	162	0	2200
190	162	0	2200
3502	90	0	2200
11945	150	0	2200
358	162	0	2200
2874	174	0	2200
658	174	0	2200
173	106	0	2200
2271	162	0	2200
2187	150	0	2200
1013	150	0	2200
1821	174	0	2200
414	142	0	2200
1535	106	0	2200
1781	162	0	2200
2851	150	0	2200
3494	174	0	2200
505	142	0	2200
3458	162	0	2200
1175	162	0	2200
4464	174	0	2200
2936	150	0	2200
190	162	0	2200
1937	64	0	2200
182	142	0	2200
1962	85	0	2200
285	174	0	2200
2703	162	0	2200
5099	174	0	2200
3482	162	0	2200
5204	1024	0	2200
55	494	0	1215
174	174	0	981
782	714	0	1980
4118	162	0	2200
293	162	0	2200
5151	722	0	2200
209	174	0	1748
2998	162	0	2200
959	66	0	2200
4923	174	0	2200
2762	162	0	2200
4066	174	0	2200
4143	150	0	2200
418	162	0	2200
3440	90	0	2200
609	174	0	2200
2530	150	0	2200
2084	162	0	2200
1166	90	0	2200
2889	174	0	2200
4571	162	0	2200
5195	150	0	2200
3437	1024	0	2200
55	66	0	1215
87	106	0	1278
1104	1024	0	2200
55	66	0	1215
1417	1024	0	2200
45	66	0	1207
1131	1024	0	2200
39	66	0	1203
1220	1024	0	2200
39	66	0	1203
158	150	0	1373
1184	1024	0	2200
38	66	0	1203
204	174	0	1444
972	66	0	2200
2301	106	0	2200
945	1024	0	2200
44	66	0	1207
170	162	0	1395
991	1024	0	2200
44	66	0	1207
2254	158	0	2200
106	66	0	2164
2452	174	0	2200
2536	74	0	2200
382	162	0	2200
4093	174	0	2200
255	150	0	2200
2648	162	0	2200
234	142	0	2200
12035	1024	0	2200
47	66	0	1208
1158	1024	0	2200
54	66	0	1214
1329	1024	0	2200
64	66	0	1212
1565	1024	0	2200
54	66	0	1214
1097	1024	0	2200
46	66	0	1208
1213	1024	0	2200
39	66	0	1203
950	174	0	2200
211	66	0	2200
3055	1024	0	2200
38	66	0	1203
1157	1024	0	2200
39	66	0	1203
2732	150	0	2200
1310	198	0	2200
2488	90	0	2200
1539	162	0	2200
1630	150	0	2200
3294	90	0	2200
230	74	0	2200
12564	150	0	2200
3495	106	0	2200
4401	150	0	2200
4558	106	0	2200
3938	64	0	2200
571	166	0	2200
5147	142	0	2200
90	74	0	2150
4371	150	0	2200
2882	142	0	2200
4731	64	0	2200
9407	158	0	2200
1542	162	0	2200
1818	74	0	2200
257	150	0	2200
3484	174	0	2200
224	158	0	2200
140	90	0	2200
3235	150	0	2200
96	74	0	2151
3257	158	0	2200
105	90	0	2156
3348	74	0	2200
4247	158	0	2200
4633	74	0	2200
469	150	0	2200
3523	158	0	2200
154	106	0	2200
3906	570	0	2200
585	150	0	2200
501	74	0	2200
977	570	0	2200
3162	106	0	2200
586	570	0	2200
1953	570	0	2200
91	66	0	1728
1747	158	0	2200
1907	570	0	2200
1974	570	0	2200
1194	74	0	2200
4268	570	0	2200
1970	570	0	2200
1390	150	0	2200
2899	142	0	2200
4219	162	0	2200
10371	1024	0	2200
55	66	0	1214
5740	66	0	2200
4736	1024	0	2200
55	66	0	1215
1965	1024	0	2200
55	66	0	1215
1972	1024	0	2200
54	66	0	1214
1969	1024	0	2200
54	66	0	1214
1242	1024	0	2200
54	494	0	1215
894	1024	0	2062
46	66	0	1106
1785	1024	0	2200
38	66	0	1203
520	606	0	1917
1671	66	0	2200
2507	1024	0	2200
48	66	0	1210
1788	1024	0	2200
54	66	0	1215
10133	150	0	2200
4486	90	0	2200
3018	1024	0	2200
54	66	0	1214
150	150	0	1373
3206	66	0	2200
225	90	0	2200
8978	158	0	2200
3457	74	0	2200
306	150	0	2200
2173	66	0	2200
1359	158	0	2200
1909	106	0	2200
1454	74	0	2200
2978	150	0	2200
898	150	0	2200
3593	90	0	2200
149	106	0	2200
3148	150	0	2200
1466	158	0	2200
1821	90	0	2200
3242	74	0	2200
1598	158	0	2200
4035	1024	0	2200
54	66	0	1214
152	150	0	1375
3065	142	0	2200
559	66	0	2200
6602	162	0	2200
10083	162	0	2200
3415	1024	0	2200
55	494	0	1215
1480	1024	0	2200
54	450	0	1214
1816	1024	0	2200
55	66	0	1215
68	90	0	1249
419	74	0	1786
2030	1024	0	2200
38	66	0	1202
972	1024	0	2200
54	66	0	1214
1124	1024	0	2200
45	66	0	1207
155	162	0	1373
939	1024	0	2200
40	66	0	1204
1008	1024	0	2200
38	66	0	1202
1713	90	0	2200
1227	158	0	2200
8765	64	0	2200
30007	174	0	2200
3558	162	0	2200
5653	154	0	2200
3162	142	0	2200
4717	150	0	2200
729	162	0	2200
3182	90	0	2200
3104	150	0	2200
3304	90	0	2200
3758	1024	0	2200
55	218	0	1215
5873	1024	0	2200
56	494	0	1216
1487	1024	0	2200
46	494	0	1208
1272	1024	0	2200
45	494	0	1207
1504	1024	0	2200
39	494	0	1203
186	150	0	988
1278	1024	0	2200
54	494	0	1214
783	938	0	1895
1593	106	0	2200
4410	150	0	2200
4543	106	0	2200
552	162	0	2200
3759	158	0	2200
4995	74	0	2200
4670	150	0	2200
2925	142	0	2200
4517	162	0	2200
7410	1024	0	2200
55	494	0	1215
1477	1024	0	2200
46	494	0	1209
1275	1024	0	2200
39	494	0	1203
1251	1024	0	2200
38	494	0	1203
1263	1024	0	2200
42	494	0	1203
350	398	0	1234
1274	1024	0	2200
38	494	0	1203
170	162	0	962
805	938	0	2009
10402	66	0	2200
2399	64	0	2200
19557	150	0	2200
1726	106	0	2200
3157	90	0	2200
3090	150	0	2200
732	64	0	2200
2725	90	0	2200
4537	64	0	2200
8036	150	0	2200
3459	106	0	2200
2099	1024	0	2200
54	66	0	1215
1121	1024	0	2200
39	66	0	1203
1254	1024	0	2200
55	66	0	1215
1198	1024	0	2200
54	66	0	1214
133	150	0	1346
1112	1024	0	2200
38	66	0	1202
1264	1024	0	2200
63	66	0	1212
1112	66	0	2200
1139	106	0	2200
2028	1024	0	2200
55	66	0	1215
1061	1024	0	2200
54	66	0	1215
1232	162	0	2200
1119	66	0	2200
4185	74	0	2200
898	154	0	2200
3412	142	0	2200
201	150	0	2200
2740	142	0	2200
4175	162	0	2200
1398	162	0	2200
8348	1024	0	2200
47	66	0	1209
1172	1024	0	2200
54	66	0	1215
1217	1024	0	2200
54	66	0	1215
1192	1024	0	2200
45	66	0	1208
1224	1024	0	2200
51	66	0	1203
1211	1024	0	2200
38	66	0	1202
1125	66	0	2200
3110	1024	0	2200
42	66	0	1205
1142	1024	0	2200
39	66	0	1203
3953	486	0	2200
1629	1024	0	2200
55	218	0	1215
2541	66	0	2200
7009	162	0	2200
6024	1024	0	2200
55	494	0	1215
1552	1024	0	2200
55	494	0	1215
158	142	0	958
4658	162	0	2200
4696	1024	0	2200
54	66	0	1215
1148	1024	0	2200
55	66	0	1215
1192	1024	0	2200
45	66	0	1208
1226	1024	0	2200
38	66	0	1202
1239	1024	0	2200
38	66	0	1203
1220	1024	0	2200
38	66	0	1203
151	150	0	1362
950	146	0	2200
118	66	0	2200
3184	1024	0	2200
38	66	0	1202
115	106	0	1308
1075	1024	0	2200
38	66	0	1203
3356	150	0	2200
3273	162	0	2200
1321	106	0	2200
774	66	0	2200
3341	74	0	2200
567	150	0	2200
3907	142	0	2200
3980	1024	0	2200
54	66	0	1215
843	162	0	2200
1143	1024	0	2200
54	66	0	1215
1968	1024	0	2200
55	66	0	1215
1965	1024	0	2200
59	66	0	1222
1268	1024	0	2200
45	66	0	1208
910	1024	0	2200
49	66	0	1210
901	1024	0	2200
39	66	0	1204
907	1024	0	2200
39	66	0	1203
915	1024	0	2200
39	66	0	1203
914	1024	0	2200
38	66	0	1202
84	66	0	1261
939	1024	0	2200
38	66	0	1202
910	1024	0	2200
38	66	0	1202
910	1024	0	2200
38	66	0	1203
641	66	0	2099
923	1024	0	2200
38	66	0	1203
485	162	0	1864
1691	1024	0	2200
38	66	0	1202
1206	1024	0	2200
39	66	0	1203
1246	1024	0	2200
38	494	0	1203
555	170	0	1542
1371	174	0	2200
1383	66	0	2200
1859	278	0	2200
5965	162	0	2200
2064	66	0	2200
1252	86	0	2200
1584	150	0	2200
1404	174	0	2200
605	162	0	2200
1935	106	0	2200
915	1024	0	2200
45	66	0	1208
1188	1024	0	2200
38	66	0	1203
164	162	0	1382
1126	1024	0	2200
54	66	0	1214
1277	1024	0	2200
45	66	0	1207
144	150	0	1356
1371	1024	0	2200
39	66	0	1203
1132	1024	0	2200
39	66	0	1203
1128	66	0	2200
979	106	0	2200
2236	1024	0	2200
40	66	0	1204
1153	1024	0	2200
38	66	0	1202
175	174	0	1398
1108	150	0	2200
1042	66	0	2200
2897	142	0	2200
2941	162	0	2200
1943	162	0	2200
2326	174	0	2200
4347	162	0	2200
5281	174	0	2200
1539	142	0	2200
3031	1024	0	2200
46	494	0	1209
169	150	0	968
682	566	0	1841
150	162	0	1500
934	1024	0	2200
39	66	0	1203
231	162	0	1483
1495	1024	0	2200
39	66	0	1203
1540	1024	0	2200
45	66	0	1207
88	90	0	1272
1028	1024	0	2200
39	66	0	1203
145	142	0	1354
998	1024	0	2200
38	66	0	1202
945	1024	0	2200
43	66	0	1202
1061	162	0	2200
802	66	0	2200
221	174	0	2200
2202	90	0	2200
930	1024	0	2200
39	66	0	1203
1162	1024	0	2200
39	66	0	1203
2797	162	0	2200
2727	150	0	2200
1319	174	0	2200
1502	66	0	2200
975	106	0	2200
2267	162	0	2200
2337	150	0	2200
2073	174	0	2200
2530	106	0	2200
4615	150	0	2200
2072	162	0	2200
1894	142	0	2200
2494	174	0	2200
2371	162	0	2200
6762	162	0	2200
6630	1024	0	2200
54	66	0	1214
1133	1024	0	2200
55	66	0	1215
1220	1024	0	2200
54	66	0	1214
1217	1024	0	2200
59	66	0	1214
1415	1024	0	2200
54	66	0	1215
1110	1024	0	2200
56	66	0	1222
1037	174	0	2200
121	66	0	2172
1518	1024	0	2200
39	494	0	1203
667	278	0	1710
1067	1024	0	2200
38	66	0	1202
2139	1024	0	2200
38	66	0	1202
160	162	0	1375
4052	174	0	2200
4048	66	0	2200
5454	162	0	2200
4167	174	0	2200
4395	162	0	2200
4968	174	0	2200
6745	1024	0	2200
80	66	0	1245
146	162	0	1398
1028	1024	0	2200
66	66	0	1218
1249	1024	0	2200
60	66	0	1215
1475	1024	0	2200
214	66	0	1450
978	1024	0	2200
55	66	0	1219
1206	1024	0	2200
35	66	0	1198
232	162	0	1481
948	66	0	2200
3153	1024	0	2200
37	66	0	1202
1144	1024	0	2200
34	66	0	1197
255	174	0	1514
5740	66	0	2200
2679	162	0	2200
4123	174	0	2200
8402	1024	0	2200
53	494	0	1217
958	714	0	2162
4151	162	0	2200
4100	162	0	2200
2289	1024	0	2200
42	494	0	1210
918	1024	0	2094
41	66	0	1131
600	714	0	1966
934	1024	0	2200
41	66	0	1209
1638	1024	0	2200
41	66	0	1209
1520	1024	0	2200
63	66	0	1223
918	1024	0	2200
62	66	0	1223
1129	1024	0	2200
43	66	0	1204
163	162	0	1382
977	66	0	2200
656	174	0	2200
2880	1024	0	2200
60	66	0	1222
1137	1024	0	2200
71	66	0	1233
1202	1024	0	2200
47	494	0	1210
1043	714	0	2200
635	162	0	2200
3440	162	0	2200
890	174	0	2200
2324	66	0	2200
1185	66	0	2200
855	162	0	2200
1315	1024	0	2200
40	494	0	1205
925	714	0	2098
1879	174	0	2200
4328	162	0	2200
215	162	0	2200
5478	1024	0	2200
40	66	0	1204
1257	1024	0	2200
45	494	0	1208
906	1024	0	2074
38	66	0	1107
628	714	0	1983
943	1024	0	2200
55	66	0	1215
902	1024	0	2200
55	66	0	1215
1465	1024	0	2200
82	66	0	1226
1217	1024	0	2200
46	66	0	1209
197	162	0	1437
959	66	0	2200
2167	1024	0	2200
64	66	0	1216
1501	1024	0	2200
54	66	0	1215
1224	1024	0	2200
45	494	0	1208
898	1024	0	2061
39	66	0	1094
597	714	0	1924
940	1024	0	2200
37	66	0	1202
945	1024	0	2200
53	66	0	1214
1414	1024	0	2200
53	66	0	1214
958	1024	0	2200
53	66	0	1214
1113	1024	0	2200
47	66	0	1209
165	162	0	1389
98	66	0	1374
354	174	0	1839
2955	1024	0	2200
47	66	0	1206
1151	1024	0	2200
39	66	0	1203
166	162	0	1385
1261	1024	0	2200
39	494	0	1204
1044	714	0	2200
1255	66	0	2200
2134	174	0	2200
876	162	0	2200
1526	66	0	2200
4497	1024	0	2200
38	494	0	1203
932	1024	0	2107
43	66	0	1147
596	714	0	1976
183	162	0	1536
1556	1024	0	2200
37	66	0	1202
1675	1024	0	2200
46	66	0	1203
1254	1024	0	2200
37	66	0	1202
1242	1024	0	2200
37	66	0	1203
173	174	0	1395
1120	1024	0	2200
37	66	0	1202
1574	66	0	2200
2955	1024	0	2200
37	66	0	1202
1243	1024	0	2200
38	66	0	1203
864	162	0	2200
4988	1024	0	2200
38	66	0	1203
1153	1024	0	2200
37	66	0	1203
1224	1024	0	2200
38	66	0	1203
1489	1024	0	2200
74	66	0	1257
1762	1024	0	2200
37	66	0	1202
1511	1024	0	2200
57	66	0	1206
1134	66	0	2200
1758	1024	0	2200
37	66	0	1202
1158	1024	0	2200
38	66	0	1203
1539	1024	0	2200
47	66	0	1204
1121	1024	0	2200
39	66	0	1204
1217	1024	0	2200
37	66	0	1202
1218	1024	0	2200
38	66	0	1203
1445	1024	0	2200
38	66	0	1203
106	66	0	1295
1167	1024	0	2200
37	66	0	1202
2410	1024	0	2200
38	66	0	1203
1141	1024	0	2200
37	66	0	1202
1869	174	0	2200
2492	66	0	2200
1656	162	0	2200
1614	66	0	2200
1281	66	0	2200
1496	162	0	2200
687	174	0	2200
5317	1024	0	2200
37	494	0	1202
934	714	0	2110
2318	162	0	2200
2026	162	0	2200
2019	174	0	2200
3848	1024	0	2200
43	494	0	1207
183	162	0	988
791	714	0	2012
5314	1024	0	2200
47	66	0	1209
153	162	0	1371
1055	1024	0	2200
53	66	0	1214
1248	1024	0	2200
53	66	0	1214
1610	1024	0	2200
53	66	0	1214
1528	1024	0	2200
53	66	0	1214
722	866	0	2200
1055	1024	0	2200
53	66	0	1214
1126	66	0	2200
2004	1024	0	2200
53	66	0	1215
1506	1024	0	2200
53	66	0	1214
1121	1024	0	2200
53	66	0	1215
1221	1024	0	2200
54	66	0	1214
1193	1024	0	2200
53	66	0	1214
1213	1024	0	2200
53	66	0	1214
1430	1024	0	2200
44	66	0	1207
110	66	0	1305
1076	1024	0	2200
44	66	0	1207
2208	1024	0	2200
58	66	0	1215
1120	1024	0	2200
56	66	0	1212
1393	174	0	2200
3110	66	0	2200
5170	162	0	2200
3171	162	0	2200
3537	1024	0	2200
41	66	0	1205
1174	1024	0	2200
53	66	0	1215
160	146	0	1389
1101	1024	0	2200
53	66	0	1215
934	1024	0	2200
45	66	0	1208
904	1024	0	2200
39	66	0	1203
936	1024	0	2200
53	66	0	1214
901	1024	0	2200
53	66	0	1214
894	1024	0	2200
45	66	0	1208
908	1024	0	2200
52	66	0	1219
174	174	0	1413
1157	1024	0	2200
43	66	0	1207
63	66	0	1234
2111	1024	0	2200
44	66	0	1207
1044	1024	0	2200
43	66	0	1207
939	1024	0	2200
43	66	0	1207
920	1024	0	2200
43	66	0	1207
661	66	0	2132
346	162	0	2200
2483	1024	0	2200
45	66	0	1208
1787	1024	0	2200
53	66	0	1214
176	174	0	1412
1047	158	0	2200
3123	162	0	2200
2287	174	0	2200
2763	174	0	2200
1211	166	0	2200
4226	174	0	2200
1455	162	0	2200
4272	174	0	2200
455	66	0	2200
7151	162	0	2200
2227	66	0	2200
1835	174	0	2200
2871	162	0	2200
643	150	0	2200
3557	174	0	2200
209	90	0	2200
3129	150	0	2200
2786	162	0	2200
734	90	0	2200
2351	162	0	2200
935	174	0	2200
2971	162	0	2200
939	174	0	2200
3107	174	0	2200
2688	150	0	2200
939	154	0	2200
3203	1024	0	2200
53	66	0	1214
141	142	0	1359
966	162	0	2200
137	106	0	2200
3922	174	0	2200
575	150	0	2200
4539	106	0	2200
242	166	0	2200
902	162	0	2200
2133	162	0	2200
1335	150	0	2200
687	174	0	2200
1659	90	0	2200
1657	142	0	2200
1218	162	0	2200
1297	162	0	2200
515	66	0	2200
2925	90	0	2200
759	174	0	2200
8841	1024	0	2200
53	374	0	1214
948	162	0	2200
6360	1024	0	2200
53	66	0	1215
1209	1024	0	2200
53	66	0	1214
1223	1024	0	2200
53	66	0	1215
565	174	0	1997
1771	66	0	2200
5688	162	0	2200
4076	174	0	2200
9435	162	0	2200
3012	1024	0	2200
53	66	0	1214
1137	1024	0	2200
46	66	0	1209
1245	1024	0	2200
38	66	0	1203
1259	1024	0	2200
53	66	0	1215
1204	1024	0	2200
53	66	0	1215
1190	1024	0	2200
44	66	0	1207
1131	66	0	2200
3164	1024	0	2200
53	66	0	1215
1156	1024	0	2200
53	66	0	1215
164	174	0	1395
2699	1024	0	2200
53	66	0	1215
1318	1024	0	2200
53	66	0	1215
1235	1024	0	2200
53	66	0	1215
1233	1024	0	2200
53	66	0	1214
1234	1024	0	2200
53	66	0	1214
1233	1024	0	2200
53	66	0	1214
157	162	0	1383
2782	66	0	2200
1887	1024	0	2200
54	66	0	1215
1234	1024	0	2200
53	66	0	1214
3926	174	0	2200
8616	162	0	2200
4171	174	0	2200
2779	162	0	2200
2315	66	0	2200
2903	1024	0	2200
53	66	0	1214
197	174	0	1443
1067	1024	0	2200
53	66	0	1214
1234	1024	0	2200
53	66	0	1214
1285	1024	0	2200
37	66	0	1202
1243	1024	0	2200
37	66	0	1202
164	162	0	1381
6353	174	0	2200
3880	162	0	2200
4447	174	0	2200
2475	162	0	2200
4050	174	0	2200
5891	66	0	2200
1906	162	0	2200
2526	66	0	2200
2745	174	0	2200
3325	162	0	2200
4085	174	0	2200
4519	162	0	2200
3962	174	0	2200
4580	162	0	2200
4098	174	0	2200
18178	1024	0	2200
41	66	0	1205
1174	1024	0	2200
38	66	0	1203
1298	1024	0	2200
38	66	0	1203
1233	1024	0	2200
38	66	0	1203
156	150	0	1371
1094	1024	0	2200
44	66	0	1207
1242	1024	0	2200
53	66	0	1214
1111	66	0	2200
91	90	0	2200
443	162	0	2200
2884	1024	0	2200
53	66	0	1214
1156	1024	0	2200
53	66	0	1210
130	150	0	1340
662	64	0	2182
1596	64	0	2200
270	174	0	2200
1299	90	0	2200
2353	162	0	2200
4138	174	0	2200
6072	150	0	2200
616	66	0	2200
1125	162	0	2200
1773	106	0	2200
2533	174	0	2200
1904	150	0	2200
2418	162	0	2200
2156	106	0	2200
3418	174	0	2200
846	158	0	2200
4595	1024	0	2200
48	66	0	1215
162	162	0	1391
1037	1024	0	2200
48	66	0	1214
83	74	0	1273
1241	1024	0	2200
48	66	0	1214
1504	1024	0	2200
47	66	0	1214
1117	1024	0	2200
48	66	0	1214
1217	1024	0	2200
58	66	0	1222
137	150	0	1361
999	66	0	2200
1780	142	0	2200
1371	1024	0	2200
58	66	0	1222
1135	1024	0	2200
58	66	0	1222
381	174	0	1727
3317	162	0	2200
4059	174	0	2200
1660	66	0	2200
1183	66	0	2200
1724	162	0	2200
4032	174	0	2200
2547	150	0	2200
3175	90	0	2200
3105	150	0	2200
3148	90	0	2200
6365	1024	0	2200
58	66	0	1222
1145	1024	0	2200
58	66	0	1222
1236	1024	0	2200
59	66	0	1222
1394	1024	0	2200
49	66	0	1210
1775	1024	0	2200
50	66	0	1209
1428	1024	0	2200
43	66	0	1205
147	150	0	1359
1030	66	0	2200
2123	1024	0	2200
43	66	0	1207
533	106	0	1940
961	1024	0	2200
40	66	0	1202
1159	1024	0	2200
51	66	0	1210
1201	1024	0	2200
63	66	0	1228
1221	1024	0	2200
59	66	0	1222
1213	1024	0	2200
59	66	0	1222
132	150	0	1353
1362	1024	0	2200
58	66	0	1222
85	66	0	1283
1058	1024	0	2200
49	66	0	1210
2214	1024	0	2200
52	66	0	1211
83	106	0	1268
1093	1024	0	2200
58	66	0	1222
3156	64	0	2200
175	158	0	2200
1228	66	0	2200
3826	74	0	2200
911	66	0	2200
3839	150	0	2200
2796	142	0	2200
5248	1024	0	2200
52	66	0	1211
144	162	0	1361
1177	1024	0	2200
58	66	0	1222
1093	1024	0	2200
52	66	0	1211
905	1024	0	2200
52	66	0	1211
913	1024	0	2200
52	66	0	1211
905	1024	0	2200
52	66	0	1211
913	1024	0	2200
52	66	0	1211
905	1024	0	2200
52	66	0	1211
88	64	0	1277
942	1024	0	2200
52	66	0	1211
1277	1024	0	2200
51	66	0	1211
56	66	0	1229
1886	1024	0	2200
52	66	0	1211
905	1024	0	2200
52	66	0	1211
913	1024	0	2200
52	66	0	1211
905	1024	0	2200
52	66	0	1211
912	1024	0	2200
51	66	0	1211
906	1024	0	2200
52	66	0	1211
904	1024	0	2200
52	66	0	1211
91	66	0	1281
939	1024	0	2200
51	66	0	1211
821	990	0	2200
932	1024	0	2200
52	66	0	1211
87	66	0	1276
944	1024	0	2200
52	66	0	1211
880	1024	0	2200
72	66	0	1224
897	1024	0	2200
43	66	0	1207
910	1024	0	2200
46	66	0	1206
950	1024	0	2200
35	66	0	1199
17510	150	0	2200
1018	150	0	2200
2436	142	0	2200
365	90	0	2200
1918	66	0	2200
1195	150	0	2200
4949	90	0	2200
9232	166	0	2200
3247	150	0	2200
294	74	0	2200
3562	106	0	2200
198	166	0	2200
3406	74	0	2200
1059	150	0	2200
2680	150	0	2200
1932	106	0	2200
318	142	0	2200
1132	162	0	2200
1954	166	0	2200
1059	158	0	2200
1539	174	0	2200
191	174	0	2200
3436	74	0	2200
156	150	0	2200
2200	142	0	2200
2464	150	0	2200
1402	162	0	2200
2451	142	0	2200
2628	162	0	2200
121	90	0	2179
2172	162	0	2200
1958	162	0	2200
1276	1024	0	2200
58	494	0	1222
629	754	0	1672
1918	90	0	2200
6016	162	0	2200
2411	1024	0	2200
59	494	0	1223
292	174	0	1167
1305	1024	0	2200
45	494	0	1206
969	794	0	2166
1243	150	0	2200
2163	142	0	2200
7281	162	0	2200
4532	1024	0	2200
59	190	0	1222
7066	158	0	2200
3391	74	0	2200
3976	158	0	2200
3406	74	0	2200
4477	150	0	2200
4156	106	0	2200
4679	150	0	2200
4682	106	0	2200
3559	150	0	2200
3915	142	0	2200
3076	150	0	2200
4019	142	0	2200
3291	158	0	2200
5007	74	0	2200
3835	150	0	2200
3028	142	0	2200
3074	158	0	2200
4087	174	0	2200
4589	162	0	2200
3985	174	0	2200
3668	150	0	2200
1944	150	0	2200
1126	142	0	2200
2559	90	0	2200
3078	150	0	2200
1775	162	0	2200
1526	90	0	2200
12665	150	0	2200
3700	106	0	2200
3412	1024	0	2200
59	154	0	1222
1004	150	0	2200
6867	158	0	2200
3488	74	0	2200
4068	158	0	2200
3415	74	0	2200
4448	150	0	2200
3787	106	0	2200
4591	150	0	2200
11520	106	0	2200
3102	106	0	2200
1201	162	0	2200
3052	158	0	2200
3202	74	0	2200
1376	154	0	2200
2978	150	0	2200
259	142	0	2200
2366	74	0	2200
296	142	0	2200
2759	162	0	2200
1456	166	0	2200
2376	64	0	2200
1687	64	0	2200
7578	1024	0	2200
59	218	0	1222
1823	174	0	2200
3588	150	0	2200
3028	142	0	2200
6371	162	0	2200
11328	514	0	2200
18769	158	0	2200
3429	74	0	2200
3971	158	0	2200
3419	74	0	2200
4527	150	0	2200
3460	150	0	2200
294	106	0	2200
2923	90	0	2200
1684	150	0	2200
1438	150	0	2200
3419	90	0	2200
1383	106	0	2200
4215	158	0	2200
5739	74	0	2200
1560	150	0	2200
2879	162	0	2200
1007	106	0	2200
2286	86	0	2200
751	174	0	2200
1438	150	0	2200
1471	162	0	2200
676	150	0	2200
2480	1024	0	2200
68	66	0	1236
623	142	0	2105
1352	1024	0	2200
60	66	0	1224
104	106	0	1313
1913	1024	0	2200
58	66	0	1222
1953	1024	0	2200
58	66	0	1222
147	162	0	1376
315	162	0	1685
1556	1024	0	2200
59	66	0	1223
1939	1024	0	2200
52	66	0	1211
1469	74	0	2200
776	66	0	2200
2605	1024	0	2200
52	66	0	1211
1766	1024	0	2200
51	66	0	1211
832	990	0	2200
178	150	0	1435
8106	142	0	2200
6499	158	0	2200
3487	74	0	2200
3959	158	0	2200
1586	66	0	2200
1976	74	0	2200
4450	150	0	2200
3761	106	0	2200
1424	154	0	2200
3632	1024	0	2200
59	66	0	1222
144	150	0	1371
181	142	0	1493
977	1024	0	2200
52	66	0	1211
1233	1024	0	2200
58	66	0	1222
1216	1024	0	2200
58	66	0	1222
1219	1024	0	2200
58	66	0	1222
159	162	0	1394
131	106	0	1427
971	1024	0	2200
41	66	0	1209
1495	66	0	2200
1780	158	0	2200
1203	1024	0	2200
40	66	0	1209
1239	1024	0	2200
40	66	0	1209
2600	74	0	2200
2897	1024	0	2200
47	218	0	1213
1496	162	0	2200
4090	174	0	2200
3756	150	0	2200
3002	142	0	2200
1904	162	0	2200
941	66	0	2200
1876	162	0	2200
1815	90	0	2200
4670	162	0	2200
3479	90	0	2200
18245	1024	0	2200
59	494	0	1222
1486	1024	0	2200
59	494	0	1222
661	794	0	1719
23967	450	0	2200
20010	162	0	2200
5901	174	0	2200
3584	150	0	2200
679	162	0	2200
1628	142	0	2200
2627	174	0	2200
2785	162	0	2200
1588	162	0	2200
3747	1024	0	2200
59	494	0	1222
420	490	0	1359
190	174	0	1153
4236	162	0	2200
4039	174	0	2200
454	162	0	2200
3459	74	0	2200
3956	162	0	2200
495	162	0	2200
3645	174	0	2200
114	74	0	2156
4449	150	0	2200
1616	162	0	2200
2903	106	0	2200
3248	174	0	2200
1419	150	0	2200
2694	162	0	2200
1876	106	0	2200
1535	64	0	2200
651	174	0	2200
1107	64	0	2200
1343	162	0	2200
579	78	0	2200
535	64	0	2200
110	78	0	2200
2927	64	0	2200
915	74	0	2200
936	162	0	2200
107	64	0	2171
3189	162	0	2200
789	174	0	2200
2979	162	0	2200
688	174	0	2200
3543	150	0	2200
213	174	0	2200
2779	142	0	2200
1471	162	0	2200
3447	162	0	2200
837	174	0	2200
2691	162	0	2200
4210	174	0	2200
2727	162	0	2200
3923	174	0	2200
2995	162	0	2200
4078	174	0	2200
2839	162	0	2200
6133	1024	0	2200
59	494	0	1222
139	134	0	936
2038	174	0	2200
3589	162	0	2200
4003	174	0	2200
2923	162	0	2200
5231	174	0	2200
3331	162	0	2200
4003	174	0	2200
2915	162	0	2200
3971	174	0	2200
2952	162	0	2200
4043	174	0	2200
2879	162	0	2200
4048	174	0	2200
1483	162	0	2200
1419	162	0	2200
1354	174	0	2200
2833	174	0	2200
686	150	0	2200
2111	162	0	2200
174	142	0	2200
3839	174	0	2200
1448	162	0	2200
1526	162	0	2200
3761	1024	0	2200
59	494	0	1222
271	314	0	1134
234	174	0	1171
2678	162	0	2200
4080	174	0	2200
1521	150	0	2200
1364	162	0	2200
1090	142	0	2200
2903	174	0	2200
2958	162	0	2200
4171	174	0	2200
2750	162	0	2200
4016	174	0	2200
182	162	0	2200
2754	162	0	2200
895	74	0	2200
2375	182	0	2200
859	174	0	2200
836	162	0	2200
2204	162	0	2200
2042	74	0	2200
1985	174	0	2200
2500	150	0	2200
3723	106	0	2200
1699	162	0	2200
3183	150	0	2200
1083	174	0	2200
3500	106	0	2200
859	162	0	2200
3414	162	0	2200
591	174	0	2200
4395	74	0	2200
202	142	0	2200
1822	162	0	2200
2157	1024	0	2200
58	66	0	1222
170	182	0	1410
166	150	0	1477
1660	1024	0	2200
48	66	0	1215
902	174	0	2200
1096	1024	0	2200
47	66	0	1214
697	142	0	2194
1279	1024	0	2200
41	66	0	1209
451	64	0	1820
1560	1024	0	2200
40	66	0	1209
1968	1024	0	2200
40	66	0	1209
1516	66	0	2200
242	78	0	2200
2624	1024	0	2200
41	66	0	1209
642	64	0	2107
186	162	0	2200
1017	1024	0	2200
40	66	0	1209
3033	174	0	2200
4665	162	0	2200
4058	174	0	2200
2878	142	0	2200
1820	162	0	2200
2636	182	0	2200
1379	174	0	2200
1699	66	0	2200
894	166	0	2200
8768	162	0	2200
4113	174	0	2200
2806	162	0	2200
3987	174	0	2200
4559	142	0	2200
1819	162	0	2200
1758	182	0	2200
2302	174	0	2200
3696	64	0	2200
1146	64	0	2200
571	64	0	2200
4392	64	0	2200
2262	174	0	2200
1226	162	0	2200
1743	70	0	2200
599	150	0	2200
226	162	0	2200
1483	174	0	2200
1356	142	0	2200
1147	90	0	2200
2252	162	0	2200
1900	162	0	2200
182	162	0	2200
2559	174	0	2200
827	90	0	2200
1564	1024	0	2200
49	354	0	1215
3245	142	0	2200
1848	162	0	2200
2203	182	0	2200
831	162	0	2200
1210	174	0	2200
2403	74	0	2200
3957	162	0	2200
3160	162	0	2200
846	74	0	2200
3282	174	0	2200
1733	150	0	2200
1125	162	0	2200
115	64	0	2169
3269	106	0	2200
3044	174	0	2200
1535	150	0	2200
2335	142	0	2200
1823	162	0	2200
462	106	0	2200
2530	182	0	2200
1060	174	0	2200
680	162	0	2200
5309	74	0	2200
4135	162	0	2200
1259	162	0	2200
3620	174	0	2200
2810	174	0	2200
726	150	0	2200
3108	162	0	2200
355	142	0	2200
3888	174	0	2200
771	162	0	2200
1958	142	0	2200
1819	162	0	2200
2093	182	0	2200
2083	522	0	2200
2529	174	0	2200
6999	162	0	2200
4011	174	0	2200
398	162	0	2200
2542	162	0	2200
1091	74	0	2200
2941	174	0	2200
1091	162	0	2200
1864	162	0	2200
3057	74	0	2200
414	142	0	2200
3107	174	0	2200
1031	150	0	2200
418	182	0	2200
2771	64	0	2200
835	106	0	2200
4553	150	0	2200
2783	162	0	2200
1791	106	0	2200
2378	174	0	2200
1981	162	0	2200
831	162	0	2200
4024	174	0	2200
181	74	0	2200
2751	162	0	2200
1451	150	0	2200
4498	174	0	2200
191	142	0	2200
1180	142	0	2200
3092	182	0	2200
186	162	0	2200
4075	174	0	2200
7816	162	0	2200
187	150	0	2200
3362	90	0	2200
527	174	0	2200
2588	150	0	2200
358	162	0	2200
2938	90	0	2200
1526	174	0	2200
2494	162	0	2200
4004	174	0	2200
4039	150	0	2200
1242	158	0	2200
1763	142	0	2200
1771	74	0	2200
1520	150	0	2200
2248	158	0	2200
675	142	0	2200
1345	142	0	2200
1432	74	0	2200
615	150	0	2200
1899	182	0	2200
1482	158	0	2200
135	106	0	2200
3345	74	0	2200
451	150	0	2200
3999	150	0	2200
190	142	0	2200
3595	106	0	2200
220	150	0	2200
4552	150	0	2200
138	106	0	2200
4434	162	0	2200
392	106	0	2200
4184	158	0	2200
2239	74	0	2200
3711	142	0	2200
635	150	0	2200
306	174	0	2200
2597	142	0	2200
460	182	0	2200
1444	166	0	2200
5373	174	0	2200
3643	150	0	2200
3907	142	0	2200
4479	162	0	2200
11324	150	0	2200
3532	90	0	2200
3103	150	0	2200
3164	90	0	2200
4355	142	0	2200
3888	182	0	2200
4687	150	0	2200
3636	106	0	2200
1979	86	0	2200
2469	150	0	2200
1127	162	0	2200
4717	106	0	2200
3879	1024	0	2200
58	494	0	1222
423	166	0	1363
240	162	0	1557
612	714	0	2200
3196	162	0	2200
318	174	0	2200
2938	74	0	2200
4905	1024	0	2200
67	494	0	1222
134	150	0	929
781	714	0	1951
2069	142	0	2200
1216	162	0	2200
5801	1024	0	2200
59	494	0	1222
906	714	0	2088
738	142	0	2200
2583	162	0	2200
924	1024	0	2200
58	66	0	1222
1005	1024	0	2200
58	66	0	1222
914	1024	0	2200
59	66	0	1211
900	1024	0	2200
58	66	0	1222
160	182	0	1396
947	1024	0	2200
58	66	0	1222
914	1024	0	2200
58	66	0	1222
945	1024	0	2200
58	66	0	1222
1226	1024	0	2200
59	494	0	1222
894	1024	0	2069
59	66	0	1132
581	714	0	1938
924	1024	0	2200
58	66	0	1222
897	1024	0	2200
58	66	0	1222
891	1024	0	2200
58	66	0	1222
901	1024	0	2200
58	66	0	1222
2704	66	0	2200
1292	66	0	2200
1253	1024	0	2200
58	66	0	1222
1715	1024	0	2200
58	66	0	1222
895	1024	0	2200
58	66	0	1222
151	158	0	1382
938	1024	0	2200
58	66	0	1222
2510	74	0	2200
3886	158	0	2200
3471	74	0	2200
4387	150	0	2200
559	66	0	2200
3179	106	0	2200
4902	150	0	2200
2505	142	0	2200
2073	106	0	2200
1465	182	0	2200
3160	162	0	2200
5402	174	0	2200
2042	66	0	2200
2004	150	0	2200
3919	142	0	2200
6924	162	0	2200
6432	142	0	2200
3518	162	0	2200
3549	90	0	2200
4095	162	0	2200
3583	90	0	2200
4384	1024	0	2200
59	494	0	1222
912	714	0	2097
3223	162	0	2200
5808	1024	0	2200
58	494	0	1222
909	714	0	2092
3275	162	0	2200
5801	1024	0	2200
59	494	0	1222
911	714	0	2096
3515	162	0	2200
2973	154	0	2200
2880	1024	0	2200
58	494	0	1222
295	142	0	1171
642	714	0	1992
4759	162	0	2200
12225	1024	0	2200
59	218	0	1222
23805	158	0	2200
3441	74	0	2200
3994	158	0	2200
3483	74	0	2200
4412	150	0	2200
3736	106	0	2200
5251	150	0	2200
4566	106	0	2200
4735	158	0	2200
5007	74	0	2200
4447	150	0	2200
3019	142	0	2200
10113	64	0	2200
4162	158	0	2200
3403	74	0	2200
3868	158	0	2200
3462	74	0	2200
3566	67	0	2200
836	150	0	2200
3638	106	0	2200
1651	154	0	2200
3003	150	0	2200
171	142	0	2200
3688	64	0	2200
755	106	0	2200
1094	162	0	2200
3586	158	0	2200
5412	174	0	2200
3302	1024	0	2200
58	218	0	1222
342	150	0	1516
3904	142	0	2200
4594	162	0	2200
25301	1024	0	2200
60	494	0	1222
908	714	0	2091
3179	162	0	2200
5831	1024	0	2200
58	494	0	1222
912	714	0	2098
1626	162	0	2200
1478	162	0	2200
2787	174	0	2200
3309	1024	0	2200
58	494	0	1222
1029	714	0	2200
182	162	0	1718
2954	162	0	2200
1149	174	0	2200
2852	162	0	2200
1884	1024	0	2200
58	494	0	1222
913	714	0	2098
1271	174	0	2200
2890	162	0	2200
4090	174	0	2200
2840	162	0	2200
4232	174	0	2200
2692	162	0	2200
3959	174	0	2200
2960	162	0	2200
3951	174	0	2200
2972	162	0	2200
4255	174	0	2200
2668	162	0	2200
4063	174	0	2200
2854	162	0	2200
4116	174	0	2200
2779	162	0	2200
3929	174	0	2200
2991	162	0	2200
4100	174	0	2200
2837	162	0	2200
4226	174	0	2200
2729	162	0	2200
3987	174	0	2200
2934	162	0	2200
4669	1024	0	2200
58	66	0	1222
173	174	0	1415
1818	1024	0	2200
58	66	0	1222
1969	1024	0	2200
58	66	0	1222
153	162	0	1385
914	1024	0	2200
49	66	0	1215
904	1024	0	2200
56	66	0	1228
886	1024	0	2200
40	66	0	1209
916	1024	0	2200
40	66	0	1209
907	1024	0	2200
40	66	0	1209
915	1024	0	2200
40	66	0	1209
907	1024	0	2200
40	66	0	1209
916	1024	0	2200
33	66	0	1197
183	174	0	1406
926	1024	0	2200
33	66	0	1198
1940	162	0	2200
1253	66	0	2200
2506	1024	0	2200
33	66	0	1198
94	66	0	1272
820	174	0	2200
923	1024	0	2200
40	66	0	1209
3754	1024	0	2200
42	66	0	1210
174	162	0	1405
1132	1024	0	2200
33	66	0	1197
3009	174	0	2200
2807	162	0	2200
5188	174	0	2200
3375	162	0	2200
4384	174	0	2200
2548	162	0	2200
3994	174	0	2200
394	66	0	2200
2592	162	0	2200
4195	174	0	2200
2730	162	0	2200
4102	174	0	2200
2849	162	0	2200
3357	66	0	2200
661	174	0	2200
2956	162	0	2200
4169	174	0	2200
2791	162	0	2200
3975	174	0	2200
2907	162	0	2200
4076	174	0	2200
2852	162	0	2200
2687	162	0	2200
1314	174	0	2200
2608	90	0	2200
390	162	0	2200
3703	162	0	2200
431	174	0	2200
2781	162	0	2200
337	90	0	2200
3685	174	0	2200
2965	162	0	2200
4172	174	0	2200
2787	162	0	2200
3923	174	0	2200
2958	162	0	2200
3996	174	0	2200
2926	162	0	2200
3957	174	0	2200
2967	162	0	2200
4135	174	0	2200
2797	162	0	2200
1701	64	0	2200
2693	174	0	2200
2690	162	0	2200
4022	174	0	2200
3027	162	0	2200
3975	174	0	2200
2978	162	0	2200
4023	174	0	2200
2983	162	0	2200
4278	174	0	2200
2728	162	0	2200
4487	174	0	2200
4124	162	0	2200
999	1024	0	2200
59	66	0	1222
1219	1024	0	2200
59	66	0	1222
1228	1024	0	2200
59	66	0	1223
1225	1024	0	2200
46	66	0	1212
196	174	0	1439
1133	1024	0	2200
44	66	0	1198
1268	1024	0	2200
56	66	0	1215
1490	162	0	2200
81	66	0	2116
3120	1024	0	2200
59	66	0	1214
1222	1024	0	2200
59	66	0	1213
153	174	0	1376
4104	162	0	2200
4126	174	0	2200
2863	162	0	2200
4098	174	0	2200
2924	162	0	2200
4103	174	0	2200
761	162	0	2200
2193	162	0	2200
1368	66	0	2200
2732	174	0	2200
3008	162	0	2200
4241	174	0	2200
2971	162	0	2200
3916	1024	0	2200
105	494	0	1227
99	174	0	881
816	714	0	1934
2264	162	0	2200
904	162	0	2200
3193	174	0	2200
2773	1024	0	2200
42	494	0	1211
1067	714	0	2200
751	162	0	2200
2473	162	0	2200
1707	174	0	2200
2775	162	0	2200
1399	1024	0	2200
37	494	0	1202
97	64	0	853
851	714	0	2066
1691	174	0	2200
2210	162	0	2200
778	162	0	2200
3927	174	0	2200
1259	1024	0	2200
40	494	0	1207
1028	714	0	2200
754	162	0	2200
4141	174	0	2200
1034	162	0	2200
1778	162	0	2200
4360	1024	0	2200
37	494	0	1203
181	174	0	980
595	534	0	1698
3470	162	0	2200
3963	174	0	2200
18812	66	0	2200
22320	1024	0	2200
54	66	0	1215
19300	66	0	2200
6664	162	0	2200
4134	174	0	2200
14693	1024	0	2200
54	66	0	1215
1187	1024	0	2200
53	66	0	1215
4598	66	0	2200
17224	1024	0	2200
54	66	0	1214
1177	1024	0	2200
53	66	0	1214
1445	1024	0	2200
53	66	0	1214
1187	1024	0	2200
53	66	0	1214
897	1024	0	2200
53	66	0	1215
1041	1024	0	2200
38	66	0	1203
904	1024	0	2200
38	66	0	1203
1093	1024	0	2200
37	66	0	1202
941	1024	0	2200
52	66	0	1214
1277	1024	0	2200
44	66	0	1208
92	66	0	1279
1786	1024	0	2200
37	66	0	1202
1986	1024	0	2200
44	66	0	1207
907	1024	0	2200
52	66	0	1207
1288	1024	0	2200
37	66	0	1202
1914	66	0	2200
2511	1024	0	2200
36	66	0	1202
934	1024	0	2200
43	66	0	1206
900	1024	0	2200
37	66	0	1202
917	1024	0	2200
37	66	0	1202
910	1024	0	2200
37	66	0	1202
910	1024	0	2200
37	66	0	1202
909	1024	0	2200
37	66	0	1202
1069	1024	0	2200
36	66	0	1201
4511	66	0	2200
2949	1024	0	2200
37	66	0	1202
1243	1024	0	2200
37	66	0	1202
25639	66	0	2200
14282	154	0	2200
3132	142	0	2200
4111	66	0	2200
1330	162	0	2200
2702	1024	0	2200
53	66	0	1214
1266	1024	0	2200
53	66	0	1214
8262	1024	0	2200
53	218	0	1214
12271	162	0	2200
2055	66	0	2200
3067	90	0	2200
1150	66	0	2200
2979	162	0	2200
3368	90	0	2200
12303	1024	0	2200
54	66	0	1214
4486	66	0	2200
32830	1024	0	2200
54	66	0	1214
1284	1024	0	2200
53	66	0	1215
1491	1024	0	2200
53	66	0	1214
1204	1024	0	2200
53	66	0	1214
1294	1024	0	2200
53	66	0	1215
1276	1024	0	2200
53	66	0	1214
2202	66	0	2200
1966	1024	0	2200
53	66	0	1214
1138	1024	0	2200
61	66	0	1215
9570	66	0	2200
3386	154	0	2200
3059	142	0	2200
5483	162	0	2200
12421	1024	0	2200
100	218	0	1233
770	150	0	2160
2284	142	0	2200
6536	1024	0	2200
37	66	0	1202
1307	1024	0	2200
53	66	0	1214
1279	1024	0	2200
53	66	0	1214
1335	1024	0	2200
53	66	0	1214
1248	1024	0	2200
44	66	0	1207
1455	1024	0	2200
43	66	0	1206
2190	66	0	2200
2203	1024	0	2200
38	66	0	1203
1159	1024	0	2200
37	66	0	1202
4883	162	0	2200
4293	146	0	2200
3156	66	0	2200
9210	162	0	2200
2654	1024	0	2200
40	66	0	1205
1193	1024	0	2200
183	66	0	1420
43	174	0	1418
1385	1024	0	2200
90	66	0	1268
1115	1024	0	2200
41	66	0	1205
1360	1024	0	2200
47	66	0	1203
1224	1024	0	2200
40	66	0	1204
156	162	0	1372
2203	66	0	2200
2064	1024	0	2200
59	66	0	1214
1158	1024	0	2200
65	66	0	1221
160	174	0	1395
3153	162	0	2200
1718	66	0	2200
2350	174	0	2200
2898	162	0	2200
4077	174	0	2200
2849	162	0	2200
4348	174	0	2200
924	1024	0	2200
42	66	0	1210
1273	1024	0	2200
41	66	0	1209
1486	1024	0	2200
40	66	0	1209
1202	1024	0	2200
41	66	0	1209
162	162	0	1386
1090	1024	0	2200
40	66	0	1208
1300	1024	0	2200
40	66	0	1209
2390	174	0	2200
3850	162	0	2200
3988	174	0	2200
2965	162	0	2200
4254	174	0	2200
2694	162	0	2200
4051	174	0	2200
4497	162	0	2200
4284	174	0	2200
4303	162	0	2200
3922	174	0	2200
2999	162	0	2200
2091	86	0	2200
2026	174	0	2200
1516	162	0	2200
1317	162	0	2200
4378	174	0	2200
4233	162	0	2200
3960	174	0	2200
2944	162	0	2200
3982	174	0	2200
2935	162	0	2200
4000	174	0	2200
2921	162	0	2200
3968	174	0	2200
2950	162	0	2200
3982	174	0	2200
2939	162	0	2200
4026	174	0	2200
2891	162	0	2200
4156	174	0	2200
2743	162	0	2200
3944	174	0	2200
2972	162	0	2200
3788	66	0	2200
507	174	0	2200
1544	1024	0	2200
48	66	0	1214
1243	1024	0	2200
47	66	0	1214
155	162	0	1381
4815	174	0	2200
3768	162	0	2200
2407	1024	0	2200
58	66	0	1222
1963	1024	0	2200
58	66	0	1222
170	174	0	1411
1831	1024	0	2200
58	66	0	1222
1944	1024	0	2200
59	66	0	1223
101	66	0	1308
192	162	0	1529
1740	1024	0	2200
51	66	0	1211
1971	1024	0	2200
52	66	0	1211
489	174	0	1879
2019	66	0	2200
783	162	0	2200
1775	1024	0	2200
62	66	0	1210
1749	1024	0	2200
51	66	0	1211
509	174	0	1910
3259	1024	0	2200
51	66	0	1211
161	162	0	1385
1051	1024	0	2200
51	66	0	1211
1293	1024	0	2200
51	66	0	1211
1218	1024	0	2200
52	66	0	1211
1215	1024	0	2200
51	66	0	1211
175	174	0	1408
1335	1024	0	2200
51	66	0	1211
2182	66	0	2200
215	162	0	2200
2147	1024	0	2200
48	66	0	1215
1862	1024	0	2200
47	66	0	1214
181	174	0	1419
2753	162	0	2200
2747	66	0	2200
1524	174	0	2200
2710	162	0	2200
1354	66	0	2200
2622	174	0	2200
2975	162	0	2200
4150	174	0	2200
2620	1024	0	2200
58	66	0	1222
1133	1024	0	2200
58	66	0	1222
150	162	0	1381
1095	1024	0	2200
58	66	0	1222
1213	1024	0	2200
58	66	0	1222
1201	1024	0	2200
58	66	0	1222
1188	1024	0	2200
47	66	0	1214
2200	66	0	2200
250	162	0	2200
1799	1024	0	2200
47	66	0	1214
1472	1024	0	2200
48	66	0	1214
1337	174	0	2200
3985	162	0	2200
3997	174	0	2200
1365	1024	0	2200
51	494	0	1211
912	714	0	2086
2351	162	0	2200
1605	162	0	2200
2376	174	0	2200
81	64	0	2107
4598	1024	0	2200
58	494	0	1222
159	162	0	966
798	714	0	2001
171	162	0	1543
2964	162	0	2200
264	174	0	2200
774	90	0	2200
2067	162	0	2200
2813	1024	0	2200
58	494	0	1222
151	162	0	955
885	714	0	2121
426	174	0	2046
2266	90	0	2200
511	162	0	2200
171	162	0	2200
3836	174	0	2200
2033	1024	0	2200
59	494	0	1222
927	714	0	2120
178	162	0	1673
3949	174	0	2200
1068	162	0	2200
1943	162	0	2200
4915	1024	0	2200
58	494	0	1222
178	174	0	995
986	714	0	2200
2522	162	0	2200
432	64	0	2200
169	162	0	2200
3611	174	0	2200
2900	1024	0	2200
38	494	0	1201
162	162	0	950
788	714	0	1970
3157	162	0	2200
205	174	0	2200
2834	162	0	2200
3041	1024	0	2200
33	494	0	1197
936	714	0	2108
215	174	0	1717
2812	162	0	2200
216	162	0	2200
3798	174	0	2200
2076	1024	0	2200
68	494	0	1221
893	714	0	2068
168	162	0	1606
4064	174	0	2200
2894	162	0	2200
3558	1024	0	2200
58	66	0	1222
1229	1024	0	2200
58	66	0	1222
172	174	0	1415
1095	1024	0	2200
51	66	0	1211
1314	1024	0	2200
58	66	0	1222
1211	1024	0	2200
47	66	0	1214
158	162	0	1384
1115	1024	0	2200
56	66	0	1214
3227	66	0	2200
2022	1024	0	2200
47	66	0	1214
1244	1024	0	2200
46	66	0	1213
184	174	0	1423
4150	162	0	2200
4145	174	0	2200
2803	162	0	2200
3993	174	0	2200
2939	162	0	2200
3983	174	0	2200
2934	162	0	2200
4056	174	0	2200
4506	162	0	2200
1737	64	0	2200
6287	174	0	2200
3918	162	0	2200
3843	66	0	2200
1871	174	0	2200
2879	162	0	2200
4694	174	0	2200
3868	162	0	2200
4091	174	0	2200
2831	162	0	2200
1487	162	0	2200
2946	174	0	2200
2514	162	0	2200
1351	1024	0	2200
58	494	0	1222
913	714	0	2098
1790	174	0	2200
1471	162	0	2200
7442	1024	0	2200
58	494	0	1222
916	714	0	2103
3767	162	0	2200
5813	1024	0	2200
77	494	0	1221
900	714	0	2078
3196	162	0	2200
5812	1024	0	2200
57	494	0	1222
917	714	0	2105
39517	64	0	2200
15501	162	0	2200
8381	174	0	2200
58585	64	0	2200
7064	66	0	2200
4754	1024	0	2200
71	66	0	1221
1954	1024	0	2200
55	66	0	1217
1984	1024	0	2200
55	66	0	1216
163	162	0	1393
1840	1024	0	2200
64	66	0	1236
1961	1024	0	2200
56	66	0	1215
45	64	0	1217
2075	1024	0	2200
57	494	0	1216
902	1024	0	2075
39	66	0	1109
602	714	0	1946
1298	66	0	2200
2081	162	0	2200
5007	1024	0	2200
45	66	0	1209
1268	1024	0	2200
47	494	0	1216
982	1024	0	2195
37	66	0	1208
624	714	0	2078
929	1024	0	2200
32	66	0	1203
1197	1024	0	2200
31	66	0	1202
956	1024	0	2200
33	66	0	1203
170	162	0	1392
926	1024	0	2200
31	66	0	1203
1173	1024	0	2200
31	66	0	1203
955	1024	0	2200
31	66	0	1203
2773	1024	0	2200
33	334	0	1202
111	66	0	1034
2722	1024	0	2200
45	66	0	1205
1525	1024	0	2200
28	66	0	1202
4841	66	0	2200
6811	66	0	2200
2012	154	0	2200
3159	142	0	2200
5381	162	0	2200
14390	1024	0	2200
58	218	0	1222
2873	1024	0	2200
45	66	0	1222
1243	1024	0	2200
45	66	0	1221
1244	1024	0	2200
45	66	0	1221
897	1024	0	2200
59	66	0	1242
887	1024	0	2200
45	66	0	1221
898	1024	0	2200
45	66	0	1222
903	1024	0	2200
46	66	0	1222
897	1024	0	2200
45	66	0	1221
902	1024	0	2200
45	66	0	1222
899	1024	0	2200
45	66	0	1222
933	1024	0	2200
45	66	0	1221
908	1024	0	2200
32	66	0	1211
571	66	0	2002
1911	1024	0	2200
45	66	0	1222
140	162	0	1366
1148	1024	0	2200
33	66	0	1213
116	66	0	1321
2199	1024	0	2200
45	66	0	1222
1251	1024	0	2200
45	66	0	1222
2542	90	0	2200
4087	162	0	2200
3315	90	0	2200
381	66	0	2200
3362	64	0	2200
15092	162	0	2200
3336	64	0	2200
1706	74	0	2200
26243	64	0	2200
1074	64	0	2200
11409	162	0	2200
4251	146	0	2200
11456	154	0	2200
4239	142	0	2200
5940	162	0	2200
12228	1024	0	2200
47	218	0	1222
52983	162	0	2200
4118	174	0	2200
4447	162	0	2200
4074	174	0	2200
4489	162	0	2200
4046	174	0	2200
2876	162	0	2200
4103	174	0	2200
2819	162	0	2200
4240	174	0	2200
2678	162	0	2200
3963	174	0	2200
2956	162	0	2200
395	86	0	2200
3549	162	0	2200
194	174	0	2200
1943	64	0	2200
2552	64	0	2200
1819	162	0	2200
4218	174	0	2200
2702	162	0	2200
4299	174	0	2200
1714	158	0	2200
937	162	0	2200
2587	74	0	2200
1588	174	0	2200
2780	162	0	2200
398	158	0	2200
3578	174	0	2200
124	74	0	2190
2905	162	0	2200
1663	150	0	2200
3488	174	0	2200
2406	106	0	2200
1066	162	0	2200
4315	174	0	2200
167	150	0	2200
4110	162	0	2200
470	106	0	2200
3544	174	0	2200
2104	162	0	2200
866	162	0	2200
4050	174	0	2200
1479	174	0	2200
1423	162	0	2200
2198	150	0	2200
1893	174	0	2200
2072	142	0	2200
883	162	0	2200
3562	162	0	2200
552	174	0	2200
6135	162	0	2200
4036	174	0	2200
4536	162	0	2200
4052	174	0	2200
2867	162	0	2200
1263	1024	0	2200
46	494	0	1222
1039	714	0	2200
1946	174	0	2200
1310	162	0	2200
1451	162	0	2200
4412	1024	0	2200
45	494	0	1222
181	174	0	999
769	714	0	1980
3247	162	0	2200
2386	162	0	2200
1467	1024	0	2200
46	66	0	1222
491	174	0	1894
1505	1024	0	2200
36	66	0	1214
1132	162	0	2200
925	1024	0	2200
34	66	0	1212
1234	1024	0	2200
30	494	0	1208
926	1024	0	2105
34	66	0	1132
619	714	0	1995
1064	1024	0	2200
32	66	0	1213
228	174	0	1489
2000	1024	0	2200
45	66	0	1222
165	162	0	1404
1624	162	0	2200
109	66	0	2180
2515	1024	0	2200
45	66	0	1221
1636	1024	0	2200
35	494	0	1213
896	1024	0	2064
34	66	0	1089
649	714	0	1997
207	174	0	1593
2708	162	0	2200
4178	174	0	2200
2749	162	0	2200
4025	174	0	2200
2904	162	0	2200
4057	174	0	2200
124	66	0	2190
2807	162	0	2200
3982	174	0	2200
2941	162	0	2200
4150	174	0	2200
4425	162	0	2200
4113	174	0	2200
2819	162	0	2200
4185	174	0	2200
2735	162	0	2200
3981	174	0	2200
2944	162	0	2200
4088	174	0	2200
2834	162	0	2200
1428	162	0	2200
1429	64	0	2200
1180	174	0	2200
1276	90	0	2200
1772	162	0	2200
2616	162	0	2200
1525	174	0	2200
1889	90	0	2200
957	162	0	2200
4179	174	0	2200
2744	162	0	2200
3980	174	0	2200
2940	162	0	2200
3973	174	0	2200
2953	162	0	2200
4013	174	0	2200
4553	162	0	2200
4169	174	0	2200
2756	162	0	2200
4022	174	0	2200
2901	162	0	2200
4096	174	0	2200
2823	162	0	2200
3999	174	0	2200
2932	162	0	2200
4060	174	0	2200
2870	162	0	2200
4052	174	0	2200
2890	162	0	2200
4029	174	0	2200
2913	162	0	2200
3985	174	0	2200
2936	162	0	2200
3980	174	0	2200
2953	162	0	2200
3977	174	0	2200
2948	162	0	2200
4025	174	0	2200
2895	162	0	2200
4021	174	0	2200
2913	162	0	2200
3963	174	0	2200
2958	162	0	2200
4032	174	0	2200
2892	162	0	2200
4022	174	0	2200
552	64	0	2200
1672	66	0	2200
747	162	0	2200
462	66	0	2200
3410	64	0	2200
237	174	0	2200
2883	162	0	2200
3402	162	0	2200
709	174	0	2200
12587	1024	0	2200
46	66	0	1222
1268	1024	0	2200
45	66	0	1221
1248	1024	0	2200
45	66	0	1222
1264	1024	0	2200
45	66	0	1222
2058	1024	0	2200
45	66	0	1222
1812	1024	0	2200
45	66	0	1222
321	338	0	1639
1915	66	0	2200
1716	1024	0	2200
31	66	0	1209
1283	1024	0	2200
45	66	0	1221
163	162	0	1400
1108	1024	0	2200
46	66	0	1222
1212	1024	0	2200
45	66	0	1221
1208	1024	0	2200
45	66	0	1222
1516	1024	0	2200
45	66	0	1221
138	146	0	1363
1309	1024	0	2200
38	66	0	1210
1200	1024	0	2200
55	66	0	1236
108	66	0	1332
2376	1024	0	2200
45	66	0	1221
1228	1024	0	2200
45	66	0	1221
2832	158	0	2200
3649	74	0	2200
4241	158	0	2200
3495	74	0	2200
4529	150	0	2200
3769	106	0	2200
5159	1024	0	2200
46	66	0	1222
154	150	0	1387
1136	1024	0	2200
45	66	0	1221
1244	1024	0	2200
45	66	0	1221
1241	1024	0	2200
45	66	0	1221
1217	1024	0	2200
45	66	0	1222
107	106	0	1317
1163	1024	0	2200
57	66	0	1221
1676	66	0	2200
1914	166	0	2200
1075	1024	0	2200
45	66	0	1221
1253	1024	0	2200
45	66	0	1221
2499	162	0	2200
606	174	0	2200
3536	174	0	2200
268	150	0	2200
3920	142	0	2200
4559	162	0	2200
10443	66	0	2200
22810	1024	0	2200
47	494	0	1222
918	714	0	2107
4009	162	0	2200
831	64	0	2200
5013	1024	0	2200
46	494	0	1222
926	714	0	2118
3250	162	0	2200
5998	1024	0	2200
43	494	0	1212
921	714	0	2100
3337	162	0	2200
5815	1024	0	2200
46	494	0	1222
928	714	0	2122
16339	158	0	2200
3372	74	0	2200
4149	1024	0	2200
45	66	0	1221
160	158	0	1395
1846	1024	0	2200
45	66	0	1221
1978	1024	0	2200
45	66	0	1221
102	74	0	1309
1898	1024	0	2200
45	66	0	1222
1956	1024	0	2200
45	66	0	1222
567	150	0	2008
1439	1024	0	2200
45	66	0	1221
1512	66	0	2200
843	106	0	2200
1790	1024	0	2200
45	66	0	1222
145	154	0	1374
1653	1024	0	2200
46	66	0	1222
1075	150	0	2200
446	142	0	2200
4563	106	0	2200
888	162	0	2200
1207	158	0	2200
2435	158	0	2200
5006	74	0	2200
3551	1024	0	2200
45	218	0	1222
1031	150	0	2200
3120	142	0	2200
13938	66	0	2200
7397	1024	0	2200
46	494	0	1222
1551	1024	0	2200
46	494	0	1222
1281	1024	0	2200
45	494	0	1222
1500	1024	0	2200
45	494	0	1222
1280	1024	0	2200
46	494	0	1222
781	938	0	1901
11652	158	0	2200
21212	162	0	2200
4009	90	0	2200
2702	1024	0	2200
46	494	0	1222
1615	1024	0	2200
45	494	0	1222
170	162	0	983
1273	1024	0	2200
46	494	0	1222
1248	1024	0	2200
45	494	0	1222
1404	1024	0	2200
45	494	0	1222
102	90	0	881
809	938	0	2006
8921	158	0	2200
10627	64	0	2200
372	154	0	2200
3138	142	0	2200
5406	162	0	2200
3964	1024	0	2200
45	66	0	1221
1243	1024	0	2200
45	66	0	1222
1246	1024	0	2200
45	66	0	1222
1234	1024	0	2200
45	66	0	1222
1257	1024	0	2200
46	494	0	1222
903	1024	0	2084
46	66	0	1128
1251	1024	0	2200
46	494	0	1222
903	1024	0	2084
45	66	0	1127
1259	1024	0	2200
45	494	0	1222
1925	1024	0	2200
46	494	0	1222
2142	1024	0	2200
58	494	0	1222
775	938	0	1891
117	66	0	1129
2076	1024	0	2200
36	218	0	1214
912	1024	0	2200
34	66	0	1213
1247	1024	0	2200
35	66	0	1213
10982	66	0	2200
1002	162	0	2200
12036	878	0	2200
4298	162	0	2200
4268	146	0	2200
22107	162	0	2200
4570	174	0	2200
5643	162	0	2200
4072	174	0	2200
2861	162	0	2200
4033	174	0	2200
2909	162	0	2200
4089	174	0	2200
2855	162	0	2200
4225	174	0	2200
3385	1024	0	2200
46	66	0	1222
173	162	0	1417
7783	174	0	2200
7372	162	0	2200
4025	174	0	2200
2898	162	0	2200
4420	174	0	2200
4142	162	0	2200
4077	174	0	2200
6126	162	0	2200
4229	174	0	2200
329	158	0	2200
3364	74	0	2200
708	162	0	2200
3217	158	0	2200
758	174	0	2200
2802	74	0	2200
209	162	0	2200
4093	174	0	2200
168	150	0	2200
2698	162	0	2200
2015	106	0	2200
3232	174	0	2200
1669	150	0	2200
1716	162	0	2200
2865	106	0	2200
1168	174	0	2200
2920	162	0	2200
449	162	0	2200
3568	174	0	2200
2562	174	0	2200
420	162	0	2200
3904	150	0	2200
199	174	0	2200
2848	162	0	2200
941	142	0	2200
3073	174	0	2200
2189	162	0	2200
787	162	0	2200
4002	174	0	2200
2923	162	0	2200
4032	174	0	2200
2888	162	0	2200
4168	174	0	2200
3769	1024	0	2200
46	494	0	1222
166	162	0	977
801	714	0	2017
3000	162	0	2200
318	174	0	2200
2889	162	0	2200
1991	722	0	2200
2263	174	0	2200
2712	162	0	2200
4059	174	0	2200
1925	158	0	2200
975	162	0	2200
2453	74	0	2200
1741	174	0	2200
2306	158	0	2200
526	162	0	2200
2945	74	0	2200
1282	174	0	2200
2747	162	0	2200
442	150	0	2200
4324	174	0	2200
2372	106	0	2200
1536	162	0	2200
1241	1024	0	2200
45	66	0	1222
1968	1024	0	2200
45	66	0	1221
143	150	0	1369
943	174	0	2200
921	1024	0	2200
28	66	0	1203
1977	1024	0	2200
27	66	0	1202
171	162	0	1393
630	106	0	2175
1230	1024	0	2200
23	66	0	1197
1984	1024	0	2200
27	66	0	1201
216	174	0	1458
840	158	0	2200
585	66	0	2200
1559	162	0	2200
1092	1024	0	2200
21	66	0	1196
1790	1024	0	2200
21	66	0	1195
94	74	0	1270
926	1024	0	2200
34	66	0	1213
905	1024	0	2200
21	66	0	1196
915	1024	0	2200
21	66	0	1196
178	174	0	1396
1030	1024	0	2200
21	66	0	1196
1247	1024	0	2200
22	66	0	1197
155	150	0	1364
1118	1024	0	2200
21	66	0	1196
170	162	0	1384
2675	142	0	2200
1561	66	0	2200
1223	174	0	2200
1895	1024	0	2200
21	66	0	1196
1267	1024	0	2200
26	66	0	1201
166	162	0	1385
2655	66	0	2200
1525	174	0	2200
2772	162	0	2200
4170	174	0	2200
1703	166	0	2200
2735	162	0	2200
723	74	0	2200
3309	174	0	2200
660	166	0	2200
542	64	0	2200
2959	74	0	2200
526	162	0	2200
3875	150	0	2200
193	174	0	2200
440	64	0	2200
2448	162	0	2200
672	570	0	2200
123	106	0	1791
829	66	0	2200
2901	174	0	2200
863	150	0	2200
1679	162	0	2200
2897	106	0	2200
1106	174	0	2200
2443	146	0	2200
516	162	0	2200
179	166	0	2200
2533	142	0	2200
1322	174	0	2200
182	162	0	2200
1410	74	0	2200
1427	162	0	2200
727	90	0	2200
663	162	0	2200
1417	166	0	2200
2033	174	0	2200
183	162	0	2200
1374	174	0	2200
1349	174	0	2200
1003	162	0	2200
432	90	0	2200
2138	150	0	2200
2288	174	0	2200
1742	142	0	2200
2061	162	0	2200
2690	1024	0	2200
34	494	0	1213
166	162	0	968
1254	1024	0	2200
23	494	0	1197
863	1024	0	1999
21	10	0	1006
326	174	0	1486
3376	162	0	2200
4083	174	0	2200
2855	162	0	2200
4043	174	0	2200
2879	162	0	2200
3976	174	0	2200
11146	162	0	2200
4101	174	0	2200
3350	430	0	2200
1120	162	0	2200
4164	174	0	2200
2744	162	0	2200
2299	158	0	2200
1737	174	0	2200
1680	74	0	2200
3977	158	0	2200
3408	74	0	2200
3769	162	0	2200
764	150	0	2200
1930	142	0	2200
2059	174	0	2200
2407	106	0	2200
1466	162	0	2200
3046	150	0	2200
1160	174	0	2200
3403	106	0	2200
993	162	0	2200
115	66	0	2188
3137	158	0	2200
818	174	0	2200
2914	162	0	2200
1320	74	0	2200
2741	174	0	2200
1647	162	0	2200
1241	162	0	2200
3622	174	0	2200
1266	1024	0	2200
35	66	0	1213
1260	1024	0	2200
45	66	0	1221
289	174	0	1588
949	1024	0	2200
46	66	0	1222
125	150	0	1344
1277	1024	0	2200
39	66	0	1211
1435	1024	0	2200
38	66	0	1210
148	162	0	1365
977	1024	0	2200
23	66	0	1197
186	142	0	1410
2127	66	0	2200
2302	1024	0	2200
40	66	0	1211
156	162	0	1378
206	174	0	1525
930	1024	0	2200
38	66	0	1210
1827	162	0	2200
4648	174	0	2200
3924	162	0	2200
4010	174	0	2200
2902	162	0	2200
5010	174	0	2200
3926	1024	0	2200
46	494	0	1222
153	162	0	957
538	606	0	1602
3660	174	0	2200
247	64	0	2200
2493	64	0	2200
2594	158	0	2200
1569	86	0	2200
1863	74	0	2200
1654	162	0	2200
2384	158	0	2200
3479	74	0	2200
1718	64	0	2200
3242	368	0	2200
161	150	0	2052
3766	106	0	2200
4823	64	0	2200
161	150	0	2200
4642	106	0	2200
4969	158	0	2200
5004	74	0	2200
4611	162	0	2200
3972	174	0	2200
842	64	0	2200
1239	64	0	2200
1841	150	0	2200
3051	142	0	2200
7443	162	0	2200
16396	162	0	2200
4936	174	0	2200
4996	1024	0	2200
54	494	0	1234
1448	1024	0	2200
38	450	0	1209
79089	1024	0	2200
47	66	0	1222
1954	1024	0	2200
45	66	0	1222
1964	1024	0	2200
45	66	0	1222
1961	1024	0	2200
46	66	0	1222
1961	1024	0	2200
45	66	0	1222
1953	1024	0	2200
46	66	0	1222
1532	66	0	2200
2618	1024	0	2200
45	66	0	1222
1762	1024	0	2200
45	66	0	1222
10831	64	0	2200
3251	64	0	2200
5567	64	0	2200
7987	158	0	2200
3385	66	0	2200
117	74	0	2200
2990	154	0	2200
1746	158	0	2200
1334	64	0	2200
195	142	0	2200
1385	64	0	2200
566	74	0	2200
3403	162	0	2200
950	150	0	2200
11970	1024	0	2200
46	218	0	1222
1166	106	0	2200
4564	150	0	2200
4790	106	0	2200
4027	64	0	2200
265	158	0	2200
5000	74	0	2200
2758	162	0	2200
1649	162	0	2200
2323	90	0	2200
3327	174	0	2200
794	162	0	2200
3298	90	0	2200
2282	150	0	2200
3234	142	0	2200
4358	162	0	2200
10875	1024	0	2200
46	494	0	1222
343	398	0	1244
27153	162	0	2200
3421	74	0	2200
3897	162	0	2200
3574	74	0	2200
4316	150	0	2200
3878	106	0	2200
4546	150	0	2200
3020	154	0	2200
1919	106	0	2200
1233	142	0	2200
3057	162	0	2200
2372	162	0	2200
2695	74	0	2200
4079	162	0	2200
6180	1024	0	2200
45	218	0	1222
1841	174	0	2200
3545	150	0	2200
2993	142	0	2200
4521	162	0	2200
19143	486	0	2200
28590	162	0	2200
4035	150	0	2200
193	174	0	2200
3394	106	0	2200
978	162	0	2200
3832	150	0	2200
264	174	0	2200
1518	64	0	2200
1368	162	0	2200
1490	106	0	2200
2966	174	0	2200
1656	162	0	2200
2489	162	0	2200
2919	174	0	2200
1189	174	0	2200
2066	109	0	2200
793	150	0	2200
1755	162	0	2200
926	1024	0	2200
45	66	0	1222
1195	1024	0	2200
46	66	0	1222
125	142	0	1344
1123	1024	0	2200
54	66	0	1235
1223	1024	0	2200
45	66	0	1222
153	174	0	1386
1187	1024	0	2200
46	66	0	1222
1226	1024	0	2200
45	66	0	1221
141	162	0	1367
1277	162	0	2200
128	66	0	2200
3024	1024	0	2200
46	66	0	1222
1223	1024	0	2200
45	66	0	1221
165	174	0	1402
4037	162	0	2200
3991	174	0	2200
4574	162	0	2200
4391	174	0	2200
4161	162	0	2200
4279	1024	0	2200
45	494	0	1222
171	174	0	985
325	66	0	1298
177	170	0	1498
3663	162	0	2200
3678	66	0	2200
618	174	0	2200
2643	162	0	2200
3946	174	0	2200
267	150	0	2200
2722	162	0	2200
1707	106	0	2200
3118	174	0	2200
2176	150	0	2200
1605	162	0	2200
3483	1024	0	2200
45	66	0	1221
337	106	0	1661
1122	1024	0	2200
38	66	0	1210
178	174	0	1411
1336	1024	0	2200
46	66	0	1222
1187	1024	0	2200
45	66	0	1221
1222	1024	0	2200
46	66	0	1222
219	162	0	1484
185	166	0	1599
902	1024	0	2200
30	66	0	1208
2209	66	0	2200
2017	1024	0	2200
21	66	0	1207
200	174	0	1429
177	174	0	1521
1177	1024	0	2200
28	66	0	1207
1879	162	0	2200
535	150	0	2200
3522	174	0	2200
577	142	0	2200
2343	162	0	2200
2254	162	0	2200
1806	174	0	2200
2861	162	0	2200
3967	174	0	2200
4587	162	0	2200
4202	174	0	2200
4375	162	0	2200
1278	1024	0	2200
34	494	0	1213
800	566	0	1920
1157	1024	0	2200
30	66	0	1208
876	174	0	2200
1130	1024	0	2200
28	66	0	1206
2092	1024	0	2200
28	66	0	1207
172	162	0	1399
1835	1024	0	2200
28	66	0	1207
1978	1024	0	2200
39	66	0	1221
376	174	0	1719
1622	1024	0	2200
27	66	0	1201
1180	162	0	2200
381	66	0	2200
2521	1024	0	2200
28	66	0	1207
1779	1024	0	2200
28	66	0	1207
161	150	0	1382
3371	174	0	2200
2448	106	0	2200
1340	162	0	2200
3174	150	0	2200
1182	174	0	2200
4221	162	0	2200
506	106	0	2200
3596	174	0	2200
919	166	0	2200
1942	162	0	2200
3421	174	0	2200
564	174	0	2200
2951	162	0	2200
196	150	0	2200
3904	142	0	2200
195	174	0	2200
2662	162	0	2200
1847	162	0	2200
1307	66	0	2200
920	174	0	2200
2888	162	0	2200
4071	174	0	2200
2014	64	0	2200
946	64	0	2200
861	150	0	2200
792	162	0	2200
3391	142	0	2200
879	174	0	2200
1238	150	0	2200
1377	64	0	2200
1444	253	0	2200
181	162	0	2196
1717	142	0	2200
1730	150	0	2200
738	174	0	2200
2624	1024	0	2200
45	494	0	1222
530	278	0	1524
1719	162	0	2200
1548	142	0	2200
1792	150	0	2200
623	174	0	2200
3499	142	0	2200
1166	162	0	2200
446	150	0	2200
3729	174	0	2200
227	142	0	2200
2041	158	0	2200
2190	162	0	2200
466	162	0	2200
3499	174	0	2200
975	90	0	2200
3666	162	0	2200
438	162	0	2200
3417	90	0	2200
224	174	0	2200
2865	162	0	2200
3968	174	0	2200
2210	162	0	2200
2413	162	0	2200
4119	174	0	2200
2814	162	0	2200
3978	174	0	2200
2934	162	0	2200
3964	174	0	2200
2947	162	0	2200
3457	1024	0	2200
45	494	0	1222
485	174	0	1457
1257	1024	0	2200
45	494	0	1222
1319	978	0	2200
424	162	0	1837
3988	174	0	2200
2925	162	0	2200
4168	174	0	2200
170	150	0	2200
2627	162	0	2200
1295	142	0	2200
1808	158	0	2200
1082	174	0	2200
2783	162	0	2200
1299	74	0	2200
2782	174	0	2200
2851	162	0	2200
3978	174	0	2200
1792	1024	0	2200
46	494	0	1222
1021	714	0	2200
178	162	0	1731
2875	162	0	2200
1358	174	0	2200
2670	162	0	2200
2769	1024	0	2200
45	494	0	1222
913	714	0	2098
417	174	0	2010
2561	150	0	2200
181	162	0	2200
171	162	0	2200
3981	174	0	2200
2927	162	0	2200
1868	1024	0	2200
35	494	0	1213
915	714	0	2093
1335	174	0	2200
1801	162	0	2200
1055	162	0	2200
4781	1024	0	2200
46	494	0	1222
151	174	0	954
788	714	0	1964
2901	162	0	2200
1293	86	0	2200
897	162	0	2200
1882	174	0	2200
824	162	0	2200
2132	162	0	2200
1403	1024	0	2200
44	494	0	1227
1007	714	0	2200
1658	174	0	2200
1477	162	0	2200
1423	162	0	2200
642	106	0	2200
2094	150	0	2200
1328	174	0	2200
2418	142	0	2200
520	162	0	2200
1314	150	0	2200
3553	1024	0	2200
27	494	0	1201
177	174	0	972
763	714	0	1943
2820	162	0	2200
1505	142	0	2200
1459	1024	0	2200
45	66	0	1221
122	150	0	1338
1113	1024	0	2200
30	66	0	1208
304	174	0	1598
967	1024	0	2200
21	66	0	1195
1251	1024	0	2200
21	66	0	1196
320	162	0	1609
954	1024	0	2200
28	66	0	1207
154	142	0	1373
1127	1024	0	2200
27	66	0	1200
903	158	0	2200
778	162	0	2200
1699	66	0	2200
1916	1024	0	2200
45	66	0	1221
1220	1024	0	2200
45	66	0	1221
336	174	0	1659
1288	182	0	2200
1649	162	0	2200
1736	64	0	2200
357	150	0	2200
553	150	0	2200
1434	174	0	2200
812	142	0	2200
3288	1024	0	2200
38	494	0	1210
154	162	0	947
776	714	0	1949
3067	142	0	2200
191	174	0	2200
157	162	0	2200
1472	150	0	2200
4766	142	0	2200
1753	150	0	2200
4523	1024	0	2200
31	494	0	1210
104	66	0	871
849	714	0	2080
3052	142	0	2200
1714	150	0	2200
3027	66	0	2200
895	142	0	2200
1537	150	0	2200
4016	142	0	2200
2008	158	0	2200
11397	162	0	2200
5985	1024	0	2200
38	494	0	1207
939	714	0	2123
3044	162	0	2200
5187	194	0	2200
5790	1024	0	2200
35	494	0	1214
960	714	0	2162
2636	1024	0	2200
45	66	0	1221
424	162	0	1791
919	1024	0	2200
29	66	0	1207
1271	1024	0	2200
50	66	0	1222
1469	1024	0	2200
45	66	0	1222
157	150	0	1391
173	162	0	1501
913	1024	0	2200
45	66	0	1222
1234	1024	0	2200
38	66	0	1210
710	866	0	2200
1517	66	0	2200
350	174	0	2200
816	142	0	2200
935	1024	0	2200
46	66	0	1222
1169	1024	0	2200
45	66	0	1222
129	150	0	1351
3922	142	0	2200
1965	158	0	2200
15328	162	0	2200
4385	146	0	2200
